,epoch,train_loss,test_loss,train_dbs,test_dbs
0,0,4.41206752511039e-05,4.0914372220868245e-05,-33.548353577283436,-33.88436530992561
1,1,3.6273848890391726e-05,3.508313439899786e-05,-34.404730142380295,-34.55214035673146
2,2,3.1576811996967885e-05,3.2297183535870556e-05,-35.00559810163748,-34.91147771367798
3,3,2.9944126282250942e-05,3.120458648864817e-05,-35.23373019662279,-35.060939910088024
4,4,2.962261598590838e-05,3.08389963289588e-05,-35.28425012263383,-35.112121875869725
5,5,2.8818885504133693e-05,3.0202926657358675e-05,-35.405481988182814,-35.20263394816132
6,6,2.836682817604052e-05,2.9994441176409293e-05,-35.46535268705724,-35.23271647808467
7,7,2.923006779627068e-05,2.9556482140354713e-05,-35.347885900779005,-35.29659680481213
8,8,2.7987080664894802e-05,2.9242530313479764e-05,-35.52348812631625,-35.34297474078413
9,9,2.8048191189114243e-05,2.9121037043392118e-05,-35.526442630989806,-35.36105586069896
10,10,2.767135964924969e-05,2.8786437772061235e-05,-35.58404324444324,-35.41124497182914
11,11,2.7333401900700525e-05,2.8397602363838814e-05,-35.62985179621176,-35.47030749152894
12,12,2.801065941817684e-05,2.8123528433130368e-05,-35.52710464718129,-35.51242615652921
13,13,2.605131292924496e-05,2.7585777053517584e-05,-35.849785115801566,-35.596272009118145
14,14,2.6475558790723918e-05,2.7293065565907837e-05,-35.774015900019776,-35.642601043524124
15,15,2.5882235520126863e-05,2.7139528404069624e-05,-35.86844386716088,-35.667101260814185
16,16,2.589484344199948e-05,2.683564602385128e-05,-35.86948000811717,-35.716003681867946
17,17,2.601704080607118e-05,2.6666829829704703e-05,-35.842352790440884,-35.74341033313567
18,18,2.5394480337464422e-05,2.650061948148313e-05,-35.959032889539124,-35.77056396685508
19,19,2.4660217079763617e-05,2.641593633406477e-05,-36.08206321845188,-35.78446413645719
20,20,2.4893915025066087e-05,2.617643028650874e-05,-36.0437723312344,-35.824020019028
21,21,2.557943934306488e-05,2.6152449017421243e-05,-35.91907831010716,-35.82800058719663
22,22,2.47811964522812e-05,2.6099674965065022e-05,-36.054486442151806,-35.836773240161655
23,23,2.429658677110919e-05,2.590127223811578e-05,-36.1446181428815,-35.86991326250731
24,24,2.3966129916028802e-05,2.5872812234171616e-05,-36.199674842957464,-35.874687861242876
25,25,2.4625991387700797e-05,2.5768425697797764e-05,-36.09195732494998,-35.89224536384854
26,26,2.464802908190867e-05,2.5598237698432058e-05,-36.07508946434481,-35.92102355366103
27,27,2.4488129393202397e-05,2.55867524078655e-05,-36.11101066995276,-35.922972561911095
28,28,2.4424402993448445e-05,2.531890593098452e-05,-36.11915866230119,-35.96867487642289
29,29,2.3829736127266085e-05,2.5479349987060567e-05,-36.22736455586643,-35.941240784974035
30,30,2.434668759005288e-05,2.5294041111728322e-05,-36.13613563995934,-35.97294202753587
31,31,2.417460384150996e-05,2.5188869729294982e-05,-36.16629859769255,-35.99103742511249
32,32,2.4756722006113894e-05,2.4869051374384742e-05,-36.06881438601963,-36.04653203359158
33,33,2.3579518457745037e-05,2.4904867562949412e-05,-36.27497864353416,-36.04028186238817
34,34,2.3354586288011897e-05,2.4734108783856134e-05,-36.30835307643606,-36.07016156317333
35,35,2.3368028497813058e-05,2.4515880891397645e-05,-36.31760280731803,-36.10864920160552
36,36,2.302892186055464e-05,2.444984267257448e-05,-36.368882667325366,-36.120363539444625
37,37,2.2759036461870094e-05,2.43321857468752e-05,-36.42157965889604,-36.14131299740161
38,38,2.3043310216756433e-05,2.4022196827756586e-05,-36.376964202359076,-36.19699701783344
39,39,2.2714359409892306e-05,2.3765033371378913e-05,-36.43075173701338,-36.24373994380982
40,40,2.2599022401861014e-05,2.378328070718501e-05,-36.45604248135095,-36.24040661105444
41,41,2.1806319430830515e-05,2.352675408857115e-05,-36.61491973629764,-36.28750409777265
42,42,2.3529832762187182e-05,2.351929249830152e-05,-36.28484160281169,-36.288881695995066
43,43,2.3102269889144755e-05,2.3528172134415638e-05,-36.368097717338436,-36.28724234006311
44,44,2.223796135010546e-05,2.348835072265693e-05,-36.522555864802776,-36.29459899788161
45,45,2.2676792234295172e-05,2.337984484543803e-05,-36.44570070377117,-36.314707981105926
46,46,2.2206901159040273e-05,2.3317785043649276e-05,-36.52820542815651,-36.32625128443684
47,47,2.20958093253562e-05,2.3280032397260104e-05,-36.55320575380923,-36.33328842501203
48,48,2.212019166877654e-05,2.3193004572500574e-05,-36.54582941573502,-36.349554092465944
49,49,2.2441852078626062e-05,2.2992907983471494e-05,-36.488376710363546,-36.38718521562215
50,50,2.1919616460998196e-05,2.3270385530562826e-05,-36.592203107827494,-36.33508844366739
51,51,2.2323373253964316e-05,2.3082378902472556e-05,-36.51152799668699,-36.37031857066823
52,52,2.2035132592604568e-05,2.3032391063201142e-05,-36.56809275875488,-36.37973397110375
53,53,2.169132671811313e-05,2.2982969216843086e-05,-36.64297346894321,-36.38906287487901
54,54,2.2380232528036884e-05,2.2880864937752976e-05,-36.49676213429847,-36.40839985315961
55,55,2.2075722834828056e-05,2.294515807558415e-05,-36.56983750688296,-36.39621368841364
56,56,2.233664646652316e-05,2.2649545970029738e-05,-36.505318328997205,-36.4525292223483
57,57,2.1120493282481774e-05,2.286574396605015e-05,-36.74692391685483,-36.41127086588298
58,58,2.1905539470776368e-05,2.267979222156818e-05,-36.5940330942193,-36.44673351360208
59,59,2.164468387303545e-05,2.2817034110439156e-05,-36.644759610849974,-36.42053231206197
60,60,2.1491513535627598e-05,2.259593661859215e-05,-36.676157966027425,-36.46282074984272
61,61,2.18924759295631e-05,2.247698562553667e-05,-36.603996575502805,-36.485743550167854
62,62,2.1856192294772254e-05,2.2398036315663423e-05,-36.60633573113013,-36.50102478392333
63,63,2.1746633400343664e-05,2.2611183579245237e-05,-36.622900922644334,-36.45989126833648
64,64,2.169245096607933e-05,2.2329882995109074e-05,-36.63863667673898,-36.514259754117866
65,65,2.1448871182693654e-05,2.2320017275265663e-05,-36.67872960687915,-36.51617896456706
66,66,2.1315271821090252e-05,2.2289250601285237e-05,-36.71297187748881,-36.52216955777376
67,67,2.0922758998607342e-05,2.2184929357057338e-05,-36.78717390235272,-36.54254372716793
68,68,2.1820302283662593e-05,2.23195525713412e-05,-36.623472920304266,-36.51626938584612
69,69,2.1411323940970086e-05,2.2340845374090252e-05,-36.69051002212228,-36.5121282013228
70,70,2.1283584613126185e-05,2.2106293870724347e-05,-36.712022528271945,-36.557964838254975
71,71,2.1755164132478104e-05,2.201428469561506e-05,-36.62119348097494,-36.57607844250002
72,72,2.1236298839680457e-05,2.2039009261214615e-05,-36.72465582235777,-36.571203554576634
73,73,2.1557664282583347e-05,2.2046179143025686e-05,-36.658313293578814,-36.569790907723295
74,74,2.0747520025419288e-05,2.1960312024978185e-05,-36.828547980243066,-36.58673916325671
75,75,2.1798614079202287e-05,2.1818920351123732e-05,-36.614403922633386,-36.61479165934254
76,76,2.132974202243897e-05,2.1848132363581834e-05,-36.709656632582515,-36.60898104611374
77,77,2.0943834250519824e-05,2.1826448861056153e-05,-36.78792767388369,-36.61329340630354
78,78,2.1178206806485158e-05,2.1689501648468552e-05,-36.75412894041321,-36.64062849350317
79,79,2.0580768850590005e-05,2.18115440618835e-05,-36.85560826964808,-36.61626012033079
80,80,2.1128479517953104e-05,2.168308568989711e-05,-36.75686433185419,-36.64191336747312
81,81,2.07974421333422e-05,2.161108760016137e-05,-36.823490185866525,-36.65635799109267
82,82,2.1125332047453523e-05,2.1718491744219425e-05,-36.75067434541842,-36.634827607766574
83,83,2.0265195088700474e-05,2.1610343920704173e-05,-36.931581657526515,-36.65650744282216
84,84,2.016875771811645e-05,2.156313224220771e-05,-36.9527205807,-36.66600576514764
85,85,2.0919665929017656e-05,2.155636866518762e-05,-36.79225543880332,-36.66736820401638
86,86,2.0416250747788133e-05,2.1399666653259803e-05,-36.89669779375248,-36.69905414545119
87,87,2.0261425467567476e-05,2.1421826156591506e-05,-36.93797399545981,-36.69455932275995
88,88,2.0171934817515593e-05,2.1558558632693204e-05,-36.961099848582364,-36.66692701537771
89,89,2.029372601250496e-05,2.1295636447336475e-05,-36.92296385244699,-36.7202179880812
90,90,2.044976459616272e-05,2.133082039347899e-05,-36.891215653914635,-36.71304863915389
91,91,2.009805141533809e-05,2.1370118510707182e-05,-36.974347103178935,-36.70505492252012
92,92,2.019309872172091e-05,2.1141224638804008e-05,-36.94871939034869,-36.7518228196461
93,93,2.0304911484664005e-05,2.106545970922238e-05,-36.925113371522556,-36.76741481730741
94,94,1.997460080507228e-05,2.1201676358223747e-05,-36.98867094569446,-36.73942222101699
95,95,2.001172957609446e-05,2.107922505513814e-05,-36.98337128039361,-36.76457782183873
96,96,2.0314028381445617e-05,2.0967876863371776e-05,-36.92544634716014,-36.78757965363697
97,97,2.0732723849917974e-05,2.0951032638549805e-05,-36.83298994423458,-36.7910698943769
98,98,1.9939864980244108e-05,2.1003419341899355e-05,-37.00688628336587,-36.78022419531994
99,99,2.0562770522392195e-05,2.0963864172747554e-05,-36.86561123089193,-36.78841085661493
100,100,1.984214085280552e-05,2.0737906676291268e-05,-37.02400310779855,-36.83547507102845
101,101,1.9452159304097392e-05,2.0695624506946554e-05,-37.10964289961081,-36.84433886741712
102,102,1.985254623166876e-05,2.0750795891600366e-05,-37.020181440067,-36.832776642338985
103,103,2.0091659355306754e-05,2.0735196812893264e-05,-36.97478929381086,-36.83604260932346
104,104,2.020028751786347e-05,2.064757063635625e-05,-36.942336945696795,-36.854434623275964
105,105,1.977099571414544e-05,2.069036226633838e-05,-37.04991293806006,-36.84544328089089
106,106,1.9749274299064165e-05,2.067253368104024e-05,-37.03820668827873,-36.84918714674809
107,107,1.9917840731555845e-05,2.060133747842261e-05,-37.00852852996969,-36.86417006341115
108,108,1.9584409566266106e-05,2.061131166747624e-05,-37.07296053734221,-36.86206792465434
109,109,2.0062295671899865e-05,2.049944290966347e-05,-36.97645465184947,-36.885703639752315
110,110,1.9769458133654104e-05,2.0435388585993725e-05,-37.04643876097562,-36.89929522471821
111,111,1.8932373274493357e-05,2.037466885284582e-05,-37.22827175121358,-36.91221863926974
112,112,1.9396560045859906e-05,2.0378410896994053e-05,-37.114155815126864,-36.911421080342095
113,113,1.9529920594782337e-05,2.0422049984565666e-05,-37.0889745288521,-36.90213088030749
114,114,1.963113215621429e-05,2.038110477243256e-05,-37.074879580980436,-36.91084701304989
115,115,1.9827698939554896e-05,2.0210085782118287e-05,-37.032010668491246,-36.947442659670465
116,116,2.0039671316104413e-05,2.0097363248121264e-05,-36.98659362336207,-36.97173340656773
117,117,1.905292624401555e-05,2.022217421127655e-05,-37.20170721097285,-36.94484575401365
118,118,1.971751229688117e-05,2.0156249009137116e-05,-37.05262535153337,-36.95902707892144
119,119,1.9520313264703084e-05,2.0135941763567788e-05,-37.090953153408265,-36.96340476366433
120,120,1.854626035057344e-05,1.9981568441021647e-05,-37.31887601222163,-36.99682847949684
121,121,2.0101395683613912e-05,2.0092047155853116e-05,-36.97402202696084,-36.97288234084051
122,122,1.9169129316032548e-05,2.005706803749107e-05,-37.166331774270475,-36.98044975140831
123,123,1.915830252233043e-05,1.9932960496685393e-05,-37.183623124404896,-37.007406167872205
124,124,1.9498100750611557e-05,1.9940158860041074e-05,-37.0971862433928,-37.00583808914222
125,125,1.8937949086470437e-05,1.9908213385190864e-05,-37.22803943666917,-37.01280135797337
126,126,1.908080337239674e-05,1.9875201456000612e-05,-37.19839408959756,-37.020008834773506
127,127,1.9096859816891457e-05,1.985157321446183e-05,-37.19017979935386,-37.02517493054267
128,128,1.929426577317855e-05,1.9797599777934682e-05,-37.14359149778746,-37.03699882413888
129,129,1.9205281664794383e-05,1.9827963019212658e-05,-37.15995090433948,-37.03034322619165
130,130,1.9235567838363422e-05,1.9727776385767165e-05,-37.156675230404865,-37.052342863039044
131,131,1.8824090738675784e-05,1.978141350072723e-05,-37.25177573145804,-37.04055101540558
132,132,1.852234431540056e-05,1.9724959393466922e-05,-37.3204238281624,-37.05296305030336
133,133,1.9349390903389387e-05,1.9723992121917515e-05,-37.132162659070055,-37.05317602463112
134,134,1.8740548090211153e-05,1.962444668223677e-05,-37.2789063679964,-37.075150023445914
135,135,1.9403536564063824e-05,1.9604025558357152e-05,-37.12466189627047,-37.07967162814258
136,136,1.8540052608550842e-05,1.9617253057827167e-05,-37.32537292658804,-37.076742284454824
137,137,1.9458639219441673e-05,1.9660874099109176e-05,-37.11144107762456,-37.067096007158355
138,138,1.8376656081488465e-05,1.9497746507113334e-05,-37.36008999618713,-37.10328003089311
139,139,1.905265611471289e-05,1.9553459663400547e-05,-37.189375859582995,-37.090888130548045
140,140,1.8364006932314785e-05,1.9493902455954077e-05,-37.35559086928775,-37.10413634256826
141,141,1.8612128910389562e-05,1.941782451659061e-05,-37.307620356034306,-37.12111850909259
142,142,1.8480112144577115e-05,1.947681429507946e-05,-37.325074016264466,-37.107944994329415
143,143,1.9082985700245528e-05,1.94169250741987e-05,-37.18884540696328,-37.121319680915136
144,144,1.9251867689893788e-05,1.939416080475846e-05,-37.158480639564374,-37.126414306593496
145,145,1.9117987978892623e-05,1.9546760851976853e-05,-37.18570427828026,-37.09237623308391
146,146,1.9407523760707693e-05,1.9345730499097907e-05,-37.1196367185141,-37.13727289434609
147,147,1.9051484976200262e-05,1.937039542099228e-05,-37.20334513760382,-37.13173936501178
148,148,1.888464395829642e-05,1.9409274835580665e-05,-37.2416726301534,-37.12303113167147
149,149,1.8985502617031615e-05,1.9313044695560454e-05,-37.22339248564652,-37.144616772895766
150,150,1.853756937859928e-05,1.927147533072122e-05,-37.32225097053073,-37.15397459449803
151,151,1.8453634034700635e-05,1.9289028530597296e-05,-37.33316572941244,-37.15002067397879
152,152,1.810951184357766e-05,1.9336181762092135e-05,-37.41727365956037,-37.139417030265214
153,153,1.854060184021214e-05,1.9232505588948506e-05,-37.32105725141471,-37.16276555542602
154,154,1.8362339725387858e-05,1.9310399837099556e-05,-37.36002010226498,-37.145211565747964
155,155,1.880983603131398e-05,1.9249185913251592e-05,-37.25503217007803,-37.15900055811322
156,156,1.922098582542379e-05,1.9136580081785244e-05,-37.166271039982774,-37.18448095703301
157,157,1.897769947128236e-05,1.9230638061248772e-05,-37.21889117896839,-37.1631872874523
158,158,1.802287306887105e-05,1.9235459819212435e-05,-37.44230938566743,-37.16209850382046
159,159,1.7828771710013562e-05,1.923815972603686e-05,-37.48592579417365,-37.161488966869534
160,160,1.8618005971390077e-05,1.9210860811749864e-05,-37.2988139004059,-37.16765597433196
161,161,1.802883454410662e-05,1.9189754120337677e-05,-37.442010854255436,-37.17243012732449
162,162,1.809453548498682e-05,1.920042110501335e-05,-37.42671291942698,-37.170016690722434
163,163,1.8776211083942264e-05,1.9226273013229827e-05,-37.25521878131231,-37.16417317853042
164,164,1.883775051461158e-05,1.9241614274123047e-05,-37.2608588800251,-37.160709185171584
165,165,1.8706333368342158e-05,1.9215005426973986e-05,-37.28433974003226,-37.16671911398001
166,166,1.8565954164420038e-05,1.9130062355543487e-05,-37.31440366150621,-37.18596037220426
167,167,1.7976308337199145e-05,1.9135367533875213e-05,-37.448708027919736,-37.18475614703475
168,168,1.8148910750880402e-05,1.919653512136153e-05,-37.406719315795485,-37.170895750641954
169,169,1.8591852823032915e-05,1.9264750239687456e-05,-37.303679953361375,-37.1554903993869
170,170,1.7515264770145693e-05,1.9214796817610286e-05,-37.56171331711317,-37.166766263790954
171,171,1.9338835542286462e-05,1.91702396190713e-05,-37.13323387543772,-37.17684881467139
172,172,1.858080830380018e-05,1.9213337653031647e-05,-37.305577353808715,-37.16709607794078
173,173,1.8258503924820634e-05,1.9247075406862057e-05,-37.384621026379634,-37.159476750475015
174,174,1.8476084573869474e-05,1.9233112461255298e-05,-37.326479700711005,-37.16262851808855
175,175,1.8241129022424072e-05,1.9188752240121464e-05,-37.39008362254345,-37.17265687458007
176,176,1.823879900951294e-05,1.9172865282407176e-05,-37.38113005299219,-37.176254021368756
177,177,1.847438475640056e-05,1.924324810955257e-05,-37.336936278591544,-37.16034043461988
178,178,1.8343432690091934e-05,1.9142708975107924e-05,-37.35293936919094,-37.18309026005899
179,179,1.838538197055819e-05,1.9120796184181115e-05,-37.35717119763282,-37.18806450650263
180,180,1.7953821221341322e-05,1.900341574487117e-05,-37.45736888993541,-37.21480753177697
181,181,1.8183291516477992e-05,1.918779463793678e-05,-37.39614908836178,-37.17287361182122
182,182,1.861062180265885e-05,1.9132936263064804e-05,-37.30565317923861,-37.18530798100367
183,183,1.8147105319511275e-05,1.9133456350429794e-05,-37.40855445540389,-37.1851899290749
184,184,1.866360737940059e-05,1.9176197958203328e-05,-37.29247470629218,-37.17549918534952
185,185,1.8316688885871492e-05,1.913527031367841e-05,-37.374003873050896,-37.18477821209422
186,186,1.880568698211813e-05,1.9204373386042118e-05,-37.25755951391473,-37.169122815949486
187,187,1.8508747772787118e-05,1.9234148279984336e-05,-37.32269201285348,-37.162394630699794
188,188,1.8895135270344626e-05,1.9145372262803568e-05,-37.238027441375145,-37.18248607666071
189,189,1.848481919221309e-05,1.9159496571917673e-05,-37.338443752839545,-37.17928329332085
190,190,1.780146043735662e-05,1.918584755338471e-05,-37.49119915359802,-37.173314335208
191,191,1.8601292252889234e-05,1.9243843445637093e-05,-37.30915728441132,-37.16020607727254
192,192,1.867125906146518e-05,1.91989856351651e-05,-37.29265487884514,-37.1703413919026
193,193,1.86302272923808e-05,1.913955690581229e-05,-37.30198770898208,-37.183805435231235
194,194,1.8509253564356112e-05,1.904379056022184e-05,-37.32502151572917,-37.20559026312606
195,195,1.8816943948061718e-05,1.9067910263976573e-05,-37.26161362650543,-37.20009323443524
196,196,1.8423428281090947e-05,1.9083229361919956e-05,-37.347864704076706,-37.196605527317004
197,197,1.844526052325856e-05,1.9055601545627915e-05,-37.344102353224514,-37.20289759761698
198,198,1.8732187433585948e-05,1.912353706613526e-05,-37.28075959736231,-37.187442009097595
199,199,1.8764265480489692e-05,1.9128033560072683e-05,-37.27181552581777,-37.186420977813405
200,200,1.88183651601124e-05,1.9039477305532753e-05,-37.254527110311535,-37.20657401416609
201,201,1.7728380906604442e-05,1.905879932899935e-05,-37.51451958258259,-37.202168854861526
202,202,1.8745410652064895e-05,1.907772672750166e-05,-37.279041020788725,-37.19785799267703
203,203,1.9175708263160748e-05,1.913840735237739e-05,-37.18458392731901,-37.18406628751178
204,204,1.8286377752767442e-05,1.9052240819100436e-05,-37.384394404861084,-37.20366360529376
205,205,1.850401518428962e-05,1.8997659026354086e-05,-37.32479117518191,-37.21612334251128
206,206,1.7775421332134073e-05,1.910627504816818e-05,-37.51321055641418,-37.191363974309816
207,207,1.7761569765331007e-05,1.897157845202233e-05,-37.509333324140485,-37.22208956782985
208,208,1.85185101107675e-05,1.9057805634235448e-05,-37.32496719274954,-37.202395294836
209,209,1.847117709047845e-05,1.9184895025223103e-05,-37.334666373944685,-37.17352995664075
210,210,1.78126291166805e-05,1.9041995361284964e-05,-37.49357491758891,-37.20599967833119
211,211,1.809446813549772e-05,1.9050970398606487e-05,-37.421698460546736,-37.20395320640233
212,212,1.787634971254558e-05,1.8981323592015542e-05,-37.47181839065113,-37.21985929800093
213,213,1.8671060472828237e-05,1.8986853415538607e-05,-37.29203447650187,-37.218594253403985
214,214,1.8182470599059182e-05,1.8984532049982688e-05,-37.39957675012788,-37.21912526181483
215,215,1.799523610334853e-05,1.903566776730402e-05,-37.44430594844039,-37.2074430647941
216,216,1.8396939191644406e-05,1.8983732747744253e-05,-37.35654652364633,-37.21930811586593
217,217,1.780595492576693e-05,1.9042071232290352e-05,-37.4980397189869,-37.205982374318296
218,218,1.8571329718790515e-05,1.8984382797115312e-05,-37.312788129480566,-37.219159405375144
219,219,1.7801799941414935e-05,1.9024304492631927e-05,-37.48459730761805,-37.21003634447353
220,220,1.8773520114149335e-05,1.8951006543494786e-05,-37.25945315413073,-37.22680141288638
221,221,1.770404598817587e-05,1.9047318490170017e-05,-37.51149629454473,-37.20478579166192
222,222,1.8618731335607793e-05,1.8945382515467874e-05,-37.30446947240446,-37.22809044565005
223,223,1.8447097524407693e-05,1.8990833747298702e-05,-37.35022970246412,-37.21768391038153
224,224,1.8532354711028675e-05,1.8931391231920936e-05,-37.32162859391705,-37.23129892246282
225,225,1.819787772997047e-05,1.894859580811738e-05,-37.39604430347211,-37.22735390895926
226,226,1.827009756319986e-05,1.900836215147712e-05,-37.376501176834104,-37.213677252045144
227,227,1.904871451469515e-05,1.9010623825459716e-05,-37.20368784340724,-37.21316054571729
228,228,1.8302696722439015e-05,1.8946485253859702e-05,-37.379293394108906,-37.22783766676799
229,229,1.8663512445030946e-05,1.8959111912408844e-05,-37.28756678573974,-37.22494432713188
230,230,1.830281640069029e-05,1.903823321251701e-05,-37.37710021742724,-37.20685780367157
231,231,1.8350136950588066e-05,1.9009987179168475e-05,-37.36864256618059,-37.21330598891976
232,232,1.8484323967659856e-05,1.9009336363907143e-05,-37.33303088948675,-37.21345467408847
233,233,1.8243063320753827e-05,1.8934241253239298e-05,-37.392442733305586,-37.23064516418494
234,234,1.813187230526609e-05,1.8915059962110765e-05,-37.41315083794853,-37.2350470048206
235,235,1.8090215722697824e-05,1.8931614967617572e-05,-37.42393035008607,-37.23124759680846
236,236,1.829909682989459e-05,1.9008240566395934e-05,-37.37128828510956,-37.21370503134475
237,237,1.8591403401382965e-05,1.8911742939197114e-05,-37.30672555733257,-37.23580866831894
238,238,1.8172778264042135e-05,1.8987665115625868e-05,-37.40150507819283,-37.21840859371294
239,239,1.7942888298046118e-05,1.8842325516743585e-05,-37.4645659172772,-37.2517792053901
240,240,1.8041564403902906e-05,1.8967616597365122e-05,-37.433798531992565,-37.22299660427052
241,241,1.8725575350846655e-05,1.898006049534735e-05,-37.274949786540006,-37.220148305331136
242,242,1.8180323413335574e-05,1.88719810754073e-05,-37.39562783255826,-37.24494930485442
243,243,1.7741852276493464e-05,1.8887245938745573e-05,-37.512221148693435,-37.24143787371548
244,244,1.769942031687512e-05,1.881410164634489e-05,-37.51917656588223,-37.25828936813831
245,245,1.8351996126530702e-05,1.8883094478377116e-05,-37.36565769910607,-37.24239256796352
246,246,1.8361627600412604e-05,1.8876945480434715e-05,-37.36141932777954,-37.24380701344723
247,247,1.839849190537748e-05,1.889049058502822e-05,-37.352625691737586,-37.24069186185273
248,248,1.799169317142589e-05,1.8844744629045874e-05,-37.4480901909326,-37.25122166291128
249,249,1.82679772216343e-05,1.88447033667073e-05,-37.37741678821112,-37.25123117220733
250,250,1.8301154135038703e-05,1.8806949140669433e-05,-37.37187859233274,-37.25994072753368
251,251,1.7959279971036428e-05,1.88362613890173e-05,-37.45695480076038,-37.25317714382044
252,252,1.8803844486495848e-05,1.878325024575277e-05,-37.26408111113062,-37.26541678289979
253,253,1.7846413553793215e-05,1.8855791495298035e-05,-37.482177498212955,-37.24867655682731
254,254,1.7795149753660507e-05,1.883279257622474e-05,-37.4979311033222,-37.25397699733426
255,255,1.8701270970812346e-05,1.8801780051465978e-05,-37.278469672417074,-37.261134549808396
256,256,1.765111131500873e-05,1.876288876557833e-05,-37.523934678573966,-37.27012718965951
257,257,1.8804725252416528e-05,1.870064385768369e-05,-37.26317134121651,-37.284558634324256
258,258,1.8215976749545626e-05,1.876603188353137e-05,-37.38262371334963,-37.26939973000303
259,259,1.7948681835553816e-05,1.877169679095172e-05,-37.46178309358002,-37.26808892184351
260,260,1.7725589723622105e-05,1.8817399043320237e-05,-37.509404102060984,-37.25752828166104
261,261,1.8552310309329635e-05,1.8704147183406778e-05,-37.32031086083214,-37.28374511552522
262,262,1.8100444969004645e-05,1.8826208265397182e-05,-37.416654517603504,-37.25549564085893
263,263,1.7629682288409723e-05,1.8796688652257314e-05,-37.53446673702651,-37.26231075015444
264,264,1.8217113561665438e-05,1.874554838746247e-05,-37.39596059973038,-37.2741427294356
265,265,1.80926503931333e-05,1.8649011173310053e-05,-37.41887009360579,-37.29656613703088
266,266,1.7856900955951825e-05,1.8663667536824696e-05,-37.477232112337845,-37.293154332600544
267,267,1.8034106266061347e-05,1.8578935563901294e-05,-37.44479844891306,-37.312915943610896
268,268,1.7709440154370914e-05,1.855764477161421e-05,-37.516324762503494,-37.31789565608585
269,269,1.7576199049293902e-05,1.8516484009236783e-05,-37.54880669785582,-37.327538984144496
270,270,1.8148559348381093e-05,1.8454236612198753e-05,-37.41221610011638,-37.34216338212072
271,271,1.824286516342365e-05,1.836033769857175e-05,-37.39586790874188,-37.36431758014683
272,272,1.7168026378263657e-05,1.8340629905747175e-05,-37.648747504735425,-37.3689817549932
273,273,1.7702224101516005e-05,1.835555581477054e-05,-37.51724164066067,-37.3654488317989
274,274,1.8060501030593458e-05,1.8348242807214294e-05,-37.4340583251484,-37.36717944224745
275,275,1.7319580871754652e-05,1.8274238515770873e-05,-37.615650777619436,-37.38473133823925
276,276,1.7545186536378807e-05,1.8167771821409635e-05,-37.557121596876485,-37.41010756144598
277,277,1.686633924091626e-05,1.8006339575406043e-05,-37.72733707883153,-37.44886986761004
278,278,1.7313067670779535e-05,1.7960809791953868e-05,-37.61739654158141,-37.459865092210904
279,279,1.752800254348351e-05,1.791033111275235e-05,-37.56326683282604,-37.47208808024475
280,280,1.7131557553474306e-05,1.7711569326868476e-05,-37.657110825053664,-37.52055379465529
281,281,1.7086102592863247e-05,1.7723373610734645e-05,-37.66673535015551,-37.517660303027796
282,282,1.7072502374766063e-05,1.7715392986199157e-05,-37.675563954920584,-37.51961631989256
283,283,1.767854068133339e-05,1.7605988145269773e-05,-37.53636290479955,-37.54652017763355
284,284,1.7411957254732922e-05,1.7485331562439616e-05,-37.59825299715188,-37.57638550904017
285,285,1.7195271585975562e-05,1.7480260363586958e-05,-37.64825091079378,-37.57764525816637
286,286,1.690335660352559e-05,1.732899224742524e-05,-37.72263435725672,-37.61539115430161
287,287,1.729309948957249e-05,1.7247583759614682e-05,-37.61730834929483,-37.63584160165565
288,288,1.6625545080406136e-05,1.7263501305071833e-05,-37.799826368859414,-37.6318354090745
289,289,1.6371883126320773e-05,1.7224963669018745e-05,-37.858380449470765,-37.641541082934914
290,290,1.6270282835601804e-05,1.723143271335989e-05,-37.88004690418435,-37.639910343456314
291,291,1.667991112008542e-05,1.7160973775868404e-05,-37.78289164022955,-37.65770495202673
292,292,1.638791654278469e-05,1.708942976332956e-05,-37.85167460613175,-37.6758485134679
293,293,1.6444276166721558e-05,1.703015737132917e-05,-37.832149748852636,-37.69093761672595
294,294,1.661460874416174e-05,1.7101472622016445e-05,-37.796197345843645,-37.67278913396899
295,295,1.665303646114273e-05,1.6956404962049993e-05,-37.78870830462749,-37.70978642781833
296,296,1.630364345755973e-05,1.7100685095340995e-05,-37.892014197360304,-37.67298913216349
297,297,1.6174181377978457e-05,1.6998729734041262e-05,-37.91262178252187,-37.69895953839019
298,298,1.642919285342904e-05,1.685133850658435e-05,-37.833818461479154,-37.73678020146988
299,299,1.6571613169739085e-05,1.6896347005967982e-05,-37.80772652514869,-37.7251960266066
300,300,1.704063950305728e-05,1.6941879134959125e-05,-37.690299118852195,-37.71350843741546
301,301,1.6619206661809733e-05,1.6940680851755468e-05,-37.80153372219347,-37.71381562068823
302,302,1.6616132297806955e-05,1.681814807709184e-05,-37.80047700746883,-37.74534250907373
303,303,1.6228286467688205e-05,1.684972994553391e-05,-37.89552228203863,-37.737194781315935
304,304,1.609548801462017e-05,1.6891106066683087e-05,-37.930219505983494,-37.7265433380034
305,305,1.6329282075697773e-05,1.69121319088031e-05,-37.85685061763347,-37.721140655340676
306,306,1.622622153966582e-05,1.6881408411886934e-05,-37.897634042103284,-37.72903745971519
307,307,1.6179518574175482e-05,1.6867702278863074e-05,-37.91109941636571,-37.73256495904534
308,308,1.683472234533125e-05,1.695274817106302e-05,-37.7299803579013,-37.71072312131052
309,309,1.6667761039720926e-05,1.6948287961177382e-05,-37.77822876972585,-37.71186588552875
310,310,1.634799876406647e-05,1.693161400333721e-05,-37.85969148315809,-37.71614063725247
311,311,1.6668578159764947e-05,1.6874548332692174e-05,-37.78331860704184,-37.73080265606453
312,312,1.6824198788414186e-05,1.686806918817303e-05,-37.74201978917508,-37.73247049155179
313,313,1.6657597464557313e-05,1.6905689574885303e-05,-37.779743611866365,-37.72279532733442
314,314,1.562346504627938e-05,1.689478937662084e-05,-38.05953103143561,-37.72559640960831
315,315,1.659132077602595e-05,1.689001821528348e-05,-37.80395502287872,-37.72682304915582
316,316,1.5926845184573542e-05,1.6872141474634288e-05,-37.97584954905024,-37.731422145075754
317,317,1.609419174088806e-05,1.6950680171583754e-05,-37.93044026276128,-37.71125293248741
318,318,1.659095258069148e-05,1.689441160124261e-05,-37.801703107993305,-37.725693520967816
319,319,1.6439179311531653e-05,1.6839513591548894e-05,-37.839088526558356,-37.73982880086107
320,320,1.6733482777088228e-05,1.688105447484352e-05,-37.76394074372983,-37.729128515219884
321,321,1.6529776675992082e-05,1.6791737260447054e-05,-37.823802181408325,-37.7521679261658
322,322,1.6252577364697965e-05,1.6980117020705765e-05,-37.88655927933548,-37.70371743942297
323,323,1.6829526899040428e-05,1.686401413424296e-05,-37.74363296467875,-37.7335146532997
324,324,1.5958944909330385e-05,1.6831038201895642e-05,-37.969827016144194,-37.74201517134808
325,325,1.672679026501335e-05,1.6917661301512883e-05,-37.76528718714485,-37.71972096900172
326,326,1.5907027838843486e-05,1.6837252109038864e-05,-37.97988566860393,-37.74041208096892
327,327,1.6478889116002655e-05,1.6850643652632196e-05,-37.83151731117358,-37.73695928365903
328,328,1.6363052532845538e-05,1.680743820256076e-05,-37.863789300883354,-37.748108997383746
329,329,1.591338007800886e-05,1.677643314523218e-05,-37.97532848307008,-37.7561279234897
330,330,1.6530279157750463e-05,1.6852473460235878e-05,-37.81255732564328,-37.73648770986166
331,331,1.648847602464417e-05,1.687653672745096e-05,-37.831708422960034,-37.73029093985094
332,332,1.6469507696906337e-05,1.6857857285925237e-05,-37.83258433890598,-37.735100499616884
333,333,1.5906535361526828e-05,1.6865473921107448e-05,-37.97837718256993,-37.733138734531316
334,334,1.6137517518144866e-05,1.6833608242450282e-05,-37.919620054060516,-37.741352069518
335,335,1.6202048558175332e-05,1.6860619086257527e-05,-37.904807308529264,-37.734389059020415
336,336,1.6918594193372985e-05,1.6823657030104905e-05,-37.71727539930898,-37.743920166896544
337,337,1.674956332788066e-05,1.687488834010621e-05,-37.758949690473294,-37.73071515040027
338,338,1.654270496502934e-05,1.6856765126392832e-05,-37.81430080270759,-37.735381872400865
339,339,1.657788411695534e-05,1.6809761052029086e-05,-37.79501647280196,-37.7475088279881
340,340,1.6340625181103477e-05,1.681893775783369e-05,-37.867972799803916,-37.74513859486404
341,341,1.6520221984090724e-05,1.6887993105659628e-05,-37.82478287873583,-37.727343798543686
342,342,1.6164274092796067e-05,1.6813571164675523e-05,-37.91564668750093,-37.74652456450452
343,343,1.6254158957231882e-05,1.6791825050619847e-05,-37.8911193946353,-37.752145220541394
344,344,1.5961175374764727e-05,1.6877163082091628e-05,-37.97438545034482,-37.73012975908218
345,345,1.6753621024428267e-05,1.678201054968859e-05,-37.75913007516666,-37.75468433091844
346,346,1.6259475094407254e-05,1.6923066093448525e-05,-37.89820368727661,-37.71833372261895
347,347,1.609294682078978e-05,1.6813568627663987e-05,-37.92417228979802,-37.74652521981456
348,348,1.64773694909995e-05,1.6829901955804272e-05,-37.83830434984318,-37.742308368986315
349,349,1.6663735625547113e-05,1.684216314108773e-05,-37.78132895033862,-37.739145530395795
350,350,1.6564766212337117e-05,1.6827037334702543e-05,-37.81418581188273,-37.7430476454425
351,351,1.6985903280281902e-05,1.6845256763381738e-05,-37.69881683165171,-37.73834787768213
352,352,1.6601948324754742e-05,1.680491378034563e-05,-37.79891947430761,-37.74876134247441
353,353,1.6939500448043152e-05,1.685775245469382e-05,-37.71600348833505,-37.73512750646961
354,354,1.621123736129579e-05,1.6770254421173474e-05,-37.90025946388327,-37.75772771529563
355,355,1.620487957139987e-05,1.683141789199956e-05,-37.901387575783524,-37.74191720029302
356,356,1.6856770531545015e-05,1.6894964526153145e-05,-37.73423900533152,-37.725551386211215
357,357,1.557777372018444e-05,1.6841568953838615e-05,-38.075644111726,-37.73929875109165
358,358,1.626850651743937e-05,1.6863348862802684e-05,-37.88933304830615,-37.733685982268135
359,359,1.6533982254502954e-05,1.6812372881471865e-05,-37.817563578051605,-37.746834092042306
360,360,1.680245046354122e-05,1.6766268967522162e-05,-37.74507087428412,-37.758759939486986
361,361,1.6785213635567115e-05,1.6904741881406056e-05,-37.752049116012174,-37.723038789503306
362,362,1.6843726877324144e-05,1.680062809770645e-05,-37.737826706781334,-37.749869045684925
363,363,1.614858075234074e-05,1.6864649631698787e-05,-37.91726071414092,-37.733350998409435
364,364,1.7067791876675965e-05,1.680218807259256e-05,-37.68730679199453,-37.74946581252613
365,365,1.6798256192768603e-05,1.6794052115935637e-05,-37.75269614075262,-37.75156926287079
366,366,1.6424412211732095e-05,1.678928947512759e-05,-37.84783402756481,-37.75280105728915
367,367,1.6490835385167847e-05,1.684663785502045e-05,-37.82931105465285,-37.73799182737102
368,368,1.6626085817199392e-05,1.6799270892270695e-05,-37.79513321274937,-37.75021989604436
369,369,1.6545911140130238e-05,1.6838877376070932e-05,-37.81285078103255,-37.739992885227025
370,370,1.681619469121701e-05,1.676985074913031e-05,-37.741407233354735,-37.75783225434818
371,371,1.620707563543152e-05,1.6765592159859616e-05,-37.9014807848509,-37.75893525563307
372,372,1.6515045093367063e-05,1.681673443511643e-05,-37.826604682138075,-37.74570756871646
373,373,1.6476229415950246e-05,1.680062153977097e-05,-37.83185179941355,-37.749870740904726
374,374,1.6711031834741325e-05,1.67975301194115e-05,-37.776436742381584,-37.750669943682766
375,375,1.5912162030197334e-05,1.6782655094223292e-05,-37.98378687381563,-37.75451753519476
376,376,1.65198371365646e-05,1.6839534653531462e-05,-37.82010183952629,-37.73982336893631
377,377,1.661040244368085e-05,1.673704111070899e-05,-37.80057874760472,-37.76633739981693
378,378,1.7472277428056522e-05,1.6874615826772672e-05,-37.58844548473078,-37.7307852853785
379,379,1.656578829685723e-05,1.6773817342733598e-05,-37.805383885137346,-37.756805133690314
380,380,1.6462877142985983e-05,1.680846923447557e-05,-37.83586721036396,-37.747842592871386
381,381,1.6125044717180983e-05,1.6826761709939763e-05,-37.935084284409896,-37.74311878291699
382,382,1.6601876390287197e-05,1.6870784173462245e-05,-37.79798780075222,-37.7317715329242
383,383,1.6519318677703416e-05,1.6748606005996025e-05,-37.807631510038796,-37.76333756505839
384,384,1.683240469029658e-05,1.6774550012518087e-05,-37.735896965454074,-37.75661544073677
385,385,1.6189946962317053e-05,1.6702519803258935e-05,-37.909498661789954,-37.77530427512864
386,386,1.5988499530367242e-05,1.6824166059929046e-05,-37.9648454325846,-37.74378876532375
387,387,1.624028861920827e-05,1.6740381780484887e-05,-37.89551268229157,-37.7654706458502
388,388,1.591269828515072e-05,1.680381731268043e-05,-37.98233810860759,-37.74904471518219
389,389,1.6083220121874977e-05,1.6745252699030588e-05,-37.931666936567936,-37.764207170874144
390,390,1.6492996222688216e-05,1.6735905965584895e-05,-37.83346289751462,-37.76663195844222
391,391,1.625294843853629e-05,1.6713314069324713e-05,-37.88154225725929,-37.7724984852929
392,392,1.674223998277964e-05,1.682633951292557e-05,-37.764000607760885,-37.743227752270116
393,393,1.5821878328894208e-05,1.6796652744233143e-05,-38.008852582482206,-37.750896792003594
394,394,1.7437332081902513e-05,1.674962377843545e-05,-37.58416956990237,-37.76307366278221
395,395,1.595495345587626e-05,1.672025763055947e-05,-37.97318700469476,-37.77069457968602
396,396,1.568897071770949e-05,1.6764482432719025e-05,-38.04220457621481,-37.75922272792749
397,397,1.645162306492248e-05,1.6709526550441394e-05,-37.84424846660273,-37.77348278137766
398,398,1.6536949016843902e-05,1.6604068150627427e-05,-37.814597330764826,-37.80097915606291
399,399,1.6421775567839186e-05,1.669633490420988e-05,-37.84937167200228,-37.776912753971615
400,400,1.6159884993256354e-05,1.666997918379677e-05,-37.91827874748705,-37.783773653435865
401,401,1.6695482044429135e-05,1.6696712775324397e-05,-37.776469614019696,-37.776814465644364
402,402,1.651921723622735e-05,1.668284685844188e-05,-37.82448892108709,-37.780422596848645
403,403,1.618644355122089e-05,1.6630546557088994e-05,-37.90081306827516,-37.79405900467854
404,404,1.5581411867763743e-05,1.6617816072539426e-05,-38.064827939121656,-37.797384750083566
405,405,1.6452859612043765e-05,1.6630004019565315e-05,-37.84617299243058,-37.79420068667038
406,406,1.5978735570298368e-05,1.655502077674579e-05,-37.96466013930192,-37.81382692724872
407,407,1.5682112227539656e-05,1.6507281256245303e-05,-38.04811871763156,-37.8263687186281
408,408,1.6195079465948775e-05,1.652269321838455e-05,-37.903274552486934,-37.82231583593316
409,409,1.6123794358866962e-05,1.6494816918566357e-05,-37.92480679283901,-37.829649233280996
410,410,1.6228688145554433e-05,1.6527421633470924e-05,-37.89653306185383,-37.82107316273618
411,411,1.6161516936167056e-05,1.6552871688633642e-05,-37.90635879803296,-37.81439074272596
412,412,1.6290172575234876e-05,1.649088335398119e-05,-37.876651990794684,-37.830685030846325
413,413,1.653167800748296e-05,1.6406022711491557e-05,-37.817149059043075,-37.853091144319734
414,414,1.600146963740831e-05,1.6454824426067428e-05,-37.95345565298354,-37.84019170150222
415,415,1.582072267992021e-05,1.637740785410738e-05,-38.00706710476968,-37.860672582628006
416,416,1.6262902501750302e-05,1.635511120854828e-05,-37.89388908906962,-37.86658921349313
417,417,1.5754718370987677e-05,1.6411682640625114e-05,-38.025519667841,-37.85159312610751
418,418,1.6045573970258535e-05,1.6326356001771176e-05,-37.9528187001022,-37.87423160651762
419,419,1.5506909568506034e-05,1.6378833223777628e-05,-38.09540940225725,-37.86029462095568
420,420,1.582034480831221e-05,1.6250956401850808e-05,-38.00508783237108,-37.894334976770196
421,421,1.5879790657187916e-05,1.624270292890479e-05,-37.99232240896754,-37.89654121509971
422,422,1.5115466761851645e-05,1.6168733293996313e-05,-38.20302640039322,-37.91636425522775
423,423,1.5347927053637213e-05,1.611171731048288e-05,-38.14421331609578,-37.93170589532652
424,424,1.5581027582811657e-05,1.616116189420848e-05,-38.072130305097474,-37.918398420318056
425,425,1.5652906946230623e-05,1.6074368623345724e-05,-38.05542880291438,-37.94178499350809
426,426,1.5546218023279e-05,1.5976831108625783e-05,-38.08716158880141,-37.96821778575349
427,427,1.5252422590211355e-05,1.600289301438208e-05,-38.16581612678311,-37.96113921039116
428,428,1.5419516110097865e-05,1.5987901286663193e-05,-38.11626212830749,-37.96520964705357
429,429,1.586040302426386e-05,1.58929313233545e-05,-38.00216985937488,-37.99108416138478
430,430,1.537428276615455e-05,1.5853224124983074e-05,-38.129291045928106,-38.001948233518036
431,431,1.564062396712486e-05,1.5884654442886943e-05,-38.053072729533085,-37.993346512982
432,432,1.5636855555526053e-05,1.578974105972233e-05,-38.054810861956206,-38.01937414905157
433,433,1.5490591480200463e-05,1.5752744921452465e-05,-38.10240007806081,-38.029561821690805
434,434,1.5061108016882441e-05,1.5655517735898395e-05,-38.21807394647517,-38.056449883291464
435,435,1.563371249185647e-05,1.5676709297526702e-05,-38.054282605738024,-38.05057517820164
436,436,1.5345482078720526e-05,1.5575852222881575e-05,-38.14229974088046,-38.07860604729389
437,437,1.516347263007156e-05,1.54685669354206e-05,-38.1893973600037,-38.10862341923165
438,438,1.52473175401929e-05,1.5440543201724434e-05,-38.167323951800086,-38.11649848013593
439,439,1.5194793274165876e-05,1.541428656836567e-05,-38.182913737402274,-38.12388994125796
440,440,1.4893007114410794e-05,1.53793935169233e-05,-38.26987730530222,-38.13373213364413
441,441,1.5034935694126671e-05,1.529691330927706e-05,-38.229139365014646,-38.157086173991466
442,442,1.498703306761976e-05,1.5231714458327348e-05,-38.23821307779419,-38.175636332524036
443,443,1.5099484230209856e-05,1.5234103270095626e-05,-38.21387138983387,-38.174955275622395
444,444,1.530422294533694e-05,1.5144856421868194e-05,-38.152397635177834,-38.20047262421591
445,445,1.4679705028478584e-05,1.5090344133664315e-05,-38.33096233107674,-38.21613278930818
446,446,1.482380017459383e-05,1.5090756230500502e-05,-38.284098559829,-38.21601419099346
447,447,1.4336226028258211e-05,1.5081044837547539e-05,-38.431456286677935,-38.21880991704721
448,448,1.4131202378754921e-05,1.4991830826865657e-05,-38.49498218981894,-38.24457750019541
449,449,1.4625687231507737e-05,1.4966704886893767e-05,-38.35446169234183,-38.25186227522261
450,450,1.4083650629678213e-05,1.4945115923948929e-05,-38.517649610686476,-38.25813134801783
451,451,1.537933573119292e-05,1.50608017831569e-05,-38.142133180934785,-38.22464330094774
452,452,1.4593010352664632e-05,1.4812145596615186e-05,-38.360715270417636,-38.29694450543515
453,453,1.408463209635247e-05,1.4888267095988053e-05,-38.513478310781466,-38.27468271408484
454,454,1.4025657300098641e-05,1.4761912624587575e-05,-38.53765496790726,-38.31169792437967
455,455,1.5004857185389127e-05,1.4833134484529422e-05,-38.2415984175779,-38.29079488586633
456,456,1.512697608913439e-05,1.4714194549014792e-05,-38.208083487540485,-38.32575928932868
457,457,1.4634939914910704e-05,1.4819452716389941e-05,-38.344558915377085,-38.29480257449536
458,458,1.4452024993964365e-05,1.4704574584213429e-05,-38.39712077558579,-38.32859958340035
459,459,1.4650594869063875e-05,1.4713625636144762e-05,-38.346713862487874,-38.325927209153264
460,460,1.4213226086681483e-05,1.4732715499121696e-05,-38.47016499332517,-38.32029620510114
461,461,1.3604363461520725e-05,1.4738447709149974e-05,-38.65557821210142,-38.318606779272784
462,462,1.4503189162234176e-05,1.4655344545501162e-05,-38.39193326550661,-38.34316389749107
463,463,1.4523102736254174e-05,1.4649552787503987e-05,-38.38717239665982,-38.34488055839103
464,464,1.4304435025383335e-05,1.4637121574579445e-05,-38.43996496369989,-38.34856742801233
465,465,1.4392361803983636e-05,1.4615490918482752e-05,-38.420439353586886,-38.35499015439079
466,466,1.3944794116787776e-05,1.4576980758743288e-05,-38.558474424937536,-38.366448423329906
467,467,1.4136488746387222e-05,1.4614272291318661e-05,-38.49453696447241,-38.35535228052186
468,468,1.3866237402664373e-05,1.4614853219092383e-05,-38.58060603605057,-38.355179648790916
469,469,1.4731887493269955e-05,1.4557915739332153e-05,-38.320053585757954,-38.37213221486834
470,470,1.4497672111115817e-05,1.4588083487117393e-05,-38.388317363890124,-38.363141827562295
471,471,1.4098850733341923e-05,1.455122563991034e-05,-38.50734231250711,-38.37412847664438
472,472,1.4690035013043917e-05,1.4561918138305804e-05,-38.3171854806577,-38.370938375777854
473,473,1.4334330894458035e-05,1.4534708354499584e-05,-38.4470256859765,-38.37906100979418
474,474,1.4300196686310732e-05,1.4565796080109736e-05,-38.45230128156838,-38.369781972825045
475,475,1.4328251053643961e-05,1.4459413777283197e-05,-38.434604374318525,-38.40161736984669
476,476,1.3940363311759057e-05,1.4462125890483884e-05,-38.548213368634535,-38.400802851799355
477,477,1.4153482476741402e-05,1.4417931293122054e-05,-38.49197939942783,-38.41409471242437
478,478,1.3939400006850134e-05,1.4473526598043176e-05,-38.5607424137934,-38.39738059295036
479,479,1.3794769487147502e-05,1.4398991927584192e-05,-38.610409174961255,-38.41980334624705
480,480,1.4326830919860195e-05,1.4463811614979549e-05,-38.43796539235649,-38.400296661915505
481,481,1.4489906282778038e-05,1.4457832596810094e-05,-38.38389654754633,-38.40209230991959
482,482,1.4507165801238517e-05,1.4407935515536289e-05,-38.38168321422876,-38.4171066677981
483,483,1.4306786528622885e-05,1.4425258756857243e-05,-38.44932229452648,-38.41188810689324
484,484,1.3943855818295036e-05,1.4464264447604747e-05,-38.55959119097382,-38.400160695244274
485,485,1.4450645196739435e-05,1.443202094570121e-05,-38.40300199435021,-38.40985272352755
486,486,1.422146806831246e-05,1.4385610867114002e-05,-38.47304915011166,-38.423841144638274
487,487,1.3684535850788774e-05,1.4318868460050956e-05,-38.63145253958178,-38.44403723389818
488,488,1.3823392391807914e-05,1.4319011442191703e-05,-38.59258018081332,-38.44399386731172
489,489,1.4124556325919706e-05,1.4345774137549788e-05,-38.50180556362738,-38.435884339152345
490,490,1.4023003619588485e-05,1.432638849732221e-05,-38.538633397776366,-38.44175698850153
491,491,1.4058622957573911e-05,1.4336683450796714e-05,-38.51561580451143,-38.43863726589414
492,492,1.3594937674084932e-05,1.4336035459755772e-05,-38.66274179864107,-38.43883356324169
493,493,1.4381283324031211e-05,1.427971729801931e-05,-38.42441777344911,-38.455928132557524
494,494,1.3919783171884998e-05,1.4302864512597138e-05,-38.55343325928604,-38.44889398160025
495,495,1.3648123264651189e-05,1.4260567743469055e-05,-38.65056867978156,-38.46175606812861
496,496,1.400994858261949e-05,1.4177873996040466e-05,-38.53690549246073,-38.487013105589625
497,497,1.3724411483334988e-05,1.428787019999857e-05,-38.62915837948695,-38.45344926699881
498,498,1.4286231020115647e-05,1.4229825195032295e-05,-38.45062866772705,-38.471128577912104
499,499,1.351615656792851e-05,1.4226659722656845e-05,-38.69157524445444,-38.47209478803603
500,500,1.4046689374453373e-05,1.4161910162089808e-05,-38.527579395528015,-38.49190587801824
501,501,1.4023468390133558e-05,1.4232840074232387e-05,-38.532480437330975,-38.47020853378221
502,502,1.3730535326815407e-05,1.4143131585641592e-05,-38.62297871093356,-38.497668408523346
503,503,1.4181931330369348e-05,1.4072979961623022e-05,-38.4853759343045,-38.51926353578341
504,504,1.377897742432398e-05,1.4163422412438146e-05,-38.613937576215946,-38.491442150377665
505,505,1.3336764148090842e-05,1.4161191565539124e-05,-38.746743161111084,-38.49212625113962
506,506,1.347832410116548e-05,1.411040619515054e-05,-38.70511787906912,-38.50772906922679
507,507,1.3959784408462397e-05,1.402691290614281e-05,-38.55676123339101,-38.533503224176776
508,508,1.3707371546899463e-05,1.4041470278339388e-05,-38.62980850745616,-38.52899837832136
509,509,1.3132778728982679e-05,1.4041340603542171e-05,-38.82094520958345,-38.52903848616463
510,510,1.3756484176409095e-05,1.3968810076460758e-05,-38.618097212553685,-38.5515301024681
511,511,1.3648645352114942e-05,1.3992582257503128e-05,-38.6458811846653,-38.544145542061635
512,512,1.3846205931877568e-05,1.3968245471723525e-05,-38.583588390751295,-38.55170564331666
513,513,1.3796498370941935e-05,1.3944185363805828e-05,-38.604178635842636,-38.55919275524339
514,514,1.4108454875501602e-05,1.3935935480970473e-05,-38.505766021914255,-38.561762958375766
515,515,1.320268556716571e-05,1.3861983509406472e-05,-38.791457716369415,-38.58487044995159
516,516,1.3948190357528876e-05,1.3866645004830053e-05,-38.54737695422255,-38.583410253852875
517,517,1.2988869335439977e-05,1.382930708802489e-05,-38.86600759112929,-38.595120023572086
518,518,1.3358976052727157e-05,1.3794627145551586e-05,-38.73877209856503,-38.606024564130486
519,519,1.358108715742008e-05,1.3722190057083744e-05,-38.66653246008799,-38.62888992696982
520,520,1.2862991855765414e-05,1.3790524750028884e-05,-38.900351178768624,-38.60731630815131
521,521,1.3279342074946322e-05,1.3719332185390062e-05,-38.76207100972248,-38.629794510833705
522,522,1.3392256573517687e-05,1.3691193089471199e-05,-38.73796990840113,-38.638711274196496
523,523,1.3563672734197043e-05,1.3689313355395203e-05,-38.67169831072145,-38.639307580287166
524,524,1.3033084720406158e-05,1.365291059061603e-05,-38.8503818005923,-38.65087176704969
525,525,1.3322107425318387e-05,1.3603420819364195e-05,-38.754732534331126,-38.66664289769952
526,526,1.3593051419578392e-05,1.3559255804514242e-05,-38.66386059839372,-38.68076568788748
527,527,1.3633087582627585e-05,1.3506376107168188e-05,-38.65030858840965,-38.69773583664145
528,528,1.2904767647773248e-05,1.3468197865126727e-05,-38.89109648943449,-38.71002934751268
529,529,1.3482986883600555e-05,1.344603539397021e-05,-38.70726175045418,-38.71718172745339
530,530,1.3043283240794031e-05,1.3523473219385395e-05,-38.84975143634249,-38.69224177532209
531,531,1.3128360497483805e-05,1.343012373629455e-05,-38.82007670680315,-38.72232408868168
532,532,1.3127208205201596e-05,1.3368643952784815e-05,-38.817113410752874,-38.74225065984217
533,533,1.3567807578398323e-05,1.3312318275750026e-05,-38.67826546052398,-38.76058730516686
534,534,1.2991228367795462e-05,1.3268199453657297e-05,-38.86694169641509,-38.775004314477044
535,535,1.302478031180895e-05,1.3166820472657778e-05,-38.84732184570774,-38.808315087838636
536,536,1.2846354497314584e-05,1.3154626972927394e-05,-38.91242404921259,-38.81233885593707
537,537,1.291339150466416e-05,1.312795120611554e-05,-38.891839924474475,-38.8211546899288
538,538,1.2594610508159284e-05,1.3091043958985737e-05,-38.997093989450214,-38.83338141658756
539,539,1.3003826491503506e-05,1.3082226120643195e-05,-38.86167402407485,-38.8363077140412
540,540,1.2498512594752402e-05,1.3002786832466403e-05,-39.03160458889971,-38.862759800701475
541,541,1.2608835455354246e-05,1.2946807242099711e-05,-38.989234553418896,-38.88149740780138
542,542,1.2324896507032969e-05,1.296824254830809e-05,-39.086907793766045,-38.87431298222437
543,543,1.2487384767680232e-05,1.2953611842117665e-05,-39.03368499081281,-38.87921543676629
544,544,1.2494719195489883e-05,1.2856730838967978e-05,-39.030636436987,-38.91181870995234
545,545,1.2824021423605785e-05,1.2823136450223452e-05,-38.91429095982191,-38.92318159264432
546,546,1.2170675797006907e-05,1.2799272218743632e-05,-39.15082981175577,-38.9312714698899
547,547,1.257552026125024e-05,1.2701866341414739e-05,-39.00870995843591,-38.96444884403869
548,548,1.2412724497631438e-05,1.2651265215505478e-05,-39.06598572528155,-38.98178462671381
549,549,1.2288297577620096e-05,1.2692107750473569e-05,-39.108796758260546,-38.96778672442731
550,550,1.2459866139607519e-05,1.2657888682473353e-05,-39.04525405739251,-38.97951150827415
551,551,1.2023013387641691e-05,1.2639664562716222e-05,-39.200723041868365,-38.985768742671866
552,552,1.2587773395803056e-05,1.2612051968493401e-05,-39.01203056894014,-38.995266712496544
553,553,1.2147813247361932e-05,1.2547159425785618e-05,-39.1548211219903,-39.0176700662976
554,554,1.1925653170598622e-05,1.2545817586023508e-05,-39.2408118249038,-39.01813454175985
555,555,1.2228091831856705e-05,1.2526943799840459e-05,-39.12157764449147,-39.0246729382404
556,556,1.2004907373395945e-05,1.247641131684711e-05,-39.20907990989461,-39.042227389071805
557,557,1.243939571104795e-05,1.2425002607510818e-05,-39.05540283544681,-39.06015934311573
558,558,1.2737782629667037e-05,1.2422119509306198e-05,-38.94904340392706,-39.06116719717688
559,559,1.2178658450756837e-05,1.2423026945677856e-05,-39.14135604609727,-39.06084995645562
560,560,1.254706445983287e-05,1.2320538476878459e-05,-39.01401011522267,-39.09682733501458
561,561,1.2495375906921967e-05,1.238557816625536e-05,-39.03182728322909,-39.073961383347054
562,562,1.1834375129051905e-05,1.2349250075778017e-05,-39.27273832947974,-39.0867183755705
563,563,1.1768790228444167e-05,1.2312179933360312e-05,-39.28658467822527,-39.099774690970634
564,564,1.2110186213886691e-05,1.2317780458129404e-05,-39.171797880242956,-39.097799635382856
565,565,1.1752530713472635e-05,1.2268148183418242e-05,-39.290149994510784,-39.11533409798255
566,566,1.1726715897144533e-05,1.2265988660051095e-05,-39.31623901943538,-39.11609864013074
567,567,1.1801554221877727e-05,1.2254823942432841e-05,-39.28858086463728,-39.12005346468512
568,568,1.1705939615830616e-05,1.226585094340599e-05,-39.30584064264204,-39.11614740090857
569,569,1.219318839746885e-05,1.2280490313730153e-05,-39.136569443358376,-39.11096715963552
570,570,1.143426887904649e-05,1.2296501776482297e-05,-39.41319440510068,-39.105308459922625
571,571,1.203649025200386e-05,1.2213211448397487e-05,-39.19522102510222,-39.13482546715502
572,572,1.1782307129325681e-05,1.2226534349074905e-05,-39.28920922963087,-39.13009050561471
573,573,1.173452842850406e-05,1.2225878411922359e-05,-39.300993780875245,-39.13032350502355
574,574,1.237018072642218e-05,1.2346468649507427e-05,-39.075913459445886,-39.087696648849104
575,575,1.1922414291193396e-05,1.2273899062021979e-05,-39.238744055139385,-39.11329875442344
576,576,1.2109458327462017e-05,1.2241303298460001e-05,-39.16002327791364,-39.12484764427746
577,577,1.1722584569031018e-05,1.2233414149944255e-05,-39.30392939639952,-39.12764744271696
578,578,1.151656737626403e-05,1.2274961447569934e-05,-39.3926569145724,-39.11292286065742
579,579,1.2334640561356977e-05,1.2224366688123586e-05,-39.084417634291796,-39.130860541198125
