,epoch,train_loss,test_loss,train_dbs,test_dbs
0,0,9.792586213959497e-05,9.186678423583017e-05,-12.997882185356243,-13.284195720107046
1,1,8.367796882461353e-05,7.974953845596726e-05,-13.679729122008526,-13.898499080357148
2,2,7.483364497977501e-05,7.371764705136516e-05,-14.167524144727473,-14.24006621540406
3,3,7.023302877661484e-05,7.103149255272001e-05,-14.43957540445619,-14.401271459258322
4,4,6.863155540111282e-05,6.978463888548216e-05,-14.540695939902594,-14.478182508316376
5,5,6.751702196347604e-05,6.871236971499839e-05,-14.615347950934442,-14.545431598157563
6,6,6.664788703609392e-05,6.81512966892976e-05,-14.668571418799925,-14.581039629194672
7,7,6.597706913490799e-05,6.769079826833484e-05,-14.714198713046716,-14.610484506249183
8,8,6.532491736543682e-05,6.685018716349365e-05,-14.75587957199783,-14.66475458814244
9,9,6.49419094939337e-05,6.659187975425371e-05,-14.782754869898703,-14.681568120063107
10,10,6.450900070479659e-05,6.630930951551388e-05,-14.811433721612408,-14.700035807377251
11,11,6.437770357432285e-05,6.55846622401824e-05,-14.820839020095606,-14.747758000510169
12,12,6.403825922386682e-05,6.56346894270667e-05,-14.843623365552352,-14.744446517564157
13,13,6.360761280748849e-05,6.502624570490106e-05,-14.873789056800234,-14.784894056201558
14,14,6.344662586943553e-05,6.508319558251012e-05,-14.883937526906891,-14.781092176964282
15,15,6.336114184358445e-05,6.464769103331491e-05,-14.888098063516672,-14.810250681616806
16,16,6.308136908421485e-05,6.469706625610247e-05,-14.909655636380087,-14.806934986680213
17,17,6.269692004803502e-05,6.456603410984634e-05,-14.93249230180136,-14.815739751133716
18,18,6.26498909208674e-05,6.468780798298355e-05,-14.937872755911442,-14.807556514808288
19,19,6.259608480175622e-05,6.407670068591343e-05,-14.941699525648662,-14.848779445311829
20,20,6.238617353710183e-05,6.396139743676605e-05,-14.955660473594348,-14.856601426287966
21,21,6.225150808831197e-05,6.388613110175356e-05,-14.964802261557807,-14.86171497961498
22,22,6.185485783378718e-05,6.381426665987084e-05,-14.994349468647293,-14.866603035470172
23,23,6.18531288562304e-05,6.336321549545238e-05,-14.994135967125338,-14.897408780289743
24,24,6.162078078859006e-05,6.32308252342658e-05,-15.009290338870276,-14.906492364401647
25,25,6.161337536393626e-05,6.32117827128815e-05,-15.01128415488031,-14.907800477569435
26,26,6.132090725868787e-05,6.319233905646558e-05,-15.031185483087572,-14.909136553108407
27,27,6.13458679188475e-05,6.294876431255896e-05,-15.029746704337562,-14.925908770230446
28,28,6.125961939237782e-05,6.274192530422864e-05,-15.034464656078354,-14.940202449630531
29,29,6.101103119981792e-05,6.247414651290073e-05,-15.053707620826653,-14.95877754578904
30,30,6.108293806373132e-05,6.224160288662748e-05,-15.048530437069436,-14.974973179655427
31,31,6.0930818080189204e-05,6.23826069242664e-05,-15.058803089873487,-14.965145666735358
32,32,6.069197066964764e-05,6.230338227683923e-05,-15.0756786918949,-14.970664623926794
33,33,6.0606522573525395e-05,6.196060999890936e-05,-15.080220213866413,-14.994624016135734
34,34,6.0437300001551905e-05,6.204079909366556e-05,-15.093512808847896,-14.989007033801274
35,35,6.0435806479984316e-05,6.176198784439628e-05,-15.095240003998807,-15.008568207625023
36,36,6.012799938091739e-05,6.147781000196885e-05,-15.117565204567569,-15.028596979133031
37,37,6.0046935161772504e-05,6.150642691768313e-05,-15.120794177180306,-15.026575879662172
38,38,6.023480608812101e-05,6.139813137308106e-05,-15.10922949384069,-15.034229325598007
39,39,5.967984461020342e-05,6.158835343452857e-05,-15.149270442485328,-15.020794929513137
40,40,5.9576115595565665e-05,6.0933640366113794e-05,-15.157631316731543,-15.067209613186423
41,41,5.979210310993649e-05,6.107717222460594e-05,-15.141464978267935,-15.05699164617977
42,42,5.962628666125478e-05,6.11432767886742e-05,-15.152167447242313,-15.0522937661712
43,43,5.944293387955506e-05,6.09598924041309e-05,-15.168088693604433,-15.06533894537219
44,44,5.935491181966445e-05,6.116252341981683e-05,-15.172573170394042,-15.050926912636008
45,45,5.918938970972169e-05,6.064302234383496e-05,-15.185310275499852,-15.087972486751548
46,46,5.918949843653161e-05,6.10069793382488e-05,-15.185786141723446,-15.061985641908556
47,47,5.89943331751502e-05,6.076749100190538e-05,-15.197751871589682,-15.0790678097482
48,48,5.882991404787484e-05,6.0807935369666666e-05,-15.21066205937328,-15.076178283975603
49,49,5.870951851469839e-05,6.088163335286816e-05,-15.220222878490613,-15.070917910111035
50,50,5.860850947054545e-05,6.0340756470778665e-05,-15.22961778270159,-15.109673358580393
51,51,5.8766571998706605e-05,6.052846794390414e-05,-15.216748447341555,-15.09618404847638
52,52,5.863108282900396e-05,6.0253499932035704e-05,-15.225702601309974,-15.115958075784926
53,53,5.8468133145127176e-05,5.965453371908026e-05,-15.239331171982062,-15.159346308720984
54,54,5.831669290104794e-05,5.984549026930166e-05,-15.248721067190452,-15.14546657148502
55,55,5.8100479907000955e-05,5.9835116668469514e-05,-15.266565882809346,-15.146219441599136
56,56,5.8228445849045345e-05,5.961288613769667e-05,-15.255340088506886,-15.162379377690936
57,57,5.8090009879004015e-05,5.9771611153050084e-05,-15.266225793678478,-15.150831238612755
58,58,5.806507558481451e-05,5.944959220390669e-05,-15.266063415993422,-15.17429206417733
59,59,5.800137333823944e-05,5.9716642250637766e-05,-15.270348766712882,-15.154827061130533
60,60,5.771898487210754e-05,5.956354269935553e-05,-15.29454469997253,-15.16597565665706
61,61,5.76863448137355e-05,5.910097714054006e-05,-15.297138051434755,-15.199834250195916
62,62,5.7665190717070985e-05,5.915099973208271e-05,-15.297190324919006,-15.196159971363912
63,63,5.749264862070331e-05,5.9477279137354344e-05,-15.30946456489707,-15.17226993368676
64,64,5.75154317067648e-05,5.893135006006464e-05,-15.310960548192668,-15.212316958534437
65,65,5.740434433616813e-05,5.900049405968993e-05,-15.31712221548368,-15.20722437965399
66,66,5.7154453259631124e-05,5.8620535319756816e-05,-15.33681287235998,-15.235283062521422
67,67,5.718031493837696e-05,5.860062485321817e-05,-15.335815265561276,-15.236758394418878
68,68,5.707791093562864e-05,5.882530470109103e-05,-15.341940851142756,-15.220139009318242
69,69,5.6805744702380493e-05,5.847391022191579e-05,-15.362125406085529,-15.246159497161646
70,70,5.68733570635794e-05,5.835671235170019e-05,-15.357656497002544,-15.25487269311613
71,71,5.684775686924845e-05,5.8506370757976056e-05,-15.361291406561195,-15.243749273500987
72,72,5.672921156708737e-05,5.831662412291687e-05,-15.367996260526482,-15.257857110595063
73,73,5.657019281307399e-05,5.8249896124164624e-05,-15.38144533638324,-15.262829310974828
74,74,5.6541381858663694e-05,5.814978718071392e-05,-15.383081117470576,-15.270299567115565
75,75,5.6354099159733846e-05,5.821336947663344e-05,-15.399511011073045,-15.265553487032149
76,76,5.6248777460477305e-05,5.776758323343912e-05,-15.40608040045928,-15.298938875649903
77,77,5.6172026196475494e-05,5.747503440177656e-05,-15.411350320594877,-15.320988464387874
78,78,5.614088761071751e-05,5.746022055207408e-05,-15.413670591548264,-15.322107976972546
79,79,5.6207858862537776e-05,5.78712602682093e-05,-15.409121020688517,-15.291151461870644
80,80,5.597070464984389e-05,5.7667326473165303e-05,-15.428694879217186,-15.30648268866435
81,81,5.6081830688029736e-05,5.763303565081993e-05,-15.416996463751381,-15.309065909582175
82,82,5.5843216595695996e-05,5.7470206612426987e-05,-15.434860321062637,-15.321353278495366
83,83,5.60138816825239e-05,5.744203008362092e-05,-15.424801626540248,-15.323483062333318
84,84,5.5427968843489616e-05,5.762581196521703e-05,-15.47012804238019,-15.30961028545706
85,85,5.554049160300283e-05,5.780602173456971e-05,-15.459852106009288,-15.296050044838786
86,86,5.542235296686449e-05,5.6934771763687754e-05,-15.468757380086572,-15.362005023091605
87,87,5.547131367325399e-05,5.699194030297038e-05,-15.466588430602926,-15.357646434524892
88,88,5.540325811622453e-05,5.6968915343627725e-05,-15.475464340271408,-15.359401355171617
89,89,5.5298258509359696e-05,5.700531389601039e-05,-15.47859922674806,-15.356627448983888
90,90,5.5392441917666876e-05,5.6950983363142436e-05,-15.47277105159013,-15.360768589575278
91,91,5.5026195527200785e-05,5.69144159319541e-05,-15.50400760176399,-15.363558029427375
92,92,5.492181936488967e-05,5.665436593086557e-05,-15.51102505659038,-15.38344702991246
93,93,5.504725706168287e-05,5.648554820493844e-05,-15.50115581029476,-15.396407382903455
94,94,5.5012249541720954e-05,5.674866731983217e-05,-15.501982696436134,-15.376224192721962
95,95,5.4554143698811625e-05,5.600047715185945e-05,-15.539238696514712,-15.433863589013601
96,96,5.4775412283242515e-05,5.6363996822926166e-05,-15.51926242276734,-15.405763045768968
97,97,5.447917815733499e-05,5.624658565226893e-05,-15.543932529963019,-15.4148192180907
98,98,5.456221873659554e-05,5.624925209926196e-05,-15.539172261617766,-15.414613339679779
99,99,5.4465462302143406e-05,5.629808679498781e-05,-15.54719036680942,-15.410844500643952
100,100,5.460951309867165e-05,5.572452860896623e-05,-15.535939080515163,-15.455316829914786
101,101,5.4431479829591554e-05,5.6041628053399585e-05,-15.548498675460202,-15.430673429343702
102,102,5.434650020762683e-05,5.5651511693691934e-05,-15.555329100225544,-15.461011205086702
103,103,5.419049913828146e-05,5.561256789645229e-05,-15.569286839390738,-15.464051373485795
104,104,5.416452325700504e-05,5.5582852885555966e-05,-15.569410197161861,-15.4663725240293
105,105,5.403443187272378e-05,5.54280588020399e-05,-15.579575030718438,-15.478484173028681
106,106,5.401826169451017e-05,5.519170755226361e-05,-15.583610392664848,-15.497042556064303
107,107,5.3989842029098784e-05,5.554155818811667e-05,-15.583619512789223,-15.469600268479324
108,108,5.388338006726831e-05,5.5071300601795024e-05,-15.593843912881454,-15.506527531276234
109,109,5.369181884272677e-05,5.4848801243535584e-05,-15.607575946315466,-15.52410946103671
110,110,5.346085710754647e-05,5.5390122533457254e-05,-15.628265821985485,-15.481457604383442
111,111,5.3527129867435766e-05,5.4880561372939206e-05,-15.62067116909488,-15.521595412107452
112,112,5.3510810982150305e-05,5.516831266791805e-05,-15.625334676651114,-15.498883851364534
113,113,5.358861898523323e-05,5.465367193162245e-05,-15.616978319828254,-15.539587407910853
114,114,5.329110035276732e-05,5.494664755564085e-05,-15.640942709555535,-15.516368862471648
115,115,5.334959020082042e-05,5.4726700335250876e-05,-15.635137179937447,-15.533788225338457
116,116,5.3100685991668475e-05,5.4583845332289406e-05,-15.655434887592712,-15.54513958662569
117,117,5.306317002906166e-05,5.486478307590771e-05,-15.661303973103935,-15.522844198999731
118,118,5.314149608782771e-05,5.408874762667294e-05,-15.652679016517151,-15.584711604436048
119,119,5.2871901793081374e-05,5.453799205593226e-05,-15.671576529170274,-15.5487894199767
120,120,5.30076455087857e-05,5.448421602762353e-05,-15.664535477298669,-15.553073801050573
121,121,5.297299916135896e-05,5.413510370999575e-05,-15.666677375916947,-15.580991132068394
122,122,5.2718039330205467e-05,5.421397662231404e-05,-15.68703051871253,-15.574668221613226
123,123,5.264052195287281e-05,5.4215299506291847e-05,-15.693226637620317,-15.57456225000993
124,124,5.265568448596672e-05,5.4443857822518206e-05,-15.69349476061711,-15.556291951516151
125,125,5.255473574975112e-05,5.408162159208012e-05,-15.700471482990444,-15.585283812431332
126,126,5.251999218952986e-05,5.3839755932322554e-05,-15.706893398074648,-15.604750038616755
127,127,5.251449317828579e-05,5.4061829264116424e-05,-15.703625593846679,-15.586873497030183
128,128,5.239185263713601e-05,5.392785341858766e-05,-15.714217783477608,-15.597649526522696
129,129,5.24551862476936e-05,5.3808503013753674e-05,-15.710929265333943,-15.607271764577224
130,130,5.213710024578439e-05,5.3729059321707804e-05,-15.733942945888897,-15.613688492389311
131,131,5.2068065359862044e-05,5.363895730911999e-05,-15.740664258534949,-15.620977593424977
132,132,5.2041946134719635e-05,5.357013881286165e-05,-15.744033629636217,-15.626553145941319
133,133,5.220621910525879e-05,5.3251439806588584e-05,-15.729357813512523,-15.652467316517708
134,134,5.199924162673025e-05,5.373248265976528e-05,-15.749044258969073,-15.613411791199072
135,135,5.194948330286352e-05,5.339868642438791e-05,-15.751361773319573,-15.640475125512989
136,136,5.172120182044065e-05,5.289332023637957e-05,-15.76970880391273,-15.681772567813708
137,137,5.184188899200064e-05,5.310483557925756e-05,-15.76143488507309,-15.664440177930501
138,138,5.181899811675263e-05,5.3209559394561344e-05,-15.763376809205754,-15.655884235937588
139,139,5.166510208695887e-05,5.3225495464989524e-05,-15.774590993386221,-15.654583734423113
140,140,5.134585909527419e-05,5.2900208844987086e-05,-15.803971348810338,-15.68120699736031
141,141,5.160433598932061e-05,5.253648180912837e-05,-15.78196523573377,-15.711171001397208
142,142,5.143738831675458e-05,5.316890230077613e-05,-15.792789298523449,-15.659203921531734
143,143,5.12733255988875e-05,5.2767066479550283e-05,-15.80941722251988,-15.692151355495758
144,144,5.13650489084125e-05,5.2614576385454517e-05,-15.801668573514547,-15.704720082046848
145,145,5.129803377581693e-05,5.2489860727770353e-05,-15.804146774785547,-15.715026658790386
146,146,5.109322220735137e-05,5.242507215466743e-05,-15.824011719559685,-15.720390494536671
147,147,5.126454543079893e-05,5.233990170956148e-05,-15.810914062704224,-15.727451835959343
148,148,5.1003713414286616e-05,5.237431162784464e-05,-15.833144945047408,-15.724597583858365
149,149,5.0902206229571657e-05,5.2665321785944365e-05,-15.839917713562006,-15.700533442526064
150,150,5.087521992781027e-05,5.2221277560180935e-05,-15.843655862647381,-15.73730593974026
151,151,5.092306823779339e-05,5.2377509602688644e-05,-15.836772469145917,-15.724332411795077
152,152,5.0759176542435184e-05,5.210779234307426e-05,-15.853337484609167,-15.746754125763882
153,153,5.054058419773355e-05,5.229750030067455e-05,-15.870581961766257,-15.73097155234348
154,154,5.045130673511501e-05,5.1976708116279424e-05,-15.879676656686389,-15.757693158224749
155,155,5.047059432362187e-05,5.19994954581642e-05,-15.877516290330735,-15.755789565545648
156,156,5.04911196125268e-05,5.167686398827324e-05,-15.87632310136312,-15.782819357122012
157,157,5.0447282155426024e-05,5.210691156925781e-05,-15.879084841365769,-15.746827534830729
158,158,5.035838191745534e-05,5.187067367124224e-05,-15.886623671310039,-15.766561978907966
159,159,5.004465425166196e-05,5.1756822933001735e-05,-15.91224435492906,-15.776104768011756
160,160,5.0344927209134204e-05,5.149203168816472e-05,-15.88731415375316,-15.79838058482923
161,161,5.023236015629138e-05,5.190122407695622e-05,-15.897331412907821,-15.764004856354997
162,162,5.0110113604495914e-05,5.179146606487369e-05,-15.909374016010133,-15.773198815298334
163,163,5.007758399816086e-05,5.142972402513566e-05,-15.9134933059538,-15.803638924497466
164,164,5.003060362741025e-05,5.152520297040035e-05,-15.915644125006496,-15.79558375080855
165,165,5.0149774324381724e-05,5.150491932382513e-05,-15.905485575051753,-15.797293750893605
166,166,4.973190962775015e-05,5.153268610133397e-05,-15.940807484562477,-15.79495306013425
167,167,4.9602715474056544e-05,5.149754724698141e-05,-15.951786278326406,-15.797915416064438
168,168,4.970429249296263e-05,5.107589152574196e-05,-15.943631615084824,-15.83362130380574
169,169,4.962600142630201e-05,5.1245337090222165e-05,-15.95062542348926,-15.819237320755036
170,170,4.96839923086845e-05,5.109760240884498e-05,-15.946233624830423,-15.831775635911319
171,171,4.9608886611261456e-05,5.122275692165682e-05,-15.9535892145455,-15.821151368803196
172,172,4.960508331069579e-05,5.105570284956086e-05,-15.953680401395191,-15.835338271181058
173,173,4.9562704120522614e-05,5.1198545981223055e-05,-15.956329858877588,-15.823204589711327
174,174,4.94369366428258e-05,5.107152710000886e-05,-15.968854279067713,-15.83399242351473
175,175,4.9543242771646546e-05,5.105223126041605e-05,-15.95605644512599,-15.835633584571296
176,176,4.949733883006853e-05,5.096060933857715e-05,-15.96203856904154,-15.843434740884867
177,177,4.944682185635326e-05,5.095469877185104e-05,-15.964664000484454,-15.843938478069113
178,178,4.9440648618871924e-05,5.070726087739642e-05,-15.967613007373258,-15.865079350180293
179,179,4.9137004080154096e-05,5.0332864224114213e-05,-15.992121456375124,-15.8972644141981
180,180,4.920640658946064e-05,5.0727065076659384e-05,-15.985044557502071,-15.863383503239564
181,181,4.89030084956783e-05,5.052151429577192e-05,-16.01202658504115,-15.881017270169808
182,182,4.912129011198389e-05,5.0341675983202693e-05,-15.996101788358615,-15.89650416272839
183,183,4.880920051178204e-05,5.0265744089541075e-05,-16.021762587699893,-15.903059704785887
184,184,4.879513458551637e-05,5.011512832042124e-05,-16.023714216718766,-15.916092396160984
185,185,4.870553214262605e-05,4.994842464312617e-05,-16.030488793323006,-15.930562910548769
186,186,4.8720054653984464e-05,5.038516706247863e-05,-16.030026419286035,-15.892753834346362
187,187,4.8706753603386757e-05,5.0098724673980065e-05,-16.032581586656313,-15.917514158319259
188,188,4.8536945841894435e-05,4.9973453362901254e-05,-16.047428106736938,-15.928387243851612
189,189,4.860607261491037e-05,5.0143506469842245e-05,-16.039394951752225,-15.913633859985005
190,190,4.8567794251961385e-05,5.032227425927933e-05,-16.041917948572216,-15.898178259904858
191,191,4.834561632284847e-05,4.962463150916033e-05,-16.063442654601676,-15.958807914258566
192,192,4.831726386628267e-05,5.000326659922537e-05,-16.06752792356461,-15.925797095982801
193,193,4.827092017932824e-05,4.984299620876922e-05,-16.068644671095583,-15.939739451762705
194,194,4.8335445059172944e-05,4.981167818952695e-05,-16.063601849630665,-15.942469126706895
195,195,4.82046265291895e-05,4.991336237780113e-05,-16.076747052398687,-15.933612595404945
196,196,4.820352954731188e-05,4.9526749008739566e-05,-16.076266069144204,-15.967382649858855
197,197,4.8299119653259454e-05,4.943035386723319e-05,-16.065913517047886,-15.975843667827903
198,198,4.8059446909092844e-05,4.941616996228205e-05,-16.090498131662034,-15.97709004280514
199,199,4.8032831156100674e-05,4.9316460622082415e-05,-16.091255650515762,-15.985861860330516
200,200,4.8037256513537415e-05,4.978930347102792e-05,-16.091685427194147,-15.944420355857396
201,201,4.802332871795161e-05,4.922760528739003e-05,-16.09301688747214,-15.993693766117339
202,202,4.7821140732284945e-05,4.927094759248001e-05,-16.112238992153728,-15.98987171501139
203,203,4.776363373858874e-05,4.9352000037048894e-05,-16.116844036237406,-15.98273328765909
204,204,4.772599029670393e-05,4.927769144782551e-05,-16.118633361860955,-15.989277324424895
205,205,4.770577266079028e-05,4.932589581585489e-05,-16.120112224273065,-15.985031050371887
206,206,4.7756300773471594e-05,4.890483902081063e-05,-16.116606947802236,-16.022262526426815
207,207,4.754670803823998e-05,4.915843524749538e-05,-16.136764552021646,-15.999800358358542
208,208,4.744552032057119e-05,4.912432345200183e-05,-16.144740306018555,-16.002815040758907
209,209,4.753087112888905e-05,4.899192514896736e-05,-16.13764267604987,-16.01453580834662
210,210,4.7618942807810186e-05,4.899129884219483e-05,-16.129042897232335,-16.014591328376316
211,211,4.732156830681392e-05,4.8779900680528954e-05,-16.156113769339694,-16.033371746048044
212,212,4.7290742024659304e-05,4.872666556222708e-05,-16.15903642450329,-16.038113933432957
213,213,4.7338403560060376e-05,4.919315630870283e-05,-16.154750376918038,-15.99673397871464
214,214,4.720312123008063e-05,4.846826988413293e-05,-16.16895442065117,-16.0612056883709
215,215,4.7320873340346955e-05,4.8684192925544555e-05,-16.157197845906715,-16.041901115518886
216,216,4.701180232493159e-05,4.8360947211652895e-05,-16.183070094430338,-16.07083287837111
217,217,4.698082043479686e-05,4.8353061222434534e-05,-16.18963171653686,-16.071541119434617
218,218,4.6936293111900446e-05,4.8417174280314756e-05,-16.1929671580424,-16.065786467462416
219,219,4.713772792343924e-05,4.852252095588483e-05,-16.173609010419273,-16.056347300610113
220,220,4.7021327509824425e-05,4.8540606114425156e-05,-16.18404151204205,-16.054728913713593
221,221,4.698094903922294e-05,4.835138507156731e-05,-16.187730797394533,-16.071691669507636
222,222,4.687654519826894e-05,4.786874265655091e-05,-16.19828522234087,-16.11526066084124
223,223,4.6718283218857304e-05,4.8023190366190026e-05,-16.212340377720373,-16.101270777870564
224,224,4.6867617673286207e-05,4.837248362539532e-05,-16.197924827162037,-16.06979700053453
225,225,4.668923020758906e-05,4.824079511117337e-05,-16.213622663480663,-16.081636290376114
226,226,4.660202009206129e-05,4.812220466096493e-05,-16.223344427006786,-16.092325705245894
227,227,4.650154564326831e-05,4.816835950661794e-05,-16.234771479808142,-16.08816230741172
228,228,4.651471782690538e-05,4.750980817908911e-05,-16.230423621970388,-16.14794809369637
229,229,4.644954501178365e-05,4.769793859419511e-05,-16.23616734560844,-16.130784761873546
230,230,4.646642703368549e-05,4.767275631341985e-05,-16.237323323205498,-16.133078239098847
231,231,4.6301133516328604e-05,4.826023608697333e-05,-16.250471946841067,-16.07988644200203
232,232,4.638634368113588e-05,4.802304657029086e-05,-16.244071935277457,-16.10128378197515
233,233,4.630566253740888e-05,4.801184140409245e-05,-16.24752988807359,-16.102297234892838
234,234,4.64712271404443e-05,4.794930397398084e-05,-16.234869499971126,-16.107957789390774
235,235,4.6059436293213255e-05,4.7754749271246654e-05,-16.271902089243675,-16.12561517115344
236,236,4.6193063267825904e-05,4.7535545155896166e-05,-16.261099453517737,-16.14559607397333
237,237,4.628694674915865e-05,4.7587551020306386e-05,-16.252147911761814,-16.140847308826224
238,238,4.622200293917708e-05,4.768822461636247e-05,-16.2601807678472,-16.13166931930675
239,239,4.592283671486585e-05,4.7290651931880824e-05,-16.287785615132346,-16.16802785243987
240,240,4.600930659546872e-05,4.7635108019580674e-05,-16.27757105174046,-16.136509319468196
241,241,4.583313304615284e-05,4.730111016358837e-05,-16.29695644862573,-16.1670675251896
242,242,4.58958792919053e-05,4.7193049938773345e-05,-16.289702892018592,-16.177000409879405
243,243,4.610304097592778e-05,4.711849856233273e-05,-16.273143817841053,-16.183866431838485
244,244,4.5609741082256566e-05,4.708542933497627e-05,-16.315514074927663,-16.186915515644692
245,245,4.5706741055011625e-05,4.7191398487867496e-05,-16.305438279853192,-16.177152387462062
246,246,4.585600659412034e-05,4.7031501085975357e-05,-16.29559362299648,-16.19189246153917
247,247,4.565398790573548e-05,4.683062951172408e-05,-16.31309806464308,-16.210480905865545
248,248,4.559436690880792e-05,4.680307201373293e-05,-16.31922179340645,-16.213037265266742
249,249,4.5656912578161826e-05,4.704501292221003e-05,-16.31142576562458,-16.190644941683804
