,epoch,train_loss,test_loss,train_dbs,test_dbs
0,0,0.0014956335491529598,0.0013106785726880556,-1.158677644396486,-1.7408188679899186
1,1,0.0011830172950363497,0.0011088910978287458,-2.1782420388883446,-2.4668918935306845
2,2,0.001091882447260864,0.001087492497294749,-2.526675186940806,-2.5515181692622377
3,3,0.0010838730551168015,0.001085423300728986,-2.5567999470834724,-2.5597894600590045
4,4,0.0010834113843547007,0.0010847072974827729,-2.5605252479116887,-2.562655243992882
5,5,0.0010825405449404852,0.0010847366096353845,-2.5625715882100653,-2.5625378857510683
6,6,0.0010821093065836996,0.00108471833855698,-2.564887384793504,-2.5626110380286606
7,7,0.0010821857086392407,0.0010848591030624352,-2.5637827148754413,-2.5620474882158706
8,8,0.0010825998207419803,0.0010846095086124382,-2.5633569282975337,-2.563046788157269
9,9,0.0010820296340977255,0.0010836248310576928,-2.565869549952262,-2.566991380769376
10,10,0.0010816129908618546,0.0010837442241609097,-2.5650810994279682,-2.5665129041958368
11,11,0.0010809663649571618,0.0010837056049096741,-2.566446350550268,-2.566667667895403
12,12,0.001080908499341266,0.001083345336251353,-2.5668445264261255,-2.5681116827893877
13,13,0.0010807478197936698,0.0010830859138973449,-2.568555960490108,-2.5691517868532374
14,14,0.0010809118009758058,0.0010832836974020068,-2.5688700881141626,-2.568358789347394
15,15,0.00108115985202267,0.0010832417388691713,-2.569332026977178,-2.5685270067057164
16,16,0.001080596163033594,0.0010817156871780753,-2.570829745937284,-2.5746495838089474
17,17,0.001079748995534922,0.0010823799162416865,-2.572964373193638,-2.5719836107747716
18,18,0.0010796639715446178,0.0010812021056680304,-2.573592915040205,-2.5767120350102806
19,19,0.0010786582289753271,0.0010815183141906011,-2.5771881692194802,-2.5754420824431263
20,20,0.0010782791728864319,0.001079675563807158,-2.5795335364431917,-2.5828481418915206
21,21,0.001077399496709179,0.0010784478539502935,-2.5829681505937963,-2.587789357665786
22,22,0.0010768748800625506,0.0010778797716882668,-2.5874664748217118,-2.5900776462768467
23,23,0.0010749881579444657,0.0010768232842613208,-2.5920224439684088,-2.5943364855189848
24,24,0.0010751528802241401,0.0010765540891474014,-2.5941816155830666,-2.595422314269516
25,25,0.001073883326733773,0.001076829068264679,-2.5971665176323597,-2.594313158070256
26,26,0.0010741372105483081,0.0010762936006741303,-2.598686404014097,-2.5964732823210697
27,27,0.0010741407474138074,0.0010762906902910846,-2.5974418619248847,-2.596485026003324
28,28,0.0010740765227609766,0.0010761729331294958,-2.596463736894453,-2.5969602143872503
29,29,0.0010738603773133195,0.001076720287337115,-2.596859377097937,-2.594751903126129
30,30,0.0010743342968875292,0.0010770246950223257,-2.597373927153132,-2.593524250085504
31,31,0.0010738261176042796,0.001076366568572427,-2.5978569222234134,-2.5961788600425213
32,32,0.0010740643645607935,0.0010760158643518623,-2.597329427719248,-2.597594118844019
33,33,0.0010735091198831028,0.0010760748256488067,-2.597553421803906,-2.5973561496354343
34,34,0.0010737471508111844,0.0010756286792457104,-2.598198219981052,-2.5991571312606587
35,35,0.0010735404044005675,0.0010762143279670884,-2.5969068980516257,-2.5967931668500994
36,36,0.0010745129043946869,0.0010754626403611741,-2.5969954373887827,-2.599827579519377
37,37,0.0010740090444799244,0.0010756922665199167,-2.5985098960885717,-2.598900399670987
38,38,0.001073717894560667,0.0010770462502382304,-2.5971329939611563,-2.593437332694556
39,39,0.0010748097850681888,0.0010756940862752106,-2.5962829936259095,-2.598893052690455
40,40,0.0010737060886068443,0.0010759952343314101,-2.5974482237072682,-2.597677385180793
41,41,0.0010736309371158941,0.0010765088771126773,-2.598056884175937,-2.5956047087234353
42,42,0.0010742924485797273,0.0010758385209268645,-2.596749285300591,-2.5983099597631787
43,43,0.0010745478181898133,0.001076020263625603,-2.5979856437669637,-2.5975763628195265
44,44,0.0010735670821117142,0.0010756117009900902,-2.598064747181228,-2.5992256829929157
45,45,0.0010737748810608592,0.0010760002279360044,-2.5981646386230155,-2.597657229981044
46,46,0.0010735820630834122,0.0010760075314656685,-2.59860620508492,-2.5976277516242154
47,47,0.0010737436259472648,0.0010759639308640832,-2.5961408288183696,-2.597803734447502
48,48,0.001073992707929814,0.0010756093175395538,-2.5973778958378206,-2.5992353065453724
49,49,0.001073704139550322,0.0010754247808730916,-2.597300688942747,-2.599980466803029
50,50,0.0010736715468606843,0.0010756108677014709,-2.597753146979396,-2.5992290475229702
51,51,0.0010741131809856935,0.001075755853794123,-2.5973081881990012,-2.598643683257011
52,52,0.0010730371385639936,0.0010758591448201944,-2.597555645159014,-2.5982267060309145
53,53,0.0010742367756524191,0.0010758745974223864,-2.5967623686820818,-2.5981643286118934
54,54,0.001073824074935437,0.0010758242569863796,-2.5979543178743114,-2.5983675408182263
55,55,0.0010737909373740868,0.0010765700319193695,-2.598109735231271,-2.595357999743248
56,56,0.0010734650500829226,0.001075678927774884,-2.597677490611262,-2.59895425317036
57,57,0.0010733392951318744,0.0010770144259655162,-2.5976545334188472,-2.5935656587550433
58,58,0.0010739146316539228,0.0010762882455693263,-2.5976661566332204,-2.596494890720959
59,59,0.0010737673098643876,0.001076792262641615,-2.5975761546728977,-2.5944616008700354
60,60,0.0010740448259892537,0.0010763995263627485,-2.597071895110181,-2.5960458833433138
61,61,0.0010746187847299675,0.0010756367976826272,-2.5964451434895603,-2.5991243524856316
62,62,0.0010735851792935474,0.0010768715169672902,-2.5990912822080894,-2.5941419621534516
63,63,0.0010740076186922715,0.0010755892634685886,-2.59791727427901,-2.5993162788222883
64,64,0.0010732863435627335,0.0010754506863457592,-2.598306153698175,-2.599875852621476
65,65,0.0010738623059671564,0.0010759162005821341,-2.5979354636539993,-2.597996393859805
66,66,0.0010741555477617327,0.001075584527203127,-2.597765917932326,-2.5993354026509974
67,67,0.0010734721178131312,0.0010754102902290853,-2.597617719411015,-2.6000389855320174
68,68,0.0010741063628883398,0.0010763220734110004,-2.597096452088033,-2.596358393698293
69,69,0.0010738151517610268,0.0010762044939359552,-2.596493694575094,-2.5968328511848826
70,70,0.0010737376155562162,0.0010761367279644076,-2.5985007728380314,-2.5971063244354453
71,71,0.001073655015884985,0.0010757679487333487,-2.597755385366235,-2.5985948549302362
72,72,0.0010732518864277098,0.0010765104762915719,-2.5990730872086276,-2.595598257183012
73,73,0.0010742177195443782,0.001075837381282135,-2.597339041787923,-2.5983145602833293
74,74,0.0010733085866902292,0.0010758703758351896,-2.5969711677458056,-2.598181369776596
75,75,0.0010744468254978124,0.0010759044242532629,-2.597037623539533,-2.5980439293707756
76,76,0.0010738258487688972,0.0010759386197222692,-2.5974348525930373,-2.597905899754365
77,77,0.0010736804616339889,0.0010756437948561814,-2.598880835597231,-2.5990961010908666
78,78,0.0010737620807761692,0.0010765099738675513,-2.5985712181089395,-2.595600284102726
