,epoch,train_loss,test_loss,train_dbs,test_dbs
0,0,0.00037362732469661103,0.0003440055711268398,-7.1824699208096865,-7.5501261035501415
1,1,0.00031845914571997276,0.00029751517822181707,-7.875303161539746,-8.180689594571362
2,2,0.000280873026229566,0.00026807014671105306,-8.423392801920189,-8.63329634301532
3,3,0.00025520688711939206,0.0002459637226389819,-8.836065478154886,-9.00707028897299
4,4,0.0002344140522518032,0.00022637019987757268,-9.206097929671039,-9.367588320119733
5,5,0.00021681241293860235,0.00021023402070185463,-9.548639305055474,-9.688750901087396
6,6,0.00020231117242971224,0.0001972929749172181,-9.8462366033489,-9.964664648820786
7,7,0.00018959468066783564,0.00018525263983878846,-10.129867420433376,-10.23813680962592
8,8,0.0001778104342520237,0.00017422728706151247,-10.407095836244446,-10.504619121649075
9,9,0.00016816041087875738,0.00016570322623010725,-10.650767812455832,-10.722471221433281
10,10,0.00015969929278146513,0.00015810793985637198,-10.874606936477562,-10.926244064701205
11,11,0.00015229195275058316,0.00015000737652084544,-11.081424274437293,-11.154654705819757
12,12,0.0001461688250893746,0.00014563759874650523,-11.259470982715147,-11.283045765969863
13,13,0.0001408693938877328,0.0001400639146021077,-11.420713565115383,-11.452518261869685
14,14,0.0001363082856843584,0.00013577787658983938,-11.562800278707584,-11.587490738036465
15,15,0.00013223415349859782,0.00013216690307385042,-11.692891620915077,-11.704553725698627
16,16,0.0001289451551970488,0.00012943572265181787,-11.80461644878095,-11.795239335692893
17,17,0.00012641372180126185,0.00012668498215804758,-11.887012192869882,-11.888529517321778
18,18,0.0001234572562155045,0.00012505658301769902,-11.991909740459452,-11.944715282620491
19,19,0.00012149869759276644,0.0001227341107503315,-12.061455002687397,-12.026128059818365
20,20,0.0001200332476447826,0.00012097954267550162,-12.113528396858566,-12.088661478649218
21,21,0.00011838848359664403,0.00011972064270307065,-12.173206453068097,-12.134090467059151
22,22,0.0001171275954717559,0.00011803950397542824,-12.22149532238159,-12.195507104845792
23,23,0.00011574600288553221,0.00011726778182875071,-12.272692678890797,-12.22399375967836
24,24,0.00011404896490743922,0.00011546696470376398,-12.335648827553591,-12.291203367232896
25,25,0.00011254894095905048,0.00011414647451601923,-12.3946200405971,-12.341155837463111
26,26,0.00011110510030514128,0.0001126513739827236,-12.449931242514618,-12.398415932464736
27,27,0.00010967812449587317,0.0001112480757384267,-12.50639970278373,-12.452855786156594
28,28,0.00010881161457647752,0.00010974912392588234,-12.53945505275632,-12.511770241624355
29,29,0.00010746272674464074,0.00010952820287600748,-12.595212714192648,-12.520521244453434
30,30,0.00010659186310223639,0.00010883486040831103,-12.630489087368025,-12.548100617557234
31,31,0.00010571590246399865,0.00010674806751347588,-12.66576996570173,-12.63218064699468
32,32,0.00010470229510959602,0.00010632281038468998,-12.707429067958655,-12.649516387239611
33,33,0.00010382884212639951,0.0001056062200835808,-12.74223376657803,-12.678885879366817
34,34,0.00010315020770895458,0.00010512577136978507,-12.77186228322321,-12.698688908354503
35,35,0.00010256319214978746,0.00010408664399476133,-12.79826793032628,-12.741830802707796
36,36,0.00010203107009034546,0.00010381990623978996,-12.82100832897887,-12.752974539980928
37,37,0.00010120158136843886,0.00010318706029609434,-12.853829645134503,-12.779528463461808
38,38,0.0001009151446945082,0.0001022484690398223,-12.868141187098011,-12.81921272264958
39,39,0.00010035499924681025,0.00010144303431795714,-12.892157159194124,-12.853558551766733
40,40,9.98551705876154e-05,0.00010074733826944506,-12.914647572359613,-12.8834450536248
41,41,9.954385178886143e-05,0.00010086795756299245,-12.927758857683767,-12.878248592747939
42,42,9.971070194859345e-05,9.998393254232054e-05,-12.919127347738705,-12.916478720164871
43,43,9.91131009212359e-05,0.00010063252327534811,-12.94778041795195,-12.888397239349473
44,44,9.870084921334937e-05,0.00010068043660507293,-12.963930918372103,-12.886329961106249
45,45,9.874214102290859e-05,0.00010103935614767436,-12.962723498390933,-12.870875162232133
46,46,9.888809463237268e-05,0.00010105425884064876,-12.956792649876377,-12.870234651413778
47,47,9.877076118970865e-05,0.00010032035444103378,-12.959570830056197,-12.901890284361828
48,48,9.840365979921303e-05,0.00010022027555877637,-12.976531689280403,-12.906224938135244
49,49,9.834532859703987e-05,9.937632115141146e-05,-12.979770707710658,-12.942951709279493
50,50,9.73503752227527e-05,9.95710625399002e-05,-13.025848250472498,-12.93444944743901
51,51,9.758563378595354e-05,9.962512213908332e-05,-13.014193156377516,-12.932092194840685
52,52,9.706932643294028e-05,9.875793636494659e-05,-13.036161591120727,-12.970060799432183
53,53,9.696381379605376e-05,9.907129079740691e-05,-13.04242655578971,-12.956302648863428
54,54,9.713344457175237e-05,9.932256829128356e-05,-13.032962041163271,-12.945301452770765
55,55,9.746281532138663e-05,9.965666264945053e-05,-13.019973556326773,-12.930717471130961
56,56,9.732169602318311e-05,9.91402304958013e-05,-13.02459538776391,-12.953281620458144
57,57,9.709448571924178e-05,9.913934972198484e-05,-13.035294639514728,-12.953320203877361
58,58,9.680079221521438e-05,9.854043807871149e-05,-13.046424257288349,-12.979635976527799
59,59,9.704937020643163e-05,9.806321950715133e-05,-13.03480432027131,-13.00071938889884
60,60,9.714748731996748e-05,9.866500400484686e-05,-13.03341582135557,-12.974149484778172
61,61,9.689162301977366e-05,9.792094772963442e-05,-13.045005959430956,-13.007024781791646
62,62,9.665708290112983e-05,9.88063122923976e-05,-13.053990811613364,-12.967933957261943
63,63,9.624209258280521e-05,9.736606750122614e-05,-13.071937157889678,-13.03170456600969
64,64,9.562375065066477e-05,9.678291902865137e-05,-13.103146647149046,-13.057793697856944
65,65,9.541394728771171e-05,9.754582577826161e-05,-13.110451193691215,-13.023693967106455
66,66,9.53063421754272e-05,9.685310100107209e-05,-13.11609560081106,-13.054645559955597
67,67,9.5453071386971e-05,9.654839768221504e-05,-13.110381623782274,-13.06833015706456
68,68,9.486941754525124e-05,9.724376631263447e-05,-13.135359203523272,-13.037163153305825
69,69,9.454774745912819e-05,9.627978655963058e-05,-13.14953611752744,-13.080429675009103
70,70,9.422834372128716e-05,9.613822552828903e-05,-13.164929563427226,-13.086819844535217
71,71,9.43679515705636e-05,9.585644568831317e-05,-13.160179453893846,-13.099567648076063
72,72,9.40085618700304e-05,9.545064140662649e-05,-13.174389647985926,-13.117992352281103
73,73,9.3867662800812e-05,9.645510343896029e-05,-13.182161880681234,-13.072528752215344
74,74,9.399768093795294e-05,9.6469319511303e-05,-13.175573910461926,-13.071888712795811
75,75,9.394206044254537e-05,9.547833485014148e-05,-13.180165315455426,-13.1167325005788
76,76,9.39166732012419e-05,9.573019212295644e-05,-13.179784275388528,-13.105291558189897
77,77,9.357636548715557e-05,9.570753249327506e-05,-13.194889486184142,-13.106319668213487
78,78,9.325388454431283e-05,9.511438800377379e-05,-13.209794022389092,-13.133318684650632
79,79,9.355100074881381e-05,9.560153442802594e-05,-13.19660706342699,-13.111132234630922
80,80,9.380131004289388e-05,9.567622404766123e-05,-13.186213586228678,-13.10774059186282
81,81,9.402262059534833e-05,9.642191320094035e-05,-13.172894766460333,-13.074023418362561
82,82,9.341397698963848e-05,9.517715960483704e-05,-13.200445959621263,-13.13045346427764
83,83,9.316982623110478e-05,9.542304101877992e-05,-13.215005468599447,-13.119248334360076
84,84,9.309919070951717e-05,9.571669024329534e-05,-13.217958626390471,-13.105904134562977
85,85,9.308042158924773e-05,9.545638673252573e-05,-13.21736588413401,-13.117730951392947
86,86,9.280826296950163e-05,9.516868426305194e-05,-13.229740535565377,-13.130840212325001
87,87,9.299731507630942e-05,9.497669625010243e-05,-13.222568838080724,-13.139610276864557
88,88,9.335444367925166e-05,9.572324932761196e-05,-13.209467439636118,-13.105606540013737
89,89,9.318212965040074e-05,9.570818694651519e-05,-13.212387451961474,-13.106289971025431
90,90,9.329419072414988e-05,9.506806466226025e-05,-13.20873014358994,-13.135434334303742
91,91,9.329483340873584e-05,9.556166447797103e-05,-13.211126536671465,-13.112943807114828
92,92,9.276097652096705e-05,9.543978720964668e-05,-13.234821091658462,-13.11848623957478
93,93,9.319682903503807e-05,9.431471239383284e-05,-13.214501285051108,-13.169986415961187
94,94,9.31201512432062e-05,9.50458741403724e-05,-13.216140012993453,-13.136448170670596
95,95,9.233248397556719e-05,9.508621702767222e-05,-13.253970936457462,-13.134605168419514
96,96,9.240340138425494e-05,9.357071126272019e-05,-13.248239394019045,-13.204381556188153
97,97,9.230790796603277e-05,9.465612100412775e-05,-13.25384892043541,-13.15429383164193
98,98,9.181261470375736e-05,9.446440296750025e-05,-13.279068927581605,-13.163099022338505
99,99,9.203151241364918e-05,9.486304157977237e-05,-13.269036718224905,-13.144810410685682
100,100,9.197742046941955e-05,9.464471689793037e-05,-13.271809869040057,-13.154817098253261
101,101,9.162852292479563e-05,9.438980065935634e-05,-13.286693235118403,-13.166530174182329
102,102,9.188006178070263e-05,9.381995033962946e-05,-13.274832132122752,-13.192828875955374
103,103,9.172262918544914e-05,9.27600895489664e-05,-13.283753400923068,-13.242169271014186
104,104,9.195118276618382e-05,9.3691206482043e-05,-13.270986247297682,-13.198792548374914
105,105,9.136655942186444e-05,9.351530714315901e-05,-13.298408216018288,-13.206953817259137
106,106,9.164537351756098e-05,9.402553520263417e-05,-13.287910981590723,-13.183322721792972
107,107,9.142914810938012e-05,9.401241511927525e-05,-13.29589334783397,-13.183928767519845
108,108,9.115197057907767e-05,9.328846346378621e-05,-13.310731602505669,-13.21750146373452
109,109,9.08216007729541e-05,9.347565317416171e-05,-13.324765585566924,-13.208795777977453
110,110,9.113026242199133e-05,9.406322581191106e-05,-13.311998785861988,-13.1815821793215
111,111,9.11675252262791e-05,9.275449548639651e-05,-13.308009080962824,-13.24243118794172
112,112,9.096745101881415e-05,9.301781392423436e-05,-13.320889750312165,-13.230119576864217
113,113,9.070331095441811e-05,9.242341260879154e-05,-13.331472566538647,-13.257960861161228
114,114,9.084751720890672e-05,9.244866898945092e-05,-13.32435895706148,-13.256774234524407
115,115,9.07778710675349e-05,9.362984565086663e-05,-13.326648123753358,-13.201637788782719
116,116,9.071217337083167e-05,9.20869256094049e-05,-13.329780480763292,-13.2738011236074
117,117,9.072492287383827e-05,9.308186839150853e-05,-13.331969810981722,-13.227129942230691
118,118,9.045869415954773e-05,9.192858775158559e-05,-13.342513644700647,-13.281274979875535
119,119,9.017027534974124e-05,9.252037967886089e-05,-13.353191892332603,-13.253406799973732
120,120,9.027420482826275e-05,9.261340624346446e-05,-13.352283902378145,-13.249042288452861
121,121,8.986282796051699e-05,9.252632988040874e-05,-13.371422179746084,-13.253127504037534
122,122,8.999166881771201e-05,9.229471470462158e-05,-13.364599961317193,-13.26401254644739
123,123,8.96030831745989e-05,9.156097305669008e-05,-13.383198969361533,-13.298676868720396
124,124,8.990787086377074e-05,9.204990017583201e-05,-13.369970255931081,-13.275547644613063
125,125,9.009154551283255e-05,9.23337525148925e-05,-13.359749677861114,-13.262176003459818
126,126,9.031620450598697e-05,9.24616481489992e-05,-13.352483143504559,-13.256164557631518
127,127,9.019844185683357e-05,9.223888896246392e-05,-13.354427024759815,-13.266640231814721
128,128,8.977643811544788e-05,9.192645206655327e-05,-13.375231634749177,-13.28137587634545
129,129,9.020092003299499e-05,9.160732933148546e-05,-13.356703926202682,-13.296478641787834
130,130,9.005989277190481e-05,9.18252611116163e-05,-13.360097420181438,-13.286159143617358
131,131,8.985652120546293e-05,9.202377106320407e-05,-13.370882663157953,-13.276780599813138
132,132,9.019221618745149e-05,9.259747878930189e-05,-13.355878333517774,-13.249789242981954
133,133,8.978897309021966e-05,9.177842041122188e-05,-13.374350184985698,-13.288375075017251
134,134,8.97573469777966e-05,9.199891486021347e-05,-13.378314283421025,-13.277953815149212
135,135,8.989453028297033e-05,9.191545579692741e-05,-13.369841422084468,-13.281895411774691
136,136,8.996640916820135e-05,9.210904452055202e-05,-13.36559101389437,-13.272758090896502
137,137,9.030156640441531e-05,9.247649761259948e-05,-13.351290224781271,-13.255467130922913
138,138,9.002835202071642e-05,9.333994086390656e-05,-13.364473924714249,-13.21510564928575
139,139,9.017210559062564e-05,9.188886293773784e-05,-13.355841802868508,-13.28315208867588
140,140,8.95689848868042e-05,9.195304530868797e-05,-13.387449073029401,-13.28011969514413
141,141,9.010698719516626e-05,9.1909047592995e-05,-13.361242488585576,-13.282198205750094
