,epoch,train_loss,test_loss,train_dbs,test_dbs
0,0,0.00034089175475396447,0.0003146885137539357,-7.580764659124122,-7.936971950330758
1,1,0.0002679811943905697,0.00019703789516107033,-8.627109792645111,-9.970283267823133
2,2,0.00011408336075939737,0.00010088822033905767,-12.336210966747972,-12.87737625149383
3,3,9.124996400133409e-05,8.957893250657147e-05,-13.304257128531967,-13.393722035849848
4,4,8.524712014609718e-05,8.700989028990367e-05,-13.601662031854438,-13.520094652701594
5,5,8.273997802236933e-05,8.540579552860244e-05,-13.729859288017249,-13.600907439680029
6,6,8.416375653583018e-05,8.794521157764585e-05,-13.656347592529507,-13.473658882651225
7,7,8.862919219740733e-05,9.472258917460414e-05,-13.431032748371239,-13.151245256559946
8,8,8.60338597666453e-05,8.233837625563243e-05,-13.561342364333498,-13.7597578803574
9,9,8.058946711112044e-05,8.426227041605958e-05,-13.845478261155096,-13.659449294733935
10,10,8.271145739366982e-05,8.295794051312106e-05,-13.730143314703565,-13.727201244667564
11,11,8.236689879510974e-05,8.442252031895087e-05,-13.747041012109902,-13.651197730477964
12,12,8.179224801331413e-05,8.442344015317136e-05,-13.777612397279794,-13.651150411735472
13,13,8.058004275824846e-05,8.226278671492382e-05,-13.843524706453724,-13.763746688472072
14,14,8.124817538101553e-05,8.266449807897995e-05,-13.80863650482458,-13.742590531812162
15,15,8.014915244727031e-05,8.230565742307685e-05,-13.869241786739044,-13.761483981000438
16,16,8.184993206781393e-05,8.40297177905756e-05,-13.777280724116299,-13.671451813375457
17,17,8.153486262542465e-05,8.445458316648575e-05,-13.7927590221191,-13.649548635646466
18,18,7.9084187145969e-05,7.924680348399928e-05,-13.925582455272494,-13.925963328798122
19,19,7.836102143010441e-05,8.131993404516067e-05,-13.96502589576615,-13.813810685978943
20,20,7.996443928652635e-05,8.972814784532315e-05,-13.877876741728794,-13.386493831244962
21,21,7.987428120800687e-05,7.763543314802901e-05,-13.882666204454306,-14.015181059400302
22,22,8.000531644151143e-05,7.639740406854176e-05,-13.877930466063862,-14.084994845304632
23,23,7.764042007674453e-05,8.175216345606666e-05,-14.005180480012996,-13.79078831850592
24,24,7.954787158559691e-05,8.06532843853347e-05,-13.902598202617309,-13.849560287828675
25,25,7.563042545933564e-05,7.640623861286593e-05,-14.11977207746819,-14.08449265912804
26,26,7.651968279759851e-05,7.430509599783506e-05,-14.07155241143572,-14.205594867281711
27,27,7.704546104710953e-05,8.325524494897476e-05,-14.040583196373671,-13.711664834210275
28,28,7.743799971049345e-05,7.525854744017124e-05,-14.017274712892787,-14.150222545497826
29,29,7.57389327903643e-05,7.504458756700747e-05,-14.113145746910025,-14.162587111948861
30,30,7.423816703184334e-05,7.347746883935638e-05,-14.202495925706009,-14.254238990647206
31,31,7.320839418734414e-05,7.278464641115677e-05,-14.261587741022524,-14.29538309791642
32,32,7.517270951774259e-05,7.73716708767767e-05,-14.147030463233072,-14.029961105801398
33,33,7.391283803915884e-05,7.509283214427629e-05,-14.218412022207021,-14.159796021699533
34,34,7.276440463982974e-05,7.741371940171935e-05,-14.288028661502025,-14.027601523573239
35,35,7.228988764949201e-05,7.705519467555477e-05,-14.31431534466953,-14.047761643262152
36,36,7.17408346242065e-05,7.354727093020062e-05,-14.351447543712634,-14.250115240426105
37,37,7.210717856501152e-05,7.039642533575381e-05,-14.32880425616148,-14.440274796910355
38,38,7.066889730529361e-05,7.03388922327002e-05,-14.41375175732718,-14.443825619974042
39,39,7.115176353200349e-05,7.131396896990114e-05,-14.387742421992527,-14.384034786030602
40,40,7.200596613158981e-05,7.203710552666483e-05,-14.332617563601124,-14.340218319173374
41,41,7.049443544375892e-05,7.565089656150361e-05,-14.425058689674596,-14.127640069837712
42,42,7.082408530512806e-05,7.016421314849714e-05,-14.406164772236881,-14.45462427118575
43,43,7.161798529307714e-05,8.588289232360886e-05,-14.360022114867657,-13.576714243522904
44,44,7.447332706957691e-05,7.12854732563229e-05,-14.186349051099082,-14.385770491463447
45,45,7.146800834158694e-05,7.984345536801572e-05,-14.366180246832785,-13.89338762773118
46,46,7.209863021493333e-05,8.226691103405564e-05,-14.327688536628626,-13.763528956468008
47,47,7.286509687978698e-05,6.96121607784574e-05,-14.279951349647808,-14.488929717511514
48,48,6.962672090331889e-05,7.143872598566017e-05,-14.479631798406361,-14.37644385440809
49,49,6.962599492026973e-05,6.997903600629223e-05,-14.478432823079043,-14.466101307478693
50,50,6.902464621216683e-05,7.014533050670779e-05,-14.51642569487216,-14.455793204811895
51,51,6.925330821967194e-05,7.010297581712764e-05,-14.503403404720743,-14.458416325048958
52,52,6.843013941705198e-05,7.177867902148711e-05,-14.551228931641589,-14.355826247931327
53,53,7.148692868175898e-05,7.145324841411294e-05,-14.365496141734706,-14.375561088166098
54,54,6.873127720084704e-05,6.870831738955243e-05,-14.5357415405188,-14.545687731730702
55,55,6.942017953218797e-05,6.969459278288444e-05,-14.492449752940114,-14.483790014242569
56,56,6.787144075977117e-05,6.919409421051999e-05,-14.58868589891356,-14.515090577849135
57,57,6.890330701729177e-05,6.904043996320597e-05,-14.522624161964604,-14.524745360514169
58,58,6.83975252370859e-05,7.217126288818882e-05,-14.556959868309152,-14.332137814655448
59,59,7.072807480635111e-05,6.939784419189796e-05,-14.410759565892263,-14.502321067967046
60,60,6.948495006936449e-05,7.658953147352134e-05,-14.488388470520162,-14.074086735357225
61,61,7.104993924305333e-05,7.008090802915639e-05,-14.39335231389268,-14.459783660345987
62,62,6.83217999956225e-05,6.881035886563998e-05,-14.561863360199629,-14.539242635060166
63,63,7.00772929796829e-05,6.989405167252316e-05,-14.452217724647195,-14.471378696054044
64,64,6.969915752445549e-05,6.920164244212701e-05,-14.473186901496595,-14.514616841386207
65,65,7.171162412971134e-05,7.040923906300265e-05,-14.351525861381688,-14.439484355549077
66,66,7.198915195611747e-05,7.141795408403453e-05,-14.335767100756076,-14.37770681562402
67,67,6.913037915304831e-05,6.985816128833808e-05,-14.508836017429037,-14.4736093578543
68,68,7.33158105747899e-05,7.143587246996743e-05,-14.255592940470933,-14.376617330467926
69,69,6.836248737563062e-05,6.838854939192778e-05,-14.557610409334403,-14.565946944351953
70,70,6.926854167460013e-05,7.249017098250701e-05,-14.502122005793737,-14.312989622043776
71,71,6.932377639423441e-05,6.87679834970224e-05,-14.497580831474902,-14.54191796738721
72,72,7.132543010136698e-05,6.902357046400491e-05,-14.373645700337631,-14.525806655261333
73,73,6.854592668121805e-05,6.864015219769881e-05,-14.548445640075766,-14.549998485130345
74,74,6.804449412342852e-05,7.26053827077665e-05,-14.576287309309425,-14.306092673684708
75,75,6.808743209964548e-05,6.877029169883922e-05,-14.57821734247089,-14.541772198609635
76,76,0.0001099486928313164,0.00012193428426000632,-12.494872687555745,-12.054522529694829
77,77,0.00011561186205578929,0.00011277861707831586,-12.277607376092769,-12.393513214784218
78,78,0.00010413997362550232,9.781369666789512e-05,-12.731477215257215,-13.011784138429462
79,79,8.453013460612711e-05,7.530160196199033e-05,-13.637069894904993,-14.147738708728143
80,80,7.811895579600121e-05,7.373376827576737e-05,-13.977970945933645,-14.239116565811106
81,81,6.929702693614484e-05,7.11715420996035e-05,-14.501150330841998,-14.392717103830098
82,82,6.928216916816214e-05,6.93064392084795e-05,-14.502805507369715,-14.50804499871962
83,83,6.773351654458369e-05,6.883560299205496e-05,-14.597574160151467,-14.537649651905781
84,84,6.927532369220514e-05,6.930513125936206e-05,-14.50164203274583,-14.508126959422095
85,85,6.735657835943318e-05,7.033147975514447e-05,-14.621221552269194,-14.444283313809237
86,86,6.77833803698358e-05,6.856961944753206e-05,-14.596566408648073,-14.554463471336753
87,87,6.844191139140262e-05,0.00010780074559366575,-14.557227847157641,-12.58956321710025
88,88,6.864507004232194e-05,7.085838143738281e-05,-14.541622702145332,-14.411868584667653
89,89,8.182975786261635e-05,9.706496539844298e-05,-13.77622524174917,-13.045155822665164
90,90,8.540982030963372e-05,7.700059627256308e-05,-13.590858749913986,-14.050839980789988
91,91,7.05818503362381e-05,7.052096215805872e-05,-14.420597471841209,-14.432598573306796
92,92,6.816328654561393e-05,6.813110705575367e-05,-14.57188099764453,-14.582326405221945
93,93,6.66049171431763e-05,6.847639126231355e-05,-14.672880295620548,-14.560372215769972
94,94,6.696927047198994e-05,6.74304838436288e-05,-14.647959362503373,-14.627218103845106
95,95,6.647546656823419e-05,6.829891438093527e-05,-14.683125081205477,-14.57164285751984
96,96,6.719724141354145e-05,6.774656733461215e-05,-14.632412352382511,-14.606907915844282
97,97,6.719844483442787e-05,6.793755490338969e-05,-14.634845988914451,-14.594681739244702
98,98,6.72041014789186e-05,6.76917992869245e-05,-14.629646695375778,-14.6104202828028
99,99,6.688156052817802e-05,6.81647445736943e-05,-14.653901552151527,-14.580182746622143
100,100,6.652641357354743e-05,6.744247481324955e-05,-14.675233289026764,-14.626445879078254
101,101,6.78729933516132e-05,6.815608867327683e-05,-14.590497922183001,-14.580734270509247
102,102,6.70289419880665e-05,6.986983039257068e-05,-14.644135394526439,-14.472883973122466
103,103,6.786218439150823e-05,6.756616551827297e-05,-14.587272765083235,-14.618488135699428
104,104,6.669663715226691e-05,6.712698948257112e-05,-14.666705136176201,-14.646809159852596
105,105,6.713788932700613e-05,6.860667130431945e-05,-14.636985431974065,-14.55211737825461
106,106,6.889690083665198e-05,6.834941776009815e-05,-14.522779591829849,-14.568432669800323
107,107,6.762323042944304e-05,6.813412657816355e-05,-14.603872792716066,-14.582133933248599
108,108,6.700462074956338e-05,6.782897195846185e-05,-14.6475345989436,-14.601628515442858
109,109,6.626769856066136e-05,6.698744599768696e-05,-14.696007656632673,-14.655846663850332
110,110,6.700284410323275e-05,6.664737348297709e-05,-14.645055291123604,-14.677950474215836
111,111,6.749133449515866e-05,6.753808855520267e-05,-14.615579556819148,-14.620293211400291
112,112,6.632754980039197e-05,6.709505568754761e-05,-14.69063826059731,-14.648875686436815
113,113,6.685100941973997e-05,6.743984857549597e-05,-14.655284874749528,-14.626614998431485
114,114,6.63435137764666e-05,6.675596523564309e-05,-14.689560687067033,-14.670880065059286
115,115,6.654873006069822e-05,6.745014750202627e-05,-14.67570311906108,-14.625951825905666
116,116,6.780502034294822e-05,6.935745535118163e-05,-14.595514227827458,-14.504849353547018
117,117,6.721508746232223e-05,6.722388819693343e-05,-14.632891217111206,-14.64054458086736
118,118,6.711900802947264e-05,6.706777505889094e-05,-14.638482990733774,-14.650641872583279
119,119,6.753096404844251e-05,6.806291697246611e-05,-14.613033265155423,-14.586675286103945
120,120,6.744587296180754e-05,6.786145393944982e-05,-14.618160816241879,-14.59954926109894
121,121,6.729966945695384e-05,6.733109732618017e-05,-14.627733997649184,-14.63362393903261
122,122,6.805719895805617e-05,6.698907389746685e-05,-14.57856283664979,-14.655741124776455
123,123,6.595256824776069e-05,6.690775741222559e-05,-14.71444997855343,-14.661016127153182
124,124,6.589454901164648e-05,6.887786539185694e-05,-14.720885610273635,-14.534984069836348
125,125,7.161493070355194e-05,7.998042527010272e-05,-14.357290689341134,-13.885943773034516
126,126,6.81781471639718e-05,6.721091593039761e-05,-14.572700434225943,-14.641382724505586
127,127,6.568833048300596e-05,6.663518874311673e-05,-14.73098435571024,-14.67874454137828
128,128,6.580384006062475e-05,6.743689281345149e-05,-14.724530601488473,-14.626805345726758
129,129,6.732826850847486e-05,6.667939171740344e-05,-14.623779912593584,-14.67586457004227
130,130,7.228448472589437e-05,7.640708377278458e-05,-14.317370436107241,-14.084444620346698
131,131,6.962004266187222e-05,6.981573230740124e-05,-14.479432612375811,-14.476247885697415
132,132,7.05582862473861e-05,6.936576392035931e-05,-14.42307613287695,-14.504329128343244
133,133,6.770189482023815e-05,6.763050604556491e-05,-14.602053141456853,-14.614354492799501
134,134,6.777595533010041e-05,6.809872655522715e-05,-14.595384004043595,-14.584390956369372
135,135,6.698495893680356e-05,6.794216173339489e-05,-14.647654432323108,-14.594387255137637
136,136,6.716509559521807e-05,6.884866908014948e-05,-14.636780981110252,-14.536825370396915
137,137,6.74129945220613e-05,6.890365061975133e-05,-14.620800230394202,-14.533358542313637
138,138,6.824532158003122e-05,6.847352051408961e-05,-14.5653447848659,-14.560554289653275
139,139,6.707503671725473e-05,6.762095118143694e-05,-14.642382993552213,-14.614968109075157
140,140,6.803287970731467e-05,6.858744362896112e-05,-14.580086813098617,-14.55333470064
141,141,6.742111816624246e-05,7.010140382733785e-05,-14.61965122655197,-14.458513712376384
142,142,6.666135048306518e-05,6.689483301383199e-05,-14.666813906447098,-14.661855123603678
143,143,6.68163081650867e-05,6.743039748950028e-05,-14.658740452220087,-14.627223665594538
144,144,6.657282803231639e-05,6.957374793465103e-05,-14.675404848999898,-14.491326869159565
145,145,6.70924088161573e-05,7.097943096979227e-05,-14.640154171726124,-14.404455729684392
146,146,6.73906960747848e-05,6.712072775515385e-05,-14.620665234399029,-14.64721429652418
147,147,6.857850309371344e-05,6.779822969723395e-05,-14.547812300148857,-14.603597323245154
148,148,6.638782518344557e-05,6.73563307301313e-05,-14.686926059542788,-14.631996656014145
149,149,6.634204759599747e-05,6.856456974147525e-05,-14.689759223955646,-14.554783312725641
150,150,6.712749224611001e-05,6.796631504058544e-05,-14.638952604649447,-14.592843621010909
151,151,7.849336806120658e-05,9.611369138215913e-05,-13.95791007762556,-13.087928290631517
152,152,7.33580306690239e-05,6.94148842931578e-05,-14.252691967534318,-14.501254822520227
153,153,6.735517473719755e-05,6.817782176719782e-05,-14.62297648669127,-14.579349646124303
154,154,6.663775991572825e-05,6.776601520342458e-05,-14.669065310990355,-14.605661374451621
155,155,6.669751698056418e-05,6.747716734504425e-05,-14.66504609415749,-14.624212434753508
156,156,6.695789518734902e-05,6.685719601687436e-05,-14.650143948454046,-14.664299279500824
157,157,6.609404620566867e-05,6.692978843746364e-05,-14.704593249846415,-14.659586341106639
158,158,6.628536289802647e-05,6.820615702676342e-05,-14.691606688441862,-14.57754505776158
159,159,6.683638264465904e-05,6.651837018005991e-05,-14.6568779811915,-14.68636486647454
160,160,6.582543637799147e-05,6.921884893304913e-05,-14.723257380276245,-14.51353713360239
161,161,6.566777890314079e-05,6.649801319949084e-05,-14.734744720434591,-14.687694165042693
162,162,6.616594725631697e-05,6.742289406247437e-05,-14.701040677248445,-14.627706960724911
163,163,6.662017051322559e-05,7.074360473779961e-05,-14.670585402910561,-14.418909008258172
164,164,6.719274663446788e-05,6.747026150390554e-05,-14.633457092769026,-14.624656929135895
165,165,6.50453371189045e-05,6.698730067000724e-05,-14.774863863570678,-14.65585608577662
166,166,6.554236055889465e-05,6.6056968200045e-05,-14.742026898821434,-14.716594492190012
167,167,7.264645232821421e-05,6.826786672096013e-05,-14.294185690622587,-14.573617543827403
168,168,6.651972483071863e-05,6.616713060219282e-05,-14.678477511426319,-14.709357848511704
169,169,6.70711356413205e-05,6.7965516408501e-05,-14.640687038494091,-14.592894652694017
170,170,6.521875844349048e-05,6.586299902042619e-05,-14.762638620013835,-14.729365842403316
171,171,6.638206945091351e-05,6.518349274349595e-05,-14.683378863146142,-14.774404586647272
172,172,6.552193837105921e-05,6.67572180406607e-05,-14.741877756548307,-14.670798562050711
173,173,6.742576671555427e-05,6.840315147296918e-05,-14.61932408219704,-14.565019753125501
174,174,7.197415631998945e-05,7.398738843652322e-05,-14.335645913312733,-14.224203882077422
175,175,6.981187084654932e-05,6.999928537927764e-05,-14.472078310324505,-14.464844799910399
176,176,6.711517206210759e-05,6.86588364739069e-05,-14.638534885459556,-14.548816469416446
177,177,6.682580373983245e-05,6.75810176624892e-05,-14.657036414654012,-14.617533590565493
178,178,6.661529880954365e-05,6.720314520766566e-05,-14.672056806200075,-14.641884871673536
179,179,6.608283575522214e-05,6.633193544602316e-05,-14.705069708211905,-14.698554169163396
180,180,6.69389050504908e-05,7.069825216220986e-05,-14.650481116020565,-14.42169409245113
181,181,6.633592221481467e-05,6.767608781381951e-05,-14.690291051651293,-14.611428410542523
182,182,6.590790894499394e-05,6.694095071380664e-05,-14.716242861429729,-14.658862102925358
183,183,7.039529414542653e-05,8.692054229629178e-05,-14.434809508549481,-13.524556591125025
184,184,7.004238893583984e-05,6.698205527898513e-05,-14.45556771492117,-14.656196170172988
185,185,6.631502498945788e-05,6.699151325799329e-05,-14.693989573929485,-14.655582982341254
186,186,6.57450864778606e-05,6.64463479647805e-05,-14.728589676677766,-14.691069701586555
187,187,6.725602920080736e-05,7.091034766697129e-05,-14.63022109066435,-14.40868471641843
188,188,6.682276842784443e-05,6.64402968571889e-05,-14.658365631868291,-14.691465221037255
189,189,6.613333937718014e-05,6.66649537283535e-05,-14.705897426847175,-14.676805043217598
190,190,6.592947342066987e-05,6.689316662806577e-05,-14.719003880677583,-14.661963310009776
191,191,6.490737427363278e-05,6.559791041868983e-05,-14.784934370084763,-14.746880809169278
192,192,6.430135312557374e-05,6.597216021251178e-05,-14.82567252557811,-14.7221738134376
193,193,6.609816522278688e-05,6.77184735219558e-05,-14.70345958458438,-14.608709264429873
194,194,6.441870217029121e-05,6.507836147456576e-05,-14.817047915873927,-14.78141476474728
195,195,6.589840425654871e-05,6.532496837807182e-05,-14.717527260028076,-14.76498878157846
196,196,6.626793019114706e-05,6.58967054684916e-05,-14.69184370669215,-14.727143839132214
197,197,6.543050141172177e-05,6.732483598170802e-05,-14.751406371251022,-14.634027822810873
198,198,6.437098025194293e-05,6.609240211362608e-05,-14.820275413330881,-14.714265498344218
199,199,6.567535790063911e-05,6.813613053006855e-05,-14.734374804982586,-14.582006201009317
200,200,6.565023158117649e-05,6.631755930261294e-05,-14.733988143741545,-14.699495519115821
201,201,6.49514175953281e-05,6.651666358505424e-05,-14.782918144187365,-14.686476290476602
202,202,6.435738399999274e-05,6.560978114353737e-05,-14.821723472835693,-14.74609497256928
203,203,6.53282877090195e-05,6.601344150687127e-05,-14.755241008776927,-14.719457117268139
204,204,6.561367979546835e-05,6.478343570243421e-05,-14.737920668310508,-14.801141098188452
205,205,6.482288611635143e-05,6.926209837394326e-05,-14.790932119706298,-14.510824414704711
206,206,6.458937914618386e-05,6.745152476421361e-05,-14.805939317626065,-14.625863148373641
207,207,6.702385125555742e-05,6.84061978015387e-05,-14.64321324845044,-14.564826344751724
208,208,6.442019899229318e-05,6.609733214932738e-05,-14.816315226157846,-14.713941556804643
209,209,6.587226714155175e-05,6.592481345011804e-05,-14.721590191050886,-14.725291767998012
210,210,6.57270798329432e-05,6.843770614451434e-05,-14.727460454830364,-14.562826416463292
211,211,6.6282186867518e-05,6.639143554677598e-05,-14.694522016038407,-14.694660270603189
212,212,6.773061730050405e-05,6.884688110930208e-05,-14.602924139059745,-14.536938156303476
213,213,6.488403266406206e-05,6.526458960970079e-05,-14.785157004562617,-14.769004748582288
214,214,6.512089497583784e-05,6.590742257111215e-05,-14.77017700104286,-14.72643758226309
215,215,6.503347922074513e-05,6.615295282436388e-05,-14.775403382761837,-14.710288520642628
216,216,6.601162974605068e-05,6.747737643308938e-05,-14.71098168614624,-14.62419897751351
217,217,6.501266758165264e-05,6.685708936665354e-05,-14.777490213568756,-14.664306207347352
218,218,6.49622958645551e-05,6.844361900891129e-05,-14.780725247585234,-14.562451211974508
219,219,6.536275875837465e-05,6.543768310956166e-05,-14.754171255648213,-14.757501720482324
220,220,6.407352076476133e-05,6.55226971215789e-05,-14.84154559855419,-14.751863202722275
221,221,6.399284989738684e-05,6.851507044446312e-05,-14.844936948150206,-14.557919777404955
222,222,6.46358848544625e-05,6.489165102002996e-05,-14.803699796301451,-14.79389262396154
223,223,6.402906068821543e-05,6.679145371890627e-05,-14.843917547197874,-14.66857190321898
224,224,6.353987030416112e-05,6.433242378989235e-05,-14.87571517395473,-14.831481721302639
225,225,6.331110770841725e-05,6.584799618729831e-05,-14.89159465311706,-14.730355227937649
226,226,6.562916835897228e-05,6.600095041090084e-05,-14.736231718218534,-14.7202789691875
227,227,7.274799382994576e-05,7.904915362719054e-05,-14.291877062967078,-13.936808619901644
228,228,7.938898533652297e-05,7.926332948141192e-05,-13.911109425827402,-13.925057752684344
229,229,8.00725062720996e-05,8.408540682131915e-05,-13.871036072461765,-13.668574566049267
230,230,8.339712286149584e-05,8.41133330954778e-05,-13.695048429693784,-13.667132435521456
231,231,8.374662776105586e-05,9.11975519939963e-05,-13.677343540333545,-13.315949055626897
232,232,8.76915986474469e-05,8.484251386682062e-05,-13.477637951718375,-13.629645582335247
233,233,8.17030039675937e-05,8.495080960289527e-05,-13.784106248877354,-13.624105641658268
234,234,8.10328895089903e-05,8.299953486513052e-05,-13.820297294136125,-13.725024277598967
235,235,8.021588374250904e-05,8.52985624652846e-05,-13.863789293881641,-13.606363742535981
236,236,9.879162796105728e-05,8.055476485567756e-05,-12.961009859503346,-13.85486852071381
237,237,8.91705312449293e-05,9.050740864997926e-05,-13.406338421758278,-13.348939556960035
238,238,9.424823798964127e-05,9.538481428631042e-05,-13.165238690226303,-13.120988478566222
239,239,9.189137604481243e-05,9.175936276350465e-05,-13.27458766340219,-13.289276974465771
240,240,9.189303931372106e-05,9.559429293547414e-05,-13.273611137412257,-13.11146121045648
241,241,9.122341268182223e-05,9.180286150168333e-05,-13.306979778824719,-13.287218679259338
242,242,9.063139051371782e-05,9.407671658616317e-05,-13.333386277630508,-13.180959348385159
243,243,8.859228651512164e-05,8.845093964880921e-05,-13.43434528373098,-13.448756353780464
244,244,8.596463608087434e-05,8.951959554044726e-05,-13.564058198020533,-13.396599749942142
245,245,8.554925049802758e-05,8.669757823410787e-05,-13.58424836141423,-13.535711200425716
246,246,8.384175340587408e-05,8.596089748224538e-05,-13.67286361014914,-13.572771451953777
247,247,8.275676688200976e-05,8.454268582251021e-05,-13.727690194822372,-13.645020455866085
248,248,8.268059435667777e-05,8.490596251488712e-05,-13.73488264423166,-13.626398967153756
249,249,8.245933649865863e-05,8.31523770772803e-05,-13.744998362642091,-13.717034174170625
250,250,8.085166727019877e-05,8.408692558173483e-05,-13.83021397981264,-13.668496123982317
251,251,8.791041857210112e-05,8.358752338129929e-05,-13.467479642817473,-13.694366286380092
252,252,8.174481889600241e-05,8.337233999842091e-05,-13.783432945452343,-13.705560953844987
253,253,8.157901433638547e-05,8.368339101587863e-05,-13.791083893403284,-13.689388159800266
254,254,8.128288304901288e-05,8.241418522390489e-05,-13.80643848681634,-13.755761169334829
255,255,8.260050174040893e-05,9.049418555437832e-05,-13.739870553455308,-13.349574105786925
256,256,8.817829502825673e-05,8.443334388031967e-05,-13.4520194930538,-13.650640970071006
257,257,8.203064101404923e-05,7.97083618971029e-05,-13.766619450170996,-13.900742023811993
258,258,8.043984945691863e-05,8.005284057856586e-05,-13.853553522200983,-13.882013393828592
259,259,8.221496434848679e-05,8.288132276471802e-05,-13.758474821925242,-13.731214126425119
260,260,8.245696374887274e-05,8.35733747073008e-05,-13.746253890621762,-13.695101469204392
261,261,8.182489748542514e-05,8.247889644209001e-05,-13.78014926517999,-13.7523524482249
262,262,8.145330667906182e-05,8.288324936170523e-05,-13.79921632219743,-13.731113174764618
263,263,8.226893695200957e-05,8.382879068927938e-05,-13.755710818892892,-13.681848852384634
264,264,8.150561053795529e-05,8.149131233375029e-05,-13.794475451251497,-13.804667746016616
265,265,8.063548086715152e-05,8.279964860871827e-05,-13.842961405076917,-13.735495926301592
266,266,8.13826230011362e-05,7.871993148000911e-05,-13.802254922145536,-13.95493378926258
267,267,7.934861843619429e-05,8.019196110054556e-05,-13.911182382626668,-13.874472520170029
