,epoch,train_loss,test_loss,train_dbs,test_dbs
0,0,0.00017348196331685235,0.00017528549314623602,-27.6033524857648,-27.551772192933107
1,1,0.00016922532573591955,0.00016999621507956793,-27.710460432146405,-27.68483942067222
2,2,0.00016670272842808097,0.00016431276545565772,-27.784145789811788,-27.832518890263167
3,3,0.0001583238763581078,0.0001595220658744342,-28.007938401423157,-27.961024288113094
4,4,0.00015199986813330696,0.00015401022085968994,-28.18138755137511,-28.11373650436742
5,5,0.0001512877727119425,0.00014931948374540202,-28.205198447652165,-28.248067143675794
6,6,0.00014538926908928785,0.00014573770749848336,-28.378548667403393,-28.353512604530987
7,7,0.00014005309257646733,0.0001410143710305228,-28.530073785123594,-28.496598194524033
8,8,0.0001376540532555268,0.00013709049265966505,-28.610570586066693,-28.619158569539614
9,9,0.00013313652758820214,0.0001339704865945111,-28.757499440707946,-28.719140593260455
10,10,0.00013157544312842633,0.00012983312205362476,-28.812857850766488,-28.85537693547724
11,11,0.0001289073729493953,0.00012701455891242643,-28.903202845642074,-28.950696897372854
12,12,0.0001232074980189563,0.00012384898582240567,-29.093300613494605,-29.06030739527043
13,13,0.00012114811540142029,0.00012053986306694385,-29.171752698564767,-29.17792500327755
14,14,0.00011752562418270415,0.00011779122838848515,-29.302969056827315,-29.27810243246342
15,15,0.00011525160119059908,0.0001148547748207899,-29.38093944313376,-29.387741394103877
16,16,0.00011191378781432766,0.0001115637580943784,-29.50646583592298,-29.514000587828466
17,17,0.00010794906660352747,0.00010924825198200874,-29.661883225549097,-29.605086972985816
18,18,0.00010721712642032461,0.00010677700284807208,-29.691621816716864,-29.70445467735899
19,19,0.00010557953369102834,0.00010362481828595169,-29.771757529092575,-29.83459412111828
20,20,0.00010198705924792484,0.00010142096174317167,-29.905722011682943,-29.92795469592474
21,21,9.974281074954485e-05,9.886226747001179e-05,-30.008934360544615,-30.038926270385478
22,22,9.643744109330469e-05,9.693423941682436e-05,-30.15986066007906,-30.124459870899592
23,23,9.647233936138758e-05,9.44567727856338e-05,-30.15915481677842,-30.236900907329524
24,24,9.286281832472239e-05,9.245597366795042e-05,-30.327756895791484,-30.329882175230395
25,25,8.991021432220149e-05,9.029737473036603e-05,-30.45628893488526,-30.432480701086398
26,26,8.820263205633797e-05,8.855680674682127e-05,-30.540020613182595,-30.51701246091963
27,27,8.776844551153096e-05,8.678953753061298e-05,-30.561641588072238,-30.60455819923282
28,28,8.490315457558758e-05,8.458584029301021e-05,-30.70585245499293,-30.71625526066687
29,29,8.283937067878385e-05,8.266517053064155e-05,-30.814499110156635,-30.816006281105825
30,30,8.071227282400905e-05,8.121703630374548e-05,-30.934518459817074,-30.89276056527778
31,31,7.852292573889573e-05,7.945638055006336e-05,-31.049347992180106,-30.987944162036246
32,32,7.833136518944305e-05,7.810822678852434e-05,-31.060553847295722,-31.06226415529692
33,33,7.655764109342235e-05,7.66735844847158e-05,-31.160729979082657,-31.142774271347072
34,34,7.551560912295677e-05,7.520754106257013e-05,-31.212745737349685,-31.226618046054956
35,35,7.472484315998766e-05,7.369159663396299e-05,-31.267515214693063,-31.315052278656562
36,36,7.186165280050848e-05,7.212305315892751e-05,-31.431756671439754,-31.408490908326606
37,37,7.128464250816945e-05,7.080130480493321e-05,-31.47434883134593,-31.488819326785404
38,38,7.099830552235908e-05,6.938734441064298e-05,-31.48516897125337,-31.57642927592963
39,39,6.808102426878849e-05,6.821770186529887e-05,-31.66414024813806,-31.650261094036164
40,40,6.772868500868838e-05,6.694261422748433e-05,-31.703551639001944,-31.73220525781656
41,41,6.620787905010674e-05,6.544064442431064e-05,-31.789463052791763,-31.830756267191468
42,42,6.442393800939827e-05,6.466041342814845e-05,-31.907248829983242,-31.88284717009646
43,43,6.32824507492748e-05,6.33558702247683e-05,-31.99102758344914,-31.971363335550024
44,44,6.188652197621552e-05,6.199249113897647e-05,-32.08367723279676,-32.06584105481356
45,45,6.141822645470701e-05,6.105699695150466e-05,-32.11714843627687,-32.13187754104581
46,46,6.013178880465668e-05,5.980468918814471e-05,-32.21056021242247,-32.22187956456703
47,47,5.9572624561098434e-05,5.880091415938774e-05,-32.25057903878357,-32.295391161333676
48,48,5.6485841623819484e-05,5.758475660848873e-05,-32.47966981430777,-32.38615658542812
49,49,5.551194903391567e-05,5.68052511018897e-05,-32.55599510372509,-32.44534710166464
50,50,5.4976354804989334e-05,5.581892113887558e-05,-32.598362553933306,-32.52141755857902
51,51,5.542725347433738e-05,5.458624965333576e-05,-32.56913559117913,-32.618399369607936
52,52,5.2986333103785675e-05,5.393186151387023e-05,-32.75663909870247,-32.67077783433017
53,53,5.361603490603828e-05,5.307885792143153e-05,-32.71254777791507,-32.7400162436642
54,54,5.239176401297187e-05,5.182492781099618e-05,-32.80335234379108,-32.84384488281962
55,55,5.021525543007865e-05,5.108380355522968e-05,-32.998390896980574,-32.90639967970712
56,56,4.975893939773254e-05,5.010868967235039e-05,-33.03502402549982,-32.99010147885548
57,57,4.923980758548234e-05,4.899393024970777e-05,-33.07503299736988,-33.087809145296134
58,58,4.776243298055278e-05,4.847811234005923e-05,-33.21022391020344,-33.133774933453225
59,59,4.830678101159757e-05,4.7229155538125746e-05,-33.17591286593001,-33.24713013683488
60,60,4.645769843488413e-05,4.645604387501647e-05,-33.33341706128336,-33.3188097091102
61,61,4.5914275500594554e-05,4.5523533979001896e-05,-33.379832667390694,-33.40687225249353
62,62,4.520185119844493e-05,4.508153793530686e-05,-33.445456543249236,-33.449244707249484
63,63,4.469473191720587e-05,4.413161246032503e-05,-33.4984776760241,-33.54173398315394
64,64,4.2722164300695237e-05,4.347301728557795e-05,-33.69519595077362,-33.60703410249056
65,65,4.330673161264e-05,4.26551090832187e-05,-33.63766643107725,-33.6895213717403
66,66,4.121985600165514e-05,4.1657839526459084e-05,-33.84085743661615,-33.79226451439783
67,67,4.080259813489056e-05,4.098993974223145e-05,-33.894947545962076,-33.8624591422523
68,68,4.087011590864049e-05,4.0521083926585944e-05,-33.89350328695305,-33.91242140014201
69,69,3.941008381121888e-05,3.9722201013079795e-05,-34.04113937187948,-33.99889889290162
70,70,3.882801991625756e-05,3.8904536363828046e-05,-34.10562771975863,-34.08922950028088
71,71,3.929792014271688e-05,3.8415301356795486e-05,-34.05745370518325,-34.14418949651647
72,72,3.816129577261535e-05,3.802594801527448e-05,-34.19132297377754,-34.188431439565335
73,73,3.741302470254745e-05,3.696400936429487e-05,-34.27554274101888,-34.311441225078234
74,74,3.662671098805431e-05,3.6643870675777035e-05,-34.360617582936094,-34.34921852350246
75,75,3.641677125715338e-05,3.6009044331302376e-05,-34.388248567159614,-34.42511598616782
76,76,3.5156032626940775e-05,3.541039356940402e-05,-34.535483833934755,-34.49792440344093
77,77,3.4444771334108866e-05,3.485236505328334e-05,-34.62693698184403,-34.56690939796183
78,78,3.504965435737533e-05,3.423140697123017e-05,-34.5581678483254,-34.64498444327945
79,79,3.4322337313890023e-05,3.384104916461327e-05,-34.64046388456978,-34.694793752157615
80,80,3.330709877605166e-05,3.321524012502969e-05,-34.77293148746114,-34.77585797640821
81,81,3.3250679575523704e-05,3.2946322263390025e-05,-34.78301269964917,-34.81116251950937
82,82,3.2123843149897716e-05,3.234820168903465e-05,-34.935829675818894,-34.89073051855995
83,83,3.160271768775629e-05,3.179219186820678e-05,-35.00102521446241,-34.96602723329559
84,84,3.123019403986844e-05,3.1219491862238534e-05,-35.05330908882386,-35.04497364024821
85,85,3.1149755271791346e-05,3.079968117067198e-05,-35.06588478839725,-35.103769732684796
86,86,3.0218614971165582e-05,3.0304667330040646e-05,-35.191534739482435,-35.17413673204487
87,87,2.9595990987949447e-05,2.9961655328454645e-05,-35.28558909286017,-35.22357390410096
88,88,2.9736256036222146e-05,2.9637105111951794e-05,-35.269417898597325,-35.27087413664868
89,89,2.8988636445647738e-05,2.9074721073572474e-05,-35.37106634788249,-35.35407637057344
90,90,2.835715267136357e-05,2.874699748645071e-05,-35.47150588997273,-35.40330703099579
91,91,2.8459205984206363e-05,2.8307029807413192e-05,-35.45669720308253,-35.470288918838285
92,92,2.8163247088272817e-05,2.787232915579807e-05,-35.503266585867095,-35.53749931982217
93,93,2.7957617274615147e-05,2.7476374318786456e-05,-35.53662656711721,-35.59963769835147
94,94,2.718624453280558e-05,2.7065936209462388e-05,-35.65894829633724,-35.66500140189591
95,95,2.6590239603015998e-05,2.66010925100234e-05,-35.758433066209655,-35.74023720579004
96,96,2.6244608194509656e-05,2.6367447054853027e-05,-35.80552629775178,-35.77855111470819
97,97,2.6321981365362798e-05,2.6007010666561608e-05,-35.79966317837249,-35.83832758308756
98,98,2.5396240556633012e-05,2.5622501198085956e-05,-35.953854755780725,-35.90301671991504
99,99,2.5437520364612657e-05,2.5150665686324875e-05,-35.9507188089063,-35.98373709677607
100,100,2.4976330509555728e-05,2.484938589699787e-05,-36.02976783935324,-36.03607533622028
101,101,2.5366788230309522e-05,2.441873776230128e-05,-35.96406657674756,-36.111999831844
102,102,2.401614473615389e-05,2.4167199004104507e-05,-36.189702930446416,-36.1569687582335
103,103,2.4393708934946245e-05,2.3901095980698684e-05,-36.127147653656955,-36.20505378197739
104,104,2.402434916596754e-05,2.347949549929533e-05,-36.18580614074058,-36.28234433052454
105,105,2.3643707462134004e-05,2.3253268457330323e-05,-36.26983381011584,-36.3243918856578
106,106,2.3178210821495987e-05,2.286545110875618e-05,-36.3480514547785,-36.397434201759864
107,107,2.3417095736973707e-05,2.2596417406212393e-05,-36.30934299764692,-36.44883605576412
108,108,2.250554227674039e-05,2.234534038411527e-05,-36.48316812953722,-36.49736219495321
109,109,2.215859832673588e-05,2.2027037726059606e-05,-36.54057733209704,-36.55967098482491
110,110,2.188026721960716e-05,2.1665838128108972e-05,-36.585848346013734,-36.631477000222795
111,111,2.204528999820618e-05,2.146453574057791e-05,-36.56002141833032,-36.67201694600792
112,112,2.1847382197744627e-05,2.1140539549952863e-05,-36.60917022904879,-36.7380712690295
113,113,2.0811195127796815e-05,2.088800350688153e-05,-36.820504397276714,-36.79026262373736
114,114,2.0650215953265643e-05,2.0603178487171565e-05,-36.84956697352442,-36.84988969220655
115,115,2.0722620282652213e-05,2.0310258581670687e-05,-36.836074023670406,-36.912077414075156
116,116,2.049667288242604e-05,2.0137989371218473e-05,-36.88439388634471,-36.94907086800958
117,117,2.071492479482219e-05,1.9785010169327604e-05,-36.84703597972464,-37.025869162764316
118,118,1.9305663523276232e-05,1.957602848721619e-05,-37.14097329690994,-37.071986057687134
119,119,1.976297571485533e-05,1.9326209439896047e-05,-37.037474201513845,-37.127765123844334
120,120,1.9342947339704477e-05,1.9094340419350803e-05,-37.14392010539216,-37.180185330783374
121,121,1.9006480684278284e-05,1.8818810196152252e-05,-37.21144592245253,-37.24331032055617
122,122,1.8552760068524014e-05,1.854325977259769e-05,-37.32048895928279,-37.30737111715043
123,123,1.85550513669648e-05,1.8357884216943365e-05,-37.31804094123562,-37.35100567664847
124,124,1.879172835747481e-05,1.8136700466704114e-05,-37.261629922620266,-37.40364913552474
125,125,1.8032739164257308e-05,1.7938931178880585e-05,-37.43983649396326,-37.45126630363059
126,126,1.7783701503166292e-05,1.7754577655930342e-05,-37.50074614001334,-37.496128482942396
127,127,1.769861173858031e-05,1.7459386119873288e-05,-37.524879649171375,-37.5689422445996
128,128,1.725377238547002e-05,1.7273162532211772e-05,-37.62528632123188,-37.61551334557526
129,129,1.7449420597914307e-05,1.7026522456083177e-05,-37.58201685285979,-37.67797238585587
130,130,1.7032246704701785e-05,1.6858787411796295e-05,-37.691374951330545,-37.72096859833907
131,131,1.68332567649411e-05,1.665704861041281e-05,-37.736691103660064,-37.77325140954665
132,132,1.6437985585671224e-05,1.6494471980733676e-05,-37.83827371809271,-37.81584776586669
133,133,1.6243424350662834e-05,1.6280803433083318e-05,-37.8921870960756,-37.872473612428315
134,134,1.634688035749408e-05,1.607059058235456e-05,-37.85972031382173,-37.92891357043617
135,135,1.5897120253621606e-05,1.5886173538379616e-05,-37.98642383709438,-37.97903891689614
136,136,1.6092793266204925e-05,1.573942340895117e-05,-37.9318108068492,-38.019343755389876
137,137,1.5782360877864513e-05,1.5552688206585835e-05,-38.013963051734294,-38.0711772856029
138,138,1.5390654158350633e-05,1.540404192430862e-05,-38.12912259432249,-38.11288502155219
139,139,1.548031284926896e-05,1.530771805846598e-05,-38.10528106317737,-38.140127394248594
140,140,1.5649531136303493e-05,1.5104482659616655e-05,-38.05348650540494,-38.19817339164976
141,141,1.5177429238824562e-05,1.4854915542328903e-05,-38.189690158965476,-38.2705300713822
142,142,1.4982400185995034e-05,1.474131869671462e-05,-38.24429878319649,-38.30386858673494
143,143,1.5068450789540387e-05,1.4574452890021922e-05,-38.22974043123982,-38.35330933333547
144,144,1.4299438749055963e-05,1.4487493516705735e-05,-38.442279761670065,-38.379299394815284
145,145,1.4433682998660328e-05,1.4286924277640586e-05,-38.41424499596896,-38.439844511770296
146,146,1.4450316353459224e-05,1.4120269569454985e-05,-38.40512518266902,-38.4908020621014
147,147,1.4065875812147423e-05,1.4045369377862172e-05,-38.52402479927872,-38.51390028944271
148,148,1.416626816263516e-05,1.3868498650768551e-05,-38.4913407805012,-38.56893745500336
149,149,1.3834987005315476e-05,1.3726052250268894e-05,-38.59174781933382,-38.6137754633758
150,150,1.3664444634638675e-05,1.356718152429063e-05,-38.64789528127142,-38.664335583498065
151,151,1.4019702585127815e-05,1.3385177513363919e-05,-38.53603067309571,-38.722990589555685
152,152,1.3247972111860963e-05,1.3286874060500658e-05,-38.763290591705335,-38.755003755340766
153,153,1.3312837817812982e-05,1.3137146245418607e-05,-38.760190796141245,-38.80422159507872
154,154,1.317879041286603e-05,1.294588951407748e-05,-38.798580529094465,-38.86791297864865
155,155,1.2869087814325803e-05,1.2840430779186518e-05,-38.90650213287523,-38.90343600129092
156,156,1.2882819055917448e-05,1.271964241536089e-05,-38.902576727229935,-38.944482918478805
157,157,1.2324599027255617e-05,1.2596131024398155e-05,-39.089863885113196,-38.986860246022125
158,158,1.220001864642176e-05,1.2499171326022693e-05,-39.13463920632213,-39.020419731313936
159,159,1.2068680954359583e-05,1.238841837460457e-05,-39.189286808326216,-39.0590733042409
160,160,1.201529289339549e-05,1.2109206612589524e-05,-39.190504622305205,-39.15807504721507
161,161,1.1829804871294326e-05,1.2066969678639189e-05,-39.271443414639755,-39.1732497264435
162,162,1.1946142736051865e-05,1.1960221423865541e-05,-39.230674787824285,-39.211839741260135
163,163,1.1893037715464706e-05,1.17693571634223e-05,-39.24978569610267,-39.28170451564874
164,164,1.1736765241648849e-05,1.1633687647286264e-05,-39.30736835605584,-39.332057948496896
165,165,1.1590458045022912e-05,1.1501102084079512e-05,-39.35999839834581,-39.38183735826741
166,166,1.166759681002508e-05,1.1425514793173582e-05,-39.32912791978209,-39.41047417150453
167,167,1.119625944129345e-05,1.1290951318331185e-05,-39.514705109930645,-39.461926591837866
168,168,1.1099375555692024e-05,1.1098416268252645e-05,-39.549868192196136,-39.536621842372675
169,169,1.1116439851583582e-05,1.1028905215712975e-05,-39.54180954950767,-39.56390789764672
170,170,1.1174240687078336e-05,1.089419435486075e-05,-39.51738659081579,-39.61728075185427
171,171,1.0742092348026717e-05,1.075436863941018e-05,-39.68450205196257,-39.67338274912794
172,172,1.0416693736804463e-05,1.0626907025748791e-05,-39.817808327756154,-39.725163131264274
173,173,1.0442205588258299e-05,1.0576948242439693e-05,-39.81596951919141,-39.74562814933567
174,174,1.0269674968401081e-05,1.0344095292231559e-05,-39.8843191427948,-39.84230681388843
175,175,1.0208992731800068e-05,1.022218824992275e-05,-39.90925305031911,-39.893793195227325
176,176,9.94285954258191e-06,1.0077893804057231e-05,-40.021965597308125,-39.95553416442356
177,177,9.866902042425132e-06,1.0062466284771768e-05,-40.06074920640021,-39.96218755867871
178,178,9.719104493398714e-06,9.943038189942998e-06,-40.123128113592614,-40.01404086614513
179,179,9.793977594583958e-06,9.789044988314058e-06,-40.09484894835651,-40.08182869667452
180,180,9.657056842715787e-06,9.654600657277593e-06,-40.15919997048534,-40.14188879314358
181,181,9.482423264830921e-06,9.532565089006981e-06,-40.232766054713444,-40.197134147539344
182,182,9.445546827019197e-06,9.448741174741085e-06,-40.23806158844087,-40.235492413897404
183,183,9.133828038121118e-06,9.35843352061439e-06,-40.39565413474606,-40.27720034497425
184,184,9.205194521538155e-06,9.278930615676617e-06,-40.35777303937302,-40.31425266856631
185,185,9.037490486924671e-06,9.181302582299778e-06,-40.43857409347601,-40.36018893709916
186,186,9.131744338878185e-06,9.046425379653412e-06,-40.39492852985467,-40.4244618888238
187,187,8.86108683544924e-06,9.066650387754443e-06,-40.52150362971023,-40.41476324550341
188,188,8.701294907800776e-06,9.004779377918518e-06,-40.59891804540448,-40.444501172716336
189,189,8.732312352614977e-06,8.808313204530063e-06,-40.58968278331321,-40.54030445293299
190,190,8.478249948950047e-06,8.789423861200799e-06,-40.719134367924,-40.54962785706692
191,191,8.441756802209601e-06,8.684249175865644e-06,-40.73113484363403,-40.601909179943014
192,192,8.43989953433059e-06,8.5853246817255e-06,-40.730535936546275,-40.65166470049035
193,193,8.294975815101444e-06,8.432211823099734e-06,-40.80785633328279,-40.7298168631346
194,194,8.269094779120443e-06,8.38434109602148e-06,-40.81892965969216,-40.75454255914546
195,195,8.346232212697379e-06,8.306204252125768e-06,-40.779046152794855,-40.795205877617235
196,196,8.053163423703398e-06,8.205386261818747e-06,-40.93892366966717,-40.84824164175872
197,197,7.905560183063085e-06,8.133005514154271e-06,-41.015486778259984,-40.886721273515654
198,198,7.881685853379204e-06,8.095952819674398e-06,-41.03469964574404,-40.9065522551247
199,199,7.819557717103288e-06,8.08914158991875e-06,-41.07114967522093,-40.91020756858487
200,200,8.14385061248592e-06,7.958149102418438e-06,-40.88719376700116,-40.98111122354058
201,201,7.675947945807417e-06,7.883014237258498e-06,-41.14771684412443,-41.0223088317333
202,202,7.66725248261715e-06,7.813225166548938e-06,-41.14491969191189,-41.060928538345436
203,203,7.644109822668378e-06,7.786029719251306e-06,-41.162116289137565,-41.07607137016221
204,204,7.608996482529094e-06,7.706906432615238e-06,-41.18671779505783,-41.120431077314386
205,205,7.534984293088951e-06,7.690446612909191e-06,-41.225446943849555,-41.12971632468557
206,206,7.641293248844263e-06,7.699779009846297e-06,-41.16998902592079,-41.12444933368903
207,207,7.431142496420059e-06,7.718637214949061e-06,-41.28800327587431,-41.11382565045294
208,208,7.431504742534034e-06,7.700991964635537e-06,-41.2919958670051,-41.12376523862167
209,209,7.542400266006037e-06,7.672384622549688e-06,-41.21956484667688,-41.13992827877051
210,210,7.492963326625351e-06,7.5701220913814676e-06,-41.25276444678669,-41.19820310218306
211,211,7.452054001781285e-06,7.560405552603218e-06,-41.28015215977793,-41.203781017050225
212,212,7.358140943118265e-06,7.602491606169344e-06,-41.33594750484,-41.17967244785734
213,213,7.329964787881106e-06,7.542731030920741e-06,-41.35176011125342,-41.213945727802326
214,214,7.414099057961121e-06,7.58689489693528e-06,-41.295315928199166,-41.1885912638153
215,215,7.248250922296477e-06,7.458327648859459e-06,-41.39203231913794,-41.26281735837719
216,216,7.388507489765486e-06,7.5137892341253495e-06,-41.31756135210249,-41.23064185400422
217,217,7.596361641488554e-06,7.467562538390905e-06,-41.20241117358085,-41.257443257367534
218,218,7.368359974018099e-06,7.3627890838236594e-06,-41.334488065245296,-41.31880834348526
219,219,7.44667006036946e-06,7.408014545561807e-06,-41.27723103799656,-41.292213676946716
220,220,7.415629742232322e-06,7.3597207598428025e-06,-41.29328412581977,-41.32061857313634
221,221,7.219168235247501e-06,7.381406009555672e-06,-41.426706285432154,-41.30784100025491
222,222,7.43196598761511e-06,7.394438637818798e-06,-41.29991043042401,-41.3001798476884
223,223,7.321409668161932e-06,7.401541671769289e-06,-41.349887712980816,-41.29601005478263
224,224,7.362008433382161e-06,7.352994472105485e-06,-41.337408177081734,-41.324589546278254
225,225,7.122793568228612e-06,7.30528570688636e-06,-41.46930443930393,-41.35285988411263
226,226,7.187515592770219e-06,7.336874755549759e-06,-41.43188862267847,-41.33412088607639
227,227,7.287696954551496e-06,7.289403368447797e-06,-41.37733725585193,-41.36231210968701
228,228,7.2640292676896e-06,7.2791737071192505e-06,-41.40178565306577,-41.36841110778934
229,229,7.157294218354623e-06,7.319535550203382e-06,-41.438805597367235,-41.344396696535526
230,230,7.182272224547221e-06,7.337578273635652e-06,-41.439110237973125,-41.33370446984303
231,231,7.066842176145562e-06,7.291522730443639e-06,-41.50995602734231,-41.361049601091615
232,232,7.181742654848704e-06,7.222944388654708e-06,-41.44016352074722,-41.40208922976299
233,233,7.0904461890021e-06,7.2353858214276105e-06,-41.49205458681259,-41.39461499607851
234,234,7.04973414481033e-06,7.193406154807522e-06,-41.52445061697469,-41.419886119312935
235,235,7.210743060755872e-06,7.160459254488447e-06,-41.428490849937056,-41.439823163064005
236,236,7.266664364503891e-06,7.194481919501222e-06,-41.392449960741814,-41.41923668602744
237,237,7.1868171289679594e-06,7.215227421846449e-06,-41.43846056064193,-41.406731696226174
238,238,7.095515731222251e-06,7.2055763427526566e-06,-41.49584462849105,-41.41254470233739
239,239,7.164223419393463e-06,7.158469088608399e-06,-41.45427614852369,-41.44103040154532
240,240,6.938218369392304e-06,7.1073156361403806e-06,-41.58990915809415,-41.472175911981104
241,241,6.9913917099087876e-06,7.170047410909319e-06,-41.547153194781494,-41.43401166715002
242,242,7.063264674048021e-06,7.188039370176787e-06,-41.50605038521519,-41.42312746950243
243,243,6.98099326477062e-06,7.114724475717307e-06,-41.55994182706201,-41.46765107811575
244,244,6.903336992595025e-06,7.157688646417994e-06,-41.610004954208705,-41.44150391090914
245,245,7.091890157172793e-06,7.130078613140779e-06,-41.4917094789253,-41.45828875882187
246,246,6.975081868001053e-06,7.153469476562398e-06,-41.568825201419656,-41.444064657179766
247,247,7.08535751926451e-06,7.0656627892611525e-06,-41.50038847002471,-41.49770287334799
248,248,6.9086366369747246e-06,7.095318371858938e-06,-41.607115838431454,-41.47951306776744
249,249,6.876418401307748e-06,7.08332752190855e-06,-41.6289343040905,-41.486858707467164
250,250,7.06562802415928e-06,7.096907330905149e-06,-41.50668290984288,-41.47854059711615
251,251,6.913957420074064e-06,7.121267835349212e-06,-41.60043545843928,-41.46365873937424
252,252,6.909702902309628e-06,7.051065064220702e-06,-41.60612289319442,-41.506684719224616
253,253,6.999455393073281e-06,7.075729435631442e-06,-41.55663913929148,-41.49151976260637
254,254,6.816621754699826e-06,7.014018927676309e-06,-41.66373476698378,-41.529562605900566
255,255,6.914654829049994e-06,7.061629778610567e-06,-41.609256042054206,-41.500182491166015
256,256,6.863729393763165e-06,7.03391670915727e-06,-41.63583370232779,-41.51725972709802
257,257,6.8831474853834954e-06,6.967008295377079e-06,-41.624876048358644,-41.55876866467844
258,258,7.046991235368943e-06,7.055528864217003e-06,-41.5177199703832,-41.503936211992816
259,259,6.8401486996006816e-06,7.031740647346994e-06,-41.64973759942873,-41.51860349883946
260,260,6.946333368685692e-06,7.012850945006664e-06,-41.58799374301255,-41.530285858392624
261,261,6.783758781051633e-06,6.996488991717342e-06,-41.68731448678038,-41.54043038952654
262,262,6.786276815583949e-06,6.977313420831802e-06,-41.67653782612184,-41.55234962182193
263,263,6.895569045228353e-06,7.044532163777867e-06,-41.619778570573935,-41.51071037740767
264,264,6.752410706784636e-06,7.014801739339753e-06,-41.71107062676703,-41.52907793110969
265,265,6.899638091707266e-06,6.998930793519034e-06,-41.60902934408785,-41.53891494936768
266,266,6.864270060234667e-06,6.997910268661431e-06,-41.6363623698031,-41.53954824699979
267,267,6.819929849464727e-06,6.984609339461282e-06,-41.65982472529075,-41.547810737681104
268,268,6.829073309117373e-06,6.96171850665307e-06,-41.663403367337104,-41.56206735262942
269,269,6.906825851775963e-06,6.936558747838717e-06,-41.61213902706649,-41.57779125301662
270,270,6.820393846470493e-06,6.975400729539902e-06,-41.64550551426533,-41.55354031672174
271,271,6.796786514427105e-06,6.988928338327433e-06,-41.67486532312072,-41.545126066872754
272,272,6.9363704496186306e-06,6.94631238442717e-06,-41.596334933887306,-41.57168883917808
273,273,6.716735045761338e-06,6.937884192762124e-06,-41.72697046039553,-41.576961477838594
274,274,6.679748666917392e-06,6.942123682644083e-06,-41.755111260961904,-41.5743084719677
275,275,6.662858778355192e-06,6.942291340812134e-06,-41.76003575356623,-41.57420358743765
276,276,6.6982117094028714e-06,6.965544798731571e-06,-41.74157298123361,-41.55968104378868
277,277,6.711164217252649e-06,6.878803129726102e-06,-41.734202905593946,-41.61410313915169
278,278,7.015262054693201e-06,6.893940998883122e-06,-41.5381897020609,-41.6045563188105
279,279,6.733911397025894e-06,6.932907485622165e-06,-41.7193205998779,-41.58007789194356
280,280,6.930862244977088e-06,6.9286131627833176e-06,-41.5863427128575,-41.58276879551668
281,281,6.705635769321816e-06,6.916530788945047e-06,-41.732359455495505,-41.590348795604235
282,282,6.705613036642389e-06,6.932249777348357e-06,-41.736170395035465,-41.58048991622689
283,283,6.86111267436759e-06,6.869367912019554e-06,-41.63677338681598,-41.62006417006466
284,284,6.9146148862929885e-06,6.908116909854518e-06,-41.608268679173676,-41.595635153406924
285,285,6.6416238163602085e-06,6.875926780929531e-06,-41.772100918480646,-41.61591950695637
286,286,6.658308641995861e-06,6.841389653058477e-06,-41.76394700384117,-41.637788676224204
287,287,6.606730283275499e-06,6.850643522308306e-06,-41.793157967273714,-41.63191824790738
288,288,6.6555742883680335e-06,6.9066486503288615e-06,-41.76126775271911,-41.59655830626046
289,289,6.847173678870229e-06,6.815948118425072e-06,-41.64135367583896,-41.65396918089975
290,290,6.747087823408872e-06,6.810563670449865e-06,-41.71728518521745,-41.6574013669231
291,291,6.620462889109196e-06,6.859934202159486e-06,-41.794496565532114,-41.62603243960497
292,292,6.656444660733279e-06,6.864254493465476e-06,-41.764387592348804,-41.623298174173335
293,293,6.67203348899589e-06,6.904898902193006e-06,-41.75818870283065,-41.597658698466766
294,294,6.623807382414636e-06,6.882944944663905e-06,-41.78075780581018,-41.61148898371571
295,295,6.757840090114732e-06,6.81657140950464e-06,-41.706762261367736,-41.65357205419678
296,296,6.62740122259999e-06,6.9064678762898485e-06,-41.78367544083572,-41.59667197961936
297,297,6.704245400393008e-06,6.848616282552125e-06,-41.741809672431486,-41.63320360063238
298,298,6.596376454947005e-06,6.81732930580007e-06,-41.809119286623826,-41.65308921339256
299,299,6.834353999439963e-06,6.832517580110825e-06,-41.65061509712523,-41.64342436293643
300,300,6.601394770112484e-06,6.838704178478924e-06,-41.802459196356104,-41.63949376219881
301,301,6.673477175879561e-06,6.819739179550915e-06,-41.75987853826801,-41.65155428690291
302,302,6.541431765672127e-06,6.792442108187395e-06,-41.84799906521214,-41.66897248477422
303,303,6.6051265675173686e-06,6.802848761971721e-06,-41.80457047036474,-41.66232378083771
304,304,6.599787139776643e-06,6.8106010076007806e-06,-41.795553160927,-41.65737755791851
305,305,6.609899858246826e-06,6.736020311923073e-06,-41.80140262254533,-41.70519806028856
306,306,6.8122438503835545e-06,6.79200392321371e-06,-41.659382672082984,-41.669252660080225
307,307,6.565598399452169e-06,6.750370056052864e-06,-41.82559286999585,-41.69595612545785
308,308,6.614686908599736e-06,6.820889068062809e-06,-41.791209645541,-41.650822076879095
309,309,6.541981648981689e-06,6.767385433417267e-06,-41.848788070129274,-41.685022818659334
310,310,6.6792227305095644e-06,6.714060203337699e-06,-41.74504122731083,-41.719379629602386
311,311,6.693525228536263e-06,6.820972789443515e-06,-41.738934701906764,-41.65076877076291
312,312,6.672711967355296e-06,6.708054498678968e-06,-41.75490954298514,-41.72326611787223
313,313,6.6607508837403225e-06,6.762318518763334e-06,-41.76267488916289,-41.688275710496626
314,314,6.605897097054451e-06,6.727416827121296e-06,-41.79764731057789,-41.710748569336964
315,315,6.6523414753862305e-06,6.768420653794524e-06,-41.76494308822889,-41.68435852058152
316,316,6.6420628303903775e-06,6.714840142912611e-06,-41.77677001267913,-41.71887516021882
317,317,6.544588251420736e-06,6.7227315172969705e-06,-41.844887579779964,-41.713774267244396
318,318,6.645470041325304e-06,6.705287672191748e-06,-41.767509506860335,-41.72505779287391
319,319,6.882470357201792e-06,6.808045327488799e-06,-41.61814220323226,-41.6590075551383
320,320,6.454463008472867e-06,6.693115808861637e-06,-41.89486149465787,-41.732948545739255
321,321,6.5735807297220235e-06,6.719712832579573e-06,-41.81221019558141,-41.71572480258348
322,322,6.713242450151136e-06,6.704655477637732e-06,-41.73946535811396,-41.72546727799019
323,323,6.6130979838508025e-06,6.777568806252307e-06,-41.795930981452855,-41.67849258845784
324,324,6.5192625838462095e-06,6.717662496444782e-06,-41.861323705637005,-41.71705013532815
325,325,6.442165566526099e-06,6.767695212099505e-06,-41.90336683320531,-41.684824023874356
326,326,6.571186231761287e-06,6.722366307306067e-06,-41.83465166827689,-41.71401020258067
327,327,6.854452003983507e-06,6.6946047713587946e-06,-41.638980191116666,-41.73198251392664
328,328,6.661050159066493e-06,6.674563792330446e-06,-41.761518307164174,-41.74500305904424
329,329,6.4609974513062005e-06,6.739773030667014e-06,-41.90345307260987,-41.702779226690666
330,330,6.9757968902326255e-06,6.723732248677774e-06,-41.559687008005504,-41.713127833914534
331,331,6.540660856397565e-06,6.683855932159962e-06,-41.83800004029837,-41.73896113823752
332,332,6.60429362039029e-06,6.7338415934309045e-06,-41.80549672806718,-41.70660298252706
333,333,6.4723259344749205e-06,6.683683702584331e-06,-41.88841577207807,-41.73907304866587
334,334,6.577013167414632e-06,6.6912748479808215e-06,-41.823816309964315,-41.73414324959613
335,335,6.54279999731237e-06,6.696950501799093e-06,-41.835323237654016,-41.7304610509212
336,336,6.523363111030908e-06,6.675648005751243e-06,-41.85174121807192,-41.74429765015034
337,337,6.501346841517814e-06,6.6710556319249965e-06,-41.86203817980573,-41.74728631723163
338,338,6.532338286035024e-06,6.710033607018168e-06,-41.85158837370344,-41.7219849877585
339,339,6.580161027027925e-06,6.663169283695568e-06,-41.81523905191389,-41.752423470593655
340,340,6.4901851193595935e-06,6.658306670272539e-06,-41.8768185496907,-41.75559399956257
341,341,6.421311903152658e-06,6.61008985652619e-06,-41.92600880104266,-41.787158308452874
342,342,6.53844017975156e-06,6.732465432210838e-06,-41.83916642065982,-41.70749061894442
343,343,6.45774305423364e-06,6.660257416737486e-06,-41.90223990191534,-41.75432179270026
344,344,6.487488687910336e-06,6.6916248837706485e-06,-41.876819868538746,-41.73391606622769
345,345,6.4188271308105955e-06,6.6915214885835e-06,-41.915938115031636,-41.73398317146287
346,346,6.644535183910455e-06,6.660227810291537e-06,-41.764509295596255,-41.754341098177335
347,347,6.473122694026727e-06,6.721885304279185e-06,-41.8840271800293,-41.71432096284681
348,348,6.394133111994567e-06,6.6756361344519786e-06,-41.94065507220977,-41.74430537321234
349,349,6.650049947227709e-06,6.688577621772358e-06,-41.76912092921651,-41.735894226263916
350,350,6.455307511808399e-06,6.6935467896799216e-06,-41.90943697243462,-41.73266890532871
351,351,6.459616308591686e-06,6.699064789771862e-06,-41.892219260624664,-41.72909016026847
352,352,6.64720531971135e-06,6.616523215167322e-06,-41.771421160758855,-41.782933534713536
353,353,6.358911077862188e-06,6.642772093887049e-06,-41.95786636018362,-41.76573841565102
354,354,6.630875478296411e-06,6.621308090727421e-06,-41.7902005217329,-41.77979397945735
355,355,6.670670451789304e-06,6.591545498897751e-06,-41.76060532510387,-41.79935939910385
356,356,6.41133763884241e-06,6.62148572940312e-06,-41.9252815058144,-41.77967746703908
357,357,6.6878585327226435e-06,6.63798068432554e-06,-41.748056944446276,-41.7688720976917
358,358,6.580803992900908e-06,6.585366750904971e-06,-41.81474728010778,-41.80343227490986
359,359,6.382022346179397e-06,6.702084958401668e-06,-41.95571789139396,-41.72713265271547
360,360,6.541563961195841e-06,6.65917779865834e-06,-41.84929382920009,-41.75502583482785
361,361,6.574653534980169e-06,6.568336797691269e-06,-41.824962135289894,-41.81467780558934
362,362,6.432715250862061e-06,6.599273930126066e-06,-41.91181582630175,-41.79427038179398
363,363,6.4063404155154015e-06,6.583366101901782e-06,-41.9378339886541,-41.804751871622315
364,364,6.418132337803962e-06,6.603886504308321e-06,-41.92382446128854,-41.79123593317668
365,365,6.689545945433922e-06,6.635264071519487e-06,-41.74574475045682,-41.77064982422249
366,366,6.400548579794182e-06,6.596294521219342e-06,-41.939646911607525,-41.79623155667521
367,367,6.7048201776039425e-06,6.632854891856703e-06,-41.734529601992286,-41.7722269783735
368,368,6.497972325510982e-06,6.590194588122693e-06,-41.871974202850964,-41.80024955942158
369,369,6.559945467950119e-06,6.627932419321855e-06,-41.82381572385286,-41.77545122548226
370,370,6.579564689166818e-06,6.598335810275258e-06,-41.81259813278881,-41.79488779704307
371,371,6.253395370259034e-06,6.643862889177399e-06,-42.030762813791334,-41.76502532858699
372,372,6.358393205015634e-06,6.5988536957057045e-06,-41.97309039647611,-41.794546944493035
373,373,6.418452775290359e-06,6.58863080771928e-06,-41.92530433290049,-41.80128021455647
374,374,6.611284629563914e-06,6.5970318342136265e-06,-41.79748820427203,-41.795746143131176
375,375,6.3443872585191185e-06,6.611647701279971e-06,-41.972625851915225,-41.786134897754536
376,376,6.497924356697638e-06,6.543990175008443e-06,-41.86488313965528,-41.83080555477893
377,377,6.314710708934821e-06,6.557214467312933e-06,-41.99700479996328,-41.82203805700713
378,378,6.525621677038666e-06,6.568244124967973e-06,-41.85863150752589,-41.81473908066935
379,379,6.418970212142029e-06,6.601810702321879e-06,-41.927680275120984,-41.792601267155725
380,380,6.399213089963203e-06,6.563180944029132e-06,-41.937792432115344,-41.81808816371256
381,381,6.4686273617553525e-06,6.6627021863639945e-06,-41.89074542070502,-41.75272792767047
382,382,6.479125527830641e-06,6.5596460732003356e-06,-41.88212365798854,-41.820427865257514
383,383,6.46108572386156e-06,6.558810654448615e-06,-41.89853220322601,-41.82098100616726
384,384,6.331507238334695e-06,6.585024709094892e-06,-41.98476520577717,-41.803657851911396
385,385,6.4709868207294855e-06,6.623489753110334e-06,-41.890345896016086,-41.77836325328997
386,386,6.372250960133165e-06,6.5865336804754885e-06,-41.958608608306776,-41.8026627715611
387,387,6.452815313488977e-06,6.564107910602807e-06,-41.90709966216694,-41.81747482081597
388,388,6.532554398853387e-06,6.57195189552639e-06,-41.8506964488769,-41.81228818216844
389,389,6.486342898046432e-06,6.544817336505634e-06,-41.87958938072476,-41.83025664048855
390,390,6.446576011062602e-06,6.585354975341991e-06,-41.90257368366888,-41.803440040713625
391,391,6.668110219515697e-06,6.510435277481233e-06,-41.753328664171896,-41.8531316831611
392,392,6.492277730712979e-06,6.493627336711047e-06,-41.876879114623485,-41.864358328572
393,393,6.3369127357085765e-06,6.551228101383649e-06,-41.980647498462744,-41.826004730937846
394,394,6.282816098673814e-06,6.53418297396887e-06,-42.016594398589866,-41.83731902427387
395,395,6.3051874086650245e-06,6.50932569394507e-06,-42.00127396266228,-41.85387192103366
396,396,6.313473327328708e-06,6.520129054957866e-06,-42.003415900364956,-41.846670021584316
397,397,6.323000218696141e-06,6.540696870759252e-06,-41.99610165925083,-41.83299171924407
398,398,6.249660056766384e-06,6.527199035956169e-06,-42.04553556714078,-41.84196338124562
399,399,6.413511556209264e-06,6.4660405434168705e-06,-41.92345887936911,-41.88284770701563
400,400,6.519265851463772e-06,6.51991664007686e-06,-41.87164593962888,-41.84681150975524
401,401,6.265625247063317e-06,6.497462077516646e-06,-42.02870679131429,-41.86179440684587
402,402,6.366473816970685e-06,6.4979988947973315e-06,-41.957247250106334,-41.86143560959593
403,403,6.352835901724547e-06,6.500928353297671e-06,-41.97455301296458,-41.859478143939086
404,404,6.390742520434474e-06,6.5330877030072245e-06,-41.939464678724285,-41.83804705715495
405,405,6.465761998697417e-06,6.5257033240509616e-06,-41.90106892118046,-41.84295868391759
406,406,6.606043352241107e-06,6.482114689501223e-06,-41.80404602601278,-41.87206483268899
407,407,6.409677993848238e-06,6.489881630649937e-06,-41.93415156991149,-41.86686418353369
408,408,6.213278294998202e-06,6.505912360329316e-06,-42.06717958719131,-41.856149853995035
409,409,6.367938553499773e-06,6.491075294577872e-06,-41.95412968012774,-41.86606547252712
410,410,6.399858507721387e-06,6.483810346636394e-06,-41.93784220481874,-41.87092890981553
411,411,6.288448144614543e-06,6.486056678879418e-06,-42.01039539573465,-41.869424546346735
412,412,6.210037709118381e-06,6.487683788834961e-06,-42.070568588516615,-41.86833519993872
413,413,6.280552230405708e-06,6.495682579330414e-06,-42.01699455041377,-41.86298399761558
414,414,6.403541295550951e-06,6.39298430446376e-06,-41.93897130299376,-41.932195559116124
415,415,6.351111420071996e-06,6.505007269496625e-06,-41.97447042933124,-41.85675407870178
416,416,6.2967557223788555e-06,6.4604425556593155e-06,-42.01377063474971,-41.88660924884602
417,417,6.292438243202848e-06,6.484087048432373e-06,-42.01452461532231,-41.87074357512405
418,418,6.336100552251776e-06,6.488600846703201e-06,-41.977477240469135,-41.86772135216394
419,419,6.269889816150643e-06,6.456800412323853e-06,-42.03261659126785,-41.889058320677734
420,420,6.33894468282773e-06,6.399887991536066e-06,-41.975403668068765,-41.92750820912628
421,421,6.366190537499785e-06,6.4850043217072535e-06,-41.94855981234077,-41.870129242614595
422,422,6.314699283993645e-06,6.513145499890302e-06,-41.993376897261705,-41.85132413933103
423,423,6.277645391576501e-06,6.403413767417844e-06,-42.0205200589366,-41.92511628698398
424,424,6.283240874892595e-06,6.469736059730885e-06,-42.02001635620233,-41.88036630611353
425,425,6.466775016399213e-06,6.443293051760472e-06,-41.902393873750334,-41.89815309866194
426,426,6.378422861501152e-06,6.457571544160601e-06,-41.94907445584437,-41.888539676328556
427,427,6.382515911139205e-06,6.410624049940931e-06,-41.95671221299975,-41.92022885604635
428,428,6.274428325979766e-06,6.424369769918389e-06,-42.02206576043925,-41.91092664257887
429,429,6.2845237968674355e-06,6.448604165741831e-06,-42.02248973989715,-41.8945747461721
430,430,6.25753267572175e-06,6.4686048876625905e-06,-42.034982976912474,-41.88112569526642
431,431,6.224796051515348e-06,6.423310064986397e-06,-42.06676984767853,-41.911643073890005
432,432,6.341747843949052e-06,6.474800796384347e-06,-41.97587408018636,-41.87696782640338
433,433,6.262666037278886e-06,6.461028605324253e-06,-42.02196109638018,-41.886215302781196
434,434,6.412221016044268e-06,6.389483324279641e-06,-41.93130786486439,-41.934574530778555
435,435,6.431432047600201e-06,6.43574431753797e-06,-41.92249375630656,-41.903244122004146
436,436,6.332825972835447e-06,6.34499716206368e-06,-41.98456258223238,-41.96491761918991
437,437,6.406933565456936e-06,6.458347319207142e-06,-41.94165151706453,-41.88801797156116
438,438,6.336078157116774e-06,6.442979132483934e-06,-41.97850289300561,-41.89836469346243
439,439,6.210305625629808e-06,6.437679482922632e-06,-42.062867400200126,-41.901938437257826
440,440,6.371719051064256e-06,6.384120871715775e-06,-41.96069693428376,-41.93822093105687
441,441,6.239203099239697e-06,6.389781518871467e-06,-42.03629606012362,-41.93437185203705
442,442,6.245228825119016e-06,6.377074657250073e-06,-42.04319490290082,-41.943016927426974
443,443,6.319709151172254e-06,6.389526118398767e-06,-41.991495649886275,-41.9345454436261
444,444,6.208467091466409e-06,6.3909393774290375e-06,-42.06984168767609,-41.933584961238275
445,445,6.112270390057694e-06,6.374600424782042e-06,-42.13809533326368,-41.94470226761072
446,446,6.134019793197572e-06,6.402145285583653e-06,-42.11296263069053,-41.92597668622231
447,447,6.303217447829102e-06,6.4090046946244245e-06,-42.010194321055536,-41.921326043953975
448,448,6.3928059154425954e-06,6.406925470065816e-06,-41.948896368867025,-41.92273522104649
449,449,6.114774800921951e-06,6.3327680484354985e-06,-42.12915785759179,-41.973296127746224
450,450,6.254762518944245e-06,6.285539304946341e-06,-42.03774315432657,-42.005806476229715
451,451,6.0719717205841135e-06,6.417570004582797e-06,-42.166236576642234,-41.91552579331672
452,452,6.399263857582407e-06,6.383717821958462e-06,-41.9380060294933,-41.93849512356476
453,453,6.350249326921407e-06,6.417431139102279e-06,-41.97663925106801,-41.91561976839509
454,454,6.25019156265723e-06,6.357721016875554e-06,-42.04514354906921,-41.956217273793605
455,455,6.28738648769867e-06,6.296326558329288e-06,-42.0193417475614,-41.99835949528441
456,456,6.120576477000795e-06,6.389089537007844e-06,-42.12700358382274,-41.9348421970369
457,457,6.2045789219183395e-06,6.36150343780173e-06,-42.070268552579584,-41.95363427890936
458,458,6.174039951015261e-06,6.282853830366787e-06,-42.0933134810559,-42.007662380634336
459,459,6.232302706679941e-06,6.348396566050053e-06,-42.05351984736733,-41.96259146046521
