,epoch,train_loss,test_loss,train_dbs,test_dbs
0,0,0.0015418624058941898,0.0015448137786925624,-1.0264000282027825,-1.0270195192662719
1,1,0.0015402269290433718,0.0015441386678599213,-1.0299932966434016,-1.0289178774898484
2,2,0.0015405878657475114,0.0015435963869094849,-1.0316284085446659,-1.0304433297884414
3,3,0.0015389128832972235,0.0015430249286031252,-1.0328490263179313,-1.0320514388925808
4,4,0.0015386956247030613,0.0015424380360759403,-1.0344071656839438,-1.0337036006071658
5,5,0.0015393854478930997,0.0015419828705489635,-1.0360069652647415,-1.0349853704053726
6,6,0.0015378110434802383,0.0015414363128672306,-1.037405518636828,-1.0365250052949861
7,7,0.0015377656223021985,0.001540954414706089,-1.0392274274844762,-1.0378829493872523
8,8,0.0015368165121865027,0.0015403550596123463,-1.0404480811003904,-1.0395724688293293
9,9,0.0015366670445145405,0.0015397341983196767,-1.0422076361707597,-1.0413233053441557
10,10,0.0015359630714621895,0.0015392454377816695,-1.0438291228924506,-1.0427021128161031
11,11,0.001535595203845848,0.001538644685704065,-1.0454263585174197,-1.0443974515393275
12,12,0.0015351539489707536,0.0015381160376005266,-1.0464992026864173,-1.0458898585032859
13,13,0.001534912876842409,0.0015376008140217316,-1.0480427296585562,-1.0473448608335036
14,14,0.0015339598842157224,0.0015371494779461308,-1.0498828150109767,-1.0486198441649122
15,15,0.0015329123059402883,0.0015365839874567954,-1.0511549084041243,-1.0502178317889026
16,16,0.001533231503551,0.00153585848717117,-1.052589399001312,-1.0522688435108427
17,17,0.0015312997473058167,0.0015354984207078815,-1.0543522620117958,-1.053287122294659
18,18,0.0015315530970500609,0.0015348387073333327,-1.0557553692026254,-1.0551534312416264
19,19,0.00153106972623194,0.0015345328965371376,-1.0572215350857368,-1.0560188327561635
20,20,0.0015303237848559913,0.0015337907120977576,-1.0587106803815807,-1.0581198276574604
21,21,0.0015297279664382491,0.001533266549047671,-1.06015896634767,-1.0596042546055342
22,22,0.0015297739384887914,0.0015327982776063053,-1.061815019971014,-1.060930826065024
23,23,0.001529179550659334,0.0015322125553594607,-1.0631678845707833,-1.0625906958448834
24,24,0.0015282514841132558,0.0015318209280897129,-1.0646140457611237,-1.0637008766836977
25,25,0.001528107306737568,0.0015313419280573726,-1.0664956454273127,-1.0650591268476093
26,26,0.001527382268512756,0.0015306906823657062,-1.06779375496924,-1.0669064776142592
27,27,0.0015269648103696323,0.0015301950043067336,-1.0693095700638893,-1.0683130655742823
28,28,0.0015259801767785678,0.0015296450644535454,-1.0707186784387928,-1.069874165767906
29,29,0.0015259641126643137,0.0015292859783298091,-1.0723480743758729,-1.0708937972705581
30,30,0.0015254218416941381,0.0015287018307533703,-1.0738300145027067,-1.0725530064498532
31,31,0.0015247372499926342,0.0015281651009756484,-1.075223077223326,-1.074078089407922
32,32,0.0015241712651013868,0.001527597245417143,-1.0766533876038638,-1.075692197512283
33,33,0.0015230467470996466,0.0015270280418917537,-1.0782815414826634,-1.0773107394267027
34,34,0.0015228722345314383,0.0015263785975740145,-1.0799286659280538,-1.07915818472996
35,35,0.0015229565780321807,0.0015259481856207315,-1.0813080121395136,-1.0803829915791099
36,36,0.0015224885116283274,0.0015253458343642322,-1.0827925018136788,-1.0820976597071224
37,37,0.001521049381819429,0.001524799907776086,-1.0842694939992437,-1.0836522930088193
38,38,0.0015211923566368437,0.001524559467246658,-1.0858633135991094,-1.0843371712572034
39,39,0.0015205802952813119,0.0015237721626793867,-1.0874536962950525,-1.0865805100946777
40,40,0.0015203732116263091,0.0015232837575144674,-1.0888510626932222,-1.0879727501810401
41,41,0.0015196290524849265,0.0015229016150298872,-1.0905273939672353,-1.0890623908491388
42,42,0.00151874563061469,0.0015221682597735995,-1.09169466917289,-1.091154245291452
43,43,0.0015190218937746489,0.0015217086704643933,-1.0934507235718762,-1.0924657116024836
44,44,0.0015179432674128678,0.0015211372244122781,-1.094584408923839,-1.09409692053406
45,45,0.0015174975311479618,0.001520725328622288,-1.0964689643496712,-1.0952730688095753
46,46,0.001517193952392902,0.0015201809154333252,-1.097821710937672,-1.096828102917122
47,47,0.001515840564268766,0.0015197133608652574,-1.0993195902080537,-1.0981640465523
48,48,0.0015155868772801357,0.0015190377659899624,-1.100835835316918,-1.1000951499492446
49,49,0.0015152647896890634,0.0015184089210570643,-1.1024227491024967,-1.1018933964132696
50,50,0.0015154707031900581,0.001517976432009355,-1.1037490974979762,-1.1031305754029799
51,51,0.0015145592756338954,0.0015175358980501954,-1.1051892762427884,-1.1043911301172717
52,52,0.0015137047355648938,0.0015170489205047488,-1.106570055615351,-1.1057850055582905
53,53,0.0015136355884642024,0.0015165140349908096,-1.1083101420567547,-1.1073165236640239
54,54,0.0015124193039847556,0.0015160212979504937,-1.109927822833739,-1.108727837670474
55,55,0.0015124398770924542,0.0015155947215757088,-1.1115818845711087,-1.1099500225758763
56,56,0.0015113170693158027,0.0015149756555298442,-1.1131362010008798,-1.1117243220504789
57,57,0.001511120951504053,0.0015146147619050584,-1.11424802643729,-1.112759010499702
58,58,0.0015099445566746225,0.0015140031709482795,-1.115603364853107,-1.1145130157074252
59,59,0.0015091955524955674,0.0015135594753940638,-1.1172763675154367,-1.1157859507692522
60,60,0.0015097717351289753,0.0015129883724607919,-1.1186186380781968,-1.1174249590911491
61,61,0.0015093486398439278,0.0015123044937162807,-1.1199725900146662,-1.1193884368979536
62,62,0.0015082862276161455,0.001512042798199936,-1.121489997493676,-1.1201400233263694
63,63,0.0015074239693313222,0.0015112856574552623,-1.1232335640300901,-1.1223152554199578
64,64,0.0015080981976688676,0.0015107571257670458,-1.1245081782069186,-1.1238343497181464
65,65,0.0015067976765027365,0.0015102609881739084,-1.1260204056502539,-1.125260821276905
66,66,0.001506616163413165,0.001509766811259875,-1.127287395170526,-1.1266821214967533
67,67,0.0015063196283851548,0.0015092001627444436,-1.1291093430873855,-1.1283124296679885
68,68,0.0015052724257591612,0.0015088684342213366,-1.1304704846477112,-1.1292671320746885
69,69,0.0015044525102472183,0.0015082463658855933,-1.132263149692868,-1.1310579876921065
70,70,0.0015042783973316096,0.0015077534205231227,-1.133462950824582,-1.1324776393357958
71,71,0.001504322630353272,0.001507230875033297,-1.1350148449636173,-1.1339830443581804
72,72,0.0015029752082143402,0.001506790818989669,-1.1365455685755363,-1.1352512098343133
73,73,0.001502872691921813,0.0015061305296656332,-1.1380999948788004,-1.1371547445190613
74,74,0.001502231115081645,0.001505619160046703,-1.1393777699338035,-1.1386295351140914
75,75,0.001502363934162428,0.001505086994975021,-1.1410146358238007,-1.1401648317827124
76,76,0.0015013618922801975,0.001504697561215021,-1.142357393911861,-1.1412886925164032
77,77,0.001500554577226645,0.0015041182785736102,-1.1440332583917574,-1.1429609733812445
78,78,0.001500075725003232,0.0015037331399262736,-1.1453315074709376,-1.1440731532528394
