,epoch,train_loss,test_loss,train_dbs,test_dbs
0,0,0.000367782073582705,0.00033301586977598304,-7.251024058080938,-7.691131561491256
1,1,0.0002665834508286597,0.0001727252000771267,-8.649821122505003,-10.542223819043834
2,2,0.00011723977566118228,0.00010760553988419767,-12.21768424424359,-12.597434555253379
3,3,0.00010294615812827688,0.00010405990446758408,-12.780482709306787,-12.742946634726291
4,4,9.904421860539383e-05,0.00010068709525512531,-12.95016789539184,-12.88604274350478
5,5,9.698068351633654e-05,0.00010014743058586886,-13.04016089320652,-12.909382749518192
6,6,9.578953477009152e-05,9.572308504414793e-05,-13.094418066580607,-13.10561399352828
7,7,9.261992818210274e-05,9.350269829155877e-05,-13.239756259183462,-13.2075394244758
8,8,9.001831982534418e-05,9.488923196362233e-05,-13.36472741018875,-13.143611548712144
9,9,9.118795836555589e-05,9.132219680683e-05,-13.308886179048047,-13.310017361858698
10,10,8.58134613717431e-05,8.684938075020909e-05,-13.570245846983386,-13.528113601218973
11,11,8.40809382108213e-05,8.757207251619548e-05,-13.657592667451283,-13.492124583091588
12,12,8.334418194375682e-05,8.73017925187014e-05,-13.695980962468894,-13.505549254059257
13,13,8.4641610152813e-05,8.581501414913586e-05,-13.629960477148357,-13.580148079002516
14,14,8.496678762555545e-05,8.898395370986116e-05,-13.614280681257021,-13.422663880375595
15,15,8.447174309601662e-05,8.796858310233802e-05,-13.641116568044849,-13.472504894212097
16,16,8.31419255490866e-05,8.736410305381899e-05,-13.70926317259282,-13.50245063854244
17,17,8.405686994311255e-05,8.655746818189265e-05,-13.660460320395742,-13.542735415542072
18,18,8.333518863511607e-05,8.544506923307811e-05,-13.698194778712576,-13.598910803202724
19,19,8.252544116142407e-05,8.6198408864316e-05,-13.7401482328879,-13.560788370672455
20,20,8.22329265125499e-05,8.346461713939022e-05,-13.756388242319204,-13.700756807581126
21,21,8.292368170025173e-05,8.324027792121725e-05,-13.719950074528741,-13.712445647708565
22,22,8.447417686633362e-05,8.400012647095871e-05,-13.64187925291279,-13.6729814638981
23,23,8.365054634044466e-05,8.847116413036067e-05,-13.681371427103038,-13.447763444405343
24,24,8.261950084094688e-05,8.207200229854176e-05,-13.73805817456109,-13.773830573569088
25,25,8.377444997283429e-05,8.35708602895274e-05,-13.67562166150504,-13.695232134526385
26,26,8.747753329855899e-05,8.428975438858431e-05,-13.49031873938199,-13.658032979773864
27,27,8.195802793218802e-05,8.263717685813869e-05,-13.772138781089767,-13.744026144072325
28,28,8.084519800625636e-05,8.350707235206898e-05,-13.830273684881886,-13.698548281686955
29,29,8.239966303232538e-05,8.41716644476707e-05,-13.747083203502644,-13.664121711361402
30,30,8.138747966533872e-05,8.539708046316121e-05,-13.803192331738249,-13.601350629504774
31,31,8.245737285271633e-05,8.56515666543457e-05,-13.744901611187466,-13.588427752655035
32,32,7.949499273852724e-05,8.190893928066974e-05,-13.904234765105778,-13.782467844647615
33,33,8.15043925276487e-05,8.383214031039786e-05,-13.793800656070601,-13.68167532096503
34,34,9.614705732488313e-05,0.00010522325694757073,-13.077858496694649,-12.694663460567341
35,35,9.026534683743165e-05,8.413938064079143e-05,-13.349880290150944,-13.66578775524427
36,36,8.183041918715558e-05,8.188899396612357e-05,-13.779964033573844,-13.783525506355346
37,37,8.022708680448315e-05,8.094717984357358e-05,-13.865379058384208,-13.833763635622372
38,38,8.031514093109417e-05,7.869840689971553e-05,-13.858060647451289,-13.95612145349551
39,39,7.983210589466664e-05,8.011074073453385e-05,-13.887823252630636,-13.878873389199889
40,40,7.798520588020784e-05,8.13767933562447e-05,-13.986180151934153,-13.81077513800593
41,41,7.978600475213433e-05,8.113140058029737e-05,-13.887339872773929,-13.823891130118547
42,42,7.950920084600587e-05,8.509813242677697e-05,-13.90380063180536,-13.616580572144263
43,43,7.899777247263214e-05,7.700350742149902e-05,-13.934094655546051,-14.050675790890017
44,44,7.972504644169828e-05,7.785651388602626e-05,-13.890408804374985,-14.00283132539823
45,45,7.736309353933074e-05,8.094701249654846e-05,-14.02195876432404,-13.833772614065454
46,46,7.84737058733974e-05,8.266758461678891e-05,-13.959717050127527,-13.74242837739943
47,47,7.968516894328149e-05,7.774320386632003e-05,-13.89137183892008,-14.00915652003383
48,48,7.938275711680522e-05,8.065739913083809e-05,-13.910129435143467,-13.849338726401001
49,49,7.549381166661744e-05,7.565147902105788e-05,-14.127033430208408,-14.12760663229658
50,50,8.026822364364616e-05,7.782667748152132e-05,-13.861031067802454,-14.004495960595023
51,51,8.178721177547729e-05,8.692979846321243e-05,-13.78095462061944,-13.524094135635615
52,52,7.704690303689483e-05,7.549836913025693e-05,-14.03615131392619,-14.136405159619825
53,53,7.549420100535967e-05,7.55523448644549e-05,-14.128626597813787,-14.133301385543335
54,54,7.592391516153999e-05,7.450399789377116e-05,-14.103499731048377,-14.193985086585045
55,55,7.565510239465326e-05,7.496865222683961e-05,-14.118924843905676,-14.16698383080892
56,56,7.259695110068483e-05,7.346972032744241e-05,-14.29637276539273,-14.254696996817913
57,57,7.584912761849035e-05,8.533065097014371e-05,-14.105518924896847,-13.604730275385013
58,58,7.671401537438739e-05,7.555820775451139e-05,-14.058616599332494,-14.13296438448594
59,59,7.516033731439372e-05,8.339670335101943e-05,-14.1467907297104,-13.704292028934585
60,60,7.639884403108658e-05,7.923258970932741e-05,-14.076428093869248,-13.926742352972708
61,61,7.422351381578243e-05,7.439462397566163e-05,-14.203574318376617,-14.200365333365838
62,62,7.350130308810717e-05,7.307532876821872e-05,-14.244505970453327,-14.278073083893606
63,63,7.301229711582394e-05,7.544108628185074e-05,-14.274030771127533,-14.139701531147988
64,64,7.266262475672399e-05,7.968997172276049e-05,-14.292351372071755,-13.90174413607907
65,65,7.245429256239656e-05,7.276197720784694e-05,-14.306780242891149,-14.296735944137296
66,66,7.3625682433107e-05,8.120479048413567e-05,-14.238144343407237,-13.819964361573984
67,67,7.295151282829166e-05,7.581453744358824e-05,-14.275182380843583,-14.11825596709229
68,68,7.158655128093705e-05,7.19563693947796e-05,-14.35925493952098,-14.345088437109128
69,69,7.154581270669107e-05,7.235057541708414e-05,-14.359946758137646,-14.321360968372725
70,70,7.216213567310839e-05,7.262517005744342e-05,-14.324388671398566,-14.304909239942189
71,71,7.175388600444421e-05,7.225108952537227e-05,-14.347948696036937,-14.327336858156842
72,72,7.21372034791953e-05,7.22113832843637e-05,-14.324496670735176,-14.329724218897109
73,73,7.109096037948831e-05,7.170493182983544e-05,-14.390118348719355,-14.360290590725667
74,74,7.138201612385095e-05,7.339753976434862e-05,-14.368329105262374,-14.258965834237038
75,75,7.160645511304989e-05,7.218254981317411e-05,-14.359365149739833,-14.331458670938076
76,76,7.4049494737524e-05,7.923323344010369e-05,-14.211552396581935,-13.926707068553846
77,77,7.141184151177439e-05,7.118628969979717e-05,-14.369929011809727,-14.391817286612124
78,78,7.051892961752265e-05,7.240619245414181e-05,-14.424594732045898,-14.318023760194109
79,79,7.087932741323476e-05,7.398835518152307e-05,-14.401989622393732,-14.224147136017752
80,80,7.298090454663831e-05,7.334230490653824e-05,-14.273442822662235,-14.262235320468605
81,81,7.15353109120132e-05,7.204726563558277e-05,-14.36309166418708,-14.33960583369555
82,82,7.092342091653467e-05,7.130863396971683e-05,-14.401123521936741,-14.384359694017741
83,83,7.221461059201567e-05,7.18750218909822e-05,-14.319359659118057,-14.350000963570416
84,84,7.03608978059042e-05,7.163179313800738e-05,-14.434113945713632,-14.364722634647189
85,85,7.795751609835898e-05,7.362951490856511e-05,-13.986441795258745,-14.245261470928718
86,86,7.283456193597642e-05,7.097631207311918e-05,-14.284423517508314,-14.404646566572838
87,87,7.048158362728649e-05,7.115721650495146e-05,-14.429692608538836,-14.393591351141657
88,88,7.476774888195952e-05,7.335135160246864e-05,-14.17057317664608,-14.261699655843358
89,89,7.02345663664824e-05,7.164877292540807e-05,-14.439828848599278,-14.36369329365432
90,90,6.968440529536311e-05,7.083005536850051e-05,-14.474580851511785,-14.41360505037379
91,91,6.987766024282144e-05,7.057397593407107e-05,-14.464144317884262,-14.429335013071146
92,92,7.006512536576076e-05,7.08834254749634e-05,-14.452367184561673,-14.41033389456091
93,93,6.940103116200411e-05,7.153246138171341e-05,-14.49428398675865,-14.370749172584802
94,94,6.891977247186773e-05,7.027812764710306e-05,-14.523276692153473,-14.44757903842725
95,95,6.938640048640981e-05,7.187499968016422e-05,-14.496995438374958,-14.350002305627354
96,96,6.966439723703271e-05,7.050938017384492e-05,-14.475817961851424,-14.43331189382516
97,97,7.129945058211175e-05,7.018497777416517e-05,-14.377576379493382,-14.45333919610225
98,98,7.413461534054374e-05,7.243770386067856e-05,-14.203394099799343,-14.316134107880135
99,99,6.982416665234324e-05,7.326390550588258e-05,-14.466907919095304,-14.266880202870125
100,100,7.3245577631187e-05,7.212696551792568e-05,-14.257360319481002,-14.334804251282556
101,101,6.950101894674554e-05,7.62872192641034e-05,-14.487556234151423,-14.0912630155787
102,102,7.810205832206567e-05,9.391678720835204e-05,-13.980134242822476,-13.188348589144159
103,103,7.788316980088322e-05,7.493148663534636e-05,-13.989114926446494,-14.16913737272762
104,104,7.204396800814946e-05,7.197688989292242e-05,-14.331768262372277,-14.343850093836167
105,105,7.074794874702984e-05,7.167621247629683e-05,-14.40952374500846,-14.362030381127367
106,106,7.063410221329007e-05,7.512672546956884e-05,-14.414632163418855,-14.157836265642267
107,107,7.128508019077438e-05,7.129035140295807e-05,-14.374845503885874,-14.385473308940188
108,108,7.234492126765862e-05,6.98808588295881e-05,-14.314501649553502,-14.472198525433114
109,109,6.937912835429913e-05,7.019803448010383e-05,-14.496738144416542,-14.452531341182159
110,110,6.931506140972488e-05,7.467536048161012e-05,-14.497711545814798,-14.184007585696554
111,111,6.986415595297472e-05,7.145774648769905e-05,-14.465515545448673,-14.375287702827253
112,112,6.884448157506995e-05,7.064454946789498e-05,-14.528886465433725,-14.424994265457125
113,113,6.918155985161873e-05,6.924883085670636e-05,-14.506461068504715,-14.511656408190593
114,114,9.198138151574669e-05,7.838360110518376e-05,-13.27054610021736,-13.973528743383127
115,115,7.346636877778063e-05,7.299741647377806e-05,-14.246215097188404,-14.282705964955813
116,116,6.975012129447518e-05,7.036707603746388e-05,-14.472683062049104,-14.442085811605985
117,117,7.024067854592769e-05,6.96211036962555e-05,-14.441671914647605,-14.488371824988942
118,118,7.497631086903078e-05,9.833352592785989e-05,-14.157697607768359,-12.988764744660555
119,119,7.832262912715939e-05,7.251106638393953e-05,-13.969190187173016,-14.311737942021326
120,120,7.066103135752876e-05,7.089252999560956e-05,-14.415914897629074,-14.409776107019388
121,121,6.926934803072748e-05,7.04623774876573e-05,-14.502452309144067,-14.436207936031195
122,122,6.855347938775613e-05,6.955447890121784e-05,-14.547008524372211,-14.492529850773789
123,123,7.046951341368353e-05,7.26572727312726e-05,-14.426754371154972,-14.302989942048011
124,124,6.973585291656415e-05,7.207399961005554e-05,-14.474819340211775,-14.337994632502411
125,125,6.890692009282125e-05,6.99938111785358e-05,-14.52469806111151,-14.465184447397979
126,126,6.875726744651401e-05,6.963506836511537e-05,-14.53596629305903,-14.487500800235352
127,127,6.957949765060174e-05,7.052677545671988e-05,-14.481053707592459,-14.432240583370293
128,128,6.908084015804823e-05,7.033201568686452e-05,-14.513466874711906,-14.444250220334919
129,129,6.890459654951161e-05,6.936185385903197e-05,-14.523272428732781,-14.504573941609122
130,130,6.872703062944095e-05,7.182495219718763e-05,-14.536545526455697,-14.353027407067504
131,131,6.878163672884034e-05,7.045975814291619e-05,-14.532050402267021,-14.436369382203198
132,132,6.931557447725149e-05,7.671689079296285e-05,-14.500248102344507,-14.066870930362366
133,133,7.00346008108175e-05,7.02550297367117e-05,-14.454934803391968,-14.449006643884005
134,134,6.863705287465451e-05,6.952975251662888e-05,-14.540554206770576,-14.494074027620877
135,135,6.80649508908151e-05,6.939658717448382e-05,-14.578192031994755,-14.502399733331536
136,136,7.012702722538062e-05,6.965743599912937e-05,-14.44936306334036,-14.486106017342571
137,137,6.721290872557108e-05,6.849900417268815e-05,-14.6337095174197,-14.558938284916405
138,138,8.686300250551587e-05,9.379238671451611e-05,-13.517725259365584,-13.194104989302936
139,139,7.530401039870994e-05,7.112669807515646e-05,-14.139811127829402,-14.395454384766882
140,140,6.799033148239425e-05,6.946369716101081e-05,-14.582803769967786,-14.498201916909379
141,141,7.884087499780773e-05,7.840622167446112e-05,-13.940096380358352,-13.972275602291614
142,142,7.301383309297926e-05,7.195716630361091e-05,-14.271503496631478,-14.345040339742006
143,143,6.985051668286276e-05,7.046357380826713e-05,-14.465868979670816,-14.436134201501156
144,144,6.970051235276918e-05,7.06713297787294e-05,-14.476015206836674,-14.423348230854323
145,145,6.965027955395515e-05,7.015519747112289e-05,-14.477659379036849,-14.455182349205371
146,146,6.861541578942219e-05,6.918662601444674e-05,-14.54244766256219,-14.515559342044357
147,147,6.90645186099123e-05,6.940480938953299e-05,-14.517142422168615,-14.501885204988533
148,148,6.793722471782755e-05,6.912498907982616e-05,-14.586732459956679,-14.519430106237362
149,149,6.757320874591464e-05,6.949024923654322e-05,-14.609902518548425,-14.49654216987432
150,150,6.952645089393289e-05,7.021729949261306e-05,-14.48645622959409,-14.451339635341728
151,151,6.762374604730531e-05,6.836417876337164e-05,-14.60524747297336,-14.567494851988933
152,152,6.790784035044838e-05,6.952636938781085e-05,-14.587969417622118,-14.494285348655493
153,153,6.713241023088315e-05,6.898776643394835e-05,-14.637363760335544,-14.528060019859026
154,154,6.732093396815039e-05,6.934622280440588e-05,-14.624767880962178,-14.505552757113234
155,155,6.762084519051342e-05,6.890992575024843e-05,-14.605336809956487,-14.532963043608532
156,156,6.715782012516806e-05,6.982393709844665e-05,-14.637195971194066,-14.475737529937414
157,157,6.744585690969486e-05,6.829116108220708e-05,-14.616663878879525,-14.572135896980637
158,158,6.82123916085027e-05,7.747361585068957e-05,-14.567150304519934,-14.024242604843355
159,159,7.064644317502713e-05,6.955362991184781e-05,-14.41610433471121,-14.492582861543863
160,160,6.763764282630891e-05,6.85218217672388e-05,-14.605310208781624,-14.55749185435707
161,161,6.718029090762618e-05,6.932105641585382e-05,-14.635849192197043,-14.507129138197373
162,162,6.782307409406544e-05,6.985848372814392e-05,-14.593611317545108,-14.473589312450487
163,163,6.731493771646277e-05,6.882169289287719e-05,-14.625528319221893,-14.538527350293995
164,164,6.656236066716992e-05,6.733632108080201e-05,-14.674393873375767,-14.633287013021096
165,165,7.725742855739357e-05,7.610338836552968e-05,-14.027623063060597,-14.101740929516012
166,166,7.131177335395478e-05,7.019685137110125e-05,-14.37563532210911,-14.452604537254539
167,167,6.921537265183942e-05,6.973431855409504e-05,-14.504304180920148,-14.481315250073855
168,168,6.789373515651456e-05,6.81461033788142e-05,-14.589684932348101,-14.58137058577722
169,169,6.674083000614269e-05,6.830515332311686e-05,-14.662127603298638,-14.571246158035
170,170,6.655082163597774e-05,6.805952905683386e-05,-14.674829673320726,-14.586891466918715
171,171,0.00010097808825372977,8.344618062868616e-05,-12.861615294136303,-13.701716227223708
172,172,7.277616963826225e-05,7.108916275013287e-05,-14.285853185400805,-14.397746869559802
173,173,6.925812520365202e-05,7.007366979163827e-05,-14.502875706925483,-14.460232240287436
174,174,6.886463368986013e-05,6.974094216466735e-05,-14.527449324229408,-14.48090276150647
175,175,6.815182019898802e-05,6.981698587830914e-05,-14.576596481289943,-14.476169906992272
176,176,6.734486200490285e-05,6.838197728747648e-05,-14.623697291162303,-14.566364319172271
177,177,6.77577688115092e-05,6.833649087256115e-05,-14.596887356329093,-14.56925412623258
178,178,6.732666839787871e-05,6.915761562260358e-05,-14.62592536613034,-14.517380748288799
179,179,6.777149576816189e-05,6.8614367161277e-05,-14.595485710811085,-14.551630241843014
180,180,6.87381107127294e-05,6.980411758137818e-05,-14.53529124480312,-14.476970449349544
181,181,6.779701450177152e-05,6.924690234499346e-05,-14.595673065601149,-14.511777356609128
182,182,6.751399265227782e-05,6.866672265459783e-05,-14.61168027056829,-14.548317665729371
183,183,6.864587988640834e-05,6.859695943268507e-05,-14.544101027414676,-14.552732203422742
184,184,6.830103587528412e-05,7.012293989598555e-05,-14.564904312584845,-14.457179707794756
185,185,6.810221418266704e-05,7.056292432887283e-05,-14.578496628077088,-14.4300151542893
186,186,6.75208446540937e-05,7.068781460953974e-05,-14.61284402155615,-14.42233531143981
187,187,6.795662448359846e-05,6.837433600020104e-05,-14.585215334175448,-14.566849645051864
188,188,6.704236808012134e-05,6.822060190882582e-05,-14.644116813206416,-14.576625394691982
189,189,6.919745200574062e-05,7.571477487401448e-05,-14.509200923487684,-14.123974509473785
190,190,7.16339537697441e-05,7.070866252577521e-05,-14.35861072809238,-14.421054638083685
191,191,6.857293548594113e-05,6.892941076473922e-05,-14.546347365494917,-14.531735203349944
192,192,6.748580547996567e-05,6.825595616981828e-05,-14.61574928860314,-14.57437531438216
193,193,6.744529178531687e-05,6.833145093160535e-05,-14.615837249281318,-14.56957443815333
194,194,6.667345246334906e-05,6.753800162665644e-05,-14.667638183163605,-14.620298801225683
195,195,6.653001078448892e-05,7.232204140899212e-05,-14.676100303486665,-14.323074100089492
196,196,6.737608670199424e-05,6.687588565431437e-05,-14.619819937999543,-14.663085397885238
197,197,6.659228083006702e-05,6.916376993390976e-05,-14.674969955297364,-14.516994288388734
198,198,6.619463853247598e-05,6.936197601853085e-05,-14.69894849053109,-14.504566292858893
199,199,6.711101040187695e-05,6.75705812586545e-05,-14.64046151204824,-14.618204314795396
200,200,7.236020276641003e-05,7.175244345011091e-05,-14.31135301614663,-14.357413912517092
201,201,6.842807623300913e-05,6.880573748371956e-05,-14.556461180737035,-14.539534321966103
202,202,6.75853229528077e-05,6.8276391462668e-05,-14.609183364727611,-14.573075265691742
203,203,6.64505555271051e-05,6.825784006842266e-05,-14.681267601164585,-14.574255448582374
204,204,6.748007521328526e-05,6.684402347003158e-05,-14.61610903717399,-14.665155033015546
205,205,6.627357258376204e-05,6.84159862622006e-05,-14.694811926710983,-14.564204943406887
206,206,6.610091159674675e-05,6.926518586911506e-05,-14.705475928719867,-14.510630823655326
207,207,6.939871421956323e-05,7.853354940092878e-05,-14.491992798789006,-13.96522860066134
208,208,7.035875856185082e-05,6.915746818872561e-05,-14.433354166386728,-14.517390006819088
209,209,6.834381501809646e-05,7.265673067243035e-05,-14.561624121417934,-14.303022342664406
210,210,6.648450585792667e-05,7.018517192734994e-05,-14.677699378273516,-14.453327182200866
211,211,6.567240794988579e-05,6.639480661282218e-05,-14.73466089935437,-14.694439760502366
212,212,7.161423952508353e-05,7.418692410666201e-05,-14.36078063222769,-14.21250721328531
213,213,6.929873723624341e-05,6.899140039183151e-05,-14.499282137567667,-14.527831259547916
214,214,6.734872625098976e-05,6.780927498383742e-05,-14.624086742270844,-14.602889853987488
215,215,6.626891660847289e-05,6.717669786762839e-05,-14.693674565661304,-14.643594344422521
216,216,6.622044980458762e-05,6.628760724867646e-05,-14.697264973101982,-14.701457435428104
217,217,6.668760101298907e-05,6.702636930736174e-05,-14.667019130088391,-14.653323912140587
218,218,6.567162102131537e-05,6.663067439436226e-05,-14.733561534458508,-14.679038773780793
219,219,6.596274026153493e-05,6.63199169043525e-05,-14.71448810638118,-14.699341129352776
220,220,6.480727734952714e-05,6.509315560259366e-05,-14.792093719981398,-14.78042760437011
221,221,6.456704188129846e-05,6.667612825894091e-05,-14.806142567588097,-14.676077129972708
222,222,6.540735471530424e-05,0.00010341519028818431,-14.752170930182945,-12.769937509180593
223,223,7.094906502914586e-05,6.76774476520031e-05,-14.398222087799999,-14.611341147181811
224,224,6.569504191632114e-05,6.626051732669829e-05,-14.73085247346875,-14.70323264029529
225,225,6.490422813455843e-05,6.535025750054047e-05,-14.783663879422866,-14.763307831512588
226,226,6.588174876446126e-05,6.600785089080761e-05,-14.719549542530373,-14.719824932741572
227,227,6.873419328464301e-05,8.080396410629251e-05,-14.538358877563805,-13.841454192753197
228,228,7.03032482934506e-05,6.762739365895916e-05,-14.438958022448762,-14.614554361691688
229,229,6.616836594964963e-05,6.607676550629549e-05,-14.699366196719982,-14.715293104469511
230,230,6.560058535956393e-05,6.634775318640382e-05,-14.737481963907298,-14.697518659136676
231,231,6.629175741463113e-05,6.675383280564442e-05,-14.692421498396772,-14.671018796837048
232,232,6.638272379953462e-05,7.208351847734058e-05,-14.686667143539726,-14.337421094389835
233,233,6.710615126234864e-05,6.654012108092981e-05,-14.638863179345659,-14.684944995225608
234,234,6.556058649517375e-05,6.699750347730802e-05,-14.740482248251583,-14.655194664065787
235,235,6.766194493729458e-05,6.591879833936936e-05,-14.602948245034957,-14.725688044976856
236,236,6.506850031749393e-05,6.49639564232386e-05,-14.774503307258456,-14.789056199645504
237,237,6.539204373767302e-05,6.581899881558983e-05,-14.753302853438939,-14.732268144492934
238,238,6.752930741790759e-05,6.776301367943616e-05,-14.613048130497042,-14.605853738451632
239,239,6.507220884308594e-05,6.497390150846178e-05,-14.773379724503906,-14.788391405610623
240,240,6.452175977156191e-05,6.581118635183789e-05,-14.809375257051354,-14.732783666050121
241,241,6.431100427079466e-05,6.501429034917812e-05,-14.82519001602454,-14.785692598747112
242,242,6.37919039251859e-05,6.534535273921822e-05,-14.85851706735225,-14.76363379667307
243,243,6.532354858528688e-05,6.554667695462213e-05,-14.757606701104473,-14.750274073399389
244,244,6.408907717469475e-05,7.039636119244326e-05,-14.839416306175684,-14.440278754085508
245,245,6.618022437287811e-05,6.509336622241933e-05,-14.699128099274745,-14.78041355206626
246,246,6.458243480721518e-05,6.582248955199152e-05,-14.806322990465425,-14.732037820819723
247,247,6.359205043427021e-05,6.514211360665381e-05,-14.871697065024561,-14.777162407140667
248,248,6.360835341746275e-05,6.550029866048135e-05,-14.873777008924176,-14.753348060871714
249,249,7.879719108591558e-05,7.3480850819339e-05,-13.94228935932305,-14.254039100603821
