,epoch,train_loss,test_loss,train_dbs,test_dbs
0,0,0.0010467984055927426,0.0010343046773127035,-19.796242931625468,-19.84691907630152
1,1,0.0010425351396894332,0.001031919793029757,-19.81953672733394,-19.85694453635078
2,2,0.001037979338884584,0.001032387231182503,-19.8415397994259,-19.85497771831977
3,3,0.0010364152738325221,0.001030076466696827,-19.84853434676851,-19.86470930958172
4,4,0.0010349454823881388,0.0010265583160186285,-19.86020243860097,-19.879567707672155
5,5,0.001030246194298427,0.0010184137224170723,-19.87378092968754,-19.914161537754556
6,6,0.0010259744480789936,0.0010166661078600508,-19.883041161681938,-19.92162050357874
7,7,0.001022169893348263,0.0010222724430557144,-19.909104008658524,-19.897737424079317
8,8,0.0010199859323095262,0.0010089759138951961,-19.91402637755588,-19.954595973215866
9,9,0.0010196591358987096,0.0010090205438533111,-19.917737230578368,-19.954403876302457
10,10,0.001012259820648997,0.0010029575542399758,-19.943818353809192,-19.980578424681394
11,11,0.001013415033890645,0.0010048921869479511,-19.95214401361065,-19.9722092668469
12,12,0.00100691319736124,0.0009987214151279706,-19.967689287563104,-19.99896033922026
13,13,0.0010071397877835966,0.0009965500579901824,-19.97920867690931,-20.00841277522362
14,14,0.0009986915362797217,0.0009937169747182022,-19.9995586847761,-20.02077687755368
15,15,0.0010003539098705136,0.00099066155962646,-19.997152784183196,-20.03415084769031
16,16,0.0009972966190898004,0.000989663108301006,-20.005503301438537,-20.038530149174143
17,17,0.0009939682942373467,0.000985674290476661,-20.031398326239874,-20.056069673572217
18,18,0.0009913483242139452,0.000976813402590587,-20.03977923624971,-20.09528786462792
19,19,0.0009883075284041925,0.0009807489787865627,-20.050619805346418,-20.077825316878837
20,20,0.0009871517528885418,0.0009800517153436023,-20.054191209506833,-20.080914031396134
21,21,0.0009814148808387829,0.000973883743618468,-20.07999152276841,-20.10833279766156
22,22,0.0009833264408258663,0.000977105834815455,-20.074973256596923,-20.093987895825652
23,23,0.000976611036188017,0.0009749577760598377,-20.102116041681604,-20.10354588805207
24,24,0.0009749160711077455,0.0009701892176005794,-20.108296526014414,-20.124839525818526
25,25,0.0009729363061439668,0.0009653099175346526,-20.120280782659997,-20.146736281489794
26,26,0.0009743436233658996,0.0009645137225130671,-20.11200212708267,-20.150319853758646
27,27,0.00096910129620492,0.0009606385750598029,-20.134994625462753,-20.167803742494428
28,28,0.0009672186684257054,0.0009601361571664089,-20.151513904973083,-20.17007571452765
29,29,0.000964935991394612,0.0009540296649854435,-20.159302447116975,-20.197785172339113
30,30,0.0009618369537194442,0.0009557668052270616,-20.17256583958039,-20.189884533280903
31,31,0.0009571849602543432,0.0009525837070357643,-20.19182667427751,-20.204372471979607
32,32,0.0009600338532070908,0.0009499105600346075,-20.184123940241648,-20.21657680579547
33,33,0.0009524753748093607,0.0009496171872964815,-20.211983075433814,-20.217918298832366
34,34,0.0009538506862188968,0.0009422921422427814,-20.203526270780774,-20.25154826717374
35,35,0.0009498583451729536,0.000941786915063858,-20.22397370085214,-20.253877440998185
36,36,0.0009462928505057527,0.0009392171172964337,-20.2363014885505,-20.26574397254361
37,37,0.0009440312974548601,0.0009404715873595131,-20.245999665687485,-20.2599471668742
38,38,0.0009464678749413297,0.0009357487494861217,-20.23902687396561,-20.28181140871439
39,39,0.0009426556199971471,0.0009331266751120749,-20.26183131303854,-20.29399791578706
40,40,0.0009354374367868547,0.0009304516807835745,-20.283679707220607,-20.306465715385542
41,41,0.0009384453242654269,0.0009320179110785064,-20.277349054507184,-20.299161377770645
42,42,0.0009339963285175642,0.000928503203842985,-20.292366778680965,-20.315569896453137
43,43,0.0009351864423526009,0.0009301530356567941,-20.293580185259525,-20.307859885039914
44,44,0.0009331449958707023,0.0009328409030690397,-20.29607903077909,-20.295328155645397
45,45,0.0009279002215876484,0.0009193189019386313,-20.321274049239992,-20.358742066231855
46,46,0.0009282459888952909,0.0009183514201523442,-20.324985023322306,-20.363314943476432
47,47,0.0009289055441016543,0.0009235759222830989,-20.316225941394883,-20.338677939847408
48,48,0.0009253841942445058,0.0009207228891012308,-20.33869242286785,-20.35211456463184
49,49,0.0009226471278096366,0.0009173520620128041,-20.345836163731658,-20.368043547769457
50,50,0.0009246811681167828,0.0009185836932278777,-20.344677577235437,-20.36221664757255
51,51,0.0009219319320802298,0.0009166669854159025,-20.354513393554605,-20.371288061505236
52,52,0.0009209780945423414,0.0009090628101196336,-20.36058036643768,-20.407465051934434
53,53,0.0009157510039867045,0.0009113202992777683,-20.37294309845395,-20.396693521679463
54,54,0.0009134738938882947,0.0009082568882915535,-20.39267915653754,-20.411316960060795
55,55,0.0009141535415390948,0.0009068241986250015,-20.38556759623623,-20.41817295509228
56,56,0.0009140542536714719,0.000904306989947432,-20.39106057272508,-20.430245084922326
57,57,0.0009108810264319566,0.0009083089810845099,-20.399569791318555,-20.41106787894664
58,58,0.0009119120347265576,0.0009046151566221134,-20.394668231128264,-20.428765363002075
59,59,0.0009077151735630078,0.0009071078782558049,-20.419422711204778,-20.41681457457891
60,60,0.0009095615553717638,0.0009023245840676521,-20.417355635443286,-20.439776062819615
61,61,0.0009059121804647916,0.0008980660993409785,-20.429363729606397,-20.460320935486767
62,62,0.0009082654153822546,0.0009013204528999172,-20.419347411703153,-20.444611700224648
63,63,0.000906875669072891,0.0009023758833982834,-20.421898323962267,-20.43952916294203
64,64,0.0009014383420472984,0.0008968557537484326,-20.44505058619164,-20.466177975901143
65,65,0.0009075260514719892,0.0009009509751769272,-20.42531895988955,-20.44639236584503
66,66,0.0009014123202224751,0.0008925813538218407,-20.443498589517578,-20.486925861639996
67,67,0.0009005783970669372,0.0008929652119006373,-20.453892418067948,-20.485058562839463
68,68,0.000897246154898912,0.0008924864293811353,-20.46703159008525,-20.487387750664297
69,69,0.0009023447073371985,0.0008938702705659365,-20.444896988373877,-20.480659030575758
70,70,0.0009007772188345643,0.0008904038236084345,-20.457876599231135,-20.497533799810284
71,71,0.0008994210871493386,0.0008928843859681173,-20.456096630940237,-20.48545167832415
72,72,0.0008970216593522694,0.0008914869548262734,-20.479479454319815,-20.49225403772034
73,73,0.0008955714724881133,0.0008879833346183755,-20.472335399175307,-20.509355811188854
74,74,0.0008973921373121671,0.0008901053347232702,-20.470433257390646,-20.498989923485293
75,75,0.0008967312631322091,0.0008859917656273434,-20.47394490087679,-20.51910710686814
76,76,0.0008958936368892948,0.0008883188956564194,-20.474695664886173,-20.507714960815377
77,77,0.0008963877581223154,0.0008867835491209438,-20.475426140348176,-20.51522768433628
78,78,0.0008932298941048074,0.0008866754881302384,-20.488050923107245,-20.5157569358278
79,79,0.0008962550626578021,0.0008864088755983271,-20.48620162484843,-20.51706300286732
80,80,0.0008922034830152604,0.0008842672350032157,-20.495661625295497,-20.52756862996262
81,81,0.0008915344099562193,0.000881023714196329,-20.492702157224052,-20.54352797960069
82,82,0.00089323397524194,0.0008852567866836724,-20.492786275728825,-20.52271131382662
83,83,0.00088759320944106,0.0008854173754930104,-20.510545007287952,-20.521923559247806
84,84,0.0008903965846030522,0.0008810658320343416,-20.501206487182102,-20.54332036762454
85,85,0.0008890020010570429,0.0008812207195564712,-20.510686760195096,-20.542556964007925
86,86,0.0008829737054520123,0.0008828934821251192,-20.531679237183198,-20.534320855822497
87,87,0.0008909283601918939,0.0008843768859821323,-20.503363420835573,-20.527030129146375
88,88,0.0008834642340121887,0.0008822229788883737,-20.532310589171754,-20.537620308025843
89,89,0.0008891481358903585,0.0008809195378010994,-20.511532314459178,-20.544041540222963
90,90,0.0008870826304419754,0.0008773554061343404,-20.517207085399196,-20.56164839791114
91,91,0.000883727152615824,0.000880566195854427,-20.530904137228116,-20.54578387008452
92,92,0.0008858963337093208,0.0008816252505455754,-20.527787445773495,-20.540563760036733
93,93,0.0008843888825084054,0.0008806422548858743,-20.532219812731626,-20.545408763802662
94,94,0.000883880864046322,0.0008790572081986619,-20.532380684414804,-20.553232568155934
95,95,0.0008816309315248479,0.0008791835923483106,-20.54217536294785,-20.55260821751102
96,96,0.0008854206349009398,0.0008793567386946004,-20.52842299635862,-20.55175300251628
97,97,0.0008809793105627381,0.0008801977474879669,-20.543559683132983,-20.547601434504337
98,98,0.0008825645734047153,0.000876824625792276,-20.544920121940144,-20.564276577191496
99,99,0.0008891349731579653,0.0008753501185166993,-20.50899577149451,-20.57158601395348
100,100,0.0008824882853641798,0.0008763691202100171,-20.54291237905509,-20.566533299424886
101,101,0.0008792760493905889,0.0008762306901381203,-20.553149557909038,-20.567219359255823
102,102,0.0008848225871897926,0.0008739676406165879,-20.533369887441015,-20.578450434613863
103,103,0.0008831910888626019,0.0008753484641937049,-20.543907024408487,-20.57159422168672
104,104,0.0008812893605695019,0.0008720958139747381,-20.549606922139112,-20.587761943779384
105,105,0.0008780429242946899,0.0008706644447030206,-20.566960676270952,-20.594895867254593
106,106,0.0008822872781089132,0.0008713038619852772,-20.54281164619767,-20.591707572625772
107,107,0.0008818796384580357,0.0008721679730929042,-20.55428548356351,-20.58740261387655
108,108,0.0008759215472928565,0.0008738665645451922,-20.569858914526193,-20.57895273374474
109,109,0.0008803953137008723,0.0008718403160425001,-20.56082680044691,-20.589034482847673
110,110,0.0008791736273104613,0.0008738649745569809,-20.560428014853336,-20.578960635680374
111,111,0.0008788253528728467,0.0008726313489636308,-20.56993958087024,-20.585095854745102
112,112,0.0008792976462330247,0.0008705682243759695,-20.560200665018733,-20.595375848567485
113,113,0.0008796502868452868,0.0008727947133593261,-20.564922820368782,-20.58428289271447
114,114,0.000875321638136718,0.0008692514843699572,-20.56997138949029,-20.601949553015373
115,115,0.0008755535146547962,0.0008683486253415284,-20.57371629902844,-20.606462751732145
116,116,0.0008738363532531891,0.0008728604543169862,-20.577173833540886,-20.58395578418022
117,117,0.0008752326314222336,0.0008721557464205512,-20.576972276729588,-20.587463496799543
118,118,0.0008752640731603906,0.0008681972118976869,-20.575280761569978,-20.607220094520375
119,119,0.0008749596470938131,0.0008728347479757902,-20.571505390624843,-20.584083688777966
120,120,0.000876633434786855,0.0008713189959771147,-20.575773057697774,-20.59163213910194
121,121,0.0008721603062627933,0.0008698667822356679,-20.599909209100534,-20.59887649600613
122,122,0.0008719668804053409,0.0008681754146604554,-20.592684879122448,-20.607329131252538
123,123,0.0008759288664561571,0.0008677215174477743,-20.581540608111727,-20.609600292122344
124,124,0.000875990328345371,0.0008687159616353089,-20.571489710423517,-20.60462595039539
125,125,0.000869503029929378,0.0008647498876885756,-20.60141584841791,-20.62449881995385
126,126,0.0008738081627429376,0.0008648350638778586,-20.580341973772605,-20.62407106936558
127,127,0.0008718404869702597,0.0008660592935293129,-20.59662949379435,-20.617927698817397
128,128,0.0008707275504928044,0.0008681668121808846,-20.596507788062887,-20.607372164352242
129,129,0.0008694012997403127,0.0008638357578188573,-20.60107882745296,-20.62909218906116
130,130,0.0008672879535954484,0.0008642135439195523,-20.610440565879642,-20.627193280027484
131,131,0.0008702156339176767,0.0008683195000661439,-20.60075523331053,-20.606608420857984
132,132,0.00086860550440291,0.0008619308814798531,-20.613535869308205,-20.638679552727467
133,133,0.0008744328509603348,0.0008651256579660663,-20.58947502547758,-20.62261203727802
134,134,0.0008678502870061118,0.0008651633458947273,-20.606169337480836,-20.622422847386414
135,135,0.0008685977393809284,0.0008649264315241261,-20.606437132084384,-20.623612272418825
136,136,0.0008682257408208991,0.0008645970496888223,-20.610219999771225,-20.625266470431107
137,137,0.0008733308641240001,0.0008615950784204822,-20.592300299254845,-20.64037186744659
138,138,0.0008693164083674626,0.0008621131694924674,-20.609902616224996,-20.637761169252915
139,139,0.0008682081609071453,0.0008630422372861128,-20.611734226159154,-20.63308345669999
140,140,0.000863816064047944,0.0008600034634582698,-20.636495376420406,-20.64840196012522
141,141,0.000866836035916985,0.0008617263703950142,-20.61690891605599,-20.639710129264117
142,142,0.0008673310338653932,0.0008605387196631023,-20.616062200744434,-20.64569980232935
143,143,0.00086643725343183,0.0008613975063015364,-20.616758097372404,-20.641367861070393
144,144,0.000866875063253509,0.0008667680943433783,-20.625354399844717,-20.61437479676103
145,145,0.0008665613959706628,0.0008601057281913725,-20.623077908568508,-20.647885562566884
146,146,0.0008679091217495577,0.0008598194966141723,-20.620235056326038,-20.649331076521552
147,147,0.0008670295427850995,0.0008597713772599635,-20.62635712974387,-20.64957413398747
148,148,0.0008656406323857529,0.000862535110699307,-20.628202812260955,-20.635636136066978
149,149,0.0008680660418023538,0.0008610371978169209,-20.615655416856153,-20.64318482386799
150,150,0.0008619582993410451,0.000860816229281849,-20.63874718483789,-20.644299499652497
151,151,0.0008656212912401972,0.0008625523248491319,-20.632586131744567,-20.63554946208019
152,152,0.0008625531156268931,0.0008612239525016202,-20.644594579119957,-20.642242962880914
153,153,0.000866952366627676,0.0008581837663721098,-20.61812181723588,-20.657601012300777
154,154,0.0008669282194495815,0.0008599812097504343,-20.62621927317214,-20.64851434092333
155,155,0.0008614747160949658,0.0008562254921631201,-20.641243699066134,-20.667522424573352
156,156,0.0008618343656296967,0.0008573647447567629,-20.641665648062354,-20.661747751292076
157,157,0.0008595111478628955,0.0008596708128032716,-20.652066900587833,-20.65008214279311
158,158,0.0008635772026105563,0.0008566324249841273,-20.64254310562257,-20.665458871254373
159,159,0.0008572904037830141,0.0008541919952748637,-20.6653972592736,-20.67784898987236
160,160,0.0008604702912991118,0.0008529949271561284,-20.655159705201534,-20.68393947893131
161,161,0.0008649085162293896,0.000856160572239835,-20.635232818096547,-20.66785172373139
162,162,0.0008573375039820358,0.0008557568408401781,-20.670117827643907,-20.669900167434957
163,163,0.000863440041358285,0.0008563773528868822,-20.643038689314764,-20.666752225286213
164,164,0.000860088294223143,0.0008521204183221256,-20.648166703162012,-20.688394243769253
165,165,0.0008572349894897456,0.0008495500813679476,-20.665851052649487,-20.701514104576457
166,166,0.0008559332225596552,0.0008517401047835225,-20.67348863017703,-20.690332994878414
167,167,0.0008508539554595793,0.0008502623225611291,-20.691767145681155,-20.69787461544965
168,168,0.0008541994713746088,0.0008505228140979613,-20.684342719658254,-20.69654428823224
169,169,0.0008542584507370886,0.0008453848361233739,-20.684550381788025,-20.72285942761304
170,170,0.000852195774661089,0.000849373292447509,-20.689688187104608,-20.702417952908508
171,171,0.0008513685441863982,0.00084727902982482,-20.695439769597357,-20.713139385351383
172,172,0.000848019365989363,0.0008452151270926391,-20.71901869047816,-20.723731351160048
173,173,0.0008461769735056561,0.0008402886236772725,-20.72478534387586,-20.74911912428447
174,174,0.0008448670605034328,0.0008406363133537141,-20.734503319644336,-20.7473224978353
175,175,0.0008429958102216502,0.0008405211540919385,-20.743590870647047,-20.74791748114859
176,176,0.0008375606026750096,0.0008366904527831235,-20.765923466852648,-20.76775582863263
177,177,0.0008371473756887633,0.0008313424768857658,-20.76930480765236,-20.795604252229612
178,178,0.0008343226707194807,0.0008289043908007443,-20.781614940126396,-20.808359561272862
179,179,0.0008298700330922976,0.000825220673026419,-20.805597368760754,-20.82770297105519
180,180,0.0008284662995420242,0.0008236575920722986,-20.81591720665095,-20.83593690379425
181,181,0.0008257913808866413,0.000818989015993123,-20.82033078614407,-20.860623190896916
182,182,0.0008233614504750165,0.0008191988055937385,-20.841243561024434,-20.859510858535444
183,183,0.0008231708863942125,0.0008133023082719822,-20.851523414573766,-20.890883913830393
184,184,0.0008183371182051056,0.0008127323327291953,-20.864689759981843,-20.89392858750399
185,185,0.0008180668774377747,0.0008101219121415756,-20.874826418039916,-20.90790017168047
186,186,0.0008126081053897278,0.0008079615194889668,-20.908446726974198,-20.91949719006593
187,187,0.000807183669260751,0.0008027243188974497,-20.923909488282774,-20.94773975952318
188,188,0.0008091903135622132,0.0008031155632220601,-20.91829932317799,-20.945623542875328
189,189,0.0008012423449023099,0.0008008713791097858,-20.960416003018114,-20.957776227994948
190,190,0.0008023368931596273,0.0007942142056938456,-20.9619154884508,-20.99402745481325
191,191,0.0007984368286585224,0.000791470360893168,-20.97126178839469,-21.009057403020996
192,192,0.0007972362134413621,0.0007898436589656692,-20.97978726041207,-21.01799260388741
193,193,0.0007950728147089021,0.0007886474026906255,-21.00038130481794,-21.024575189133216
194,194,0.0007911662885573568,0.0007886342630770646,-21.01835895622363,-21.024647547314856
195,195,0.0007887873924625365,0.0007815604361607448,-21.01740450235434,-21.063778296908797
196,196,0.0007869617685858045,0.0007787045079136366,-21.04948276443568,-21.079677074463604
197,197,0.0007829072425554785,0.0007771514448043155,-21.061160436296905,-21.088347375351933
198,198,0.0007808059525973711,0.0007763718726652625,-21.07503165594489,-21.092706034186946
199,199,0.000781799556169006,0.000773786401719247,-21.06781688581908,-21.10719302980181
200,200,0.0007768749714272155,0.0007713891651579424,-21.08872777250065,-21.120668617534427
201,201,0.0007768110792181387,0.0007707461083650981,-21.105897577825367,-21.124290557031756
202,202,0.000773835231756465,0.000767687801271677,-21.115091293561154,-21.141557566501092
203,203,0.0007743731863585484,0.0007691481763398961,-21.107832679277006,-21.133303816149407
204,204,0.0007699685616505131,0.0007658826928634785,-21.14181619020976,-21.151781406695772
205,205,0.0007669442446095889,0.0007620477515861,-21.148955976823927,-21.173582102382476
206,206,0.0007664423409522962,0.0007634302417404557,-21.153412117832012,-21.165710366279768
207,207,0.0007659942349755042,0.0007629240434126634,-21.15830324448501,-21.168590944540092
208,208,0.000763259181205529,0.0007571381100110317,-21.1667560391809,-21.201652896369065
209,209,0.0007630374760261362,0.0007604292324303012,-21.172561291984053,-21.182815926084192
210,210,0.0007604650922657288,0.000760690777832152,-21.18985417860779,-21.181322451208523
211,211,0.0007576441983980386,0.000756541279291636,-21.200874516019233,-21.205077667867286
212,212,0.0007591910123796269,0.0007502114289979401,-21.197346074758695,-21.24156720209161
213,213,0.0007582793351906093,0.0007569438036482193,-21.202551458672257,-21.202767580863615
214,214,0.0007537294769678841,0.0007508084741666129,-21.227407979578228,-21.23811230538665
215,215,0.000751718369879059,0.0007489481848958684,-21.23815683667558,-21.248886236937373
216,216,0.0007520427335696967,0.0007490516352271171,-21.23656422348605,-21.24828639830615
217,217,0.0007529508570910038,0.000745841078337674,-21.236327457158808,-21.266940971601937
218,218,0.0007473348907540677,0.0007437976463207681,-21.2629943586836,-21.278855965365814
219,219,0.0007451376301649305,0.0007424921158848232,-21.27886879375044,-21.28648549797144
220,220,0.0007460831608095197,0.0007417463011255389,-21.267018055568087,-21.29085006983575
221,221,0.0007463779430068338,0.0007368052948119217,-21.27398785315365,-21.319876581605385
222,222,0.0007448289639402911,0.0007408984697816011,-21.283082487539,-21.295816984657378
223,223,0.0007432390396848091,0.0007391274863805034,-21.285267365258463,-21.306210433265804
224,224,0.0007355578205327398,0.0007365157147624382,-21.323162975730785,-21.321583786190974
225,225,0.0007400621597645516,0.0007364929249314102,-21.310268071616246,-21.3217181709813
226,226,0.0007341116818013726,0.000733356285644205,-21.338213801098803,-21.340253775751794
227,227,0.0007357285394016461,0.0007315086580714897,-21.326623260558122,-21.351209255141164
228,228,0.0007353246598456477,0.0007297033995487972,-21.34248236781765,-21.36194026724331
229,229,0.0007337681365861874,0.000727127701362693,-21.34056693604859,-21.377297060136073
230,230,0.000733084033949051,0.0007252667166635787,-21.346905108034825,-21.388426486385672
231,231,0.0007281376891433424,0.0007277506305591056,-21.373882713405145,-21.373578058715616
232,232,0.0007290149818068927,0.0007261283370960308,-21.37221961981808,-21.383270108839834
233,233,0.0007298980598318746,0.0007255014589693593,-21.364738536329302,-21.38702106144361
234,234,0.0007284714062650179,0.0007228475419412318,-21.37524127287746,-21.402936877451904
235,235,0.0007290102165797245,0.0007258705721285782,-21.37622105393547,-21.38481206460106
236,236,0.0007228573775831034,0.0007242194107292514,-21.40294548777895,-21.394702355587842
237,237,0.0007236135941114008,0.0007200535558360187,-21.396676369822337,-21.419755968745847
238,238,0.000725599032221842,0.0007212110304910885,-21.393417916537842,-21.412780359014228
239,239,0.000724574775415828,0.0007160872276137141,-21.39537051917156,-21.443744687119985
240,240,0.0007228323476888316,0.0007169608755870477,-21.41436840285788,-21.438449393262044
241,241,0.0007201238204101005,0.0007167389573480346,-21.42088430956005,-21.439793856938373
242,242,0.0007229214012094764,0.0007187882009403486,-21.409422039802873,-21.427394568166797
243,243,0.000718669601015209,0.000714520320271779,-21.43282119882239,-21.45325812056128
244,244,0.0007177370614804251,0.0007206191596771149,-21.432505861261298,-21.41634591402479
245,245,0.0007170926876721385,0.000716494972278413,-21.447743122228236,-21.44127249023384
246,246,0.0007165900789220462,0.0007149518351070583,-21.448599014655127,-21.450636110516403
247,247,0.0007184108907654497,0.0007131440430193356,-21.4368528322122,-21.461631374343135
248,248,0.0007161863817900573,0.000711348397951377,-21.44961651439305,-21.47258038516402
249,249,0.0007151502596224015,0.0007096552657649705,-21.448266958498976,-21.482929666203017
250,250,0.0007157287675618511,0.0007118392876643492,-21.449028142664122,-21.469584424698986
251,251,0.0007147726719267666,0.0007069821034460084,-21.459577039885854,-21.499319760767854
252,252,0.0007148490127742521,0.000708239989379715,-21.462063820709826,-21.491599515775906
253,253,0.0007125669934297192,0.0007054854496872347,-21.46465587163609,-21.508523352178834
254,254,0.000711702892902432,0.0007102989720327681,-21.47386522704487,-21.47899210129029
255,255,0.0007106322601927233,0.0007038172640788712,-21.484818511331984,-21.518804807479995
256,256,0.0007107649352545514,0.0007076758346030195,-21.483773259662392,-21.49506030511484
257,257,0.0007110307450387051,0.000705827318597585,-21.48431089495279,-21.506419328357325
258,258,0.0007102693126239267,0.0007062846715071876,-21.4841137253594,-21.503606154143668
259,259,0.0007095922897185784,0.0007045827070741277,-21.490093657977617,-21.514084164074845
260,260,0.0007112108413418083,0.0007057427030399834,-21.485815606222623,-21.50693999781375
261,261,0.0007097556678213409,0.0007077789693874749,-21.490408206559604,-21.49442742206221
262,262,0.0007076558852616275,0.0007057899492792785,-21.500450065617297,-21.50664926729483
263,263,0.0007104273920293091,0.0007054546486439282,-21.49081612767505,-21.50871296650991
264,264,0.0007069808918233845,0.0006991819337647604,-21.501924655251127,-21.54750198286066
265,265,0.0007071849804842057,0.0007028960328745214,-21.50752376186647,-21.524493040990937
266,266,0.000705336028537185,0.0007018688116467705,-21.5141213398347,-21.53084451813903
267,267,0.0007053968033359683,0.000702867486612185,-21.513275456994695,-21.52466942178389
268,268,0.0007072829253750748,0.0007011162386716981,-21.510642420266958,-21.53550370280499
269,269,0.0007048487992112323,0.0007044631822377836,-21.51291519125533,-21.51482096019189
270,270,0.0007062011035927332,0.0007012118095237957,-21.50950069276197,-21.53491174582582
271,271,0.0007030812575789072,0.0007019464422850625,-21.528961017814506,-21.53036419057774
272,272,0.0007032872616918277,0.0007013079011812806,-21.52467500968911,-21.534316644361656
273,273,0.0007014775861141071,0.0007002342271765596,-21.533653003565338,-21.540970611836396
274,274,0.0007032608072100611,0.0006981701467578349,-21.52871307655857,-21.553791215143438
275,275,0.0007043828996925702,0.0006968625637359525,-21.52201827209998,-21.561932619327955
276,276,0.0007030313778140573,0.0006983935477604207,-21.53653592963439,-21.552401778716256
277,277,0.0007006927062133231,0.0007003186650476174,-21.535870343366376,-21.540446948621504
278,278,0.0007010432561504242,0.0006973765986530404,-21.53943089527067,-21.558730262886762
279,279,0.0006987782022387711,0.0006986437426683935,-21.544401451909565,-21.55084622583533
280,280,0.0007018089701287141,0.0006968243519383433,-21.54436022939434,-21.56217076711657
281,281,0.0006998609553436874,0.0006976808010796575,-21.54235457356212,-21.556836241359324
282,282,0.0006996454111751669,0.0006950239277150678,-21.5529222635085,-21.573406398942282
283,283,0.0006992654465666981,0.0006978416411010059,-21.553971430161752,-21.555835154856684
284,284,0.0006974386663377745,0.0006948282917667376,-21.56576480281585,-21.57462902696261
285,285,0.0006996385312696785,0.0006987772832967733,-21.549272474130294,-21.55001618310498
286,286,0.0006989627949336602,0.0006945675980348728,-21.55830470485973,-21.576258769088312
287,287,0.0006997048063923788,0.0006942358541939603,-21.55119517239227,-21.578333569838883
288,288,0.0007011303444124144,0.0006921093414635642,-21.543597072661072,-21.591656852838117
289,289,0.0006966127362342301,0.0006936868762989578,-21.562636772507176,-21.581769180160435
290,290,0.0006958535799190172,0.0006959229297200708,-21.569833118409363,-21.567792501297358
291,291,0.0006958935829839602,0.000691787885060828,-21.56708839174758,-21.59367444116355
292,292,0.0006996211235785915,0.0006884490262324873,-21.561338761729377,-21.61468606288743
293,293,0.0006945152387752669,0.0006942464663696132,-21.581187563464105,-21.578267183551368
294,294,0.0006934107352076963,0.0006935604860221869,-21.5778537563267,-21.58256054010691
295,295,0.0006991084329015815,0.000691862139654787,-21.56434557403264,-21.593208306521593
296,296,0.0006956658836156514,0.0006883176331604389,-21.582724010319765,-21.615515009258772
297,297,0.0006967215761590327,0.0006938950085130177,-21.573124079406675,-21.580466328433417
298,298,0.0006958262991284971,0.0006898880850425677,-21.57843981640142,-21.605617519026502
299,299,0.0006951294622153582,0.000691561227492792,-21.576430995217798,-21.595097597922276
300,300,0.0006956099082485379,0.0006908766104300556,-21.57733254229203,-21.599399063474117
301,301,0.0006977041436781742,0.000695670176738579,-21.571043956191588,-21.569370106501697
302,302,0.0006938364018311666,0.0006882126387943955,-21.58614501231107,-21.61617752246056
303,303,0.0006940816577101491,0.0006896627999499048,-21.58327173889362,-21.607035952728847
304,304,0.0006939532996164923,0.0006898514632331697,-21.585426693684195,-21.605848064708297
305,305,0.0006967118212751584,0.0006886874141759778,-21.576928806803526,-21.613182499893867
306,306,0.0006912730966656248,0.0006873485184960851,-21.602470534009214,-21.621633953454324
307,307,0.0006928492143039697,0.000687294520168124,-21.5959121694104,-21.621975150044538
308,308,0.000690974567575169,0.0006869494528999846,-21.60005146328244,-21.624156142888964
309,309,0.0006921478912003876,0.0006897293435605733,-21.59760901251399,-21.606616934495662
310,310,0.0006891742760325139,0.0006852802961427523,-21.617886922826358,-21.63472151544591
311,311,0.0006883554844684975,0.0006889500563327027,-21.616372786131347,-21.61152656292635
312,312,0.0006876405371717878,0.000682816087072225,-21.6238058769655,-21.65036651783115
313,313,0.0006896574356228343,0.0006852580393713556,-21.613410470474406,-21.634862569406287
314,314,0.0006860218937364742,0.0006866480383139692,-21.634789637324346,-21.62606212618334
315,315,0.0006844756978362338,0.0006832248212671594,-21.641874267275103,-21.647767605754083
316,316,0.0006855106732529617,0.0006820066237675124,-21.64714107552598,-21.655518036559073
317,317,0.0006840102867818601,0.0006784226647333094,-21.647490641812873,-21.678400478827896
318,318,0.0006852359606970832,0.0006814569963975565,-21.648293450649394,-21.659019415595143
319,319,0.0006844130951968819,0.0006799144658112997,-21.652390087019313,-21.668861149861858
320,320,0.0006830197220101722,0.0006782931618784603,-21.65617264861242,-21.67922957471252
321,321,0.0006850329245747902,0.0006802936366416121,-21.64879046725906,-21.666439876186576
322,322,0.000681040336296308,0.0006783612495239236,-21.670161431140453,-21.678793648090576
323,323,0.0006841796128674573,0.0006801778646676164,-21.652754665839385,-21.66717901889612
324,324,0.0006804101279523876,0.0006764018142252768,-21.664535274226107,-21.69135632497475
325,325,0.0006823038475914407,0.0006798988324590027,-21.660942635796587,-21.668961008844633
326,326,0.0006808278891353955,0.0006781594374364144,-21.664755951120046,-21.68008586394067
327,327,0.0006756319528800848,0.0006773325210241111,-21.692506158989204,-21.685384682235647
328,328,0.0006774434598988479,0.0006758128415401044,-21.684956236781016,-21.695139564599415
329,329,0.0006800902150475333,0.0006743473013078696,-21.67778098050435,-21.704567724498926
330,330,0.0006799010995573835,0.0006785319542120162,-21.677999763486525,-21.677700915010917
331,331,0.0006799524621173893,0.0006727548408027934,-21.679419681487737,-21.714835648668025
332,332,0.0006772546624505566,0.000671945138540315,-21.689292680888983,-21.720065800709087
333,333,0.0006754227665483414,0.0006713936791608208,-21.698206857194876,-21.72363148013122
334,334,0.0006779578692020522,0.0006735046841449252,-21.6863431801103,-21.709997757408267
335,335,0.0006772595692963637,0.0006730443473268105,-21.697197159466185,-21.712967151660386
336,336,0.0006754788061239056,0.0006716414354741573,-21.70664525190134,-21.722029151200477
337,337,0.0006777895098436892,0.0006717953487838569,-21.695718723177396,-21.721034036250973
338,338,0.0006726259958555864,0.0006713773687615207,-21.715806084485457,-21.723736986076183
339,339,0.0006756162596146393,0.0006702352272297599,-21.703475955027418,-21.731131458759418
340,340,0.0006751426634829991,0.000673857704417682,-21.70568103473165,-21.70772198125082
341,341,0.0006747351816528928,0.0006716036188759302,-21.705129657369454,-21.72227368647549
342,342,0.0006765858912312416,0.0006715829612834281,-21.703717247385228,-21.72240727146757
343,343,0.0006735871309539323,0.0006701977476232538,-21.71536776204279,-21.7313743233651
344,344,0.0006752299791749221,0.0006688017287830773,-21.709183404213526,-21.74043009238185
345,345,0.000675053533152245,0.0006720427405334225,-21.710650846859714,-21.719435021105134
346,346,0.0006731319554466946,0.0006717792221982228,-21.720865677154954,-21.721138290786662
347,347,0.0006722224733465802,0.000669057337003515,-21.72361535715443,-21.738770586625904
348,348,0.0006741954766204293,0.0006697307873860394,-21.714828363558752,-21.734401324540187
349,349,0.0006725152410787636,0.0006670826727426366,-21.724543318500057,-21.7516073613684
350,350,0.0006714470668926297,0.0006681658591045753,-21.729280597576327,-21.744561153088288
351,351,0.0006725098673715113,0.0006659646996443993,-21.7261252451441,-21.758891868601534
352,352,0.0006726092992580889,0.000666730969801153,-21.7209868609812,-21.753897676078395
353,353,0.0006730934681812513,0.0006715628765768519,-21.726051673787726,-21.722537155758488
354,354,0.0006697546737508598,0.000665700280622236,-21.731040933013755,-21.760616562506485
355,355,0.0006717300179328039,0.0006661660767062322,-21.72304217936691,-21.75757883013782
356,356,0.0006716034906801105,0.0006654213770831886,-21.739925388979024,-21.762436475345595
357,357,0.0006701493955015676,0.000666916805417522,-21.737871916342506,-21.752687350762336
358,358,0.0006682754772686467,0.0006661080528589848,-21.741319048786593,-21.757957122204523
359,359,0.0006697998512968345,0.0006685913509787305,-21.73859334469601,-21.741796420975575
360,360,0.0006699008343875716,0.0006650176640648983,-21.743337857240398,-21.76507215178134
361,361,0.0006697519151877958,0.0006661062514850576,-21.74693966887969,-21.757968866962916
362,362,0.0006700998535811825,0.0006693080649711192,-21.74286234947724,-21.73714338117211
363,363,0.0006695993715109899,0.0006625112513766476,-21.741812543311507,-21.78147138016154
364,364,0.000671200589852926,0.0006695048528184232,-21.735928388576834,-21.73586666990544
365,365,0.0006681380825856528,0.0006629501432670574,-21.750184951473273,-21.778595274770716
366,366,0.0006699438720519088,0.0006642777619785384,-21.73875074020983,-21.769906824648547
367,367,0.0006688706944072523,0.0006664513830879802,-21.748586447442477,-21.75571922687017
368,368,0.0006671837733856873,0.0006624205546502612,-21.75910507522331,-21.78206596303258
369,369,0.00067129309802825,0.000664160755389419,-21.737971592448595,-21.770671862931735
370,370,0.0006678936782187407,0.0006653981951163395,-21.759770079047204,-21.762587777603144
371,371,0.0006682439785229868,0.0006657822676444132,-21.74780941531982,-21.7600817224305
372,372,0.0006649325020880121,0.0006624610763729402,-21.7676184848834,-21.78180030366875
373,373,0.0006651675800274405,0.0006639233814846529,-21.766601444052878,-21.77222432749664
374,374,0.0006681129008713994,0.0006617052774680289,-21.754112739053404,-21.786757978790522
375,375,0.000669556827111573,0.0006648290559257331,-21.74438240805876,-21.766304045252962
376,376,0.000667494328058872,0.0006639536739768166,-21.74801928579146,-21.77202617869758
377,377,0.0006670121730007615,0.0006646829608239626,-21.757695430607278,-21.76725850517492
378,378,0.0006669797375318163,0.0006629720416018053,-21.763259089726912,-21.778451822522108
379,379,0.0006669883132604978,0.0006626133231054011,-21.759892638966384,-21.78080232323667
380,380,0.0006677264194052244,0.0006646533331245576,-21.75947825655278,-21.76745209270313
381,381,0.0006647288508847664,0.0006617280335998849,-21.761126160626787,-21.78660862691291
382,382,0.0006681121795764673,0.0006585994208427636,-21.75594398443955,-21.807190518093282
383,383,0.0006639855810604298,0.0006591975260035772,-21.77349444969279,-21.80324827510362
384,384,0.0006662057868694675,0.0006623070589021632,-21.767937294313377,-21.78281012472642
385,385,0.0006665168276066249,0.0006600483841458825,-21.75969261338173,-21.79764624072201
386,386,0.0006639255227559467,0.000661123044617278,-21.776438118344895,-21.79058100746886
387,387,0.0006639954235558351,0.0006599725548815178,-21.775616180125795,-21.798145206005714
388,388,0.0006636695962725687,0.0006623100458742364,-21.774952674479948,-21.78279053830429
389,389,0.0006661280862430168,0.0006619900538537063,-21.76692035537144,-21.784889318958346
390,390,0.0006645079522115207,0.0006591543359191794,-21.772793449543137,-21.803532830628974
391,391,0.000666254592492946,0.0006624712351415502,-21.767655639098614,-21.781733705592575
392,392,0.0006658682244416979,0.0006646533668237297,-21.764322369524848,-21.767451872507678
393,393,0.0006650383734221081,0.0006622324550622388,-21.767935183858196,-21.78329935189859
394,394,0.000665513011290855,0.0006620900025346169,-21.766618027183014,-21.784233661311877
395,395,0.0006638145267473745,0.0006604455840332728,-21.78089687617359,-21.795033555943956
396,396,0.0006662165558868155,0.0006610126675743805,-21.75909619918558,-21.791306139394855
397,397,0.0006626417941999497,0.0006582904300701461,-21.782451636850052,-21.809228547164224
398,398,0.0006638833276024952,0.000657766383435381,-21.77763540336555,-21.812687221158107
399,399,0.0006627547134616479,0.000660689440433328,-21.787157280901862,-21.793430305887572
400,400,0.000664063771951406,0.0006636598447680866,-21.78002928095854,-21.77394855150044
401,401,0.0006614839382104806,0.0006618587833241021,-21.790806350762733,-21.7857505965488
402,402,0.0006651640407616253,0.0006602002938866223,-21.779565140915697,-21.79664682957259
403,403,0.0006655853454110011,0.000661170195886179,-21.774574653293193,-21.790271279864122
404,404,0.0006630951778713576,0.0006619291962124407,-21.775933070344365,-21.785288590104237
405,405,0.0006636691048078853,0.0006592766547232474,-21.780304559255956,-21.802726988197033
406,406,0.0006634044441749755,0.0006624688271825251,-21.78203132401621,-21.781749491413336
407,407,0.0006637668558732443,0.0006597951287403703,-21.78323154852185,-21.79931291446632
408,408,0.0006616580985323286,0.0006600977319880928,-21.792607590331453,-21.797321557032628
409,409,0.0006638894196042849,0.0006574462290461126,-21.77903077564791,-21.814801575689735
410,410,0.0006618304646180309,0.0006560510771937276,-21.78993415846946,-21.824027433647576
411,411,0.0006638617037565054,0.0006592784622242968,-21.782660979512873,-21.802715081410255
412,412,0.0006621012628587327,0.0006577964430969013,-21.788736871368425,-21.812488754845972
413,413,0.0006593613280463464,0.0006591489317973977,-21.799216486994087,-21.803568436704253
414,414,0.0006607926532280506,0.0006546701555826554,-21.797135574029966,-21.833178530654763
415,415,0.0006590925736746453,0.000657544649010034,-21.80966745789103,-21.814151483768445
416,416,0.0006589537334013922,0.0006536969786362821,-21.800154351501433,-21.839639185995527
417,417,0.0006599748085886624,0.0006566720365203525,-21.802654979324814,-21.819918734313546
418,418,0.0006600142943855259,0.0006563445112030758,-21.810025675069625,-21.8220853854677
419,419,0.0006598911365762967,0.0006552999073296393,-21.800656439586874,-21.829002897371275
420,420,0.0006599343752670917,0.0006555118444865864,-21.806637207653367,-21.82759852884243
421,421,0.0006602420105560462,0.0006556731195336109,-21.806696835629662,-21.8265301690722
422,422,0.000664018270962862,0.0006553108381156466,-21.79091510253654,-21.828930455113916
423,423,0.0006599306955827957,0.000657432308224471,-21.80514082891023,-21.81489353454147
424,424,0.0006597188803050475,0.0006573384437759064,-21.808775309009903,-21.815513639788954
425,425,0.0006584718723819812,0.0006555531688622738,-21.81244441356135,-21.827324752208135
426,426,0.0006613597842701471,0.0006580774972558414,-21.7971658052732,-21.81063355780229
427,427,0.0006600380005055712,0.0006557616962757157,-21.80585078360542,-21.825943507960023
428,428,0.0006590141475527096,0.000656554812418395,-21.815379082987874,-21.820694073026775
429,429,0.0006580017297048621,0.0006576365037625166,-21.815459463232088,-21.813544844719207
430,430,0.0006620445889996883,0.0006570755810427823,-21.8042929109583,-21.817250685101314
431,431,0.0006590325669769544,0.0006564725772477686,-21.81049314224858,-21.821238072049933
432,432,0.0006602380470343933,0.0006585661903955042,-21.806253861130365,-21.807409652266784
433,433,0.0006620777283612754,0.000656176113376492,-21.80047858327182,-21.823199794580688
434,434,0.0006583321631943673,0.0006553450611567026,-21.81607733984704,-21.828703654503684
435,435,0.0006591274778685081,0.0006548850827752368,-21.8097815521948,-21.831752982623595
436,436,0.0006598991662331079,0.0006557616993392768,-21.809914966969313,-21.825943487670827
437,437,0.0006590606578740954,0.0006550256144500485,-21.80696909561881,-21.830821130837567
438,438,0.0006622768459678388,0.0006566194382398144,-21.801760627358245,-21.820266610523007
439,439,0.0006590736609854803,0.0006556042874428002,-21.820509836804305,-21.826986112217188
440,440,0.0006602003830773084,0.0006553596651524698,-21.804676427470433,-21.828606875501542
441,441,0.0006609106941638303,0.0006565101732695965,-21.800951691835348,-21.820989359798087
442,442,0.0006596248971355945,0.0006543658765670108,-21.812217900659952,-21.83519752320482
443,443,0.0006591265687488557,0.000654392348798482,-21.806487928594418,-21.835021833855475
444,444,0.0006582684120038505,0.0006568255485035479,-21.81499390752738,-21.818903591107023
445,445,0.0006595916773634243,0.0006530873759306575,-21.807427933483076,-21.843691072743102
446,446,0.0006585952990265928,0.0006524394603299075,-21.8103352014611,-21.848001764571585
447,447,0.0006585775870954637,0.0006562831051843731,-21.810715883217163,-21.822491719979705
448,448,0.0006590454062667781,0.0006550815397579419,-21.81173215251392,-21.830450351202426
449,449,0.0006606004869363742,0.0006551368309086875,-21.812595031814865,-21.83008380708705
450,450,0.0006589354021887574,0.0006526988306033768,-21.81033598878325,-21.846275616763293
451,451,0.0006570158155452576,0.0006542058667707208,-21.81602298769331,-21.836259618153445
452,452,0.0006595034597527966,0.0006589151514498027,-21.81497268206154,-21.805109022132427
453,453,0.0006597928676427793,0.0006536737721609441,-21.807254131174805,-21.839793364818615
454,454,0.000656714014824211,0.0006547483682975565,-21.822939148618868,-21.832659714861077
455,455,0.000656694484053698,0.0006554362143536931,-21.816471086188102,-21.8280996280156
456,456,0.0006564327620075459,0.0006540095905381206,-21.814065057386777,-21.837562793175728
457,457,0.0006581573427856429,0.0006526507817110733,-21.817513938172368,-21.84659533752778
458,458,0.0006597252525437201,0.0006593136165879274,-21.805404851768053,-21.80248351098922
459,459,0.0006583518715882578,0.000653565625390528,-21.818793008507065,-21.84051194086249
460,460,0.0006622021661389657,0.0006539834675526148,-21.800956468108296,-21.837736266091163
461,461,0.0006592420149431324,0.0006558743127817778,-21.807495898428012,-21.82519774119338
462,462,0.0006603995828946918,0.0006534681490034257,-21.812979157363355,-21.841159719947353
463,463,0.0006596414665163485,0.000655626366527653,-21.81299561125833,-21.826839855344854
464,464,0.0006608628666690868,0.0006563402651073901,-21.801741499751166,-21.82211348141212
465,465,0.0006577861585327875,0.0006560901835511782,-21.815334972416537,-21.823768564031
466,466,0.0006606626617194144,0.0006587920728825816,-21.799476895797856,-21.80592031529001
467,467,0.0006545052975272164,0.0006553241523521903,-21.823500303978772,-21.82884221850336
468,468,0.0006586597565100672,0.0006568743326505156,-21.817183727677975,-21.818581041243906
469,469,0.0006596550577051323,0.0006532024586034057,-21.810015272800065,-21.84292585558309
470,470,0.0006568680148926977,0.0006558097421044582,-21.820151635621233,-21.825625324173764
471,471,0.0006605245163376184,0.0006598238159265174,-21.80362528148278,-21.799124091977866
472,472,0.0006572345827379715,0.0006549857850921782,-21.826197059741084,-21.831085215109688
473,473,0.0006578907649003968,0.0006548852328897306,-21.814852263728355,-21.831751987122388
474,474,0.0006568492420219345,0.0006540956827321727,-21.826909916317327,-21.83699113635835
475,475,0.0006571718750847984,0.0006560519533722024,-21.816019236515732,-21.824021633501278
476,476,0.000658227416408277,0.0006542294684454406,-21.81404300239619,-21.836102941291855
477,477,0.000658572332803928,0.0006522191964138887,-21.813034317523577,-21.84946819264767
478,478,0.0006599096052070177,0.0006547600833552057,-21.80588105466096,-21.832582009598678
479,479,0.0006594912523461372,0.0006549989737227167,-21.806287459123,-21.830997767535536
480,480,0.0006573762037772109,0.0006529029342345893,-21.8228584900799,-21.844917758894514
481,481,0.0006586651068142394,0.0006541867256409636,-21.81048420134261,-21.83638668837808
482,482,0.0006579319267178473,0.0006544401832415085,-21.814759999152272,-21.834704387059922
483,483,0.0006567234690685171,0.000654055020085683,-21.81692069867234,-21.83726112914982
484,484,0.0006576959750634263,0.0006544793263616922,-21.818633072583758,-21.834444636311602
485,485,0.0006582608438077738,0.0006565944579625992,-21.816025083758753,-21.820431835648684
486,486,0.0006568624023540118,0.0006549515926867331,-21.82576129880505,-21.831311936986065
487,487,0.000658547449328927,0.0006536276747570618,-21.816782116354652,-21.840099642275767
488,488,0.0006587352098407436,0.0006586629100830147,-21.81350111935494,-21.806771876702342
489,489,0.0006582366258203599,0.0006567730788925761,-21.81486370645418,-21.819250535174252
490,490,0.0006579137725285111,0.000655470949009453,-21.81541387160462,-21.827869480988376
491,491,0.0006589547283323386,0.0006560802116597953,-21.817573264931998,-21.823834572796592
492,492,0.0006569377458702351,0.0006532452718697881,-21.816985133075207,-21.842641212502237
493,493,0.0006573252318686201,0.0006522723737074749,-21.821932046212034,-21.849114114389007
494,494,0.0006583956851547142,0.0006556164191447591,-21.817365029371814,-21.826905748458586
495,495,0.0006581594472626205,0.0006534409690893403,-21.81226483949232,-21.841340361225985
496,496,0.00065668980103735,0.0006556588555931261,-21.82589749623668,-21.826624649352716
497,497,0.0006592953241593444,0.0006549328345021135,-21.81365371621812,-21.83143632316705
498,498,0.0006592993560900009,0.0006552294086615898,-21.81338268509585,-21.829470146476982
499,499,0.0006556421981586777,0.000653571553381258,-21.82597281940891,-21.8404725495315
