,epoch,train_loss,test_loss,train_dbs,test_dbs
0,0,8.250874823941034e-05,7.444503449062865e-05,-13.741856239259993,-14.197423508647509
1,1,6.295954416291164e-05,5.523968962064062e-05,-14.915224669089364,-15.493268566171709
2,2,4.762688710338667e-05,4.44691680681181e-05,-16.129971168035723,-16.43519081610323
3,3,4.081332220257255e-05,4.149494462150247e-05,-16.79696990311355,-16.735828970066486
4,4,3.932125742046748e-05,4.0630531753107024e-05,-16.95966038125099,-16.82725580124291
5,5,3.87078687089877e-05,3.975966549325293e-05,-17.0314881397817,-16.92135364401516
6,6,3.803665644339809e-05,3.921469703384087e-05,-17.104411933185844,-16.98129222254972
7,7,3.8260809476211304e-05,3.9805123187282955e-05,-17.080587364351427,-16.916391140336653
8,8,3.7476269088861936e-05,3.841597495729251e-05,-17.16910477596071,-17.070662267238525
9,9,3.693814533951659e-05,3.816149202114167e-05,-17.233254553045327,-17.099527401102314
10,10,3.65973257580616e-05,3.776810933088296e-05,-17.273143347820742,-17.144528417099345
11,11,3.666944398104271e-05,3.7307662703250044e-05,-17.26515058057698,-17.19780044654419
12,12,3.63298219134467e-05,3.701896065123085e-05,-17.30538585389303,-17.231538650436516
13,13,3.57990449872924e-05,3.7009277309009215e-05,-17.37016561393376,-17.232674817454157
14,14,3.580844732476686e-05,3.6429170569662296e-05,-17.368167935307635,-17.301288031210667
15,15,3.5711264871744937e-05,3.630048491973675e-05,-17.378275685925562,-17.31665659733643
16,16,3.534359886318796e-05,3.594046153777622e-05,-17.425559046186244,-17.35994436425735
17,17,3.522260855798149e-05,3.725009475218892e-05,-17.436739207341844,-17.204507045374957
18,18,3.54724572164357e-05,3.65638634799612e-05,-17.408163212017723,-17.285260075981533
19,19,3.4982778574370046e-05,3.604122234958739e-05,-17.468628216154844,-17.34778574534749
20,20,3.4590737507726573e-05,3.5387597515517355e-05,-17.51694574617984,-17.427270071933375
21,21,3.467532885983975e-05,3.565099828655979e-05,-17.50609514550992,-17.395063910102657
22,22,3.43666713363455e-05,3.520037046799093e-05,-17.546712903504563,-17.450308520725265
23,23,3.438673529578325e-05,3.577251204421229e-05,-17.543843246170795,-17.380286477546957
24,24,3.4311417995510414e-05,3.5404206229079714e-05,-17.552175641789965,-17.425232244839716
25,25,3.398316590560687e-05,3.481377011906405e-05,-17.59539581151886,-17.498270290520356
26,26,3.3890144100182296e-05,3.4844163230062754e-05,-17.60653704585512,-17.49448046771121
27,27,3.361620039549493e-05,3.3994888374428755e-05,-17.642113616357587,-17.601644668641846
28,28,3.346599260112271e-05,3.411498446918191e-05,-17.660170491017066,-17.586329084240887
29,29,3.280419848133815e-05,3.3263801397927304e-05,-17.748496965962175,-17.69606207295064
30,30,3.261466197952743e-05,3.248012475715337e-05,-17.77360080150722,-17.799603976171202
31,31,3.262233494564329e-05,3.516190008667763e-05,-17.77202275681615,-17.455057507889602
32,32,3.2805636589362565e-05,3.329081406072395e-05,-17.74750638854111,-17.692536712325406
33,33,3.240372992427323e-05,3.291769271048619e-05,-17.799463837578344,-17.741486995877835
34,34,3.2174935505591024e-05,3.283470725459905e-05,-17.83138650114352,-17.752449377395443
35,35,3.197733819911967e-05,3.226557476553257e-05,-17.85976012141215,-17.82838680474492
36,36,3.162554816130462e-05,3.219530978975328e-05,-17.90795212589638,-17.837854780106625
37,37,3.1597296743036836e-05,3.25457650002423e-05,-17.90920334496533,-17.790836020775753
38,38,3.1815997495756424e-05,3.198925476585588e-05,-17.881249221600633,-17.865739636193837
39,39,3.184437442429306e-05,3.2659787202168157e-05,-17.877220062457553,-17.775647356034263
40,40,3.1686401889226204e-05,3.221496799118253e-05,-17.899623889619306,-17.835203821606186
41,41,3.1818808284444136e-05,3.238379921592576e-05,-17.88106417356883,-17.81250288182219
42,42,3.1544141878389525e-05,3.233170977373926e-05,-17.917357909818133,-17.819494146372385
43,43,3.150334684046216e-05,3.194993644827168e-05,-17.92552411132539,-17.87108087689227
44,44,3.157964165063848e-05,3.2018144817189555e-05,-17.913067836019533,-17.861819217364182
45,45,3.126332663181454e-05,3.1626581116334386e-05,-17.957397015733434,-17.915258397982292
46,46,3.125954572169576e-05,3.201094085326124e-05,-17.958406116505813,-17.862796473797676
47,47,3.1261774377516935e-05,3.191059189894555e-05,-17.955718593632106,-17.876432264758776
48,48,3.1036147025663446e-05,3.2177560186889755e-05,-17.987966192511145,-17.840249750154644
49,49,3.0953913646391304e-05,3.168360739149839e-05,-18.000152398424888,-17.90743463251614
50,50,3.105747195731215e-05,3.181706578240999e-05,-17.9875635307372,-17.889179604599693
51,51,3.1245756094294755e-05,3.194538102865121e-05,-17.96014164382484,-17.87170013779758
52,52,3.109097307276091e-05,3.142045132239888e-05,-17.980638605340133,-17.943656673864872
53,53,3.098068967672814e-05,3.134470917805294e-05,-17.99761262897463,-17.954138415978576
54,54,3.100292474066253e-05,3.1578554722057705e-05,-17.992623281362043,-17.921858368619997
55,55,3.081082968961222e-05,3.1599946899069964e-05,-18.021329145603836,-17.91891733502503
56,56,3.102111090295684e-05,3.091223391636863e-05,-17.990118611829484,-18.014476952245854
57,57,3.229446769388964e-05,3.2438398097598876e-05,-17.815958991911845,-17.80518686983281
58,58,3.165468300834356e-05,3.1992042223512394e-05,-17.90083368475197,-17.865361220145246
59,59,3.124597716714092e-05,3.194866775103085e-05,-17.95679042374129,-17.871253333933513
60,60,3.113360030182935e-05,3.1643358804438704e-05,-17.975438087955304,-17.912955105915724
61,61,3.115120149963444e-05,3.13501623168122e-05,-17.97312024698351,-17.953382925769663
62,62,3.1095656951722575e-05,3.135314632106058e-05,-17.979330287088573,-17.952969570682612
63,63,3.1076380070874985e-05,3.2082155054300334e-05,-17.98128348723293,-17.853145528767197
64,64,3.112523375692917e-05,3.1602179852167244e-05,-17.977678169853174,-17.918610459526136
65,65,3.110555870492688e-05,3.170379951418574e-05,-17.978189760472183,-17.904667733478703
66,66,3.089553245013825e-05,3.170552477776686e-05,-18.008356776777514,-17.904431404685845
67,67,3.099112572525292e-05,3.088821205509655e-05,-17.995907177076393,-18.017853161642705
68,68,3.1074793199521305e-05,3.2139316509097914e-05,-17.982539074468477,-17.845414497276508
69,69,3.0676872146492296e-05,3.109111936569925e-05,-18.03793721955057,-17.989417282089132
70,70,3.0891016030716515e-05,3.122051882536126e-05,-18.00842320972746,-17.971379703971294
71,71,3.088091870802262e-05,3.1091527776688487e-05,-18.011522612556742,-17.989360233813727
72,72,3.081241821118309e-05,3.180925686090057e-05,-18.018805899286455,-17.890245632431352
73,73,3.080483411301345e-05,3.131902131395978e-05,-18.021133182063657,-17.957699039696585
74,74,3.078338745909445e-05,3.0806954351933915e-05,-18.023581214219657,-18.02929321264077
75,75,3.0922917748162926e-05,3.204097993148025e-05,-18.005961476666542,-17.858722963836197
76,76,3.122705367655426e-05,3.116375113390141e-05,-17.96190117984397,-17.97928358806654
77,77,3.0707753017081486e-05,3.1054764373325985e-05,-18.034070828610474,-17.99449847924282
78,78,3.0775536644571346e-05,3.101613497404431e-05,-18.024406992583152,-17.999904083894783
79,79,3.085004775748905e-05,3.1894318932532575e-05,-18.014533033279932,-17.87864753614729
80,80,3.06179740197042e-05,3.096279713070927e-05,-18.048538122611436,-18.007378990599005
81,81,3.0859429561010965e-05,3.1222436231665164e-05,-18.011339344747086,-17.97111299046395
82,82,3.065804684382849e-05,3.1393999387019954e-05,-18.03911974548098,-17.947314408707754
83,83,3.092972367516474e-05,3.125835246464703e-05,-18.003997923049162,-17.966120024197576
84,84,3.022612979771814e-05,3.1254234464109975e-05,-18.10359225438326,-17.966692204937544
85,85,3.0468140318317665e-05,3.1302022666511076e-05,-18.06748983052318,-17.960056847391527
86,86,3.035734205452135e-05,3.0896920227525315e-05,-18.08296953789162,-18.01662894762273
87,87,3.0620004968254434e-05,3.1110626208062874e-05,-18.04722037206612,-17.98669333465085
88,88,3.055805455849473e-05,3.067677550318063e-05,-18.05956037242111,-18.04768378207742
89,89,3.0538119147225646e-05,3.111347484120511e-05,-18.057290918910116,-17.986295692697126
90,90,3.077350914647524e-05,3.136202576570213e-05,-18.025505938630545,-17.951739790485046
91,91,3.046211486903725e-05,3.168214750889762e-05,-18.072101957432658,-17.907634746586854
92,92,3.0203574010322217e-05,3.1074562924148174e-05,-18.107890847245734,-17.991730574925544
93,93,3.059162440173899e-05,3.0905111711227186e-05,-18.052487260649617,-18.01547768573714
94,94,3.0322544318419814e-05,3.096990057153897e-05,-18.088920344987933,-18.00638275265593
95,95,3.0292908367928904e-05,3.078090747677427e-05,-18.094106418044692,-18.032966668575497
96,96,3.0263858319550618e-05,3.12788647294694e-05,-18.09587602229856,-17.963271044296373
97,97,3.0195607418061197e-05,3.069782197646993e-05,-18.106800300784204,-18.04470523135882
98,98,3.019965138780217e-05,3.062028525547296e-05,-18.108073187961416,-18.0556885410341
99,99,3.0198923679525944e-05,3.119825410785301e-05,-18.10848766416918,-17.97447795275469
100,100,3.0430698221682608e-05,3.0267131813544485e-05,-18.075502952047437,-18.106068182146515
101,101,3.026037317335836e-05,3.07345155880811e-05,-18.09825729720543,-18.039517138061143
102,102,3.0091573019480793e-05,3.063290875472472e-05,-18.122596009325946,-18.05389849033273
103,103,3.0055252676733682e-05,3.0479748793847027e-05,-18.129314517071283,-18.075667029875817
104,104,3.025234201634975e-05,3.158831656803255e-05,-18.09896943014319,-17.9205160460426
105,105,3.018056145030885e-05,3.05943826548939e-05,-18.109007779390925,-18.0593639206625
106,106,3.0289901634702247e-05,3.059337771111658e-05,-18.096037807833934,-18.05950657714626
107,107,3.0188239104541728e-05,3.0418558947674585e-05,-18.108362268913325,-18.08439450440504
108,108,3.020052778439779e-05,3.0376810651719815e-05,-18.108246894334478,-18.090359122280205
109,109,3.0184945514810887e-05,3.122165665110132e-05,-18.108753145622735,-17.971221429075662
110,110,3.0376234265991255e-05,3.069756186098522e-05,-18.083285659839067,-18.044742031102583
111,111,3.0028653069616527e-05,3.021433966703051e-05,-18.131052215563074,-18.113649791251028
112,112,3.0182669884057178e-05,3.093949951442866e-05,-18.11217346880955,-18.01064802170714
113,113,3.0120123445852085e-05,3.034557046607676e-05,-18.119136496426542,-18.094827801269957
114,114,3.0010032693923875e-05,3.047127594120531e-05,-18.134824900263375,-18.076874462626282
115,115,2.993797901693789e-05,3.0067120812753656e-05,-18.144223261198952,-18.134862436946047
116,116,2.986571949410982e-05,3.032542841346616e-05,-18.1547063861193,-18.097711413798486
117,117,2.985818974059267e-05,3.049071538522472e-05,-18.158601152399612,-18.074104722540252
118,118,2.9809494925448046e-05,2.9611331276675245e-05,-18.163470608874658,-18.20120153335148
119,119,2.9721291754220747e-05,3.0194559976256353e-05,-18.17314904185627,-18.116493812881842
120,120,2.9856565570579986e-05,3.008604414246388e-05,-18.157522129613007,-18.132129979576728
121,121,2.979633339321284e-05,2.9690315434556014e-05,-18.165594746043663,-18.189632746947872
122,122,2.957749672260462e-05,3.03333501123186e-05,-18.197008867291462,-18.096577084950432
123,123,2.9809126383192915e-05,3.0421445205176594e-05,-18.162936022614073,-18.08398244470029
124,124,3.0056416492407526e-05,3.022431242003988e-05,-18.128575385926368,-18.11221656549529
125,125,2.992255331170697e-05,2.99598197766739e-05,-18.146603556382793,-18.150388897914674
126,126,2.9802607500219966e-05,3.0058588029197908e-05,-18.167597294549516,-18.13609510127876
127,127,2.98353511847306e-05,3.053682944722057e-05,-18.159105836277508,-18.067541428365608
128,128,2.9658613486165066e-05,3.0988286820693724e-05,-18.185346899419763,-18.003805192813953
129,129,3.0028540911104954e-05,3.027797452217017e-05,-18.133471295970924,-18.104512671268644
130,130,2.970414509748939e-05,3.034305662272106e-05,-18.177241099152262,-18.09518758805399
131,131,3.0022602304504206e-05,3.045654222277287e-05,-18.131895337969436,-18.078974906374533
132,132,2.9681410130260983e-05,2.9739503301435004e-05,-18.182723618798736,-18.182443755127153
133,133,3.002531773689174e-05,2.986473737109918e-05,-18.13170411159918,-18.164193863903886
134,134,2.9804852301916155e-05,3.023012370823907e-05,-18.166144616682743,-18.11138161918959
135,135,2.9712975522192417e-05,3.003537284185816e-05,-18.177712645120245,-18.139450589289005
136,136,2.9542866314775744e-05,2.948704547490802e-05,-18.20186858967447,-18.219468267711544
137,137,2.965052127112039e-05,2.9623249486719845e-05,-18.187919734064455,-18.19945390118808
138,138,3.173800988153425e-05,3.042005406122802e-05,-17.89247001857461,-18.084181048004876
139,139,3.0162461943169528e-05,3.0045141868054327e-05,-18.1118960424745,-18.13803827309017
140,140,2.9676554328671983e-05,3.032654910241131e-05,-18.184890848747944,-18.097550921413966
141,141,2.9772275195579458e-05,2.981879553867896e-05,-18.1707069310588,-18.170879891783482
142,142,2.9794651465598474e-05,3.0104166159473704e-05,-18.164195299856868,-18.129514839278446
143,143,2.9832208721139996e-05,3.0348635941903157e-05,-18.16147800132551,-18.09438910396564
144,144,2.9739960642548315e-05,3.038583341357911e-05,-18.174941738782728,-18.08906933781605
145,145,2.9866303689747847e-05,3.052055111957567e-05,-18.153339198281053,-18.069857147766825
146,146,2.9815027391095165e-05,3.0010329570167844e-05,-18.163292517276915,-18.14307321502162
147,147,2.9866720725885428e-05,2.9997181531813877e-05,-18.15720976030606,-18.144976350309683
148,148,2.974718585598388e-05,3.0287657577182952e-05,-18.174704044503574,-18.103123996784426
149,149,2.9537592183128863e-05,3.030035450616484e-05,-18.203532874941658,-18.101303766648112
150,150,2.98014969790604e-05,2.988630005443395e-05,-18.166338059451817,-18.161059339317426
151,151,2.970410697372179e-05,3.0278438651676926e-05,-18.177753097251813,-18.104446099002185
152,152,2.9621547020218076e-05,3.043006960835651e-05,-18.192405801356962,-18.082751405260336
153,153,2.9460666258639377e-05,3.0425339278544445e-05,-18.21455889520902,-18.083426565012502
154,154,2.9417726669710166e-05,2.997827361564544e-05,-18.22230976544551,-18.14771467181407
155,155,2.9565126263235272e-05,2.990525765773399e-05,-18.200103098205098,-18.158305377689988
156,156,2.959400050722533e-05,2.983768363743653e-05,-18.196436342636066,-18.168129814188745
157,157,2.9472464523950266e-05,3.0345758875084454e-05,-18.213298041378852,-18.09480083695948
158,158,2.940692086001983e-05,2.965729694743028e-05,-18.222845815457603,-18.194465206979032
159,159,2.947885815918892e-05,3.0027845480761146e-05,-18.210714711856028,-18.140539139485327
160,160,2.9605162463789402e-05,2.9415623047450362e-05,-18.19319683951263,-18.23000034787328
161,161,2.9380194148674042e-05,3.0104255864372182e-05,-18.226620638135678,-18.129501898118022
162,162,2.957200268076459e-05,2.991808306480954e-05,-18.19982052037195,-18.156443227051412
163,163,2.9335659587324943e-05,2.9768034916119895e-05,-18.2359684128585,-18.17827919912699
164,164,2.9526857201510455e-05,2.9565680482559592e-05,-18.205829315380797,-18.20790207172689
165,165,2.9381554752747895e-05,2.966679685893101e-05,-18.22742767361295,-18.19307428504028
166,166,2.9234608237604016e-05,2.9708807376568746e-05,-18.248186058500266,-18.186928683906135
167,167,2.9133966291766163e-05,3.0190209432284494e-05,-18.262844667842014,-18.117119605531887
168,168,2.8981399924473924e-05,2.903505322281394e-05,-18.286376978909338,-18.286554598726475
169,169,2.9252629246911965e-05,2.9830294232325333e-05,-18.246069191737387,-18.169205492633136
170,170,2.913495623455599e-05,2.9840974955157818e-05,-18.264254783170117,-18.167650781596624
171,171,3.0359074538789653e-05,3.067648647533803e-05,-18.086298731234788,-18.047724700259476
172,172,2.963660225168965e-05,2.9961948377221186e-05,-18.190658119075152,-18.150080349118227
173,173,2.952541114243957e-05,3.018460120074451e-05,-18.205920252701567,-18.117926440035387
174,174,2.9460361624795453e-05,2.9721780887676257e-05,-18.216989062993395,-18.18503258139766
175,175,2.9636819761566885e-05,2.9757738957414404e-05,-18.1875847475891,-18.179781566187614
176,176,2.959579817507267e-05,2.9729500774441187e-05,-18.19555650059044,-18.1839046984831
177,177,2.9486445370268258e-05,3.0204826831131388e-05,-18.209823621104256,-18.115017361315903
178,178,2.9456217573132346e-05,2.996217986755686e-05,-18.21668481415247,-18.15004679502963
179,179,2.9555399620577875e-05,2.983374073856363e-05,-18.199839834798045,-18.168703750287506
180,180,2.9449897953885194e-05,3.0346214196853045e-05,-18.21442312330429,-18.09473567390032
181,181,2.918911896935261e-05,2.995852714536197e-05,-18.25317249446234,-18.15057628046938
182,182,2.923646571644829e-05,2.9778159602612602e-05,-18.249550720699894,-18.176802330436153
183,183,2.937307700571201e-05,2.9591818307189417e-05,-18.22728508945293,-18.204064345664563
184,184,2.9371865746293926e-05,2.9918006667254592e-05,-18.22816407415679,-18.156454317026274
185,185,2.936795234998818e-05,2.9739240026652912e-05,-18.227535051702418,-18.182482202067586
186,186,2.9288744062608942e-05,2.9986795485264767e-05,-18.24009659744697,-18.14648028618538
187,187,2.920746199604239e-05,2.9761254968195173e-05,-18.25353522385373,-18.179268458024502
188,188,2.9127790597711508e-05,2.9464828817014533e-05,-18.26507712055181,-18.222741640272517
189,189,2.9329230491169153e-05,2.991675778742463e-05,-18.233293579662448,-18.156635610167054
190,190,2.9244115326365157e-05,2.947260911337492e-05,-18.24501687013055,-18.22159502110644
191,191,2.9021619636680662e-05,2.9324007922887656e-05,-18.279797207091505,-18.243547581542284
192,192,2.911275383742099e-05,2.9882763173143184e-05,-18.26771837002553,-18.161573333663856
193,193,2.9063617176623517e-05,2.9699800985614083e-05,-18.272003804757844,-18.188245471500146
194,194,2.9297131028946862e-05,2.9710061617630633e-05,-18.238008133562694,-18.186745338116673
195,195,2.9016075113196568e-05,2.9819021763518993e-05,-18.281247608830583,-18.170846943495253
196,196,2.9139008099086025e-05,2.9682124621008132e-05,-18.262306819581166,-18.190831021819307
197,197,2.9400332124103294e-05,2.9627838892721276e-05,-18.22178330159216,-18.198781119046814
198,198,2.9207928069883994e-05,2.961760947073344e-05,-18.253278311863216,-18.200280839848745
199,199,2.9414928445176067e-05,2.924943577167333e-05,-18.220959544162593,-18.254605934690534
200,200,2.9377834769397897e-05,2.985713504849149e-05,-18.22726955002774,-18.165299538137543
201,201,2.922692812679782e-05,2.9340363318241496e-05,-18.24970776883552,-18.241125989702034
202,202,2.907377280074066e-05,2.9681672650009493e-05,-18.273424385536178,-18.190897152531864
203,203,2.9043322318046323e-05,2.9278740361118444e-05,-18.277354684479374,-18.25025697889014
204,204,2.911900508516953e-05,2.973026790928806e-05,-18.264417525270186,-18.183792635339138
205,205,2.9534185215976022e-05,2.961020206720078e-05,-18.202571625498237,-18.201367151975667
206,206,2.9335042912412203e-05,2.9456063777232838e-05,-18.233046456851344,-18.224033748477716
207,207,2.9191595551554238e-05,2.9574900461164744e-05,-18.255390752756448,-18.206547947097054
208,208,2.907723032454744e-05,2.9670374428142648e-05,-18.27116207801556,-18.19255059355468
209,209,2.9035736307124943e-05,2.99177163948403e-05,-18.278071979358764,-18.15649645363007
210,210,2.9285344277651375e-05,2.9896330919367947e-05,-18.240337051432537,-18.15960194299362
211,211,2.902343201583921e-05,2.95799167552583e-05,-18.279217399042505,-18.205811388705982
212,212,2.8992645085738858e-05,2.953771600962347e-05,-18.283919317546882,-18.212011756757718
213,213,2.9126074671872518e-05,2.960726564388575e-05,-18.26406686789218,-18.201797860174644
214,214,2.8985920056884332e-05,2.941501799413297e-05,-18.286790685807844,-18.230089679321097
215,215,2.928731346494799e-05,2.8995557888839884e-05,-18.24093000303136,-18.292466171231293
216,216,2.9239133695715356e-05,2.9126503106549773e-05,-18.24549409715046,-18.272897394513475
217,217,2.9022038829352075e-05,2.88627595996092e-05,-18.281558495001878,-18.31240234220877
218,218,2.9034177208176488e-05,2.989406857523136e-05,-18.27895979953499,-18.15993059895962
219,219,2.949837062729297e-05,2.9564352428822433e-05,-18.209315184496482,-18.208097155809007
220,220,2.9000531004882206e-05,2.9660260942795214e-05,-18.282930872212624,-18.1940311881562
221,221,2.9310470428341788e-05,2.9544552920637407e-05,-18.236720763894866,-18.211006638710078
222,222,2.8936641796200402e-05,2.9179389840512732e-05,-18.293359906828645,-18.265018800476348
223,223,2.886235689430512e-05,2.9179914858296368e-05,-18.303891203172547,-18.264940659611746
224,224,2.917422864708531e-05,2.978780474605676e-05,-18.256659788584948,-18.17539587872925
225,225,2.8820808813517153e-05,2.9365326458661767e-05,-18.308728153894844,-18.237432530062897
226,226,2.8786466443597954e-05,2.9323594150666492e-05,-18.315508272453876,-18.243608862476567
227,227,2.8852007079004796e-05,2.9538520385884975e-05,-18.30768506348489,-18.21189349053323
228,228,2.874045998227696e-05,2.9035546073206014e-05,-18.321390383251124,-18.286480880800955
229,229,2.900587911501565e-05,2.8849749995922474e-05,-18.281121661847774,-18.314360322975226
230,230,2.89981451096162e-05,2.9429823514778707e-05,-18.285013928785588,-18.227904286043128
231,231,2.872566929187256e-05,2.9535736853416128e-05,-18.323686616724913,-18.212302762811483
