,epoch,train_loss,test_loss,train_dbs,test_dbs
0,0,0.00020057449315929036,0.00018932088661179143,-9.88409918864673,-10.14379556675433
1,1,0.0001788195536157462,0.00017264866006658658,-10.38169035486784,-10.54414874206799
2,2,0.00016541043344462655,0.000162580188388299,-10.722864140439995,-10.805104638757971
3,3,0.00015823909885024403,0.00015794950473048774,-10.911851370613913,-10.930598178667077
4,4,0.0001545008076906934,0.00015474140251937665,-11.016626812874861,-11.019715575023776
5,5,0.00015192841267880512,0.0001521719838676386,-11.093090728689333,-11.092433837728485
6,6,0.00014971994681490258,0.00015079116258819245,-11.153638630733596,-11.132021967281103
7,7,0.00014785551898104628,0.0001494838392031134,-11.209753504937135,-11.169838429937467
8,8,0.00014653156443076573,0.00014757669199944327,-11.247356398877365,-11.225603151237069
9,9,0.0001453472716618598,0.00014668437008942035,-11.283936571068224,-11.25194246142044
10,10,0.00014429178502057803,0.0001458772205392291,-11.315220804802294,-11.275906064048929
11,11,0.00014351200894152592,0.00014461417710040942,-11.339311389399436,-11.313672156745485
12,12,0.0001428359852426868,0.0001446344050284671,-11.359642195966098,-11.313064729218237
13,13,0.00014191530491873506,0.00014333812578115612,-11.388587678352467,-11.352163647782874
14,14,0.00014151839032942027,0.00014314905963960643,-11.399894035476956,-11.357895868844675
15,15,0.00014078902493509435,0.00014229199472251102,-11.420640003677892,-11.383976187497947
16,16,0.0001402311090058311,0.00014152644680028685,-11.440223054620365,-11.407404830314702
17,17,0.00013951773564127207,0.0001409937547960956,-11.458660179653515,-11.423782099679535
18,18,0.00013900519753434244,0.00014062709171986697,-11.476765555414051,-11.435090910278722
19,19,0.0001385938839749289,0.00014030483955713478,-11.489730571326957,-11.445054348525339
20,20,0.00013827941986220918,0.00014001744152904538,-11.498968474721426,-11.453959485923445
21,21,0.00013795506449766726,0.00013941549083316013,-11.508924545676386,-11.4726705424745
22,22,0.00013733543344586127,0.00013870670074155847,-11.530261573961223,-11.494806445423118
23,23,0.0001369097050142561,0.00013875383286320262,-11.543410354017931,-11.493330976441538
24,24,0.00013664469791074601,0.0001380285876190388,-11.550634459337687,-11.516090422497697
25,25,0.00013603383731325012,0.00013789859918975517,-11.571564678400481,-11.520182318071912
26,26,0.0001359689203943078,0.0001376011909757692,-11.572874708130595,-11.529558934751245
27,27,0.0001355247304579195,0.00013750331632572373,-11.587414334602343,-11.53264913655443
28,28,0.000135313805922405,0.00013689643636002744,-11.592786503455839,-11.551859434482132
29,29,0.00013478541875452515,0.00013627534606616552,-11.611362152695133,-11.571607927520645
30,30,0.0001344227480471672,0.0001363592677271778,-11.623001924000661,-11.568934260011314
31,31,0.00013423488994750683,0.00013600934318291316,-11.62851907071635,-11.580093430061167
32,32,0.0001335519790672217,0.00013536520878245172,-11.650487803740878,-11.60071028886808
33,33,0.00013359235890675336,0.00013512073584072488,-11.647597690814603,-11.608560846768658
34,34,0.00013313777455231944,0.00013497386106265416,-11.663550418700446,-11.613284148357481
35,35,0.00013269044590283417,0.00013464212717831527,-11.679786687576605,-11.623971219926927
36,36,0.00013271426806315184,0.00013467205702143379,-11.679156581878814,-11.623005926115706
37,37,0.0001322318530958338,0.00013421641779132187,-11.692341791466085,-11.637724429236025
38,38,0.0001320413977043348,0.00013343239506387986,-11.700603531131277,-11.66316804802114
39,39,0.00013148699058687852,0.0001331205379469075,-11.718719423748533,-11.673330223714347
40,40,0.00013111508481406135,0.0001328722022375778,-11.73182654948333,-11.681439532222726
41,41,0.00013100294753028196,0.00013251843445591236,-11.73509259990544,-11.693017897485937
42,42,0.00013082554513173294,0.00013251065684016794,-11.739619553495814,-11.693272795964035
43,43,0.00013060556570447252,0.00013202682633786216,-11.749474211626946,-11.709159024947684
44,44,0.0001300797960810968,0.0001325981368273987,-11.765041337230286,-11.690406646064996
45,45,0.00013013704474079278,0.000132055696571785,-11.763739494260525,-11.708209459395542
46,46,0.00012989762177950098,0.0001318726189262969,-11.77222074110463,-11.71423455176184
47,47,0.00012931386104871317,0.00013117224711765485,-11.789404046824426,-11.737361278021163
48,48,0.0001291779383594535,0.00013107607312696544,-11.79476070754233,-11.740546643349148
49,49,0.00012888717354088061,0.00013101546899538095,-11.805211066899517,-11.742555104986913
50,50,0.0001285601982315186,0.0001305414261878468,-11.818159214211192,-11.758297331990299
51,51,0.0001284089625768661,0.00013031574512991173,-11.822098654043035,-11.76581194714079
52,52,0.00012802550250834777,0.00013001291134921638,-11.834016860201942,-11.775916028726957
53,53,0.0001278597609195186,0.00012974738178615409,-11.841184564497551,-11.784794834859644
54,54,0.00012754759713455306,0.00012948438310750614,-11.849927128284698,-11.793606942752287
55,55,0.0001272956536753948,0.00012912562823131388,-11.86022732381807,-11.805656388342253
56,56,0.00012712766584092942,0.00012870509702847093,-11.864291344500808,-11.819823399867497
57,57,0.00012671197275511114,0.00012889331762715685,-11.879063772823478,-11.813476840472227
58,58,0.00012660287877187113,0.00012836379794048538,-11.880777562658103,-11.831355281054364
59,59,0.00012641001361321427,0.00012821444244381333,-11.886916753462922,-11.836411382092065
60,60,0.00012607605796014488,0.00012787870333628044,-11.901405331632812,-11.847798623625021
61,61,0.0001259119074057173,0.0001280173834713519,-11.90720023732358,-11.84309139859014
62,62,0.00012570113521525347,0.00012794734357157722,-11.912935653621295,-11.845468127844658
63,63,0.00012524150712199547,0.00012698470565833544,-11.928104878904866,-11.8782666968826
64,64,0.0001252993188808029,0.00012654924036101684,-11.929317285394013,-11.893185437716255
65,65,0.00012475673556951901,0.00012677626555638485,-11.945929800851403,-11.885401316994606
66,66,0.00012470723370440573,0.00012643415539059788,-11.948397162010508,-11.897136746133333
67,67,0.0001246028237126422,0.0001260351771059887,-11.953001853078508,-11.910863103305854
68,68,0.00012387151353735688,0.00012623900195314107,-11.976907104716648,-11.90384533985621
69,69,0.00012361004457451383,0.0001257679365440517,-11.985510352283386,-11.92008150758082
70,70,0.00012355741757309044,0.00012545438298011983,-11.98805691109535,-11.930922475339166
71,71,0.00012360365208317575,0.00012537774761624046,-11.988111704599172,-11.933576227600323
72,72,0.00012322867075557407,0.00012501887211232985,-11.998946099017878,-11.94602509834991
73,73,0.00012276050376348177,0.00012450300480275857,-12.016735306780639,-11.963982533418092
74,74,0.00012280371537571293,0.00012439152181430377,-12.014630236856023,-11.967873052876909
75,75,0.00012247521654083443,0.00012462708055911782,-12.028283969523175,-11.959656647148531
76,76,0.00012242223916829746,0.00012433194435863313,-12.028608090404628,-11.969953609338795
77,77,0.00012195228019035566,0.00012405444431351498,-12.044651968702984,-11.97965758620391
78,78,0.00012179695274716858,0.00012367466613221424,-12.050099111172983,-11.992973396961911
79,79,0.00012169409440962368,0.0001232472131960094,-12.054396407786616,-12.008009783159427
80,80,0.00012138881113022547,0.0001235044102558229,-12.066516044599616,-11.998956201040833
81,81,0.00012127639450968156,0.0001232604531411964,-12.067455511996105,-12.007543263377194
82,82,0.00012093603241343781,0.00012272743486774792,-12.079007415418971,-12.026364292256428
83,83,0.0001208449507758655,0.00012253014421347822,-12.085473232152424,-12.03335141667337
84,84,0.00012058826736786604,0.00012206889981538744,-12.094367132218188,-12.049730559538103
85,85,0.00012039283927189205,0.00012219190064474548,-12.09994273370366,-12.04535666197662
86,86,0.00012018088927641319,0.00012234965834068134,-12.107252846600563,-12.03975325398237
87,87,0.00012002670633385784,0.00012185588734849404,-12.114494052961966,-12.057315697853907
88,88,0.00011983823060290888,0.00012135699216742069,-12.124863510972101,-12.075132824028419
89,89,0.00011961574802119957,0.00012123798277523172,-12.127830166030309,-12.079393846045107
90,90,0.00011924916532397097,0.00012092713088924556,-12.142722682346157,-12.090543373809732
91,91,0.0001191144944744703,0.00012098837607099038,-12.150056352861572,-12.088344387446481
92,92,0.00011884061947882598,0.00012048328215697486,-12.158825141181183,-12.10651296434985
93,93,0.00011868840186993505,0.00012030471866876867,-12.164429823678082,-12.112954244774723
94,94,0.0001185916484358778,0.00012053578240355771,-12.16603568133264,-12.10462095072083
95,95,0.00011805310808170165,0.00012009347502546581,-12.186741873802768,-12.12058674573713
96,96,0.0001179990738950737,0.00011967598172639937,-12.186332985678359,-12.135710875533663
97,97,0.00011772359691358641,0.0001193136620139213,-12.19760277409552,-12.148879109094352
98,98,0.00011736741906077572,0.00011900091454950406,-12.212616940253866,-12.160277872691374
99,99,0.00011747040363993572,0.00011921802491231479,-12.209117699172678,-12.152361637411977
100,100,0.00011729240243757605,0.00011927869108101157,-12.2159233061403,-12.15015221639234
101,101,0.0001170974095488812,0.0001185630769070581,-12.221527215615776,-12.176286248894936
102,102,0.00011698437829744359,0.00011838225480843041,-12.22576620371938,-12.182914786736674
103,103,0.00011658398947587295,0.0001183190271197083,-12.242129224833075,-12.185234963183959
104,104,0.00011651911928808105,0.00011807677679156002,-12.242587513156753,-12.194135968687547
105,105,0.0001162125325621317,0.0001177031379867051,-12.253751269990989,-12.207900449615385
106,106,0.00011613320054596809,0.00011772261955468964,-12.259452487223555,-12.207181689053058
107,107,0.00011582625864827333,0.0001182182087703902,-12.268669797883424,-12.18893711648512
108,108,0.00011577701414203195,0.00011722430798200596,-12.272168771492575,-12.225604087086836
109,109,0.00011510428705207101,0.00011718943738072228,-12.295742116291184,-12.22689617086003
110,110,0.00011508211998458587,0.00011697603699040453,-12.298546458263699,-12.234811824340268
111,111,0.00011513147655557649,0.00011675158442047082,-12.294469994799686,-12.24315303296148
112,112,0.00011485191408638391,0.00011658933286334534,-12.308367632230743,-12.249192690996312
113,113,0.00011455689508290289,0.00011645592435103793,-12.317491629789314,-12.254164994466938
114,114,0.00011440095225872337,0.00011613214653487758,-12.323193191031233,-12.266256329092627
115,115,0.00011432287373253596,0.000115949562888617,-12.325116730057024,-12.273089705717876
116,116,0.00011390170050045649,0.00011557357394945269,-12.341134124496607,-12.287195429000203
117,117,0.00011395083016658336,0.00011567734212516562,-12.342060952770561,-12.283297848839311
118,118,0.00011342327065763457,0.00011459464899656411,-12.35999512166396,-12.324137476277418
119,119,0.00011322373652125028,0.00011519957747383926,-12.364451020677343,-12.301272001323039
120,120,0.0001131483067436739,0.00011504641971489611,-12.371440027584518,-12.30704978510147
121,121,0.00011304281510955164,0.00011509344308012117,-12.374793353571343,-12.305275039251365
122,122,0.0001127237616678143,0.00011460637209606112,-12.386468285956758,-12.323693213210653
123,123,0.00011246733344340045,0.00011414344503703576,-12.396164522908347,-12.34127110194857
124,124,0.00011246830264596057,0.00011432085049914589,-12.397645978313545,-12.334526395642607
125,125,0.00011235366183268291,0.00011401509944239239,-12.400717735338848,-12.346157159539512
126,126,0.00011222903495510444,0.00011379570213121999,-12.40908764154803,-12.354522265178645
127,127,0.00011193365477908825,0.00011319358217358393,-12.416810535432363,-12.377562823166993
128,128,0.0001116936903965381,0.00011303976460016871,-12.42656893818959,-12.383468418836262
129,129,0.00011174006104954163,0.00011290253582716871,-12.426724556072093,-12.388743898999815
130,130,0.00011148404117887264,0.00011311135044946384,-12.433284645175435,-12.380718988185633
131,131,0.00011116072582621032,0.00011256433974363302,-12.446864933414847,-12.401772580278509
132,132,0.00011100282336911667,0.00011258415677155809,-12.45422866561736,-12.401008069208615
133,133,0.00011109324927038523,0.00011274226524523998,-12.449703538346347,-12.394913298047994
134,134,0.00011077598278883594,0.00011273746885739169,-12.464558239708852,-12.395098063635393
135,135,0.00011055034079130489,0.00011223907916389994,-12.47157323982754,-12.414339913481612
136,136,0.00011039279043055187,0.00011213171206978394,-12.47698776937404,-12.418496331508692
137,137,0.00011011457363846856,0.00011183218731802251,-12.48979504739475,-12.430112670105515
138,138,0.00010993459082530216,0.0001114100465967663,-12.496923285634907,-12.446537304560133
139,139,0.00010968580580683732,0.00011147055346028585,-12.505059610632472,-12.444179288870778
140,140,0.0001095952169841261,0.00011162732392365702,-12.51110958711913,-12.438075729377315
141,141,0.00010952118929108298,0.0001113982928616583,-12.51384566623196,-12.446995508442116
142,142,0.00010902931752912316,0.00011082785472114522,-12.530145458287713,-12.469291595874983
143,143,0.00010891833727262415,0.00011078255307725875,-12.537322061805467,-12.471067167196795
144,144,0.00010901580795108043,0.00011031813712753846,-12.53345085493429,-12.489311667538061
145,145,0.00010873314412370728,0.00011057304991960624,-12.541534503941179,-12.47928797491485
146,146,0.00010825215156859785,0.00011017650908079783,-12.563279274533702,-12.49489078600636
147,147,0.00010844672680232367,0.00011051000834222098,-12.556920686159707,-12.481764746327928
148,148,0.00010825667083839474,0.00010926284985065362,-12.564616239947735,-12.53105562506315
149,149,0.00010788788645139405,0.00010962703680362258,-12.57755692263909,-12.516604109516507
150,150,0.000107870424753199,0.0001096352881225022,-12.579694970833799,-12.516277240569849
151,151,0.00010752293671908567,0.00010954006230397346,-12.59090692440278,-12.520051027178926
152,152,0.00010745646807091484,0.0001093563746268812,-12.596157545799736,-12.527339822227258
153,153,0.00010707601792354271,0.00010933056297577231,-12.610062420613584,-12.528365019051574
154,154,0.00010722612677989335,0.00010902097021339854,-12.605394663177139,-12.540680436898388
155,155,0.00010688103861163476,0.00010909178672591224,-12.618893825041035,-12.537860315588233
156,156,0.00010661769620222087,0.00010919719390681406,-12.630180171328567,-12.53366608091418
157,157,0.00010668734931951082,0.00010862791494123245,-12.626333326672942,-12.556366427776329
158,158,0.00010637633911137152,0.0001080709729362034,-12.638890941113132,-12.57869024996749
159,159,0.00010599918999846007,0.00010798417727193354,-12.652795820565512,-12.582179625715955
160,160,0.00010612509076869999,0.00010797437119579531,-12.648690579430227,-12.582574027770338
161,161,0.00010576130451452103,0.00010796009423517574,-12.663899261726288,-12.583148313603969
162,162,0.00010573808393337927,0.00010769001145442752,-12.666313525880923,-12.594026631728447
163,163,0.00010551128003292611,0.00010761427677751176,-12.676938068835266,-12.59708194975299
164,164,0.00010544770361541185,0.00010715865018458939,-12.677630289077316,-12.615508519131193
165,165,0.00010542587581757917,0.00010744431576887636,-12.678703229558748,-12.60394641795976
166,166,0.0001049155050459001,0.00010681543100968396,-12.698762086455847,-12.629440890823103
167,167,0.00010471172812610826,0.0001068746389232968,-12.706887530959401,-12.627034258560485
168,168,0.0001046954841381803,0.00010652397797553261,-12.708291082690428,-12.641307101929032
169,169,0.00010440382377674189,0.00010667107792534425,-12.72055421102487,-12.635314026117836
170,170,0.00010453958166931209,0.00010583582632917616,-12.715590904914748,-12.669453813572957
171,171,0.0001042010729169934,0.00010582829111770384,-12.730462108406073,-12.669763029967616
172,172,0.0001040372651576823,0.00010610949309346707,-12.73705296184623,-12.658238465011637
173,173,0.00010396170493793798,0.0001062990007707604,-12.739145859897496,-12.650489042296297
174,174,0.00010380587095308319,0.00010578971284159802,-12.747150631679373,-12.671346480553694
175,175,0.0001037188745031767,0.00010547193615868884,-12.747322783132216,-12.684411678577387
176,176,0.00010345570941710096,0.00010514718106653738,-12.760312439991475,-12.697804523265203
177,177,0.00010343813160362356,0.0001049732665323015,-12.759241157376263,-12.704993746460982
178,178,0.00010298310184056784,0.00010541046733698367,-12.780794918323771,-12.686943475483073
179,179,0.00010277671292700238,0.00010472310608939121,-12.787260956526671,-12.715355714112334
180,180,0.00010277331017915486,0.00010476907788726844,-12.786457618451433,-12.713449647920962
181,181,0.00010270654809236353,0.00010464081041343314,-12.7894010301303,-12.718769918469112
182,182,0.00010250273749313903,0.00010390425526757578,-12.801444792960865,-12.749447524243436
183,183,0.0001020801858046361,0.00010379412177778584,-12.817365009255589,-12.754053277263926
184,184,0.00010209869516571773,0.00010395385623652194,-12.817277500874319,-12.747374819227176
185,185,0.00010211762765748906,0.00010366860997716063,-12.815264550658465,-12.759308109166929
186,186,0.00010209971072437894,0.00010352039565699862,-12.816858971267644,-12.765521631179677
187,187,0.00010172574165500413,0.00010346339312443313,-12.834164777980298,-12.767913691554964
188,188,0.00010154944985262454,0.00010314940108831874,-12.841376808674408,-12.781113756356884
189,189,0.00010136647497066152,0.000103399948305818,-12.847356824214094,-12.77057764692795
190,190,0.00010116354858781182,0.00010364665994481919,-12.855161199168258,-12.760227749863216
191,191,0.00010105361959467325,0.00010296885432724498,-12.861494926348067,-12.788722056937118
192,192,0.00010075291431780194,0.00010288559248070477,-12.875975080908301,-12.792235234625345
193,193,0.00010051846548617271,0.0001028386146859511,-12.883041948436954,-12.7942186859332
194,194,0.00010073784850993837,0.00010250321754842604,-12.874332355154687,-12.808405883351597
195,195,0.00010043814806531653,0.00010200365872342924,-12.888647313538486,-12.82962336772816
196,196,0.00010023478812540488,0.00010221508043622108,-12.896869694153018,-12.820631115949366
197,197,0.00010011962899390954,0.00010207689621510278,-12.9001133504931,-12.826506300560519
198,198,0.00010004212624350198,0.00010207313454501625,-12.906456681695941,-12.826666346831923
199,199,9.96496781920438e-05,0.0001012993655565783,-12.921878501439487,-12.859713609689612
200,200,9.964581878409365e-05,0.00010164419386695187,-12.922876588035269,-12.844955104719668
201,201,9.950994650146818e-05,0.00010101731535733531,-12.928874557072037,-12.87182263836224
202,202,9.919521580366225e-05,0.00010083883037288232,-12.943531042530553,-12.879502866652704
203,203,9.918241304364631e-05,0.00010121395385603567,-12.943470928610182,-12.863376957122032
204,204,9.894792430676501e-05,0.00010080580250360072,-12.952115966279372,-12.880925549845575
205,205,9.869749019625741e-05,0.00010092039156006649,-12.962760476428874,-12.875991594640281
206,206,9.867941086677373e-05,0.0001002056849660891,-12.964648255284397,-12.906857252820066
207,207,9.856095722667662e-05,0.00010037416397704204,-12.97091995819834,-12.89956145293122
208,208,9.825664472504585e-05,0.00010026550482603182,-12.983073146418072,-12.904265415471333
209,209,9.824966333120024e-05,9.993786347637836e-05,-12.984089706995835,-12.918480256953526
210,210,9.83456164849298e-05,0.0001001173984963986,-12.979290320169525,-12.910685301832993
211,211,9.789333748391148e-05,9.96601160487013e-05,-12.99917371100385,-12.930566977805874
212,212,9.782333827107069e-05,9.966403281156857e-05,-13.00237291644153,-12.930396298185759
213,213,9.780862238426146e-05,9.943051439844759e-05,-13.003115033936222,-12.94058400108052
