,epoch,train_loss,test_loss,train_dbs,test_dbs
0,0,0.001110640479270945,0.0010989988651616794,-2.4511212424120603,-2.505808423613985
1,1,0.0010858315736842678,0.0010796484022744391,-2.5482157604265283,-2.582957399269902
2,2,0.0010707952350992517,0.0010669499844018567,-2.6114288376084636,-2.6343402492344254
3,3,0.0010588798232703017,0.0010571939454070832,-2.6565226507967505,-2.67423419083306
4,4,0.001050902045087063,0.0010497756118543055,-2.6903119824637836,-2.7048160720811127
5,5,0.0010447487788342092,0.0010431203623547365,-2.7193620111381316,-2.732436631452563
6,6,0.0010375775620053262,0.0010368098584493917,-2.7462295584071814,-2.7587896831656575
7,7,0.001032209047836434,0.00103189926104326,-2.7704522894190022,-2.7794078487825273
8,8,0.0010275175205681512,0.0010277785507864074,-2.7887759030513006,-2.796785363882273
9,9,0.0010240632709422985,0.0010244043170180368,-2.804737510637168,-2.811066863350981
10,10,0.0010208600415540954,0.0010215920935335912,-2.817974815258402,-2.823005632197408
11,11,0.0010182277237055536,0.0010189237011792628,-2.8297446528187846,-2.8343642184786932
12,12,0.001015922312082281,0.0010167213438666966,-2.8394135579847917,-2.843761456013187
13,13,0.0010138796018340538,0.001014922445296849,-2.849016168934546,-2.851452291687468
14,14,0.0010117631250771589,0.0010128083062897388,-2.8572343671127594,-2.860508318842344
15,15,0.0010097027190999349,0.0010112626478075981,-2.864392757061567,-2.867141199758146
16,16,0.0010085353026521805,0.001009400544908682,-2.8717556928347934,-2.875145514832245
17,17,0.0010059571833368967,0.0010079038972770306,-2.8791594086472005,-2.8815896182946976
18,18,0.0010049838498330762,0.001006410444939607,-2.885485121087356,-2.8880295091734984
19,19,0.0010036846764443308,0.0010051230354675728,-2.89119829105367,-2.8935886003985916
20,20,0.0010022262396943784,0.0010037363390438259,-2.896886273098269,-2.8995843879405636
21,21,0.0010008534828210537,0.0010026332058355604,-2.902595983601227,-2.9043600257551616
22,22,0.001000021842966029,0.001001290024233688,-2.9079927374942187,-2.9101819697946607
23,23,0.0009988253874963476,0.0010002564951336306,-2.9128569769472863,-2.914667061903102
24,24,0.0009973987669338348,0.0009988760545016511,-2.917874038173159,-2.920664841734759
25,25,0.000996475179377252,0.0009977987134142925,-2.9233693129477167,-2.9253514671410725
26,26,0.000995199905333983,0.0009970336472370515,-2.9281679400233056,-2.928682714837988
27,27,0.0009941309876499947,0.0009956557125980524,-2.9331637443128105,-2.934688964658812
28,28,0.0009928732335125817,0.000994525384157896,-2.937269569280944,-2.939622138407483
29,29,0.0009920274281931907,0.000993429444191095,-2.942554475560381,-2.9444105845181263
30,30,0.0009911990443667031,0.0009925164386483008,-2.9461208731948707,-2.9484037778930707
31,31,0.0009899640248214692,0.0009914014065687201,-2.950979054798946,-2.953285555951206
32,32,0.0009888735913057072,0.000990499089790606,-2.95558329610619,-2.9572400554375218
33,33,0.0009874809736184315,0.0009896231655913748,-2.9601265098405256,-2.961082334065224
34,34,0.0009868089643729485,0.0009881505025795807,-2.9642324909687314,-2.967549904629225
35,35,0.0009861656419030322,0.0009875988042423206,-2.9686845468375815,-2.9699753089955316
36,36,0.0009853555484838092,0.000986709725111723,-2.9724030798659107,-2.9738867765372445
37,37,0.000983831914353002,0.0009857248606797504,-2.976493568684975,-2.978223764205736
38,38,0.000983218906672921,0.0009844709726932802,-2.981202447897999,-2.9837517091718873
39,39,0.0009823275787621429,0.000983641715720296,-2.984983909339011,-2.9874114767337687
40,40,0.0009815909548124932,0.000982624686960327,-2.9890476738073595,-2.9919041539943736
41,41,0.0009804663323970109,0.000981557428052551,-2.993576419617519,-2.9966237234933684
42,42,0.0009793467542454216,0.0009808646006460645,-2.997180200871892,-2.999690251769646
43,43,0.000978891660348925,0.0009798688973349176,-3.0017447722475277,-3.0041011366885924
44,44,0.0009776948208286974,0.0009788760645805222,-3.005106665640426,-3.008503770334082
45,45,0.0009768263139214711,0.000978299631050935,-3.0095753942242105,-3.011061965889862
46,46,0.0009760073885398428,0.0009773250479300163,-3.0137016864825465,-3.015390568521634
47,47,0.0009747429915281377,0.0009764611665894719,-3.016953624711467,-3.01923110051924
48,48,0.0009738679557616256,0.0009754083462451634,-3.0216434380477413,-3.023916189428155
49,49,0.0009733628020765856,0.0009746075957082212,-3.0245606125359052,-3.0274829454904024
50,50,0.0009727507221186053,0.0009734315650635644,-3.029208929578357,-3.0327266150413634
51,51,0.0009716329160002396,0.0009728040680975506,-3.0330298372995568,-3.035527082513549
52,52,0.0009705972204887375,0.0009722187961941879,-3.036591318772328,-3.038140731642117
53,53,0.0009700104338597007,0.0009712557381901302,-3.0407593872213807,-3.042444886944897
54,54,0.0009685575094352447,0.0009702416810844289,-3.045395815369694,-3.046981585691095
55,55,0.0009679851607064304,0.0009695880580693483,-3.0496760834770145,-3.0499082846039705
56,56,0.0009667758323425023,0.0009684737704351152,-3.053434222519277,-3.054902232856876
57,57,0.0009664315532307265,0.000967950357957498,-3.0555292881975333,-3.057250015586821
58,58,0.0009649460163140266,0.0009667038807253304,-3.0601831978960172,-3.0628462430452403
59,59,0.0009641564870013174,0.0009662602249974091,-3.063256258422223,-3.064839836587034
60,60,0.0009639494873573716,0.000965078251044217,-3.0671887766039116,-3.070155578349336
61,61,0.0009628700934945769,0.0009642064105719328,-3.0721912888720877,-3.0740807174386573
62,62,0.0009616803037021885,0.0009636534623017436,-3.076020439118175,-3.076572002126774
63,63,0.0009609927662129793,0.000962830127192367,-3.0783865447964582,-3.080284153307087
64,64,0.0009608350912608283,0.0009616585356477452,-3.0823158291696946,-3.0855719558860946
65,65,0.0009592959666912703,0.0009612187614517385,-3.0870436390446105,-3.0875584738009643
66,66,0.0009588919911226354,0.0009604548287921046,-3.0896167055558372,-3.0910114197933125
67,67,0.0009580590544969381,0.0009592435028600065,-3.094357899004984,-3.0964922000726163
68,68,0.0009570735081857474,0.0009583233990461418,-3.0971685945623277,-3.1006599403419077
69,69,0.000955932286385562,0.000957897159663078,-3.101776682155886,-3.1025920082789322
70,70,0.0009552595072387497,0.000957019421835675,-3.105531451026983,-3.1065733485146225
71,71,0.0009548000171636567,0.0009559373383557326,-3.109300552404486,-3.1114866110012604
72,72,0.000953623099065357,0.0009554235760955826,-3.1122961156579514,-3.1138213256883707
73,73,0.0009528817692963579,0.0009540338835090791,-3.1169317459654016,-3.1201428692806177
74,74,0.0009520970190126333,0.0009531332210539595,-3.1199332469377854,-3.124244793673698
75,75,0.0009515457084527259,0.0009527263495041744,-3.1244695803525335,-3.1260990968377844
76,76,0.0009504981367781604,0.0009518893846114608,-3.1276985788192286,-3.129916026954857
77,77,0.0009494031384616092,0.0009513927752299136,-3.1320445873189353,-3.132182372150671
78,78,0.0009488814520006327,0.0009505222459617807,-3.1343437641706693,-3.136158008072093
79,79,0.0009480533208073952,0.0009495964500513908,-3.1387638021333126,-3.1403900393437247
80,80,0.0009476027353042641,0.0009487524022054123,-3.142039567989039,-3.1442519780563094
81,81,0.0009461526126485586,0.0009484807164163181,-3.1456063536788665,-3.1454958066471512
82,82,0.0009452487886931325,0.0009474600113830284,-3.1491032850939327,-3.1501719718872936
83,83,0.0009449487660060992,0.0009461123202192155,-3.153675701377183,-3.1563538845062244
84,84,0.0009441014226842864,0.0009459220424392505,-3.157231163318693,-3.1572274055349876
85,85,0.0009432187743158531,0.0009451721286352136,-3.1598249348722667,-3.160671797136943
86,86,0.0009424109623969062,0.0009433337285085336,-3.1632036859223707,-3.1691272359138805
87,87,0.0009418334553891927,0.0009432613089876739,-3.167531808392208,-3.1694606556216796
