,epoch,train_loss,test_loss,train_dbs,test_dbs
0,0,0.0005572443226707581,0.0004837593878619373,-5.446473103779902,-6.069486802759291
1,1,0.00034025271474767823,0.00018315295930829292,-7.590136987395977,-10.287641461234804
2,2,0.00016122881923778194,0.00015776468774818473,-10.834007297348974,-10.935682841102718
3,3,0.00015733877860595348,0.000154989275248035,-10.938226401575651,-11.01276438878493
4,4,0.0001476818484736645,0.00014753965507751624,-11.215187999764362,-11.22669322510545
5,5,0.00014267105526067606,0.0001422712582433106,-11.363654565069725,-11.384609139111546
6,6,0.0001387716288685549,0.0001388341464151285,-11.484591846784596,-11.490817918528338
7,7,0.0001359888897475441,0.000137796664555361,-11.571766377348986,-11.523393809676675
8,8,0.00013490086149834768,0.00013590575537436003,-11.607889205194992,-11.583402375835941
9,9,0.00013663125449141065,0.0001362876631135709,-11.552760543083682,-11.571215414557036
10,10,0.0001349598868418792,0.0001344893787877242,-11.603752992816123,-11.628900987628278
11,11,0.0001300865800489585,0.00013231785391996565,-11.762243195136296,-11.699596379394833
12,12,0.0001293451491666516,0.0001311886050021521,-11.787232384145959,-11.736819723217955
13,13,0.000127732488293724,0.00012851178976952245,-11.842785916127285,-11.826351143261316
14,14,0.00012410017228193254,0.0001262548198849943,-11.96904882730238,-11.90330119659932
15,15,0.00012291640450712293,0.00012641344227105086,-12.012132648651377,-11.897848288867026
16,16,0.0001247002550109155,0.0001244542666092074,-11.948790541047899,-11.965682964071718
17,17,0.00012089664360433912,0.0001302347775076908,-12.08205002106884,-11.768511139014926
18,18,0.00011863078633695361,0.00011358409124353018,-12.164504915779952,-12.362605786234104
19,19,0.00010535316147239034,0.00010467339674697111,-12.679551053409753,-12.717417686802918
20,20,0.00010061461756608362,0.00010407548535639714,-12.88023489685311,-12.74229641430457
21,21,0.00010064921406945021,0.0001009185986109323,-12.878631953939985,-12.876068751973923
22,22,9.862126268868901e-05,9.853444537025337e-05,-12.969413352224915,-12.979900099501796
23,23,9.87971576138342e-05,9.985613723983988e-05,-12.958614743419252,-12.92203324206897
24,24,9.722384084412137e-05,9.934844810662693e-05,-13.0311561029068,-12.94416998817531
25,25,9.547260388271096e-05,0.00010154633453471194,-13.107949837701494,-12.849138348064209
26,26,9.661773039680935e-05,9.63605159899759e-05,-13.058715707351817,-13.076789694411632
27,27,9.495482213564755e-05,9.859377008213319e-05,-13.132883533880108,-12.97728612608063
28,28,9.353711634643914e-05,9.401378989231919e-05,-13.196976206135416,-13.183865259739447
29,29,9.212258107451358e-05,9.352838089015629e-05,-13.262676585838232,-13.206346701750704
30,30,9.265538827412925e-05,9.268469416144256e-05,-13.240061527040192,-13.245700651289386
31,31,9.198560449654793e-05,9.39970329789886e-05,-13.269997881634229,-13.184639410386875
32,32,9.077301560349032e-05,9.170287069680758e-05,-13.328064869784768,-13.291951551478219
33,33,8.930273689497647e-05,8.980990931281428e-05,-13.396963113902956,-13.382538284751874
34,34,8.919837700980763e-05,9.200664652254138e-05,-13.403648941035469,-13.277588845931794
35,35,8.881890814158509e-05,9.283636685914214e-05,-13.420036541972376,-13.238599502775074
36,36,8.944920229679934e-05,9.107162125139056e-05,-13.393347073644522,-13.321950183995902
37,37,8.920491352010057e-05,9.01650572287556e-05,-13.404701517551977,-13.365398236519802
38,38,8.747637447104165e-05,8.84357516617073e-05,-13.487127154559364,-13.449502148611822
39,39,9.036304082027781e-05,9.260765938578468e-05,-13.349690739554852,-13.249311785723156
40,40,8.814408010011059e-05,8.782420780718032e-05,-13.4543708852704,-13.47963845273667
41,41,8.795569318085044e-05,8.871781602992039e-05,-13.4639675015529,-13.43567244100063
42,42,8.710714947605102e-05,8.758260733693053e-05,-13.507436495563132,-13.491602163191367
43,43,8.80341178025887e-05,9.15265079943071e-05,-13.463732945778037,-13.300311932625613
44,44,8.878671547959645e-05,9.142931805016767e-05,-13.422876710730275,-13.304926058485302
45,45,8.671504571990677e-05,8.742429628527086e-05,-13.526352466980338,-13.499459411504521
46,46,9.78224808332203e-05,9.976155017380064e-05,-13.002571948234205,-12.92614897394092
47,47,9.133494418587285e-05,9.036247616964637e-05,-13.298777139150747,-13.355899631047743
48,48,8.914438340352061e-05,8.854005481177745e-05,-13.406451368519058,-13.444382998297664
49,49,8.73723351030572e-05,8.803355510616184e-05,-13.492407536110003,-13.46929845770992
50,50,8.769231795461743e-05,9.305396547700327e-05,-13.476852089616877,-13.228432010901463
51,51,8.877078098240164e-05,8.896717841516395e-05,-13.42510824175606,-13.423482691456352
52,52,8.656224558434747e-05,8.729517024843709e-05,-13.530418036682788,-13.50587870027519
53,53,8.931321892455297e-05,8.904895826402169e-05,-13.398605109008887,-13.419492430769782
54,54,8.791802847366685e-05,8.821073846009217e-05,-13.466506276790541,-13.460566285193693
55,55,8.74081555425103e-05,8.89853457154363e-05,-13.491787517922578,-13.42259594277714
56,56,8.526485007959563e-05,8.875923843956308e-05,-13.597856255082634,-13.433645190287532
57,57,8.58757045637869e-05,8.834154600902509e-05,-13.566321693533762,-13.454130910283826
58,58,8.918020496812179e-05,8.73203128943906e-05,-13.404679089898002,-13.504628030829732
59,59,8.58339929614773e-05,8.685902369171872e-05,-13.570084772948467,-13.527631428084668
60,60,8.643759695390604e-05,9.109590801496157e-05,-13.540269122415872,-13.32079217219137
61,61,8.746605641304602e-05,8.929548800408252e-05,-13.490593963672934,-13.40748571273972
62,62,8.791620580877955e-05,8.815177333369655e-05,-13.466766986924181,-13.463470329790482
63,63,8.849722627891209e-05,8.853350874759551e-05,-13.438694305067497,-13.444704098691933
64,64,8.635278539156022e-05,8.595384593048181e-05,-13.542698681133047,-13.573127727391324
65,65,8.480881938480379e-05,8.821420832598386e-05,-13.62301127201372,-13.460395454068351
66,66,8.480210030048164e-05,8.808366194563477e-05,-13.624371590138693,-13.46682724849595
67,67,8.681768637880222e-05,9.133712707185431e-05,-13.51944332507134,-13.309307391889448
68,68,8.504936614400256e-05,8.562888940918798e-05,-13.610858532627095,-13.589577749884219
69,69,9.023144447542342e-05,8.897808430973735e-05,-13.352209872635669,-13.422950351368526
70,70,8.612509427433738e-05,8.610893909415034e-05,-13.556185347141842,-13.565298477923545
71,71,8.459320680727971e-05,8.501107023269134e-05,-13.63304807156532,-13.621026026380019
72,72,8.600123114727879e-05,8.448473933018057e-05,-13.561043008076133,-13.647998178898613
73,73,8.63446575468262e-05,8.584019049426148e-05,-13.545907447155642,-13.578874135941636
74,74,8.508856000244311e-05,8.540663800790514e-05,-13.60550546664821,-13.60086459922577
75,75,9.137845936305725e-05,9.83735946264412e-05,-13.300448578323856,-12.986995452844116
76,76,8.808939302755404e-05,8.808744467770386e-05,-13.4575372167326,-13.466640745760527
77,77,8.611944306806239e-05,8.58199974142113e-05,-13.55661921050116,-13.579895892166622
78,78,8.39004910865453e-05,8.715791849872882e-05,-13.67000682026366,-13.512712364299905
79,79,8.51312995775478e-05,8.388762255076711e-05,-13.606292868445479,-13.678802000456598
80,80,8.457426703955076e-05,8.574923374812658e-05,-13.633152814251062,-13.583478384345938
81,81,8.323454357636852e-05,8.53120103496813e-05,-13.705260330888782,-13.605679102433966
82,82,8.376320666806369e-05,8.425265428070959e-05,-13.67848732481211,-13.659944946324652
83,83,8.232279359026975e-05,8.402673541384406e-05,-13.750409400150625,-13.671605955597656
84,84,8.295951781676813e-05,8.302923532411162e-05,-13.718765478440385,-13.723470481161353
85,85,8.22569415232493e-05,8.387376874452457e-05,-13.753296150533954,-13.679519284877253
86,86,8.34667218591629e-05,8.289902823315443e-05,-13.692665072564347,-13.730286466756843
87,87,8.45423434379741e-05,8.460001041193639e-05,-13.639706324723571,-13.642076698391172
88,88,8.349501963353178e-05,8.405683911405504e-05,-13.691110515379199,-13.670050316260143
89,89,8.235927381655969e-05,8.3034741692245e-05,-13.748212815850515,-13.72318247345017
90,90,8.2460297337618e-05,8.344989557946591e-05,-13.74348786704672,-13.701522887432729
91,91,8.298758834872885e-05,8.26802551225563e-05,-13.717396425845237,-13.741762782885809
92,92,8.16268685721485e-05,8.288524373998179e-05,-13.789054857665706,-13.731008673907528
93,93,8.171847205340248e-05,9.112279076362029e-05,-13.784740842022977,-13.31951074173842
94,94,8.78880951840421e-05,8.292809108848145e-05,-13.46741452212051,-13.72876417801689
95,95,8.153122385901389e-05,8.148970779362379e-05,-13.796499407626573,-13.804753258172868
96,96,8.287714610053899e-05,8.240228673553487e-05,-13.721578923691744,-13.7563882241176
97,97,8.129081609310851e-05,8.169333159457892e-05,-13.808023377010453,-13.793914786310953
98,98,8.144506800724146e-05,8.223492669027397e-05,-13.794956581976304,-13.765217767289684
99,99,8.22282370828577e-05,8.417878607839444e-05,-13.756755736499018,-13.663754277247902
100,100,8.261847853139715e-05,8.28712122471954e-05,-13.734402473238303,-13.731743945407906
101,101,8.189760072915287e-05,8.229714761622937e-05,-13.774756163329142,-13.761933033148527
102,102,8.131091461334493e-05,8.207293974823857e-05,-13.80527057633877,-13.773780967504434
103,103,8.409226552664888e-05,8.497000511086203e-05,-13.655990584423849,-13.623124419524085
104,104,8.291514002605217e-05,8.246827852226009e-05,-13.721406124322385,-13.752911573168845
105,105,8.097225471613353e-05,8.147480969599105e-05,-13.823299944168586,-13.805547315886837
106,106,8.057321997277784e-05,8.081910192758139e-05,-13.842869259878283,-13.840640661314357
107,107,8.061491421030201e-05,8.280017515828244e-05,-13.840677967312029,-13.735468308208173
108,108,8.4374590421914e-05,8.214597695960517e-05,-13.64646535638152,-13.769917872972153
109,109,8.114164032206448e-05,8.215657917868444e-05,-13.816588707623893,-13.769357384400742
110,110,8.09981972555217e-05,8.159546690110706e-05,-13.821234138518816,-13.799120544676315
111,111,8.078081099455696e-05,8.162505592305311e-05,-13.834977622105418,-13.797545945002877
112,112,8.605579295334857e-05,8.173371315933764e-05,-13.559776697000123,-13.791768569798425
113,113,8.070852293047247e-05,8.14086934520961e-05,-13.837170575355662,-13.809073016268984
114,114,7.993447134234059e-05,7.994584723890416e-05,-13.880204311616701,-13.887821769456618
115,115,8.149093035584527e-05,8.190181803289114e-05,-13.796008081869736,-13.782845441170233
116,116,8.059850512564509e-05,8.267355128497768e-05,-13.844862864379287,-13.742114929562419
117,117,8.003898214737251e-05,8.045924838178938e-05,-13.8745433270421,-13.86002115079518
118,118,8.021897246152614e-05,7.943917137852527e-05,-13.864167336529473,-13.915433808960602
119,119,8.008014306470454e-05,7.994157433705895e-05,-13.87281435768889,-13.888053894995355
120,120,8.009003101609235e-05,8.102033232142658e-05,-13.871929999530694,-13.829840661291946
121,121,7.950212073916828e-05,8.287280223540667e-05,-13.90407617226062,-13.731660621360442
122,122,8.608931704057074e-05,8.088646925324084e-05,-13.557810919508187,-13.837022077331941
123,123,7.968097649149827e-05,8.06089806964768e-05,-13.8932206212139,-13.851946568099915
124,124,8.035103071717421e-05,8.017753211070637e-05,-13.859465988821595,-13.875254019264156
125,125,8.092753439283565e-05,8.056353161871237e-05,-13.826363359507832,-13.854395904394343
126,126,7.95907634307424e-05,8.058953282766437e-05,-13.900525674653384,-13.852994481255735
127,127,7.940779920018125e-05,8.253054118923549e-05,-13.907235000199691,-13.74963393348309
128,128,7.92335146619847e-05,8.080568276407001e-05,-13.917953773608767,-13.841361821585568
129,129,7.966229817067925e-05,8.013128306054951e-05,-13.893226058747615,-13.877759896163337
130,130,7.903193984451925e-05,8.004982297088166e-05,-13.92979491286906,-13.882177105079474
131,131,7.907696174500875e-05,8.548647785669585e-05,-13.926275715940834,-13.596806623208057
132,132,8.452250917751783e-05,8.019689381686284e-05,-13.638832559372855,-13.874205387958234
133,133,7.98561992906826e-05,8.027650006911962e-05,-13.884975015469148,-13.869896566654107
134,134,7.929837213560324e-05,8.244047287581979e-05,-13.913497761983804,-13.754376121147875
135,135,8.545459452752485e-05,9.667279204892878e-05,-13.590073208694362,-13.062738245061274
136,136,8.417344413584905e-05,8.103208222708322e-05,-13.656466376992595,-13.829210875032638
137,137,8.01448089631092e-05,7.978161700425277e-05,-13.869482441696327,-13.896752520363213
138,138,8.062574916132774e-05,8.49771546965808e-05,-13.841335999844874,-13.622759008812793
139,139,7.997972461078124e-05,8.00480200651739e-05,-13.878193140136615,-13.882274919264281
140,140,7.889440305532225e-05,7.970253768450532e-05,-13.936813410659072,-13.901059370166646
141,141,7.847891879698847e-05,8.397750590168136e-05,-13.960080624462499,-13.674151142067185
142,142,8.228231845069532e-05,8.263714890314364e-05,-13.752489781554038,-13.744027613229745
143,143,7.845466484234083e-05,7.943323917539888e-05,-13.961377494548405,-13.915758135012625
144,144,7.886599074087836e-05,7.886364274829822e-05,-13.939477277535108,-13.947012528634545
145,145,7.821518164812155e-05,7.993177591982346e-05,-13.973977435336835,-13.888586241197554
146,146,7.834342257635784e-05,7.826951064328711e-05,-13.966639250598583,-13.979854677958834
147,147,7.923605843427947e-05,7.923113604958512e-05,-13.920463676771515,-13.926822032584132
148,148,7.84837276423974e-05,7.990406294610646e-05,-13.960014256671677,-13.890092235318575
149,149,7.741786687324045e-05,7.987375283846632e-05,-14.019235930983527,-13.89173996251866
150,150,8.13133996904146e-05,8.087979758305377e-05,-13.806335643726054,-13.837380306473978
151,151,7.87169820543249e-05,7.836688823054398e-05,-13.945555370863598,-13.974454840557184
152,152,7.77231336129618e-05,7.983150403321672e-05,-14.001665587241284,-13.894037748299082
153,153,7.750017685634469e-05,7.79067463315043e-05,-14.013659222449164,-14.000030193140285
154,154,7.68809382186857e-05,7.886331494726044e-05,-14.048082459516316,-13.947030580359367
155,155,7.839221604823702e-05,8.314929092241647e-05,-13.963413341173187,-13.717195363176595
156,156,7.821004133408688e-05,7.779714513545562e-05,-13.975536726419843,-14.006144260305476
157,157,7.785316667706735e-05,7.877686163594358e-05,-13.993453825163083,-13.951794112172792
158,158,7.823948432168126e-05,7.859942898472869e-05,-13.971523277934079,-13.961586953734674
159,159,7.825379102963704e-05,7.800407068938704e-05,-13.971953485909687,-13.994608191270125
160,160,8.138034667654116e-05,7.944748779807828e-05,-13.80199949297327,-13.914979173544
161,161,7.741910296092626e-05,7.804137528996522e-05,-14.019786644021234,-13.992531721509962
162,162,7.732838819663943e-05,7.829550419333635e-05,-14.023996441205746,-13.978412611802874
163,163,7.746013283601136e-05,8.922550516313334e-05,-14.015860427969539,-13.410890708720284
164,164,7.932856810980083e-05,7.691326333626516e-05,-13.912384880735386,-14.05576847995042
165,165,7.693567926084536e-05,7.795768722548688e-05,-14.045747627619058,-13.9971913992676
166,166,7.775810486565046e-05,7.680143493129627e-05,-13.999791013174987,-14.062087520135071
167,167,7.707581386695011e-05,7.879368250111216e-05,-14.03714860278794,-13.950866881897447
168,168,7.852254150082482e-05,7.862498827499191e-05,-13.958038474132938,-13.960174926390076
169,169,7.661446024658945e-05,7.747436144487246e-05,-14.062936173815618,-14.024200809210392
170,170,7.661694978674652e-05,7.945588233843936e-05,-14.06311530768834,-13.914520315741655
171,171,7.887784320082199e-05,7.666764883508317e-05,-13.93433646714103,-14.069659413656943
172,172,7.773913861943659e-05,8.192882600460986e-05,-13.999347884001933,-13.781413546269253
173,173,7.735058125504533e-05,8.132109092242133e-05,-14.022947202692333,-13.81374890262377
174,174,7.699779598624445e-05,7.871014148756665e-05,-14.042628801751844,-13.955473932530122
175,175,7.811124234330677e-05,7.820412237809873e-05,-13.9842356236736,-13.983484396762858
176,176,7.61256032064077e-05,7.655724977284033e-05,-14.091434495343446,-14.07591762785993
177,177,7.79004218839901e-05,7.718489972543658e-05,-13.991080226732109,-14.04045742046125
