,epoch,train_loss,test_loss,train_dbs,test_dbs
0,0,0.00110450018432529,0.0010937044556301675,-2.4751982961732906,-2.526781049423632
1,1,0.0010813453172323938,0.0010756441869920021,-2.5661963804000165,-2.599094517830749
2,2,0.0010671951248761766,0.0010635054694782746,-2.6260548107759822,-2.6483835856008016
3,3,0.0010555601323541906,0.0010537719170219805,-2.670159591654216,-2.688314658668573
4,4,0.0010474054442872246,0.0010461199317911738,-2.7047860845301823,-2.7199660951235054
5,5,0.00104114761367229,0.0010396813740953803,-2.7343576525104125,-2.746778226770842
6,6,0.0010345597516207658,0.0010342353734334832,-2.758879485759467,-2.7695869868155265
7,7,0.0010300376074455831,0.0010300373634029377,-2.7795980909227302,-2.787251078116055
8,8,0.0010259277145282279,0.0010263832855822617,-2.7955006417157344,-2.8026851528999903
9,9,0.0010228496652154118,0.0010232848764740322,-2.8098873372159283,-2.815815307607636
10,10,0.0010199090927964095,0.001020750882545192,-2.8220222287651597,-2.8265832223996092
11,11,0.0010174812512597088,0.0010182382110016125,-2.8329296746724997,-2.8372869573244226
12,12,0.0010153260952120973,0.0010161932747762062,-2.8419630610711186,-2.846017699291863
13,13,0.001013406017103914,0.0010144947721671901,-2.8510452391043675,-2.8532827293266125
14,14,0.0010113829348389943,0.0010124568943865597,-2.858866622220023,-2.862015442471451
15,15,0.0010094010617977642,0.0010110066045614843,-2.8656904427374856,-2.8682409362979744
16,16,0.001008304832719228,0.0010091627175968728,-2.872748253611487,-2.8761688871640523
17,17,0.0010057777849256455,0.0010077165421343555,-2.8799339812574525,-2.8823969856269915
18,18,0.0010048572613723268,0.0010062859724520852,-2.886032195875927,-2.888566676270149
19,19,0.0010035831952880415,0.001005054776262688,-2.891637422341047,-2.893883545411506
20,20,0.001002185572942085,0.0010036741119907482,-2.897062497824235,-2.89985363896266
21,21,0.00100082248574142,0.001002617158902515,-2.9027304894938153,-2.904429534227479
22,22,0.0010000114946040449,0.0010013179792287318,-2.9080376791101608,-2.9100607209025253
23,23,0.0009988508320451935,0.001000274303614309,-2.912746344132511,-2.9145897411750763
24,24,0.0009974580751395947,0.0009989201912264292,-2.9176158018330116,-2.920472946930027
25,25,0.000996533175810365,0.0009978864170414837,-2.9231165540386774,-2.924969751601128
26,26,0.000995280161696803,0.000997099063457235,-2.927817724051725,-2.928397779905518
27,27,0.0009942140361803018,0.0009957293514162302,-2.9328009549776484,-2.934367771806852
28,28,0.0009929744422330147,0.0009946136759888184,-2.936826892942981,-2.9392365981930233
29,29,0.0009921365843596147,0.0009935570016846452,-2.94207663279646,-2.9438529811608873
30,30,0.0009913217785201735,0.0009926368427266808,-2.9455831460240285,-2.9478769588570413
31,31,0.0009900961946167973,0.0009915233026013563,-2.9503992682620823,-2.9527516095622013
32,32,0.00098900691565299,0.0009906729622008769,-2.9549978003877966,-2.9564777609315622
33,33,0.000987618743950866,0.0009897507138942416,-2.9595206376943133,-2.960522626525765
34,34,0.000986955132810687,0.0009883337004698422,-2.9635892515244144,-2.966744820197567
35,35,0.0009863134725595411,0.0009877715553892287,-2.9680335687052666,-2.969215705919885
36,36,0.0009855276133298643,0.0009868777522474136,-2.971644771968122,-2.973147277945427
37,37,0.0009840001680974646,0.0009859204016576864,-2.9757509070157244,-2.97736232762174
38,38,0.0009834009382307298,0.0009846435308358387,-2.980398476540553,-2.9829905441997315
39,39,0.000982508377157651,0.0009838391561061144,-2.9841846594526142,-2.9865398314580096
40,40,0.0009817808552059469,0.000982782380704425,-2.9882075609685725,-2.991207244695876
41,41,0.0009806570981043515,0.0009817360489825276,-2.9927315111022548,-2.9958334790865826
42,42,0.000979521710872074,0.0009810295519664099,-2.9964044193522787,-2.998959963152576
43,43,0.0009790849553891602,0.0009800333431676815,-3.000887285299509,-3.0033723460741117
44,44,0.0009779025909740517,0.0009791047747344955,-3.004183843515315,-3.007489178604856
45,45,0.0009770326936838322,0.0009785005148794305,-3.0086579319922446,-3.0101702781137014
46,46,0.0009762185653335578,0.0009775326103217115,-3.0127621137205693,-3.0144683202820026
47,47,0.0009749370006623573,0.0009766704507025057,-3.0160893075204824,-3.0183003804900954
48,48,0.0009740744441382817,0.0009756036145661614,-3.0207227048381826,-3.0230468564226536
49,49,0.0009735689664105932,0.0009748118647717332,-3.0236408470422327,-3.0265727983493695
50,50,0.0009729528557221146,0.0009736461859000357,-3.028306577237262,-3.031769194154475
51,51,0.0009718466443297712,0.0009730227481524803,-3.032074632661331,-3.0345509263544814
52,52,0.0009708047440016316,0.0009724320077925528,-3.035662852452557,-3.0371884103222286
53,53,0.0009702439815977338,0.0009714750401479634,-3.0397138697513975,-3.0414643946232225
54,54,0.0009687841700668418,0.0009704132772688018,-3.0443796036910014,-3.04621356378321
55,55,0.0009682046978004737,0.0009698256617411971,-3.0486912239757027,-3.048844148952808
56,56,0.0009669867727051,0.0009686950790254693,-3.052486740800362,-3.0539099280298236
57,57,0.0009666508466927047,0.0009681762098089644,-3.0545439402282293,-3.056236794499962
58,58,0.0009651696603485988,0.0009669349590120347,-3.0591767569688293,-3.0618082412920824
59,59,0.0009643691501906622,0.000966483537156723,-3.0622984443467494,-3.0638362556585887
60,60,0.000964181577503566,0.0009653116944000909,-3.0661432515136307,-3.069105187861896
61,61,0.0009630904244931088,0.0009644174378512329,-3.0711976180633824,-3.0731303197406126
62,62,0.000961908960796547,0.000963901031737853,-3.074987947238246,-3.0754564119744447
63,63,0.0009612153559087862,0.0009630903276908947,-3.0773807278306764,-3.079110650620618
64,64,0.0009610645698633083,0.0009618617753547273,-3.0812787168452433,-3.084654202295768
65,65,0.0009595226159213667,0.0009614371228963137,-3.0860176690930134,-3.0865719928438757
66,66,0.0009591180432741483,0.0009606976680898745,-3.088593007027484,-3.089913497918359
67,67,0.0009582823270826226,0.0009594631693816107,-3.093345907579094,-3.095497780654698
68,68,0.0009572924914068936,0.0009585294725471421,-3.0961750206584004,-3.099726153654134
69,69,0.0009561448247584793,0.0009581381945233596,-3.1008111955403845,-3.1014993341788424
70,70,0.0009554899243647521,0.0009572652542326404,-3.1044840202630244,-3.1054579067478185
71,71,0.0009550243188847893,0.0009561661159080502,-3.1082804271670126,-3.1104473698576136
72,72,0.0009538519289824612,0.0009556778271584527,-3.111254114380784,-3.1126657634132764
73,73,0.0009531073791896636,0.0009543005205494793,-3.115903606510768,-3.118929256028935
74,74,0.0009523447340152697,0.0009533922727170744,-3.1188034538195106,-3.1230645869691083
75,75,0.0009517941051450817,0.0009529685209456243,-3.1233360222495095,-3.124995313405366
76,76,0.0009507260359727691,0.0009521146329413904,-3.126657403722243,-3.1288884649717845
77,77,0.0009496351944033018,0.0009516031040172828,-3.1309832015245838,-3.1312223634285505
78,78,0.0009491215640026116,0.0009507653242173163,-3.1332449322175564,-3.1350475232902975
79,79,0.0009482796207915262,0.0009498426807112992,-3.1377272664841813,-3.1392640583555407
80,80,0.0009478311889718488,0.0009490035560080095,-3.1409926713770044,-3.1431024655413657
81,81,0.0009463914116777326,0.0009486953893333281,-3.1445103781044925,-3.144512964164718
82,82,0.0009455091959662428,0.0009477331891263786,-3.147907008855599,-3.1489199666848107
83,83,0.0009451867381264408,0.000946358642785957,-3.1525821292070253,-3.155223335777083
84,84,0.0009443288310142906,0.0009461567020288816,-3.1561851921143704,-3.1561501632085474
85,85,0.000943469458509275,0.0009454152620348491,-3.158670841041076,-3.1595547739839134
86,86,0.0009426434533958582,0.0009435748920383814,-3.162132421797546,-3.1680171027608592
87,87,0.0009420741638696762,0.000943497947637776,-3.166422004871893,-3.1683712653338376
