,epoch,train_loss,test_loss,train_dbs,test_dbs
0,0,0.000196141528521338,0.00017581093982842408,-9.981234074510633,-10.465321907932026
1,1,0.00014105185742739626,8.95631743141597e-05,-11.414364882072958,-13.394486088048218
2,2,5.442083172815775e-05,4.5846949337589505e-05,-15.550782282337515,-16.302676433758897
3,3,4.4732661709278223e-05,4.476704270928167e-05,-16.400336740614467,-16.406196802951122
4,4,4.552666277303024e-05,4.425490662565847e-05,-16.32580103059792,-16.45616657569399
5,5,4.483571300971965e-05,4.523643981787915e-05,-16.390772493899455,-16.360896684186294
6,6,4.430616420145223e-05,4.6165192256203703e-05,-16.442957179550604,-16.272634377962245
7,7,4.34414901486814e-05,4.491470635433583e-05,-16.527753516300773,-16.391895216541982
8,8,4.275668590670432e-05,4.2786916884851e-05,-16.5979960822715,-16.602670928595114
9,9,4.347117016747229e-05,4.38039414324234e-05,-16.526247793811606,-16.500648967064183
10,10,4.198664824685955e-05,4.176292465050019e-05,-16.674687980082354,-16.707871817000775
11,11,4.39285949957509e-05,4.281975557923464e-05,-16.47709502743472,-16.599339023720706
12,12,4.228217804881855e-05,4.2945516677144424e-05,-16.643160337350523,-16.586602542259456
13,13,4.136868875255309e-05,4.300025466363877e-05,-16.73908208699606,-16.581070586858186
14,14,4.1202011321804527e-05,4.28895293321387e-05,-16.757588500216077,-16.592268059917142
15,15,4.1978602500430776e-05,4.2114099319166454e-05,-16.6779513636348,-16.671505693187942
16,16,4.0275889406665995e-05,4.179998837858684e-05,-16.857012560529498,-16.70401925297234
17,17,3.985997451665528e-05,4.172665553357403e-05,-16.900822293144603,-16.711645097043785
18,18,3.994929441610908e-05,4.061094372637423e-05,-16.89138787469364,-16.829350044863194
19,19,4.2843549382859676e-05,4.204601569462715e-05,-16.587172350646316,-16.67853238246726
20,20,4.084226369291313e-05,4.0912763468345236e-05,-16.795747655112272,-16.797192712509055
21,21,4.0125043372042746e-05,4.08040860317047e-05,-16.872580685436393,-16.808744317632264
22,22,3.935282089964717e-05,3.983860810158627e-05,-16.959360248780378,-16.912739298784167
23,23,3.924975380962762e-05,4.019074300518505e-05,-16.96768987473755,-16.87452051271203
24,24,3.912241091833512e-05,3.944051978147687e-05,-16.984627739093206,-16.956354565105194
25,25,4.219513477399926e-05,4.234166063772711e-05,-16.654113728877114,-16.64810199303458
26,26,4.140206722686062e-05,4.4138462391473645e-05,-16.73906375978425,-16.467608863316187
27,27,4.124681676255501e-05,4.009160444471299e-05,-16.754149406518227,-16.88524649495089
28,28,4.046476762183731e-05,4.097205582136092e-05,-16.836045468374746,-16.79090330588703
29,29,3.9565202295654164e-05,4.0476663822406213e-05,-16.93320365430577,-16.84373376548195
30,30,3.889524048214092e-05,3.9706449234999077e-05,-17.009803720238253,-16.927170344841944
31,31,3.861401313132746e-05,4.069799826155711e-05,-17.039747149547438,-16.8200503743038
32,32,3.9290614349925985e-05,3.9416748462061056e-05,-16.964744310048808,-16.95897290413532
33,33,3.845244867351511e-05,4.025792307067221e-05,-17.05637079336688,-16.867267206985545
34,34,3.851320938919503e-05,4.0882484953678945e-05,-17.051121356072056,-16.80040800745445
35,35,3.977089059825977e-05,3.957378430641256e-05,-16.90943767902314,-16.94170503971638
36,36,3.862152199459517e-05,3.938970277024629e-05,-17.040817948389574,-16.961953826380103
37,37,3.8557723116552094e-05,3.958581452790991e-05,-17.047475479458335,-16.940385008051358
38,38,3.83937341333895e-05,3.990408377400232e-05,-17.063431373221714,-16.905607427774882
39,39,4.246727992947328e-05,4.108784397478877e-05,-16.629054660605345,-16.778647334431717
40,40,3.949916536680341e-05,4.006316224771772e-05,-16.940423193105907,-16.888328604783254
41,41,3.936023436910977e-05,4.075223305814066e-05,-16.95603030038492,-16.814266750124272
42,42,3.894089612228911e-05,4.072471308877299e-05,-17.00391510083962,-16.817200530011277
43,43,3.892564215216085e-05,3.897530816749694e-05,-17.007885252578447,-17.00788528601315
44,44,3.849425394440276e-05,3.931737908140732e-05,-17.052397543367054,-16.969935265171944
45,45,3.847243505399242e-05,3.9072221050829335e-05,-17.055800289252403,-16.997099870379937
46,46,3.935615405708566e-05,4.8826833862174103e-05,-16.95683215482037,-16.029195226164855
47,47,4.413657998813187e-05,4.1878060552622433e-05,-16.457160036851086,-16.695915258042863
48,48,4.006874038055947e-05,4.045602451553446e-05,-16.879334322701585,-16.845948825296
49,49,3.921638797448357e-05,3.9428214605370735e-05,-16.971471059032304,-16.95770974600588
50,50,3.8807385544245824e-05,3.96115426969788e-05,-17.017323735334266,-16.93756329716587
51,51,3.88562475751483e-05,4.0993016993620824e-05,-17.013200072736062,-16.788682037404612
52,52,3.883821297030099e-05,3.9091150890606896e-05,-17.011110791043613,-16.99499629554297
53,53,3.8541387860361994e-05,3.9456683799998195e-05,-17.04848903516609,-16.954575048511767
54,54,3.837990287550936e-05,3.893934808729682e-05,-17.06624696953329,-17.01189409931203
55,55,3.8830736342525906e-05,3.966961556120383e-05,-17.015550816914594,-16.931200945871808
56,56,3.826806272458664e-05,3.817110250805088e-05,-17.077191811503454,-17.098433823324466
57,57,3.8630141322765035e-05,3.890587849079901e-05,-17.03576185636272,-17.015628602403655
58,58,3.8514682751859434e-05,3.918430832671124e-05,-17.051100502712664,-16.98465901232437
59,59,3.8517411142202414e-05,3.838837725006191e-05,-17.050107041429765,-17.07378332278676
60,60,3.8696363469742995e-05,3.8943211142108534e-05,-17.030594431582816,-17.01146327027765
61,61,3.841794169443112e-05,3.953578092669455e-05,-17.063648491798627,-16.945877647498055
62,62,3.792604095990813e-05,3.899488642912873e-05,-17.11808125959959,-17.00570426512058
63,63,3.810205586334407e-05,3.876479738545114e-05,-17.09850680129554,-17.03140567972301
64,64,3.774695894029832e-05,3.85346540593003e-05,-17.13664250109717,-17.057266218201917
65,65,4.078838901477866e-05,4.0296902098864516e-05,-16.80205591995717,-16.863064261193173
66,66,3.887892229069677e-05,3.9378884378636846e-05,-17.011295496712144,-16.963146781079093
67,67,3.833787621298359e-05,3.967988806451965e-05,-17.069244897852027,-16.930076479724832
68,68,3.829830723017161e-05,3.946325657460349e-05,-17.07577355762219,-16.95385165218508
69,69,3.812985367816153e-05,3.926324509513123e-05,-17.0931375842722,-16.975918952751073
70,70,3.792438884871801e-05,3.895706245920768e-05,-17.118296541556084,-17.009918846781158
71,71,3.784189936698933e-05,3.8695117932787215e-05,-17.126673694512412,-17.039219117120187
72,72,3.898815629861591e-05,4.776694090411949e-05,-16.996762707933787,-16.124506572907094
73,73,4.267929553983795e-05,4.054932440722998e-05,-16.606089737049317,-16.8359446350587
74,74,3.923745804133863e-05,3.941944765086335e-05,-16.96720856299841,-16.95867551718346
75,75,3.9003053390524185e-05,4.0888670475013846e-05,-16.99790081920064,-16.799750969462387
76,76,3.8667081940898756e-05,4.0508548696188405e-05,-17.033359404605548,-16.84031402377241
77,77,4.014042009582705e-05,3.9866893865492835e-05,-16.87181220288957,-16.909656863721704
78,78,3.800800571007505e-05,3.8016885331384596e-05,-17.10890102219229,-17.116015534618448
79,79,3.856665936143248e-05,3.808718381486343e-05,-17.045065280702477,-17.107992244277515
80,80,3.917000608875167e-05,3.9800630091983626e-05,-16.975998850443705,-16.916881387942347
81,81,3.8189933641745285e-05,3.908366498332103e-05,-17.088807317244687,-16.99582804377285
82,82,3.8004915940919746e-05,3.8488005405892376e-05,-17.110622510656718,-17.06252681433844
83,83,3.7661436134343244e-05,3.859627893114904e-05,-17.14664162783011,-17.050326499868685
84,84,3.762912733831981e-05,3.925559528732648e-05,-17.152186203345995,-16.976765187695847
85,85,3.779854457966441e-05,3.8039982571621966e-05,-17.13027094798631,-17.11337777038565
86,86,3.7621797711141986e-05,3.843981827039419e-05,-17.153403203174786,-17.067967605142755
87,87,3.8181279302717516e-05,3.845008943340202e-05,-17.091944386047903,-17.066807320372806
88,88,3.7639823314804614e-05,3.853793187820549e-05,-17.151240465708497,-17.056896816125484
89,89,3.83817820228305e-05,3.875876465922614e-05,-17.06408655588622,-17.0320815980236
90,90,3.7721907630708005e-05,3.8120391285414566e-05,-17.140000358816877,-17.104207365382695
91,91,3.763694064790676e-05,3.889964960092728e-05,-17.15138472412528,-17.016323970090706
92,92,3.8593967961862724e-05,4.01915102357682e-05,-17.042191898843633,-16.874437607843063
93,93,3.79555129200657e-05,3.76727424928073e-05,-17.115194572011376,-17.155508492905355
94,94,3.9341565424524796e-05,3.9125361007264524e-05,-16.958198674711213,-16.99119728546784
95,95,3.824605381541727e-05,3.9007867024721286e-05,-17.083872705094535,-17.004258828686588
96,96,3.756549207556071e-05,3.871408108879175e-05,-17.158035978703268,-17.03709130950014
97,97,3.737487166234263e-05,3.834549706401671e-05,-17.18264111179606,-17.07863714524453
98,98,3.803464220329692e-05,3.766027992624961e-05,-17.10181113326949,-17.156945425544436
99,99,3.7593968598455305e-05,3.883365656963035e-05,-17.155783787036082,-17.023698007715986
100,100,3.7623766401498195e-05,3.880803265737517e-05,-17.15055170947783,-17.026564592462407
101,101,3.849908534903079e-05,3.796115637861045e-05,-17.052963834162984,-17.12238652825496
102,102,3.7534239549806684e-05,3.8388340583064984e-05,-17.16248282410573,-17.073787470990766
103,103,3.74484263243785e-05,3.9698920916539226e-05,-17.169215391024935,-16.927993842589938
104,104,3.811818343595021e-05,3.80558784328107e-05,-17.09642255259818,-17.1115633524111
105,105,3.78580123501753e-05,3.7719896442324264e-05,-17.125084184546935,-17.150075945899516
106,106,3.704619291628538e-05,3.8040922893407314e-05,-17.217340618604357,-17.113270417151586
107,107,4.3600656522123486e-05,4.162388761056048e-05,-16.509901641201136,-16.722354460849715
108,108,3.8833250804713056e-05,3.86034402924308e-05,-17.016544656157723,-17.049520761265544
109,109,3.8567448559051534e-05,3.8667608877355965e-05,-17.04681744780199,-17.04230769271009
110,110,3.934253038902714e-05,4.72912613890673e-05,-16.95736477969382,-16.167971883199293
111,111,4.0811780580924346e-05,3.8774955866852235e-05,-16.800204280817486,-17.030267741502367
112,112,3.820630700295052e-05,4.3362718746433724e-05,-17.08622719332,-16.544615826416646
113,113,4.095963985369944e-05,3.9296197907165866e-05,-16.78280327412553,-16.972275539630445
114,114,3.851057515499427e-05,3.868651296407303e-05,-17.051745333470322,-17.040185002796573
115,115,3.792049829291838e-05,3.862700654472543e-05,-17.118360486860308,-17.046870331527664
116,116,3.7706268916192185e-05,3.86731689535449e-05,-17.143997128491048,-17.041683258749195
117,117,3.824173964136376e-05,3.82338325595667e-05,-17.082182494083355,-17.09130252445743
118,118,3.783558692993745e-05,3.820111066345003e-05,-17.127933529713346,-17.09502096505274
119,119,3.7548507121361594e-05,3.7937538332985956e-05,-17.162136014030285,-17.125089390868897
120,120,3.748506069595604e-05,3.831989842614061e-05,-17.169132434093378,-17.081537370963296
121,121,3.7203863799150734e-05,3.777749043365475e-05,-17.2019828516939,-17.14344982054267
122,122,3.7828673682560825e-05,3.8037088750953494e-05,-17.129092397708686,-17.113708164373406
123,123,3.8316001965287474e-05,3.910361843545137e-05,-17.07296522991976,-16.993611398312275
124,124,3.793758876725537e-05,3.7751682324788384e-05,-17.118683264142785,-17.146417765058914
125,125,3.744490898019855e-05,3.805313577973529e-05,-17.173398657037893,-17.111876355833694
126,126,3.7533295231771696e-05,3.907970341587268e-05,-17.164985429928684,-16.996268272212134
127,127,3.745168139653991e-05,3.8388945827854946e-05,-17.171153395046993,-17.07371899905466
128,128,3.806933644452713e-05,3.824288566982815e-05,-17.10128991220181,-17.0902743119661
129,129,3.7551555935126615e-05,3.828025900905854e-05,-17.159475005047113,-17.086032187218958
130,130,3.797231228108825e-05,3.9495501799760144e-05,-17.113150893283308,-16.950304503161945
131,131,3.802010058317353e-05,3.8827636289122316e-05,-17.106642848451546,-17.02437133531926
132,132,3.726666260807122e-05,3.824363404036328e-05,-17.195351356592305,-17.09018932622088
133,133,3.7649110024560905e-05,3.80373458028771e-05,-17.15051423396307,-17.113678815162295
134,134,3.718583737037951e-05,3.6852884908225145e-05,-17.20236482653469,-17.251065954711315
135,135,3.7184660990552055e-05,3.7530004096640224e-05,-17.20378912292996,-17.171994745087517
136,136,3.7023527108159246e-05,3.745239423312198e-05,-17.223439451458646,-17.180985001002078
137,137,3.731846457590906e-05,3.8752580095254084e-05,-17.18899875295751,-17.032774637738044
138,138,3.746602990374704e-05,3.742981837268943e-05,-17.16969687620328,-17.18360366612052
139,139,3.822386818298873e-05,3.814684456110148e-05,-17.084645837134005,-17.1011946661568
140,140,3.728026197293111e-05,3.7038007959429374e-05,-17.19248580017499,-17.229304656476646
141,141,4.369775325761383e-05,3.9719698753814505e-05,-16.50301965519099,-16.925721403124765
142,142,3.812822911434701e-05,3.845247096921268e-05,-17.093088636636182,-17.06653833378616
143,143,3.72268306593994e-05,3.7422353144441e-05,-17.199004571661828,-17.184469935563204
144,144,3.711774215188007e-05,3.7362958545073575e-05,-17.212559406949993,-17.191368282738814
145,145,3.702703447602617e-05,3.7209355899616834e-05,-17.221698713267575,-17.209259339538203
146,146,4.1461859265049516e-05,4.6982186751464673e-05,-16.730176924719483,-16.196448594973276
147,147,4.1243377522404605e-05,3.964636610027427e-05,-16.756150077580777,-16.933746993381178
148,148,3.802887988864857e-05,3.8309240967225234e-05,-17.106675138742485,-17.08274539069692
149,149,3.767317317284586e-05,3.7799346548701196e-05,-17.14732592025293,-17.14093794235244
150,150,3.74844338572056e-05,3.765360710722713e-05,-17.16944727643288,-17.157714996363826
151,151,3.741234057500704e-05,3.8080561927544245e-05,-17.176090931326662,-17.108747379959087
152,152,3.738667354687986e-05,3.805033310000956e-05,-17.18000034905941,-17.112196233063443
153,153,3.713387985081897e-05,3.800217315361615e-05,-17.20898287928092,-17.1176965387847
154,154,3.6911374841157834e-05,3.821276052468946e-05,-17.234666988684538,-17.09369673676493
155,155,3.7067760767405564e-05,3.711446104142325e-05,-17.216179242368803,-17.22034928011576
156,156,3.696977792154114e-05,3.711337347723249e-05,-17.22969346292906,-17.220476543191626
157,157,3.690384527516537e-05,3.71143079591045e-05,-17.23550043944933,-17.22036719306439
158,158,3.686740699814652e-05,3.718011037945919e-05,-17.239357137673597,-17.212674115665664
159,159,3.714382267192837e-05,3.806574338676384e-05,-17.208141375518014,-17.110437707689492
160,160,3.692236800675674e-05,3.761932624145533e-05,-17.234299382789683,-17.16167073216593
161,161,3.707455947470717e-05,3.744386317281935e-05,-17.217507999531556,-17.18197436750945
162,162,3.7663487785618234e-05,3.929731179883483e-05,-17.148180672218874,-16.972152436079753
163,163,3.7290409364714765e-05,3.7828030096869425e-05,-17.190671292543545,-17.137643604285802
164,164,3.688004792436295e-05,3.7604535942878816e-05,-17.23876626630003,-17.163378526728383
165,165,3.7309325860630835e-05,6.045664371126086e-05,-17.188851533843756,-15.10134052949155
166,166,4.029333771559885e-05,3.833604693538387e-05,-16.854915248176447,-17.079707582412397
167,167,3.746107668308637e-05,3.777916227638918e-05,-17.17052724107142,-17.143257627784457
168,168,3.765731527948315e-05,3.8577876502562215e-05,-17.149488407410143,-17.05239767856716
169,169,3.7272299224926044e-05,3.8094434785307385e-05,-17.192181796760547,-17.10716552084485
170,170,3.8409756185857764e-05,3.7535564938719434e-05,-17.061948385756793,-17.171351296149425
171,171,3.709515140988365e-05,3.773076662726357e-05,-17.210715255985868,-17.14882456886
172,172,3.690062647027722e-05,3.737713201476972e-05,-17.235407732293318,-17.189721118624846
173,173,3.800063130200346e-05,4.096343601352266e-05,-17.109674902632236,-16.791817082056358
174,174,3.7722312852790694e-05,3.76969648258589e-05,-17.141428615154844,-17.152717019694283
175,175,3.7806653053098906e-05,3.8439238204247027e-05,-17.135688757448296,-17.068033141724083
176,176,3.811310691781193e-05,3.923617546924537e-05,-17.09599843277593,-16.978914182405227
177,177,3.77345800048134e-05,3.762491197496849e-05,-17.139083118038144,-17.161025937746025
178,178,3.7120324929308425e-05,3.751954567346011e-05,-17.211678918050186,-17.173205154882073
179,179,3.686948312139235e-05,3.7585497538154746e-05,-17.23928592822809,-17.165577827329756
180,180,3.7170595401830817e-05,3.787294688089261e-05,-17.20527198015245,-17.132489875889124
181,181,3.723408906470346e-05,3.764901425471946e-05,-17.198371430712825,-17.158244765571503
182,182,3.697139170268651e-05,3.7313746552650916e-05,-17.22696020281155,-17.197092289929156
183,183,3.737276439124733e-05,3.746931830200514e-05,-17.184693558559804,-17.179022944982904
184,184,3.709258935393252e-05,3.780951651845642e-05,-17.216305700874127,-17.139769623826467
185,185,3.707894828358363e-05,3.771272512446893e-05,-17.218834877979397,-17.15090170635096
186,186,3.684499732998185e-05,3.6945803195091064e-05,-17.243437392403166,-17.24012973846819
187,187,3.733617416297964e-05,3.7365739013981316e-05,-17.18623518288789,-17.191045102396124
188,188,3.682105446002715e-05,3.6742172405387175e-05,-17.24664806005777,-17.26413255648759
189,189,3.653249780082782e-05,3.725525742706132e-05,-17.283308286529262,-17.203905176879083
190,190,3.693554204688815e-05,3.7680017780267484e-05,-17.235355182264716,-17.154669872741582
191,191,3.667221443317159e-05,3.7176654969746446e-05,-17.264503423848904,-17.21307775489472
192,192,5.197841504192071e-05,4.8199491797468476e-05,-15.749643320643452,-16.085356271495638
193,193,4.126151361560915e-05,3.9073790264266884e-05,-16.74990207446091,-16.996925453099905
194,194,3.805253616463364e-05,3.880666190525517e-05,-17.103331551445955,-17.026717993847335
195,195,3.747401603607979e-05,3.7811512237040966e-05,-17.168973858944824,-17.13954039405185
196,196,3.733372994753792e-05,3.7688930732608574e-05,-17.18386395047812,-17.15364270011582
197,197,3.7575170205583194e-05,3.72953864395018e-05,-17.160199290503666,-17.199229748352533
198,198,3.756293954586337e-05,3.786908353887204e-05,-17.159580927111016,-17.132932913424135
199,199,3.722382233221295e-05,3.715361871352223e-05,-17.20018962008659,-17.215769664606995
200,200,3.6913821906974714e-05,3.774718023027832e-05,-17.234460641682887,-17.146935715856813
201,201,3.6842757778976725e-05,3.7611769872264154e-05,-17.245283177678875,-17.162543161154346
202,202,3.689839869582205e-05,3.7317114267927154e-05,-17.237632106565147,-17.196700339428787
203,203,3.700154981565105e-05,3.784446131536051e-05,-17.224054611755943,-17.13575758533741
204,204,3.698087028769618e-05,3.7321513924612906e-05,-17.228093343056997,-17.196188340034002
205,205,3.721552384001942e-05,3.7585218945567155e-05,-17.20097438803762,-17.16561001838211
206,206,3.680046355623641e-05,3.7530643902228854e-05,-17.249017524591082,-17.171920707880524
207,207,3.6783801388270316e-05,3.7212670959936654e-05,-17.24894095056935,-17.208872434621533
208,208,3.6681076568298126e-05,3.723300955913912e-05,-17.2621151114981,-17.206499444929868
209,209,3.6852633016191174e-05,3.731910548690633e-05,-17.24393107607178,-17.19646860866376
210,210,3.687461175263941e-05,3.7805683141892875e-05,-17.237629266761036,-17.14020996235563
211,211,3.673425727384645e-05,3.706275751219915e-05,-17.257777670781028,-17.22640358129105
212,212,3.7393171258316345e-05,3.706300173546065e-05,-17.1828514913924,-17.226374963758925
213,213,3.697944564394384e-05,3.716666728187671e-05,-17.2269313831663,-17.21424466474581
214,214,3.684358466905662e-05,3.683167884254975e-05,-17.24376182726949,-17.25356571235149
215,215,3.667615989619775e-05,3.6549809776356835e-05,-17.2629346974512,-17.286929653156093
216,216,3.651163294223094e-05,3.813639245651613e-05,-17.282873669734183,-17.102384781194274
217,217,3.7571788573014725e-05,3.8094152841949835e-05,-17.158851378374305,-17.107197663833244
218,218,3.728906372511044e-05,3.778834386474429e-05,-17.19152410891599,-17.142202276514848
219,219,3.7271240329311095e-05,3.830541467514673e-05,-17.1937365404893,-17.083179181731627
220,220,3.71953026036319e-05,3.743860495313512e-05,-17.20345052198893,-17.182584287522612
221,221,3.711018336954234e-05,3.860831384372432e-05,-17.211320462572075,-17.048972514056157
222,222,3.7652339574613265e-05,3.756909255140559e-05,-17.150517114347252,-17.16747381141417
223,223,3.712345002811359e-05,3.745218121988919e-05,-17.21120555338129,-17.181009701888776
224,224,3.69304121779782e-05,3.745405640649168e-05,-17.232336866064525,-17.180792261200263
225,225,3.6932488188709216e-05,3.682869905069789e-05,-17.232308098260997,-17.253917083657534
226,226,3.654136117361726e-05,3.677886716583376e-05,-17.27935351930675,-17.25979738021888
227,227,3.676983515012496e-05,3.773987028628318e-05,-17.255170447844115,-17.147776831870303
228,228,3.64311613010773e-05,3.695653130738432e-05,-17.29398178595569,-17.238868841898608
229,229,3.633235685332899e-05,3.709522302654621e-05,-17.302934582568852,-17.22260099806766
230,230,3.653274486459475e-05,3.676533388467138e-05,-17.27973607152,-17.261395719534086
231,231,3.648221920848675e-05,3.661036738010711e-05,-17.28620433753665,-17.279739993378136
232,232,4.445261251977669e-05,6.325250758795607e-05,-16.428244927248862,-14.905003389302005
233,233,5.516742846536085e-05,4.5909074718733076e-05,-15.489659088425768,-16.296795465262896
234,234,4.0753813139126956e-05,3.925155186535496e-05,-16.805228050423256,-16.977212544634796
235,235,3.796198117137483e-05,3.7925493368100816e-05,-17.112904324569627,-17.1264684714859
236,236,3.7942995516356494e-05,3.8110583390286925e-05,-17.116895135606757,-17.1053248939922
237,237,3.7311789597391833e-05,3.7940592033249376e-05,-17.19009116444115,-17.124739828967964
238,238,3.730709570461222e-05,3.77648613816985e-05,-17.190056674055427,-17.144901913969882
239,239,3.702319640838469e-05,3.714552306184104e-05,-17.22259610364688,-17.216716081155678
240,240,3.6795752636215784e-05,3.723045991041305e-05,-17.248460389657097,-17.206796852069463
241,241,3.694721212032726e-05,3.710451863681603e-05,-17.23222619163871,-17.221512845420026
242,242,3.670364799525243e-05,3.742833666221582e-05,-17.259080398191937,-17.18377559092477
243,243,3.684269831490045e-05,3.699442784540894e-05,-17.244790091941674,-17.234417714022353
244,244,3.645868724261257e-05,3.7047601309543674e-05,-17.28924621710217,-17.228179920085324
245,245,3.643551939341105e-05,3.7028804638937706e-05,-17.291160803225733,-17.23038393913647
246,246,3.6535913656650535e-05,3.6576483341234146e-05,-17.28026741015167,-17.28376138574945
247,247,3.639041477578486e-05,3.68845257502184e-05,-17.29585529236082,-17.247338825211884
248,248,3.64704723249384e-05,3.653284837032276e-05,-17.28950466504838,-17.288945519947198
249,249,3.676978631869808e-05,3.686624241756937e-05,-17.25248566185307,-17.24949211821213
