,epoch,train_loss,test_loss,train_dbs,test_dbs
0,0,0.0007149430709535774,0.0006959344211377596,-4.364141608579585,-4.490097689584452
1,1,0.0006759205692658949,0.0006636861944571137,-4.606883790402679,-4.696153024864102
2,2,0.0006521210379264865,0.0006459625591033776,-4.7652110261795135,-4.8137073992105535
3,3,0.0006369738599535116,0.0006337943578776168,-4.863773278913459,-4.896297176040987
4,4,0.0006260719101098319,0.0006240856876645825,-4.939692166487399,-4.963338634322333
5,5,0.0006178399306702783,0.0006165130731747731,-5.000721002032242,-5.016357960733721
6,6,0.0006100531462243921,0.0006096389659337307,-5.0527585599005365,-5.065053685652608
7,7,0.0006040052502396872,0.0006038685709140019,-5.097721768164626,-5.106356595243387
8,8,0.0005986555821511933,0.0005990946022058396,-5.134897897984544,-5.140826796782042
9,9,0.000594477981722616,0.0005946447092451548,-5.166647672226626,-5.173205271560563
10,10,0.0005905740923181022,0.0005919066024944186,-5.194892954050734,-5.193249019381989
11,11,0.0005872946937050018,0.0005876444874478406,-5.219633059135075,-5.224634198329213
12,12,0.0005842765484763713,0.0005856800891802107,-5.241833992989848,-5.239176263534216
13,13,0.0005816342273112579,0.0005832330023526753,-5.262380470565069,-5.257359956850564
14,14,0.0005789443234836241,0.0005808658989783572,-5.28165483633254,-5.2750220532459
15,15,0.0005764717550602617,0.000578414284207515,-5.298547681479034,-5.293390768064241
16,16,0.0005748004930996403,0.0005759938779336057,-5.313495420645717,-5.311602188660758
17,17,0.0005722511643735864,0.0005744182608874613,-5.3290875203836325,-5.323498485535744
18,18,0.000570779117232323,0.0005728583354012747,-5.342395193254157,-5.335308496312667
19,19,0.0005689610009436909,0.0005712779422633742,-5.356346238147573,-5.347306305820958
20,20,0.000567503721746088,0.0005693097727520293,-5.366856822851944,-5.362294473681465
21,21,0.0005661431710792648,0.0005678395422077493,-5.377038300084733,-5.373524544524217
22,22,0.0005649349030548918,0.0005670193625663064,-5.388103525888659,-5.379801969021058
23,23,0.0005633848162425548,0.0005654543822043036,-5.399701319724899,-5.391805121788007
24,24,0.0005618146567883872,0.0005636500090507692,-5.410631657721608,-5.405685680167169
25,25,0.0005606120199051484,0.0005629395385959038,-5.421410117816125,-5.4111633350886486
26,26,0.0005595675230352688,0.0005610457676658897,-5.428746196788781,-5.425797957775835
27,27,0.0005580714331296532,0.0005602935898901993,-5.440701934766473,-5.431624324329124
28,28,0.0005570084928323698,0.000558792781942573,-5.447589427949989,-5.443272987331687
29,29,0.0005558596680315269,0.0005581906144997399,-5.45813963802254,-5.447955564060619
30,30,0.0005550268526217833,0.0005571876719937121,-5.464589668476498,-5.455765874135738
31,31,0.000553939946970336,0.0005560019390510494,-5.4725463305084165,-5.465017801456184
32,32,0.0005526269957682444,0.0005554488467934885,-5.482670121238731,-5.469340168911929
33,33,0.0005517296409642458,0.0005543555813155285,-5.488150710577101,-5.477896619145723
34,34,0.0005501962150447071,0.0005529133946095642,-5.501387367222904,-5.489209752559025
35,35,0.0005497719400043878,0.0005515286956276549,-5.506357523143754,-5.500099729450573
36,36,0.0005489787238064347,0.0005509193104348684,-5.512777611259018,-5.504900911040621
37,37,0.0005472060965047669,0.0005497490883020586,-5.5241933604512745,-5.514135685237057
38,38,0.0005468710016017568,0.0005484626836780654,-5.5288557088170975,-5.524310019540671
39,39,0.0005459459084470171,0.0005482535864422588,-5.53605112382386,-5.5259660499884085
40,40,0.000544831570785147,0.0005472382426408952,-5.54573049929119,-5.534016467613181
41,41,0.0005440428152742805,0.0005462170535649516,-5.551572479584275,-5.542128311071962
42,42,0.0005432130269629439,0.0005457219146927329,-5.556843320590774,-5.54606692121355
43,43,0.0005424378191351353,0.0005445754964296755,-5.565591445610751,-5.555199902801982
44,44,0.0005415141100625594,0.0005441446862134494,-5.571042037708489,-5.558636938550978
45,45,0.00054035136672985,0.000542827609215716,-5.580986353373653,-5.569161577581787
46,46,0.0005399962081861941,0.0005422753686281411,-5.584325637599081,-5.573582080805357
47,47,0.000539097808644694,0.0005417983997368106,-5.5891791724657605,-5.5774036836695835
48,48,0.0005375312808685043,0.0005405293746949418,-5.6026067733620195,-5.587587859640218
49,49,0.0005374898103104194,0.000539717500367643,-5.6036057118407845,-5.59411586013476
50,50,0.0005369383362289902,0.0005388163201706974,-5.609980420796079,-5.601373447618114
51,51,0.0005359117064106557,0.0005381521217426972,-5.617119588631279,-5.60673029443953
52,52,0.0005349987024470165,0.0005370661597944012,-5.623454464524505,-5.615502977162041
53,53,0.0005344211540338536,0.0005366549471785364,-5.629687039565647,-5.618829490490887
54,54,0.0005332236055203128,0.0005352061186721059,-5.637556270413498,-5.630570165263473
55,55,0.0005325003180259205,0.0005349898833389345,-5.645164364511903,-5.632325167395611
56,56,0.0005318254145995243,0.0005343203083612025,-5.649001202091711,-5.637764052357388
57,57,0.0005308924796126937,0.0005342095177375564,-5.65717456340026,-5.638664649710748
58,58,0.0005298561579187775,0.0005326051644882874,-5.663633512924254,-5.651727130009595
59,59,0.0005295357106435928,0.0005320194667499317,-5.665779002137468,-5.6565056277829795
60,60,0.0005290262876966604,0.0005305601578009756,-5.672959013909611,-5.668434526243635
61,61,0.0005282533379660477,0.0005305595512158776,-5.679445767390387,-5.6684394914998375
62,62,0.0005275125911737763,0.0005299015564991063,-5.683999349594844,-5.673828911426863
63,63,0.0005263929650158688,0.0005286587203093069,-5.692486965359942,-5.6840268596963694
64,64,0.0005259388756515823,0.0005283243157655784,-5.699451651396588,-5.686774870742024
65,65,0.000525426754449523,0.0005276492922444289,-5.701447993542876,-5.692327263871886
66,66,0.0005245123213977966,0.0005269093151008221,-5.70975667148822,-5.698422099013509
67,67,0.000523898272580688,0.000525565116396664,-5.7158110312031685,-5.709515544701955
68,68,0.0005229474297369417,0.0005255040534968046,-5.722041217711373,-5.710020160025994
69,69,0.0005219987279749907,0.0005247216245870253,-5.7293535356364425,-5.716491238156312
70,70,0.0005213494854259122,0.0005244034140272752,-5.73545564582198,-5.71912575910156
71,71,0.0005207394646389468,0.0005232777176915031,-5.7422198111942695,-5.728458444023683
72,72,0.0005201279121503886,0.0005225219647400081,-5.7449621337112,-5.7347353515264405
73,73,0.000518907556735152,0.0005219917863877,-5.756421973498762,-5.739144169550285
74,74,0.0005187915104618968,0.0005207385570668665,-5.756816694428119,-5.749583509770507
75,75,0.0005180069327008786,0.0005207907034721421,-5.765410408038245,-5.749148632001074
76,76,0.0005176623349471652,0.0005198144568375459,-5.766745608407824,-5.757297325990658
77,77,0.0005162599950803194,0.0005190242326965457,-5.777866488445678,-5.763904512526055
78,78,0.0005159446064709235,0.0005186398752572897,-5.780432570534664,-5.767121821890462
79,79,0.0005152880987656524,0.0005172526365832278,-5.786590320151632,-5.778753732624345
80,80,0.0005145213079456356,0.0005174405630800481,-5.794268974935859,-5.777176155010104
81,81,0.0005135352137623374,0.0005165067957836742,-5.799515992292799,-5.785020463348847
82,82,0.0005130365514316471,0.0005155596667655596,-5.803081503643675,-5.792991520187051
83,83,0.0005121950954846922,0.0005148166076794855,-5.8134041678400905,-5.799255377862275
84,84,0.0005113576588667353,0.0005137895365662285,-5.820170034266403,-5.807928308074592
85,85,0.0005110961660507528,0.000513485400006175,-5.8209230694274865,-5.8104998656768085
86,86,0.0005102355936878198,0.0005126720153432535,-5.827899464856044,-5.817384745900234
87,87,0.0005097017145221189,0.0005124188763530631,-5.834111995751041,-5.819529665335564
88,88,0.0005096568547179634,0.0005114466261339226,-5.838038694880362,-5.827777682894332
89,89,0.0005084518400217723,0.0005110112404891927,-5.843215537665724,-5.831476331036369
90,90,0.0005078597543953159,0.000510414242805717,-5.849838178391995,-5.836553017165828
91,91,0.0005073070858566801,0.0005094178547886642,-5.856993188013657,-5.845039236737616
92,92,0.0005064215679105717,0.0005087581398823348,-5.863352275920544,-5.850667155389054
93,93,0.0005061346071426632,0.0005083462502194667,-5.8658523113569405,-5.8541846196583265
94,94,0.0005055903067053823,0.0005078511925316171,-5.868589350153508,-5.858416097322424
95,95,0.0005045599368948144,0.0005071294971888787,-5.8783884930697905,-5.864592143053386
96,96,0.0005038193317211818,0.0005060942877255576,-5.8823706985629665,-5.873466508631146
97,97,0.0005028624625842942,0.0005054685951970322,-5.891745825826348,-5.878839083124512
98,98,0.0005027359008270595,0.0005047155519653307,-5.8946934876893,-5.885313993301238
99,99,0.0005017319917990874,0.000504722040587742,-5.903684372408151,-5.88525816076777
100,100,0.0005016398631737174,0.0005036068415440815,-5.904701716932107,-5.894864649224958
101,101,0.0005005978809347972,0.0005029391935462819,-5.912110023175191,-5.900626052553055
102,102,0.0005000982122716599,0.0005025449714402816,-5.916491897032822,-5.904031546145392
103,103,0.000499460686564676,0.0005016929001277802,-5.923505253536156,-5.9114013131793826
104,104,0.0004985749627914779,0.0005006741266697645,-5.929254791463476,-5.920229373792857
105,105,0.0004980133014692704,0.0005003717363395385,-5.933871501392634,-5.922853158789035
106,106,0.0004973682156672759,0.0004996155024089507,-5.9422361554675724,-5.929421808327067
107,107,0.0004966366536838492,0.0004995066065978455,-5.946352390389084,-5.930368496417069
108,108,0.0004967061140257673,0.0004985148522169574,-5.947397163666233,-5.938999845833308
109,109,0.0004954429144716639,0.0004977211325527414,-5.956720890598363,-5.945920056477226
110,110,0.0004948776973814694,0.000497523920402225,-5.963646175383789,-5.947641203436968
111,111,0.0004943124853919462,0.0004967543691715324,-5.966394939325264,-5.954363907196514
112,112,0.0004938609424628049,0.0004963021232182846,-5.973703197699216,-5.958319531816901
113,113,0.0004932263499418677,0.000495255305921953,-5.977241269786015,-5.967489492747072
114,114,0.0004925502187538816,0.000494720037462876,-5.982984422991363,-5.972185855385204
115,115,0.0004919294616538724,0.000495060555342781,-5.9874197254701444,-5.969197616514053
116,116,0.0004913770994555551,0.0004941280961869971,-5.9922870799903265,-5.977385376963573
117,117,0.0004906450238045229,0.0004931593813173669,-6.001561902496768,-5.985907872528712
118,118,0.0004899998515911554,0.0004926717650194309,-6.0050573006065955,-5.990204127227838
119,119,0.0004891623138598906,0.0004917816749136699,-6.009295944484732,-5.99805744585082
120,120,0.0004886479663648211,0.0004917396566413931,-6.017959662309263,-5.99842852684753
121,121,0.0004880492300630461,0.0004910745146365738,-6.022586676096539,-6.004306902534808
122,122,0.00048773665012330893,0.0004900197810983579,-6.024769105158656,-6.013644743637063
123,123,0.0004869783063150328,0.0004893580335192382,-6.031332357060894,-6.019513640429928
124,124,0.0004864180290749892,0.000488703482245144,-6.037850750378944,-6.025326527335684
125,125,0.0004857202392364324,0.0004889012351141949,-6.0427280480165795,-6.023569519018198
126,126,0.0004854756695477618,0.0004872762288677653,-6.048465232682928,-6.038028609169479
127,127,0.00048428498713789294,0.0004867628005357753,-6.055407317120576,-6.042607052237083
128,128,0.00048402861959646583,0.00048745853985708793,-6.058144929027556,-6.036404030666345
129,129,0.000483905296465478,0.0004862903442699462,-6.06120984312364,-6.04682439979738
130,130,0.00048271986084615754,0.00048566380773033753,-6.068459999242249,-6.052423458127272
131,131,0.00048187959935640934,0.00048472832943508893,-6.076993266012075,-6.060796839812088
132,132,0.00048191583632568337,0.0004836259973480513,-6.0778569384994094,-6.07068447982516
133,133,0.00048141373614252533,0.00048378469594019026,-6.081395452851384,-6.069259605695731
134,134,0.0004808789013510512,0.0004831209156882802,-6.088657129480762,-6.075222465822311
135,135,0.0004799865242021792,0.00048243965016138787,-6.094883651206057,-6.081350924638908
136,136,0.000479583421148379,0.00048144461011121934,-6.097753267662531,-6.0903175729053345
137,137,0.00047908497484612094,0.0004812824726717449,-6.1041175564411985,-6.091780404837639
138,138,0.0004784635615597489,0.0004804046352786061,-6.109778241535585,-6.099708972010529
139,139,0.00047733974295005816,0.0004803042102139443,-6.1182879629759315,-6.1006169276682884
140,140,0.0004773595233534261,0.0004794114073248286,-6.120569683602924,-6.108697227143187
141,141,0.0004768345055540006,0.00047939441681496407,-6.125150427146345,-6.10885114537134
