,epoch,train_loss,test_loss,train_dbs,test_dbs
0,0,0.0010763394631944673,0.001055374036935207,-2.587363586471791,-2.6817168035492482
1,1,0.001036274149058598,0.001024259799650233,-2.7510937755041724,-2.8116795855143635
2,2,0.0010106403461042984,0.001001532927866241,-2.862526818650273,-2.909128539608447
3,3,0.0009885017673686607,0.0009808092849868302,-2.9552148793753523,-2.9999351781638914
4,4,0.0009692317821786346,0.0009617000040108044,-3.041657887409132,-3.085384684705172
5,5,0.0009508849206841407,0.0009426744930495165,-3.1282011297250065,-3.1721633025705738
6,6,0.0009315495508886182,0.0009242397469566449,-3.2143756644668486,-3.257934448969979
7,7,0.0009138728918018031,0.0009068217937295374,-3.2992709545730428,-3.3405613730970356
8,8,0.0008969445606050341,0.0008904223918522659,-3.379012257326136,-3.419820134652663
9,9,0.0008815031729100906,0.0008753148446741857,-3.455766612235492,-3.4941379249373354
10,10,0.000866884242061564,0.000861420127636704,-3.528025779839413,-3.5636307121213284
11,11,0.0008537160399485111,0.0008481676402305694,-3.59505941667168,-3.630963873357274
12,12,0.0008413583807138362,0.0008364581858347121,-3.6582082930772937,-3.691338506709756
13,13,0.0008298626017142279,0.0008254491993667264,-3.7188180922726515,-3.7488773569886993
14,14,0.0008188394275157876,0.0008146495276473855,-3.7760353770402864,-3.8060727629345097
15,15,0.0008083195857626875,0.0008047968761897401,-3.8304969953222456,-3.8589180432201085
16,16,0.0007988706581563372,0.0007950500585138798,-3.883902039092572,-3.9118361244884015
17,17,0.0007885902095105999,0.0007857600851964794,-3.9364405612905107,-3.962881224517052
18,18,0.0007798045533997266,0.0007766303667602571,-3.98721828003751,-4.013637185847671
19,19,0.0007708423000462737,0.0007675891729856008,-4.037515842120602,-4.064492460405739
20,20,0.0007618075793551415,0.0007583648671003941,-4.088091070890742,-4.1169988116696565
21,21,0.0007529242729921778,0.0007498295591702979,-4.138788048739996,-4.166155295014448
22,22,0.0007443671761627894,0.0007417159657435198,-4.1902154582359845,-4.213404588467615
23,23,0.0007356650888506976,0.0007332262190941133,-4.240951231390736,-4.263401000263556
24,24,0.0007265310910933642,0.000723589490486407,-4.294020266064699,-4.320858358472514
25,25,0.0007182612244673457,0.0007144892925249511,-4.345209953191162,-4.3758236157340145
26,26,0.0007098834222355454,0.0007075439636154394,-4.395400857367554,-4.418246561776156
27,27,0.0007019740524557755,0.000699472368547791,-4.44438926350977,-4.468075232172995
28,28,0.0006939721336953112,0.000692073317048581,-4.4927872800212825,-4.514259810286623
29,29,0.0006870883666987041,0.0006845857439513661,-4.537665320892678,-4.561502353292738
30,30,0.0006804003460649593,0.0006780389874046179,-4.580084361450907,-4.603234197058077
31,31,0.0006739660262216613,0.000672389789925594,-4.620793133034359,-4.639569761657807
32,32,0.0006680616361242672,0.0006670288796732692,-4.65882575634939,-4.674334487962872
33,33,0.0006628822164427605,0.0006621406983437115,-4.691050194706237,-4.706278038039081
34,34,0.0006583736100493325,0.0006579112592398337,-4.721839206626511,-4.734107675186232
35,35,0.0006546514989692986,0.0006550645860108105,-4.748081556567861,-4.7529396501501315
36,36,0.0006513614795583579,0.000651043747845841,-4.770112028754609,-4.779679137202184
37,37,0.0006475722976508982,0.0006482395478279182,-4.792820014306326,-4.798425633658455
38,38,0.0006454293502101041,0.0006456535713943211,-4.809217553600976,-4.8157852868493105
39,39,0.0006429417744115687,0.0006433140155614206,-4.825830834630446,-4.8315507306727214
40,40,0.0006416028907964218,0.000641176807939222,-4.835690031398165,-4.84600281264247
41,41,0.000639812517959202,0.0006401964346878231,-4.847375944413388,-4.852648351384847
42,42,0.0006383258750969448,0.0006394024178581802,-4.856120591165501,-4.858038121330724
43,43,0.0006375769903336066,0.0006379795928583725,-4.86376470468628,-4.867712992222854
44,44,0.0006365070999215942,0.0006376295564941278,-4.869107287974725,-4.87009646313712
45,45,0.0006358239880148513,0.0006378714828506896,-4.874379809098057,-4.868448996303291
46,46,0.0006352692930095052,0.0006358326400483125,-4.878654106447483,-4.882352679566825
47,47,0.0006344660488917425,0.0006358704811550284,-4.881770963473509,-4.8820942201266195
48,48,0.0006341440873172556,0.000636358831175848,-4.884764723104185,-4.878760108459167
49,49,0.0006346586814447853,0.0006352841094332306,-4.881905814224002,-4.8861009400498965
50,50,0.0006341328490381465,0.0006360261008682612,-4.887422039519986,-4.881031479900334
51,51,0.0006337772032303601,0.0006348135587024061,-4.888685890055605,-4.889318922419749
52,52,0.0006337901889394546,0.0006359839615853209,-4.887526631281313,-4.881319226964593
53,53,0.0006337266141721575,0.0006346418889925668,-4.8895039820734505,-4.890493523833024
54,54,0.0006326762185259195,0.0006346454641683714,-4.894834839876482,-4.890469058464801
55,55,0.0006330906462702016,0.0006343895128290905,-4.893704109418851,-4.892220913343628
56,56,0.0006324511066981658,0.0006341329487775894,-4.896422506775297,-4.893977671410013
57,57,0.0006333166822195821,0.0006347308486798092,-4.891031017558425,-4.889884802687565
58,58,0.0006329798626895878,0.0006340906624437162,-4.891314435009181,-4.894267284713304
59,59,0.0006326035237583073,0.0006338214489484304,-4.893415467295773,-4.896111544045841
60,60,0.0006331853021281896,0.0006337990022362455,-4.892423291605576,-4.89626535165017
61,61,0.0006318879349771695,0.0006337210774960878,-4.901467635310003,-4.896799343738153
62,62,0.0006318394053900211,0.0006348355826431591,-4.900260575201389,-4.889168252827209
63,63,0.000631875284112145,0.0006340277859156853,-4.899274048392954,-4.894697953145307
64,64,0.0006324033374110833,0.0006333054747971657,-4.898862855541774,-4.8996484389674935
65,65,0.000631944104769872,0.0006337461558072583,-4.89978315620836,-4.8966274833243775
66,66,0.0006321972738903438,0.000633661518804729,-4.898787430969326,-4.89720752373212
67,67,0.0006321636328627308,0.000633325378753637,-4.899985614865559,-4.899511948080034
68,68,0.0006317784961735465,0.0006325152812917766,-4.900973148201583,-4.905070639890544
69,69,0.0006312499394083453,0.0006330943525474714,-4.904034488228161,-4.90109646868005
70,70,0.0006314951844859062,0.0006328088041443966,-4.903044706502041,-4.903055735425212
71,71,0.0006310407674784973,0.0006332973257246378,-4.907850562631308,-4.899704322267768
72,72,0.0006305912177116831,0.0006329200665564521,-4.908584557513436,-4.9022922124805755
73,73,0.0006306456034695826,0.0006321804524448357,-4.909468202199092,-4.907370233699979
74,74,0.000630576407762494,0.000632333777550804,-4.909368119656118,-4.9063170506482425
75,75,0.0006305275757355404,0.000631286296993494,-4.911725280041231,-4.913517239048301
76,76,0.0006303403858988325,0.0006320801851535706,-4.911459944970542,-4.908059103227481
77,77,0.0006296347602289746,0.0006319625995514032,-4.915664256764356,-4.908867094522361
78,78,0.0006297460622778258,0.0006324707064777613,-4.914808732930259,-4.905376708036025
79,79,0.0006300257302859088,0.0006314560182784733,-4.913508575817705,-4.9123497955076765
80,80,0.0006295795295598734,0.0006310260627957943,-4.917796637360663,-4.915307893743046
81,81,0.0006297404131343224,0.0006314049548420467,-4.913602635784782,-4.912701007068588
82,82,0.0006290967162151236,0.0006309930958147896,-4.917390397667281,-4.915534790107352
83,83,0.0006290228164889226,0.0006304480484686792,-4.9210943350073775,-4.9192878160903
84,84,0.0006291155574948902,0.0006307296601957397,-4.920113433593117,-4.9173483206441935
85,85,0.0006288332671416712,0.0006306481357712887,-4.920594209799317,-4.9179097005549846
86,86,0.0006284181901119342,0.0006277564006220354,-4.923119503217027,-4.93786936841491
87,87,0.0006283152609650698,0.0006299203561962043,-4.925496857400649,-4.922924433044859
