,epoch,train_loss,test_loss,train_dbs,test_dbs
0,0,0.000618410486363105,0.0004649062588884446,-4.994161175761935,-6.242126933338089
1,1,0.0003157316544453239,0.00020337788354433877,-7.914971723750175,-9.832743627995798
2,2,0.00015678799461534958,0.00013235623344754507,-10.955305978284375,-11.698336866812518
3,3,0.00012382454715594745,0.00012224621988073188,-11.978516662694725,-12.043426476554828
4,4,0.00011657993286696848,0.00011582575787447,-12.242221186865383,-12.277729357550761
5,5,0.00011195494160572183,0.0001129183258040269,-12.416580622374163,-12.388136559201309
6,6,0.00010978227967910046,0.00011164105786807148,-12.502276257818464,-12.43754143282949
7,7,0.00010894457670108694,0.00011169612652769214,-12.534744500324784,-12.435399737030071
8,8,0.00010859615741940888,0.00011057060979318952,-12.549891852817296,-12.479383816092422
9,9,0.00010815231185334437,0.00011047722670666285,-12.567903028621243,-12.483053226500274
10,10,0.00010750300554587439,0.00011078076395757594,-12.591593983924538,-12.471137305594803
11,11,0.00010754452523542568,0.00010921960845160739,-12.588685091591682,-12.532774710557398
12,12,0.00010741408876822686,0.0001098251316426812,-12.594121358953972,-12.508763538199963
13,13,0.00010728377471713964,0.00010954844229241931,-12.600459186369878,-12.519718797722259
14,14,0.00010699135818117845,0.00010952189155719488,-12.61328566516532,-12.520771504188923
15,15,0.0001071508424464594,0.00010937711685025868,-12.608275229352294,-12.526516150175816
16,16,0.00010680654653247216,0.00010924142521904095,-12.621485228347279,-12.531907287971167
17,17,0.00010655498254825793,0.00010887490038600702,-12.630454837382239,-12.546503156653184
18,18,0.00010652388097987194,0.00010934572798616596,-12.632009199970124,-12.527762660166342
19,19,0.00010596861980000952,0.00010862365429363165,-12.65425400076733,-12.556536771838662
20,20,0.00010597388444290755,0.00010846629026529722,-12.654857169067403,-12.562832995393808
21,21,0.00010564505473948228,0.00010864774115984084,-12.668244109195987,-12.555573847740716
22,22,0.0001056104937157853,0.00010839904433324639,-12.67204821005619,-12.565526329320155
23,23,0.00010523100767030198,0.00010747511642923775,-12.684621953602859,-12.602701620615129
24,24,0.00010484369419462327,0.00010760032991560078,-12.703460692220576,-12.597644833961397
25,25,0.00010438773160879548,0.00010737324230017533,-12.720242909971414,-12.606820188304262
26,26,0.00010418870521423686,0.0001067678646282538,-12.731077612411914,-12.63137529465923
27,27,0.00010346785884112906,0.00010603989894183254,-12.759999160921616,-12.66108781158028
28,28,0.00010252317963360051,0.00010448790578122593,-12.798595306938566,-12.725120614926917
29,29,0.0001018327532891789,0.00010390567599403624,-12.827462699298682,-12.749388141743445
30,30,0.00010141325292727171,0.00010301400241013126,-12.847821196691132,-12.786818251553449
31,31,0.00010090024698376848,0.00010318905275964521,-12.868274255857461,-12.779444605314394
32,32,0.00010045296799081868,0.00010277468850529801,-12.888004775483726,-12.79691917155066
33,33,0.00010045376587083044,0.00010199125398158733,-12.885948579905032,-12.83015154863881
34,34,9.994124456611222e-05,0.00010239198806965233,-12.909770930383832,-12.813121108723116
35,35,0.00010004785534752936,0.00010215247886279892,-12.90301300828753,-12.823291765109076
36,36,9.994169455033621e-05,0.00010146245040232316,-12.911644704691607,-12.852727396479068
37,37,9.97193420357455e-05,0.00010156156311399842,-12.920795239862615,-12.848487099339732
38,38,9.973661448403272e-05,0.00010177838703384623,-12.917488683137437,-12.839225223593672
39,39,9.942367299671103e-05,0.00010141484342870841,-12.93470107770849,-12.85476561829582
40,40,9.903381076058104e-05,0.0001007939212477619,-12.9484674745948,-12.881437451723102
41,41,9.911203023031853e-05,0.00010061982826109191,-12.945343333944964,-12.888945145955722
42,42,9.894730427516049e-05,0.00010112675035519427,-12.953934847629975,-12.86712034644258
43,43,9.882049633552484e-05,0.00010072291287973425,-12.961772802217572,-12.884498093660358
44,44,9.841145835060761e-05,0.00010072660983209254,-12.97589993713514,-12.884338692338615
45,45,9.849303113668677e-05,0.00010009866520321291,-12.973242009800925,-12.911498000447864
46,46,9.832076151368026e-05,0.00010058662423704702,-12.980506338132582,-12.89037853185081
47,47,9.810761293545173e-05,9.982581870740672e-05,-12.988119726449057,-12.923352056417905
48,48,9.79812657814617e-05,0.00010011478910823108,-12.99596076599139,-12.910798494711315
49,49,9.76653544282656e-05,9.978229890724546e-05,-13.008741659194287,-12.925245807993633
50,50,9.740865894367668e-05,9.958341366942285e-05,-13.02049194500145,-12.933910767364532
51,51,9.765492618076753e-05,9.930209910778917e-05,-13.010867088195486,-12.946196573562009
52,52,9.69965534300313e-05,9.934801384684091e-05,-13.036140151840668,-12.944188971566046
53,53,9.690849356516504e-05,9.837640506080596e-05,-13.044144103432052,-12.986871381063846
54,54,9.664896090716585e-05,9.903198837204592e-05,-13.055313791245911,-12.958025873916055
55,55,9.650821343289938e-05,9.85376437280425e-05,-13.061664317841238,-12.979759132899629
56,56,9.618474115958418e-05,9.808732705239795e-05,-13.074494776815529,-12.999651864580484
57,57,9.613546717446297e-05,9.845869690731266e-05,-13.076188414696198,-12.983240027045346
58,58,9.604332797270095e-05,9.79216577099195e-05,-13.082691748968253,-13.006993293186866
59,59,9.553450322950009e-05,9.805144777362187e-05,-13.10507543831045,-13.001240757238222
60,60,9.569770985969448e-05,9.818523310394467e-05,-13.09828052020392,-12.995319107986843
61,61,9.577026788430941e-05,9.759340288215561e-05,-13.096682400638027,-13.021576251028826
62,62,9.569643334168748e-05,9.767761902797869e-05,-13.098498840211379,-13.017830215459597
63,63,9.571145144327227e-05,9.781759581528604e-05,-13.09835187298329,-13.01161101907062
64,64,9.531718912803251e-05,9.760702845309616e-05,-13.113749921614735,-13.020969950085595
65,65,9.515211670227425e-05,9.81140114354754e-05,-13.123236908725477,-12.99847053926596
66,66,9.526941699057472e-05,9.7376181465255e-05,-13.118902600872351,-13.031253463201217
67,67,9.504625549451112e-05,9.718166524850715e-05,-13.126175287827062,-13.039937497194012
68,68,9.498395041932265e-05,9.783185094803277e-05,-13.131067064155296,-13.010978160086955
69,69,9.504089738931219e-05,9.729219087411796e-05,-13.12668368790707,-13.035001031651879
70,70,9.51567281592042e-05,9.739211696126547e-05,-13.123087440490583,-13.030542803606703
71,71,9.504811543930495e-05,9.762995729320927e-05,-13.126967855703253,-13.019949869925549
72,72,9.489605250077072e-05,9.71065980449662e-05,-13.133608222608466,-13.043293466652933
73,73,9.51831170823425e-05,9.732303519022505e-05,-13.12266293007228,-13.033624416197224
74,74,9.46314989819585e-05,9.752532212970484e-05,-13.143860011369675,-13.024606928511089
75,75,9.511807902245638e-05,9.707575794125564e-05,-13.126256186153366,-13.044672962427143
76,76,9.474467500244969e-05,9.68584365756741e-05,-13.141225288143247,-13.054406316528283
77,77,9.481336229262375e-05,9.691865163499882e-05,-13.138935857436529,-13.051707228718119
78,78,9.477273169508895e-05,9.70746083399526e-05,-13.140817861229852,-13.04472439323429
79,79,9.481270640630025e-05,9.709093520589369e-05,-13.138520064524677,-13.043994019793956
80,80,9.446196391885697e-05,9.726341829120524e-05,-13.152965535328416,-13.036285576891544
81,81,9.47269627712811e-05,9.703407129946802e-05,-13.14356022721773,-13.046538326880512
82,82,9.474063512074674e-05,9.681100269326155e-05,-13.14365735546782,-13.056533680956733
83,83,9.449669071437176e-05,9.688609249056561e-05,-13.151444398949286,-13.053166455834528
84,84,9.461346645863516e-05,9.7435108680082e-05,-13.14789812491161,-13.028626124201029
85,85,9.473942003582517e-05,9.739263010774984e-05,-13.139714508044843,-13.030519921251704
86,86,9.463616564615447e-05,9.681358680705001e-05,-13.147227284960268,-13.056417759072854
87,87,9.455563444716222e-05,9.663646395845142e-05,-13.153575013909887,-13.064370561044893
88,88,9.444674366566632e-05,9.706663389040746e-05,-13.155846337948606,-13.045081170536822
89,89,9.440592689362845e-05,9.703517111790318e-05,-13.155345296854769,-13.04648910268903
90,90,9.43228681619788e-05,9.731056994305139e-05,-13.159766848853456,-13.034180701229994
91,91,9.47495371423729e-05,9.700617680975579e-05,-13.141756895017839,-13.04778697742173
92,92,9.468399606628304e-05,9.720217196062502e-05,-13.144620431592342,-13.039021170808478
93,93,9.434421627167805e-05,9.689030565296937e-05,-13.160790408396696,-13.052977603817347
94,94,9.435248933552485e-05,9.738850617156316e-05,-13.159181414376231,-13.030703820243573
95,95,9.458130920130625e-05,9.681465867049012e-05,-13.151685810405587,-13.056369676792684
96,96,9.449367801786026e-05,9.640211532027216e-05,-13.151899264182669,-13.07491522737866
97,97,9.452617777026614e-05,9.672312176247176e-05,-13.15291723977824,-13.060477812880452
98,98,9.436839577902742e-05,9.687948706988736e-05,-13.155338761766671,-13.053462555663904
99,99,9.461615923804125e-05,9.738534534239749e-05,-13.14731238315547,-13.030844776604436
100,100,9.434376958788843e-05,9.626602121371482e-05,-13.15804215373391,-13.08105064036296
101,101,9.430538441088127e-05,9.652051889325346e-05,-13.162103054995386,-13.06958438322453
102,102,9.453946434395849e-05,9.629214036976919e-05,-13.150627665384018,-13.079872460708287
103,103,9.450668120425501e-05,9.676765138896084e-05,-13.148925990985937,-13.058478857468588
104,104,9.435080843929624e-05,9.680018602490523e-05,-13.160288251936345,-13.057018944170675
105,105,9.424048316900225e-05,9.659367405172241e-05,-13.164287229581157,-13.066294010551134
