,epoch,train_loss,test_loss,train_dbs,test_dbs
0,0,0.0010762207111650983,0.001062159126281346,-2.5878427679760896,-2.653885013253392
1,1,0.0010460514938890858,0.001038202587024946,-2.71030977874887,-2.75295979595414
2,2,0.0010265704819250891,0.0010206930578294162,-2.7946054135330236,-2.8268292536962725
3,3,0.0010073879144404123,0.0010008248224805452,-2.873022017209893,-2.912200181270681
4,4,0.0009901587054440657,0.0009877168156794812,-2.9488862530729065,-2.969456387203952
5,5,0.000980454780876675,0.0009789332919018833,-2.9952050473894793,-3.00824987932262
6,6,0.0009719235486514175,0.0009720163744580196,-3.030114225047893,-3.0390450527312503
7,7,0.0009657559021059232,0.0009659249151713754,-3.059455195385195,-3.066347178772923
8,8,0.0009600759037415084,0.0009611451165064386,-3.083612564444207,-3.0878912265513274
9,9,0.0009559044913273573,0.0009568809243654343,-3.1038603892594523,-3.107201894168084
10,10,0.0009519205909923257,0.0009539430611766875,-3.121629653992745,-3.1205563295997365
11,11,0.0009485689092657922,0.000949582339288961,-3.137504969469815,-3.1404545748818564
12,12,0.0009457883341045878,0.0009476403172716106,-3.150079014970086,-3.14934556864607
13,13,0.00094311170882459,0.0009447375287939059,-3.163248658029261,-3.1626691869645573
14,14,0.0009403189676621756,0.0009423417075978298,-3.175270871116177,-3.1736967311615545
15,15,0.000937754819985748,0.0009400382374511345,-3.185434964419514,-3.1843256679594645
16,16,0.0009361215550260446,0.0009380526914212265,-3.195344287195867,-3.1935085247888892
17,17,0.0009331049423991251,0.0009356993587540561,-3.2056494728344593,-3.204417544781462
18,18,0.0009317871029536749,0.0009342774129962843,-3.2139089977645474,-3.2110223681623795
19,19,0.0009301595519460046,0.0009323058459956787,-3.2215967254157647,-3.2201967886803273
20,20,0.0009283699760136684,0.0009306980094774381,-3.229333096133486,-3.2276930125768915
21,21,0.0009269548019576702,0.0009291555646708922,-3.2357154456235033,-3.234896541188115
22,22,0.0009258326914727918,0.0009277785981172009,-3.2427624811941484,-3.241337362813617
23,23,0.0009243219410376527,0.0009265091043504837,-3.2495200793134273,-3.2472839505313846
24,24,0.0009228793529736012,0.0009253900743236667,-3.255113009039577,-3.2525324935457878
25,25,0.0009216362647664224,0.0009239343252327097,-3.262438617368857,-3.2593698437475798
26,26,0.0009203679276361447,0.000922662322409451,-3.2676564378019703,-3.2653530008727296
27,27,0.0009192531039103021,0.0009218177966479408,-3.273248806918691,-3.2693299795334347
28,28,0.0009178003259051169,0.0009203530897043253,-3.2787255222985956,-3.2762361170907783
29,29,0.0009169025687481632,0.0009195498454286472,-3.2845593809209217,-3.280028106027244
30,30,0.0009158637120206025,0.0009183438960462809,-3.2894211005643865,-3.2857274261300478
31,31,0.000914598963962695,0.0009166411871678735,-3.29486613066956,-3.29378718954917
32,32,0.0009132968549875869,0.0009164988449284513,-3.3008714633854295,-3.294461643744318
33,33,0.0009120367509408941,0.0009151475295718564,-3.3052904877664706,-3.3008697465017733
34,34,0.0009110846296288841,0.0009142705882703396,-3.310976151779027,-3.3050333742002005
35,35,0.0009105704477556126,0.0009128805832006037,-3.3150477095896647,-3.3116411651425803
36,36,0.0009095375984187055,0.0009119322670525626,-3.3201261779200735,-3.3161550363290115
37,37,0.0009078545959128701,0.0009108880246793362,-3.3255396683945833,-3.321130938255604
38,38,0.0009072579031800563,0.0009099882935467912,-3.3303970589925096,-3.3254228090867044
39,39,0.000906356705770319,0.0009092999726386839,-3.3345557566415707,-3.3287090830872526
40,40,0.0009054210062196344,0.0009082514657884052,-3.339847490460329,-3.3337197890315187
41,41,0.0009044488176665048,0.0009073410213826911,-3.3440633189202797,-3.3380754031620885
42,42,0.0009032147438457408,0.0009060584860363681,-3.34863490122896,-3.344218540560626
43,43,0.0009029096030851,0.0009052238708950187,-3.3526483370532505,-3.3482208848077013
44,44,0.0009015453829353233,0.0009044001926667988,-3.357263875751194,-3.352174401356096
45,45,0.0009006468588774352,0.0009034190749700524,-3.36220350920075,-3.356888302255983
46,46,0.0008999116583151225,0.0009026796354814188,-3.3662339589173684,-3.360444414728678
47,47,0.000898567712433713,0.0009017988310293539,-3.370346743777163,-3.3646841831786487
48,48,0.0008976442952995602,0.0009003884318333707,-3.375601446029159,-3.371481797674881
49,49,0.0008972922181614588,0.0008996943391761498,-3.377969052154314,-3.374830983954031
50,50,0.0008965061411031128,0.0008987109023636501,-3.3836918598789856,-3.3795807612976043
51,51,0.0008953654233692694,0.0008981422043258423,-3.388048836291243,-3.3823298165989693
52,52,0.0008944409999026696,0.0008975903405562827,-3.391464767241149,-3.384999160629185
53,53,0.0008939841873799786,0.0008967340108938515,-3.395225073295911,-3.3891444454548427
54,54,0.0008923598365935008,0.0008954938292797459,-3.4012497890118114,-3.395154887938304
55,55,0.0008919750695529673,0.0008947917346009298,-3.4048359179664693,-3.3985612256373487
56,56,0.0008908129722052781,0.0008937219360010012,-3.408826748467182,-3.403756687005559
57,57,0.000890009771293202,0.0008933350633780815,-3.4132925497216586,-3.4056370595736034
58,58,0.0008888576106533178,0.0008921883111868642,-3.4168914198374463,-3.4112155720067316
59,59,0.0008878144177550584,0.0008910078169336837,-3.4215095992658684,-3.4169657214926525
60,60,0.0008875979002584348,0.0008899260336827291,-3.425568881928447,-3.422241746249257
61,61,0.000886780236242819,0.000889635883810881,-3.4297082133693118,-3.423657942990112
62,62,0.0008858486136287143,0.0008887805743142962,-3.4327325537867264,-3.4278353247459843
63,63,0.0008845348937254515,0.0008876554049110334,-3.4384380312412604,-3.4333368450270845
64,64,0.0008844864001430417,0.0008868538762295717,-3.4418927915450954,-3.4372601776443794
65,65,0.0008833167081958009,0.0008861273251424887,-3.445405370875984,-3.440819574048124
66,66,0.0008826404371894128,0.0008853706561862246,-3.449475415898366,-3.44452962255827
67,67,0.0008820055674319875,0.0008844549516461006,-3.45356743084635,-3.4490236864090424
68,68,0.0008808966706862155,0.0008842736164009885,-3.457371859814274,-3.4499141893163325
69,69,0.0008797363273693805,0.0008831636085616131,-3.462522723939369,-3.45536921013497
70,70,0.0008791543809773842,0.0008824791385498094,-3.4660936920215804,-3.4587363869268977
71,71,0.0008785494653623283,0.000881078622401937,-3.470762545865243,-3.4656342223839354
72,72,0.000877540023906214,0.0008808866137099502,-3.4733944033819286,-3.4665807599662712
73,73,0.0008766134389551337,0.0008800951855894374,-3.4792406828786304,-3.4704844106325057
74,74,0.0008760694175545779,0.0008783165340949046,-3.4813601014720943,-3.4792702801089797
75,75,0.0008753443001193407,0.0008778797621887765,-3.486977047868666,-3.4814304900239437
76,76,0.0008746705872496378,0.0008772603131977743,-3.4887660510505167,-3.4844960378232965
77,77,0.0008736851417517155,0.0008766568161694235,-3.4930017178859876,-3.487484724520209
78,78,0.0008728647023708243,0.0008756468152186196,-3.496994023971701,-3.4924911387097217
79,79,0.0008720759429594444,0.0008744578777910455,-3.501548377775036,-3.498391917624505
80,80,0.0008715718130091417,0.0008742325773805772,-3.5052708592572186,-3.499511003341351
81,81,0.0008699768168861335,0.0008733396626714813,-3.5101414860067512,-3.5039490226212298
82,82,0.0008692073818180979,0.0008725196729708267,-3.5133305206226413,-3.5080285841429126
83,83,0.0008688415718725739,0.0008717480752813188,-3.5183523972212627,-3.511870891506519
84,84,0.0008680135480934734,0.0008704228890373519,-3.5221526464509285,-3.518477834177858
85,85,0.0008671411916796002,0.0008701655805405034,-3.525051131431333,-3.51976185579578
86,86,0.0008665037643855688,0.0008691837061441651,-3.5279024412745437,-3.524665099564147
87,87,0.0008658661672691862,0.0008686790641054119,-3.5327652362097584,-3.5271873155029287
88,88,0.0008656509075381016,0.0008678996083816807,-3.5373895052029587,-3.531085939248573
89,89,0.0008640429359073415,0.0008671567714037863,-3.5403605317642843,-3.5348046659011843
90,90,0.0008636081288808707,0.0008666885122166652,-3.5441089458073853,-3.537150462125711
91,91,0.0008632183031745485,0.000865963719613654,-3.548496069098734,-3.5407838911611482
92,92,0.0008621652989849909,0.0008645631176860709,-3.552568820062734,-3.54781381763438
93,93,0.0008615376865827315,0.0008640778833068907,-3.555769847926876,-3.550251971290593
94,94,0.000860554757816045,0.0008629290233856361,-3.5587916391251455,-3.5560301021822176
95,95,0.0008594668770362576,0.0008623718137019559,-3.5652246888932377,-3.5588353300485362
96,96,0.0008584099051244941,0.0008617641869932413,-3.5681717709013014,-3.561896445151645
97,97,0.0008578910558369279,0.0008608076727556947,-3.571916604233154,-3.566719569314192
98,98,0.0008575229877942079,0.0008601898658334425,-3.575634773757032,-3.5698376463912957
99,99,0.0008566032605456937,0.0008593456923814589,-3.5806050780360477,-3.5741018199312684
100,100,0.0008562060994739385,0.0008585027719259655,-3.582838950585399,-3.5783638458257574
101,101,0.0008549593951908353,0.0008577997244796471,-3.5875452003820385,-3.5819218391768053
102,102,0.0008542333092281269,0.000857136779048137,-3.5912798983659213,-3.5852795559955593
103,103,0.0008538258682033911,0.0008560681936184043,-3.5948252676663754,-3.590697247668909
104,104,0.000852683327429611,0.0008558711208599178,-3.5986817338166017,-3.5916971383916514
105,105,0.0008520977559605057,0.0008545653238941572,-3.601386710802721,-3.5983282006404522
