,epoch,train_loss,test_loss,train_dbs,test_dbs
0,0,0.0005955912026375072,0.0005752420831030529,-5.15737348054633,-5.317274360203259
1,1,0.0005538050564169192,0.0005385334799556356,-5.4722712523548855,-5.603653783075908
2,2,0.000525655213817858,0.0005172706120279862,-5.701483373165193,-5.7786028102264275
3,3,0.0005074555928021977,0.0005017409689332309,-5.851008947303038,-5.910985221643736
4,4,0.0004928604349825224,0.0004883402480596775,-5.978694794395263,-6.028555668565733
5,5,0.0004793471034457811,0.00047408948395107135,-6.102979658992034,-6.157177642353809
6,6,0.0004656653843469649,0.00046246798286263486,-6.225695717774492,-6.264964148688021
7,7,0.0004551651261713279,0.000453116289511519,-6.326439106047474,-6.35368410999698
8,8,0.00044592073758507205,0.0004445195893487452,-6.41409156502433,-6.436871818571649
9,9,0.0004385566787755827,0.00043757110803486094,-6.48774811813431,-6.505294476717487
10,10,0.0004316345637318553,0.00043220999711928397,-6.556474724121804,-6.558832783305509
11,11,0.0004262019041205574,0.00042550532931559965,-6.612039972010136,-6.626730824763177
12,12,0.0004211956378283728,0.00042143562428751275,-6.663179896672885,-6.668468422471314
13,13,0.00041714179708824024,0.0004179531993270901,-6.706042947066947,-6.70450432332542
14,14,0.00041318536536844887,0.00041469439288209145,-6.746573528643484,-6.738499230565111
15,15,0.0004099068620731843,0.0004112868750541422,-6.779476127966832,-6.774332357598731
16,16,0.00040751348457241564,0.0004087905047191797,-6.80724690025583,-6.800772867646985
17,17,0.0004044884441362828,0.00040655334994785095,-6.835893183249046,-6.824605423813379
18,18,0.0004024968402143376,0.00040453756044275666,-6.859451194704876,-6.846192351985479
19,19,0.00040062359827042546,0.00040295548540981193,-6.879805954754142,-6.8632101415368165
20,20,0.0003988233634352338,0.0004004666728800849,-6.898738045558426,-6.890117066979142
21,21,0.00039723222041934653,0.00039888457333865136,-6.915856352757239,-6.90730845815088
22,22,0.0003957989782853455,0.00039788386723222703,-6.933340911404764,-6.918217559124628
23,23,0.0003944732718044873,0.0003966052348627464,-6.947576879358124,-6.932196440909507
24,24,0.00039293951524143136,0.00039482281365627915,-6.963305257537984,-6.951758471965705
25,25,0.0003916481944861985,0.00039388578826267466,-6.97907288108088,-6.962077749537125
26,26,0.0003903808108814176,0.0003924855585577653,-6.992386582079781,-6.977544047473721
27,27,0.0003892280573635026,0.00039172361414928575,-7.005558469701264,-6.985983335555645
28,28,0.0003881514763709196,0.0003898882408209733,-7.016195174209728,-7.006379494306564
29,29,0.0003871939405462868,0.0003898886360203553,-7.028505753926355,-7.0063750922034504
30,30,0.0003864095536103837,0.00038900353645562733,-7.037251065802721,-7.016245367857432
31,31,0.00038532204968019475,0.00038763618029310907,-7.048934563486172,-7.031537808791095
32,32,0.00038421194767579436,0.0003872661143663879,-7.061282426537047,-7.035685882767422
33,33,0.00038365066050283,0.000386476430943922,-7.066054373238826,-7.044550724800046
34,34,0.000382313466410047,0.0003855214592093896,-7.082367395010637,-7.055295292149671
35,35,0.0003816295705001187,0.0003841174888963762,-7.091763037174602,-7.071140052541179
36,36,0.00038104160141545475,0.0003831839789391348,-7.09860880675288,-7.081707435512624
37,37,0.0003797049788978988,0.00038202995844920605,-7.1112397144151975,-7.094806650941198
38,38,0.0003791998810202037,0.00038133358650252615,-7.119022735551073,-7.102730282602367
39,39,0.0003782089655023529,0.0003806674381178853,-7.130229082827069,-7.110323570063416
40,40,0.0003775294531693624,0.00038015811495777026,-7.138844761596346,-7.1161382083886355
41,41,0.00037684567907546676,0.00037882042019382904,-7.146267872605869,-7.131447048602157
42,42,0.0003760753231862387,0.000378800174650295,-7.153796710136802,-7.131679157599771
43,43,0.00037535077462587315,0.00037738605322757443,-7.164717893098947,-7.147922400967893
44,44,0.00037465754838794776,0.0003773935773336378,-7.170794942127612,-7.147835814695228
45,45,0.00037357869219591783,0.0003765120498811532,-7.183927922045489,-7.157992064202242
46,46,0.000373664288961607,0.0003762266224887418,-7.183416796332779,-7.161285625487173
47,47,0.00037258989825729547,0.0003751256827902245,-7.193544077056692,-7.174012874070951
48,48,0.0003712638692339863,0.00037420000176337595,-7.209817333240876,-7.184743011173042
49,49,0.00037146817842383204,0.0003741778077949819,-7.208091903890584,-7.185000600799159
50,50,0.0003705030197959355,0.00037261589252586037,-7.221307027710262,-7.203167121790896
51,51,0.0003699357471352001,0.0003724124475602845,-7.226789031975103,-7.205538978628089
52,52,0.00036925709261510943,0.00037165582608921746,-7.233693292596488,-7.2143714112063915
53,53,0.0003689568001925753,0.0003715298019079982,-7.238768252991132,-7.215844303171809
54,54,0.00036801284025471235,0.0003702729820935546,-7.248020223796189,-7.230560625197406
55,55,0.0003672731493014036,0.00037027105664540276,-7.258471289416906,-7.23058320890516
56,56,0.00036694031849637934,0.00036962598096579313,-7.260737739587108,-7.238155961999339
57,57,0.00036590142876447474,0.00036930893609104186,-7.273599243876249,-7.241882700170484
58,58,0.0003652884747914624,0.00036839048200482994,-7.278853672941925,-7.252696853952857
59,59,0.00036487873066360727,0.0003677025180015909,-7.283246050275346,-7.260814824300281
60,60,0.0003645588477627019,0.0003664662868495246,-7.2900551143703884,-7.275440585339861
61,61,0.00036393097522620534,0.0003664394531178435,-7.297678054952154,-7.275758600084941
62,62,0.0003635326617027719,0.00036561022065334807,-7.300893289398605,-7.285597583708067
63,63,0.00036250080489649524,0.0003647949564956913,-7.312497978324592,-7.295292610059994
64,64,0.0003621382206755201,0.0003645277174655348,-7.320060753381357,-7.298475301219451
65,65,0.0003616654496524752,0.00036369450083982785,-7.323499603558254,-7.3084135187466925
66,66,0.00036087809802637887,0.0003639655616624575,-7.33370836687185,-7.305177935785922
67,67,0.0003604268797399649,0.0003627587835868134,-7.340108974799097,-7.31960149388724
68,68,0.00035986287990997823,0.00036203940889160887,-7.345251033670426,-7.328222391852435
69,69,0.0003591958189157519,0.0003618980148243473,-7.352735254803909,-7.3299188551641725
70,70,0.00035876590583339027,0.0003618700674882061,-7.35863349258373,-7.330254249171525
71,71,0.0003581998675351137,0.00036096863761103074,-7.367170524743008,-7.341086160126553
72,72,0.0003574395563679066,0.00035967221667401885,-7.374037613393724,-7.3567119482901155
73,73,0.00035645541994227577,0.0003590044629833612,-7.387269700320083,-7.364782387606862
74,74,0.0003567571762574779,0.00035807518839934155,-7.383018122759721,-7.376038572304271
75,75,0.0003557698267089568,0.0003583934295947026,-7.397075006875786,-7.37218047159538
76,76,0.00035526642165406,0.00035763594113584414,-7.401669660845349,-7.381369289651154
77,77,0.0003543696033206682,0.00035701999532696053,-7.4119865933736895,-7.388855463585705
78,78,0.00035415695603341633,0.000356350115524899,-7.414505576423776,-7.397011824012351
79,79,0.0003533914151779117,0.0003555987419339975,-7.424531488833129,-7.406178705091248
80,80,0.00035286409277516926,0.00035566696897149086,-7.432227953857836,-7.405345524873602
81,81,0.0003521201973684977,0.0003549203546227593,-7.438308916955992,-7.41447179550407
82,82,0.00035196982417735705,0.0003542573816191993,-7.4395102678994265,-7.422591779712803
83,83,0.00035120856608552187,0.00035337101680373674,-7.452107324170605,-7.433471601678347
84,84,0.00035059426943579515,0.0003524255972527164,-7.459369552642812,-7.44510641917353
85,85,0.000350090344712503,0.00035289953781389877,-7.464147967412712,-7.439269967550963
86,86,0.0003497100305580294,0.00035121725676091095,-7.468526087642127,-7.46002239879906
87,87,0.00034887535580357097,0.00035184891251111895,-7.480570016194655,-7.452218732726738
88,88,0.00034883448082387216,0.0003507769801408837,-7.48462332625555,-7.4654700142240475
89,89,0.00034801222260359715,0.0003509697884223179,-7.4897687994180835,-7.463083524437408
90,90,0.00034774282224687563,0.0003494425021160982,-7.494694416518717,-7.482023599456569
91,91,0.00034713937172464564,0.0003491354750861463,-7.5046637409224815,-7.485841073177189
92,92,0.0003463101957939066,0.00034851747362776413,-7.513821432002606,-7.493535291165685
93,93,0.0003461627545886548,0.0003484077981403588,-7.515709264061005,-7.494902194083485
94,94,0.00034582780250444164,0.0003475735674759275,-7.517977689326933,-7.5053134483384625
95,95,0.00034478286727686823,0.0003470048265482642,-7.5320593596162375,-7.512425708202716
96,96,0.0003444077942121928,0.00034638787589133963,-7.534389260572461,-7.520154036916653
97,97,0.00034364583972870303,0.00034571435657869046,-7.545127098366239,-7.528606713401493
98,98,0.00034341495124066306,0.00034551524195673044,-7.549900493725654,-7.531108758573128
99,99,0.00034282301893438566,0.00034522603412992075,-7.557702559130732,-7.534745471044046
100,100,0.0003427025320766897,0.00034475336188303406,-7.559448991609639,-7.540695764107004
101,101,0.0003420088440779904,0.00034421515240530044,-7.566626724823731,-7.54748102203931
102,102,0.0003415204346967266,0.0003435417571668758,-7.572877971792053,-7.555985536514487
103,103,0.0003410434724220564,0.00034250813156464383,-7.580420936301211,-7.569071996914368
104,104,0.00034044644094465937,0.0003425550944245371,-7.586071462732883,-7.568476556664059
105,105,0.0003400711629530127,0.0003421625634042644,-7.590582860698655,-7.573455954312308
106,106,0.0003392122567093633,0.0003415801176360171,-7.60430107593421,-7.580855025669322
107,107,0.00033858014221456787,0.0003413762483672288,-7.610125249621335,-7.583447850203996
108,108,0.00033851454848154766,0.0003408096795043859,-7.612618839087883,-7.590661654455058
109,109,0.00033762270030229514,0.0003401555801055541,-7.622340717977619,-7.599004865592085
110,110,0.0003372518868982485,0.000339786491454824,-7.629081112767441,-7.603719772546473
111,111,0.00033687412247935443,0.0003390681920695658,-7.6317342274117905,-7.612910357317052
112,112,0.00033656882719837667,0.00033857622398308625,-7.639011112219092,-7.6192162917483595
113,113,0.000336468934151104,0.00033721671206876636,-7.6382542468507815,-7.636689967114677
114,114,0.00033554999150585424,0.0003371466009411961,-7.649917264277075,-7.6375930078153225
115,115,0.0003351962962547874,0.0003379874642154104,-7.653455945243771,-7.626774935148031
116,116,0.0003347304069374678,0.000336645733209719,-7.659484548998399,-7.644049719207992
117,117,0.00033434127102193145,0.000336507975589484,-7.667335996442748,-7.64582724414357
118,118,0.0003335214518226645,0.0003355922955578487,-7.675779059409647,-7.657661044784691
119,119,0.00033315957989543676,0.0003356038788823705,-7.677302793194506,-7.657511146018459
120,120,0.000332692245587937,0.00033597384217979486,-7.687493834886098,-7.652726203641946
121,121,0.0003323496493976563,0.0003352479252498597,-7.691270746200125,-7.662119875158578
122,122,0.00033176192004454426,0.00033437665306815977,-7.69835765831571,-7.673421399222411
123,123,0.0003313317675306702,0.00033303392027798847,-7.703797733011811,-7.690896166674367
124,124,0.0003311996997487683,0.00033307122526151175,-7.707048043170581,-7.6904097164910254
125,125,0.0003303230197658551,0.0003338044916745275,-7.717201649108109,-7.680859100770904
126,126,0.00033018091506295907,0.00033229920480057205,-7.722620258395114,-7.700487843243122
127,127,0.0003294074543650963,0.00033167259014015525,-7.729083149501898,-7.7086850399362286
128,128,0.0003291796550836376,0.00033245622302944725,-7.732525483859257,-7.698436196915104
129,129,0.00032905973230018136,0.00033109492965434725,-7.736066198510571,-7.716255562553415
130,130,0.00032830848772626023,0.0003315497091726253,-7.742590569149479,-7.710294350322661
131,131,0.0003276837142976481,0.0003305453114750746,-7.75183009471481,-7.723470849123899
132,132,0.00032759246988865287,0.00032970162359752546,-7.754229814009204,-7.734570005201331
133,133,0.0003271999885328114,0.00032903097790518875,-7.758447433144495,-7.74341298104491
134,134,0.00032662902328608193,0.0003291951480174535,-7.7684666345618005,-7.741246607741861
135,135,0.0003261737772695643,0.00032834200445856706,-7.772683666737472,-7.752516411932152
136,136,0.00032594691801182544,0.0003276134084444493,-7.774926092787515,-7.762164182264497
137,137,0.0003254395185312083,0.00032731853456138387,-7.783540175601398,-7.7660748820034105
138,138,0.0003250306487184248,0.00032688174733745034,-7.789023782328469,-7.771874155239942
139,139,0.00032423184728537946,0.00032705870781731054,-7.798007205393507,-7.76952369775751
140,140,0.00032393929108103604,0.0003261030176777001,-7.804389321185181,-7.782232686482155
141,141,0.0003238039105631334,0.0003256198619247267,-7.806006283793575,-7.78867198522169
142,142,0.0003230346012116439,0.00032520118494223997,-7.813087960332686,-7.794259669552185
143,143,0.00032258639892217576,0.00032539184107200096,-7.821871565799965,-7.7917142716104415
144,144,0.0003226660906106771,0.0003240972781847966,-7.820812360820994,-7.809027025473845
145,145,0.0003215176213566291,0.00032342693425322836,-7.833106164415997,-7.818019022031439
146,146,0.00032126245547335635,0.00032273096056949154,-7.83904489960599,-7.8273745572560385
147,147,0.00032116444427376017,0.00032310637241033345,-7.8418105800104465,-7.822325629268879
148,148,0.0003202706488382225,0.0003226272820029408,-7.853991516943765,-7.828769969191973
149,149,0.0003200390291539472,0.00032213654853158484,-7.8552543321864015,-7.835380851184879
150,150,0.0003199065302152993,0.00032216160846138865,-7.8584878052987674,-7.835043014141018
151,151,0.0003196197680735327,0.0003212967084867782,-7.859581779450863,-7.846718098686278
152,152,0.0003191024708902444,0.0003214087582340366,-7.869181493972319,-7.845203794235927
153,153,0.0003185056764440438,0.0003199130419249597,-7.875812770063765,-7.865461409590118
154,154,0.00031810979414059173,0.00032102775386240527,-7.882630444002925,-7.8503550617141755
155,155,0.0003178493259594651,0.000320167438506982,-7.88568753103038,-7.862009248776522
156,156,0.0003177136886077597,0.0003196169839755289,-7.888113844876921,-7.869482373039494
157,157,0.0003168842597437312,0.00031932592422603384,-7.898455902720878,-7.873439084984514
158,158,0.0003164185945559101,0.0003184870798385849,-7.90472137136258,-7.884862674543589
159,159,0.0003156697848024442,0.0003178793443734513,-7.913491144405411,-7.8931577771499715
160,160,0.0003155569948577658,0.0003179027300671135,-7.916093211531797,-7.892838287874451
161,161,0.0003149782423861325,0.0003168888797517866,-7.924361699032557,-7.906710871097056
162,162,0.0003149153778123064,0.00031730885415239945,-7.926689204966559,-7.900958955514977
163,163,0.00031446962204483367,0.00031681113729351446,-7.934139999909765,-7.907776457964609
164,164,0.0003140761214548472,0.0003154096806323842,-7.937652360895404,-7.927030676561355
165,165,0.000313487378268301,0.0003160008345730603,-7.945974807149085,-7.918898567157973
166,166,0.00031299712454429683,0.0003151928172691872,-7.951755364700839,-7.930017742612938
167,167,0.0003123337732383156,0.0003149496700835267,-7.9606513234364575,-7.933369285744304
168,168,0.000312298067038898,0.0003146205563098192,-7.961877616136606,-7.937909916888136
169,169,0.0003118808474271683,0.0003134453068732431,-7.9678312044640895,-7.954163146710255
170,170,0.0003115567651735715,0.00031374756087500016,-7.973026623573791,-7.94997728102178
171,171,0.0003112643724907497,0.00031306658791819294,-7.977889876677918,-7.95941366385993
172,172,0.0003109116547683388,0.0003141128890044791,-7.982572212788228,-7.944923291440091
173,173,0.00031032954245450496,0.00031229845052094837,-7.989648580622591,-7.970082568586967
174,174,0.0003099168189345216,0.00031227767038600226,-7.996918340982816,-7.970371554913582
175,175,0.00030957543340358,0.0003117545121839564,-7.998235841194332,-7.977653383636076
176,176,0.00030933674448889865,0.0003114229858558821,-8.003541964704171,-7.982274220201072
177,177,0.0003086779267795998,0.00031074987399685934,-8.010992083774928,-7.9916712511226216
