,epoch,train_loss,test_loss,train_dbs,test_dbs
0,0,9.491930151065408e-05,9.356867897287502e-05,-30.225033208844103,-30.25958983921734
1,1,9.310515984513596e-05,9.127479777242498e-05,-30.31898046849719,-30.36738602554439
2,2,9.053704107105827e-05,8.875580074106295e-05,-30.428472333267397,-30.488927354707425
3,3,8.552717205470658e-05,8.686990316307761e-05,-30.675676220537262,-30.58220144568548
4,4,8.372332136862019e-05,8.42953166667078e-05,-30.767545053136264,-30.71286035475036
5,5,8.342692518388354e-05,8.21237374207397e-05,-30.78671429225772,-30.826207762299212
6,6,8.142865498456624e-05,8.034978389715482e-05,-30.896963498336945,-30.92104768903974
7,7,7.832059197154223e-05,7.835152064217255e-05,-31.052040340820067,-31.030420523077815
8,8,7.835949902973599e-05,7.668397684985968e-05,-31.064405901784255,-31.12384854550063
9,9,7.549304510322735e-05,7.507841157923012e-05,-31.22567941174164,-31.215744062041267
10,10,7.319393667204008e-05,7.339647364508557e-05,-31.357283699456246,-31.314142873458778
11,11,7.337649022355032e-05,7.186547181366845e-05,-31.346101557135107,-31.40569200790278
12,12,7.079386311498009e-05,7.033275017563842e-05,-31.503655942174404,-31.49931882279358
13,13,6.966253200404288e-05,6.903780740685761e-05,-31.57234965068732,-31.580024919255436
14,14,6.940259031720997e-05,6.753137725019387e-05,-31.59384993308187,-31.675838750480704
15,15,6.633665611140536e-05,6.630784187827406e-05,-31.78477556123982,-31.755245888016095
16,16,6.532215272657304e-05,6.507273141515295e-05,-31.849338401596814,-31.836904454162894
17,17,6.495827683559667e-05,6.372409093034405e-05,-31.874494978977992,-31.92785833293914
18,18,6.295524032146804e-05,6.266702506476769e-05,-32.01920311173876,-32.000504036399626
19,19,6.125329992315041e-05,6.136764855718387e-05,-32.12514334732198,-32.09149999349278
20,20,6.055870036697783e-05,6.023406833839161e-05,-32.18162155350802,-32.17247284614891
21,21,6.0076213727726786e-05,5.9350626734636823e-05,-32.213659434693454,-32.23664172552392
22,22,5.813006023767155e-05,5.8257378106262826e-05,-32.34942325137541,-32.317385468025776
23,23,5.6573976161013616e-05,5.711711779249048e-05,-32.47004420080507,-32.40323197728211
24,24,5.673729901900515e-05,5.609026763857784e-05,-32.46167947870721,-32.48201969678028
25,25,5.558360630247895e-05,5.509444312529491e-05,-32.55005496532097,-32.55981684226933
26,26,5.437475282605257e-05,5.4541409649812666e-05,-32.64531152451462,-32.6036312365136
27,27,5.321480826169886e-05,5.296147221662594e-05,-32.746027276581906,-32.73129432893399
28,28,5.248258270343679e-05,5.2493196179918746e-05,-32.79661776107498,-32.76986465276463
29,29,5.191697867481595e-05,5.156834097425943e-05,-32.84734697495863,-32.84706322188711
30,30,5.2805705093202595e-05,5.092107906085929e-05,-32.774751244865065,-32.901918838109474
31,31,4.85368416531818e-05,4.98757217428647e-05,-33.13495181230205,-32.99200288618613
32,32,4.96899696578843e-05,4.922793117370211e-05,-33.03751434148892,-33.04877897226298
33,33,4.753818717927998e-05,4.8455606271378007e-05,-33.2268008392965,-33.11745450172013
34,34,4.7387746029195e-05,4.760806213629334e-05,-33.24229567545709,-33.19408977876233
35,35,4.78052664680176e-05,4.707710640535592e-05,-33.21267773880253,-33.24279720879894
36,36,4.514796605643327e-05,4.618087673167649e-05,-33.45300061513981,-33.326273083337526
37,37,4.603024059441541e-05,4.5555746366613004e-05,-33.378765993516275,-33.38546315624125
38,38,4.527636941854804e-05,4.5006317936656016e-05,-33.4372386118351,-33.438159981292245
39,39,4.259041212283113e-05,4.438539460687408e-05,-33.704389974320215,-33.4984939664442
40,40,4.4190729446181086e-05,4.375387518513506e-05,-33.55410658062423,-33.560729583833
41,41,4.198469540233887e-05,4.310038332876406e-05,-33.76803235335936,-33.62608349226425
42,42,4.177099617663771e-05,4.2480966696625966e-05,-33.791898925706725,-33.688950909700274
43,43,4.2473339508245605e-05,4.1801998840559174e-05,-33.71527829130555,-33.75892433086133
44,44,4.034780125873591e-05,4.140779875390428e-05,-33.94112584566783,-33.800073380159915
45,45,4.034120847228627e-05,4.0918454798980076e-05,-33.94097726467609,-33.85170256843811
46,46,3.9377582071051385e-05,4.026024046317233e-05,-34.05191272995279,-33.92213117478509
47,47,3.968798719330321e-05,3.9616825042206695e-05,-34.01466114892959,-33.99209814438515
48,48,3.9078191623479346e-05,3.900483850310067e-05,-34.077739160352884,-34.05970997884404
49,49,3.821879391514663e-05,3.856368493870832e-05,-34.17688446569372,-34.10910955895684
50,50,3.779076693727174e-05,3.811052987370395e-05,-34.23092793043655,-34.16044494886033
51,51,3.787722939189725e-05,3.7665815781158594e-05,-34.219576512996724,-34.2114210396615
52,52,3.7021359585384e-05,3.717587835700741e-05,-34.315856462539394,-34.268282435380534
53,53,3.724704780774887e-05,3.6683143422889865e-05,-34.29685724222474,-34.32622938146978
54,54,3.599268104115947e-05,3.625730412175855e-05,-34.43859351611451,-34.37693972562265
55,55,3.5696299202060905e-05,3.598660106562372e-05,-34.47497980766635,-34.40948652481301
56,56,3.563770644046299e-05,3.551884449399566e-05,-34.48971023394037,-34.46630653175294
57,57,3.412367989289329e-05,3.500000926387178e-05,-34.660826101347496,-34.530213226583264
58,58,3.440863885358696e-05,3.463692366111852e-05,-34.63511634759688,-34.575501695234564
59,59,3.330726372276087e-05,3.418229961856636e-05,-34.77500634767291,-34.632882053743245
60,60,3.38310868962075e-05,3.38076510831199e-05,-34.70287317641449,-34.68074484427824
61,61,3.2677306905694874e-05,3.3407130486969104e-05,-34.86058208785063,-34.73250308541165
62,62,3.330762018842656e-05,3.307824715049815e-05,-34.76879933809529,-34.775469941685905
63,63,3.291724683502665e-05,3.283260976834419e-05,-34.828600839364235,-34.80784077056064
64,64,3.2953452206391976e-05,3.234902396798134e-05,-34.82020317560651,-34.872283002525705
65,65,3.148801189717673e-05,3.209948858727186e-05,-35.016536324598405,-34.90591368727971
66,66,3.069561463825707e-05,3.1721680562967726e-05,-35.12492883540133,-34.957332944892144
67,67,3.1402623302635696e-05,3.1478702160376615e-05,-35.032751888113424,-34.990726634877134
68,68,3.112595930867157e-05,3.1106940169641016e-05,-35.069930683654334,-35.04232188072444
69,69,2.9783447728535527e-05,3.0798629603324166e-05,-35.2584059194005,-35.08558089125466
70,70,3.0451350277271747e-05,3.0408546176898343e-05,-35.16587094446914,-35.14093824801705
71,71,2.997630414854226e-05,3.017755481874031e-05,-35.232069608037754,-35.17405434449697
72,72,2.9039995686466728e-05,2.9827318174188566e-05,-35.36656563228607,-35.22475275009819
73,73,2.9258286191442185e-05,2.9552780209709645e-05,-35.33243285231642,-35.26491138096985
74,74,2.88069998898265e-05,2.921464597181368e-05,-35.40663690335479,-35.31488854136809
75,75,2.9223124638707475e-05,2.9024481543609382e-05,-35.33270257818578,-35.34325011162419
76,76,2.842030001365575e-05,2.8829903481221808e-05,-35.46421437434238,-35.372462935295054
77,77,2.8031363699389575e-05,2.8445127674402964e-05,-35.51846575992743,-35.43081594543298
78,78,2.8555739976882158e-05,2.828430354527786e-05,-35.44747926352909,-35.455439925418816
79,79,2.785296636989422e-05,2.798693946571898e-05,-35.549865015568834,-35.50134073518233
80,80,2.833640698470132e-05,2.78161536889935e-05,-35.472578834687745,-35.527924047256235
81,81,2.7399541761848558e-05,2.7553188422308794e-05,-35.61991625720975,-35.56917619819998
82,82,2.7029612180374842e-05,2.7474059702638586e-05,-35.68315584047188,-35.58166644300446
83,83,2.650063704761086e-05,2.7179456370312866e-05,-35.76383369100941,-35.628487160129275
84,84,2.680104901712897e-05,2.6827051490392095e-05,-35.71797840622285,-35.68516539134526
85,85,2.563361248548128e-05,2.6712341518999127e-05,-35.907014727854175,-35.70377523393933
86,86,2.7655261555523373e-05,2.6415735575076388e-05,-35.57721658474058,-35.752267733618986
87,87,2.5419072999190492e-05,2.6284607979744723e-05,-35.944466640836254,-35.77387977815558
88,88,2.6013750948081486e-05,2.6087806920833445e-05,-35.83762213207792,-35.80651910417268
89,89,2.5586443389891936e-05,2.5937845892162602e-05,-35.918339474623394,-35.83155576362867
90,90,2.5319200898424635e-05,2.5753968848699803e-05,-35.958830034783624,-35.86245315910635
91,91,2.4968460398742966e-05,2.5457865233061295e-05,-36.02892817359698,-35.9126749883777
92,92,2.5383164854444197e-05,2.526855103879873e-05,-35.96610061322029,-35.94509142844166
93,93,2.502545908803946e-05,2.5160758205426025e-05,-36.01211645368971,-35.96365757765945
94,94,2.4777783840635465e-05,2.4914519695142334e-05,-36.056324563879926,-36.0063696274767
95,95,2.3542305685042104e-05,2.474282528534164e-05,-36.2746284900449,-36.036401934650534
96,96,2.385100990218187e-05,2.468391109064932e-05,-36.22269253049221,-36.04675508505202
97,97,2.4004264278775417e-05,2.4463247954324624e-05,-36.187768641500675,-36.0857536470403
98,98,2.305848473267745e-05,2.4426870463924532e-05,-36.374160577784714,-36.0922165261549
99,99,2.390143515757578e-05,2.4093590534328924e-05,-36.22040204077804,-36.15187956636421
100,100,2.361664324386775e-05,2.40083408195795e-05,-36.26919638570778,-36.16727334304653
101,101,2.377878677789434e-05,2.3958219236718786e-05,-36.2308312528842,-36.17634947223219
102,102,2.3358200760600255e-05,2.375320898289302e-05,-36.31987116659629,-36.213671922325894
103,103,2.263507155579102e-05,2.3657939987300014e-05,-36.455424261633226,-36.23112556167813
104,104,2.3082089270603093e-05,2.3489725112755733e-05,-36.37324075011978,-36.26211547459005
105,105,2.27980920302348e-05,2.33039762334604e-05,-36.4151037776639,-36.29659453253548
106,106,2.3106611498059063e-05,2.31913465157911e-05,-36.363924359568735,-36.31763516960014
107,107,2.224900795086215e-05,2.3095533833839e-05,-36.535835211870136,-36.33561476908294
108,108,2.2759974375937238e-05,2.295948960588583e-05,-36.42967525561775,-36.3612725257978
109,109,2.228679001099099e-05,2.2857314481945268e-05,-36.518902615126486,-36.38064278392037
110,110,2.311913130208418e-05,2.2784345434813174e-05,-36.36294515222913,-36.39452925587454
111,111,2.2498884400474052e-05,2.273822371391457e-05,-36.4742091971283,-36.403329469092036
112,112,2.2155870536471882e-05,2.2554649771528173e-05,-36.542790486316456,-36.43853394194669
113,113,2.2961081169304418e-05,2.2451475926668774e-05,-36.39337758031529,-36.45844585806784
114,114,2.1456151200217175e-05,2.2403549576809285e-05,-36.68601142969691,-36.4677264936126
115,115,2.2205205260837192e-05,2.2167187604569144e-05,-36.53628887405442,-36.51378885158644
116,116,2.1728184440961713e-05,2.2133846773373845e-05,-36.623142119958246,-36.52032582840755
117,117,2.1321267153906935e-05,2.2099656378390808e-05,-36.711229588000876,-36.52703960948947
118,118,2.114945947919905e-05,2.1974794722872932e-05,-36.74320394336895,-36.55164655147428
119,119,2.151937370240141e-05,2.1913693719972416e-05,-36.67213432590407,-36.56373894585091
120,120,2.1553536254904213e-05,2.182715596925271e-05,-36.667523699931316,-36.58092330185494
121,121,2.183209214786778e-05,2.1711987708266334e-05,-36.60708608707814,-36.603898975084654
122,122,2.1803260153188303e-05,2.162950630391654e-05,-36.62499279267725,-36.620428752301166
123,123,2.1049793158641648e-05,2.157739426796692e-05,-36.763293939811064,-36.63090484770642
124,124,2.100151318559584e-05,2.154385736886118e-05,-36.774778948890344,-36.63766016792814
125,125,2.1662219615350716e-05,2.145955946425123e-05,-36.64185186859899,-36.65468679715773
126,126,2.0996358113368787e-05,2.131614392534462e-05,-36.783520820087716,-36.683808380490795
127,127,2.121186439252756e-05,2.12889912003639e-05,-36.729922694451595,-36.689343995007455
128,128,2.0968658814642377e-05,2.122395849973576e-05,-36.781801442953494,-36.70263094181091
129,129,2.0601997357047856e-05,2.1210006372329143e-05,-36.86485237060664,-36.70548682962631
130,130,2.096441227136499e-05,2.1235337618762922e-05,-36.788018244891674,-36.70030311767226
131,131,2.0854970598614356e-05,2.1197643180034664e-05,-36.80217938152298,-36.7080190455831
132,132,2.1069342278444555e-05,2.1096106425638456e-05,-36.76444346639431,-36.728871742388186
133,133,2.1168663731737772e-05,2.1108416005613673e-05,-36.73997377197856,-36.72633837273896
134,134,2.0690220940336657e-05,2.107695208427398e-05,-36.84045832104785,-36.73281673742767
135,135,2.076007028345256e-05,2.0995055437149284e-05,-36.826724905207996,-36.74972456234583
136,136,2.0180864836576576e-05,2.1014606796885155e-05,-36.93981511551744,-36.7456821360046
137,137,2.0144041955813683e-05,2.0943641414449205e-05,-36.954679151834384,-36.76037288440323
138,138,2.0997715857691256e-05,2.0918238078593276e-05,-36.781663831548975,-36.76564380394723
139,139,2.0541718561045066e-05,2.093821517758586e-05,-36.87203049465672,-36.76149823314954
140,140,2.0845671071546132e-05,2.0877899786635106e-05,-36.816377464376615,-36.77402673306026
141,141,2.0649947502308876e-05,2.086998344901459e-05,-36.84476399310549,-36.775673773111265
142,142,2.0393271229623518e-05,2.083297543944546e-05,-36.903513890968846,-36.78338180102561
143,143,2.0024881375798734e-05,2.0790563116622108e-05,-36.98072990194618,-36.79223229513572
144,144,2.047484758804785e-05,2.085761365091649e-05,-36.889408699465704,-36.77824863271833
145,145,2.1288322808611635e-05,2.0807919530565605e-05,-36.731447191157514,-36.7886082229297
146,146,2.0269029705887827e-05,2.0837121012032423e-05,-36.92844158293832,-36.782517680489256
147,147,2.0024457776297324e-05,2.076770761050284e-05,-36.99041079269577,-36.79700921246927
148,148,1.9939353975488986e-05,2.085603323633366e-05,-37.004119785102894,-36.778577717027176
149,149,2.0400917014036897e-05,2.0736351009537956e-05,-36.909178130357034,-36.80357146291613
150,150,2.0712348252589473e-05,2.070366204670312e-05,-36.84254061367096,-36.81042312056578
151,151,2.0834728968917806e-05,2.0779902402673062e-05,-36.81458382046263,-36.794459784909954
152,152,2.0476702047744766e-05,2.0724407812323126e-05,-36.889622713526975,-36.80607352266493
153,153,2.027793318083025e-05,2.0644378022744175e-05,-36.93500683687957,-36.822876790471256
154,154,2.0312564029342127e-05,2.0694455566914066e-05,-36.92132231797891,-36.812354765609825
155,155,2.089335708829428e-05,2.0706041093370387e-05,-36.800088460079095,-36.809924103783445
156,156,2.0178817413983142e-05,2.0658066971104983e-05,-36.94982101837473,-36.819998009345966
157,157,2.058509852355838e-05,2.06876881604426e-05,-36.866341094107156,-36.81377520788218
158,158,2.046905232531309e-05,2.0546984064582686e-05,-36.88521515308578,-36.84341397850244
159,159,2.002289653956751e-05,2.0644084782505063e-05,-36.98581443427402,-36.822938479674036
160,160,2.0286707104346954e-05,2.0541093793948867e-05,-36.934232809672274,-36.844659163083485
161,161,2.0461464167234115e-05,2.0620763902307342e-05,-36.893240372267925,-36.82784732145298
162,162,1.918871421554455e-05,2.0559840873159518e-05,-37.164884233404834,-36.84069732927918
163,163,2.0733378526707272e-05,2.0565369930792305e-05,-36.82941625909756,-36.83952955934557
164,164,1.986936367007054e-05,2.044250887640948e-05,-37.02551028592484,-36.86555286957911
165,165,2.0137053201624347e-05,2.044841858150903e-05,-36.96102808069939,-36.864297553306365
166,166,2.0136653624034544e-05,2.0343790119544503e-05,-36.957893308085225,-36.886576152467406
167,167,1.9863239085867633e-05,2.0387553568549554e-05,-37.01436021835639,-36.877243667945784
168,168,1.9747122247075092e-05,2.03729175011272e-05,-37.04281031059159,-36.88036255417289
169,169,1.9983711804202685e-05,2.025367690581142e-05,-37.00267549285328,-36.905856042870376
170,170,1.990136653832976e-05,2.0265310779091362e-05,-37.01079890623629,-36.90336213697777
171,171,2.0197136850068082e-05,2.032923083262224e-05,-36.95388425234229,-36.88968534774862
172,172,1.9717072035811873e-05,2.0259206442125632e-05,-37.056271307200404,-36.90467052017971
173,173,1.9748041652456242e-05,2.027422995429094e-05,-37.045664789716156,-36.90145113918908
174,174,1.985883938180722e-05,2.0299287394951343e-05,-37.02712599570112,-36.896086896548105
175,175,2.0142494248989586e-05,2.021533318360238e-05,-36.95840801790966,-36.91408578306779
176,176,1.9789918248356227e-05,2.011279608077051e-05,-37.03488471718363,-36.93617031548864
177,177,1.968908507422515e-05,2.016469242287138e-05,-37.05799543260095,-36.924978799674186
178,178,1.98107063062201e-05,2.019293137173487e-05,-37.03061421346461,-36.91890112685079
179,179,1.9437214965345794e-05,2.0134386336155186e-05,-37.116233547307445,-36.93151084413547
180,180,1.971031374007898e-05,2.0051537974627297e-05,-37.053983236776794,-36.94941792868791
181,181,1.924294906295716e-05,2.0069942988093797e-05,-37.15813748148258,-36.94543343152741
182,182,1.9172025222172863e-05,2.001426841352919e-05,-37.16749361316553,-36.95749762100188
183,183,1.944489983927888e-05,2.0078582038925225e-05,-37.113151163258365,-36.94356442530098
184,184,1.9249766644617884e-05,2.006395813001099e-05,-37.14979678552601,-36.94672869103979
185,185,1.9266967758516537e-05,1.9906982695254938e-05,-37.147938365110214,-36.98084043031316
186,186,1.9402623853313774e-05,1.996957105706985e-05,-37.116605407594726,-36.96720745557959
187,187,1.9049081059812434e-05,1.984626664795398e-05,-37.199568913114156,-36.99410659861134
188,188,1.9245597727182104e-05,1.9953767677131845e-05,-37.16185183626543,-36.970645705625095
189,189,1.943427115602577e-05,1.9904316343998192e-05,-37.11016543368283,-36.98142216548247
190,190,1.9614523151495193e-05,1.9816366387347346e-05,-37.07481542504575,-37.000654585799836
191,191,1.9305600158686595e-05,1.9807757972126926e-05,-37.14131175008786,-37.00254161161929
192,192,1.9185028530458666e-05,1.9738449593301322e-05,-37.160504713608745,-37.01776445049319
193,193,1.9015487035260578e-05,1.9629536932610025e-05,-37.201736926830435,-37.04179427390847
194,194,1.9117902439509487e-05,1.9688621872965566e-05,-37.17788877718514,-37.028741636829274
195,195,1.92173647050855e-05,1.9647536119966963e-05,-37.16904945733089,-37.037813861068344
196,196,1.9747196225561657e-05,1.9568232107160026e-05,-37.04761470120487,-37.05537890883411
197,197,1.9674515869221216e-05,1.9561221578394333e-05,-37.06495399880212,-37.05693509411346
198,198,1.9682090253612393e-05,1.9517988412668562e-05,-37.059639372952844,-37.06654426122513
199,199,1.960343833320856e-05,1.949094889584414e-05,-37.07969908854605,-37.07256499167368
200,200,1.8561671475760432e-05,1.9513536053158243e-05,-37.31277293744131,-37.0675350681186
201,201,1.8695965100613246e-05,1.943806905489366e-05,-37.28191182068612,-37.0843636130942
202,202,1.9326211287014154e-05,1.9386147821358846e-05,-37.13552194477961,-37.095979620048084
203,203,1.886888265889678e-05,1.9399301220944738e-05,-37.24679510957238,-37.09303395397048
204,204,1.8733022743524005e-05,1.9331958595246663e-05,-37.276225904669445,-37.10813625652838
205,205,1.8950213266226954e-05,1.9286614396581792e-05,-37.221359126266705,-37.11833484378347
206,206,1.8740045824106157e-05,1.924562763490126e-05,-37.267216025460456,-37.12757403164482
207,207,1.860872335904806e-05,1.9225556092064117e-05,-37.304424846685635,-37.13210571496928
208,208,1.824958362891435e-05,1.9304678780348406e-05,-37.385914843295886,-37.11426902368988
209,209,1.9496873307813524e-05,1.9184753574862906e-05,-37.106594653299666,-37.14133256832576
210,210,1.834598278196843e-05,1.923088448644481e-05,-37.36475264031113,-37.13090222746136
211,211,1.8330287116207063e-05,1.9109091657523286e-05,-37.3665321026749,-37.15849438414835
212,212,1.874166993786144e-05,1.9161642548600578e-05,-37.271972763877045,-37.14656747611725
213,213,1.8328883803387162e-05,1.9114290664315615e-05,-37.36493681314545,-37.1573129607169
214,214,1.8740447314447703e-05,1.906181698455169e-05,-37.27215131286117,-37.169251864561154
215,215,1.8072368426877913e-05,1.9042542637754722e-05,-37.43716368409898,-37.17364545272435
216,216,1.819658163438681e-05,1.9078714773824783e-05,-37.39197095277888,-37.165403665923385
217,217,1.8447268434401756e-05,1.8920051029693385e-05,-37.34299655375773,-37.20167178545813
218,218,1.840863289319329e-05,1.8980355602444004e-05,-37.35397115864781,-37.18785137158496
219,219,1.852001630900351e-05,1.901704696425249e-05,-37.32988691893784,-37.179464029375595
220,220,1.8133842102017916e-05,1.8821351946634852e-05,-37.41597579335795,-37.22438666168288
221,221,1.862142893439819e-05,1.8720582422821807e-05,-37.3020865892348,-37.24770125853308
222,222,1.8415382168989044e-05,1.8832400153194995e-05,-37.347556790011254,-37.22183808417646
223,223,1.8470521466689515e-05,1.869827371449087e-05,-37.33599076981311,-37.25287969051874
224,224,1.7821995627564694e-05,1.8661254982457887e-05,-37.48873731087899,-37.261486349580785
225,225,1.777537684190356e-05,1.865534901107343e-05,-37.49695862084277,-37.26286103566123
226,226,1.8166964923928145e-05,1.8695054246851023e-05,-37.404171986453285,-37.25362752287833
227,227,1.8089114287109042e-05,1.8651362839399983e-05,-37.429733414895956,-37.26378911121783
228,228,1.8241735355350665e-05,1.8682196480911346e-05,-37.38699233034191,-37.25661546710042
229,229,1.8090348818340008e-05,1.8523421012536057e-05,-37.42379435985276,-37.29368284188102
230,230,1.8403830095455314e-05,1.8556911623148297e-05,-37.35424369308501,-37.2858378252344
231,231,1.8061155932412374e-05,1.8517998988069228e-05,-37.439480747255615,-37.294954259296155
232,232,1.802579489092225e-05,1.8421652193386474e-05,-37.437422930603155,-37.317609035302475
233,233,1.7840335175671647e-05,1.8412130262540333e-05,-37.48732161133494,-37.319854431696726
234,234,1.8205491860217736e-05,1.8471750751670795e-05,-37.4055386450797,-37.30581422156844
235,235,1.8395608947816372e-05,1.8326436187826883e-05,-37.35547697011838,-37.34011462956006
236,236,1.8146265640248156e-05,1.830363027310293e-05,-37.41278321266622,-37.34552247352873
237,237,1.8427482658451707e-05,1.827994655238734e-05,-37.343277018651435,-37.35114560365826
238,238,1.869321312904166e-05,1.829534113839097e-05,-37.28090092025012,-37.347489701233705
239,239,1.7708974774370627e-05,1.8284922972318446e-05,-37.52629931036709,-37.34996346804167
240,240,1.7413365011887754e-05,1.8268826400009474e-05,-37.5943572460085,-37.35378833038999
241,241,1.7907946486732343e-05,1.8245877024463353e-05,-37.47404722876839,-37.35924738525852
242,242,1.8094220471651816e-05,1.8265680984385607e-05,-37.424331697971105,-37.35453613664216
243,243,1.7693689703274058e-05,1.8248777498803592e-05,-37.52283352043281,-37.35855705949987
244,244,1.7314057726084167e-05,1.8211078512601825e-05,-37.61177556466243,-37.3675381522998
245,245,1.7653692976665233e-05,1.826084888690323e-05,-37.52909887838646,-37.355685193665785
246,246,1.7617523141226913e-05,1.818634892084734e-05,-37.54660979794366,-37.37343962811754
247,247,1.7758357008113815e-05,1.8136089525605232e-05,-37.509503379579144,-37.38545831016724
248,248,1.7887126755949886e-05,1.8210824859316315e-05,-37.48072958082135,-37.36759864349439
249,249,1.788244771512499e-05,1.808688002232597e-05,-37.47361803048634,-37.39725824216927
250,250,1.8037746645184353e-05,1.8260544636991415e-05,-37.438400762830376,-37.35575755347743
251,251,1.7677153354992527e-05,1.8191154068565657e-05,-37.52222139326065,-37.372292298598225
252,252,1.7735508869740554e-05,1.816824921039178e-05,-37.50482491734897,-37.37776403571846
253,253,1.7555193594067606e-05,1.824837200777103e-05,-37.54791333804854,-37.35865356156663
254,254,1.7854188458325543e-05,1.8135318800647693e-05,-37.48656272262253,-37.385642875151966
255,255,1.809625563013113e-05,1.8217169542224025e-05,-37.432112287765,-37.366085817521196
256,256,1.7463924253666076e-05,1.8223541079159506e-05,-37.57992128670865,-37.36456711861915
257,257,1.7308217373039915e-05,1.8286629902401107e-05,-37.61283183520482,-37.349558065340304
258,258,1.8369521095553057e-05,1.8229466772218555e-05,-37.36245869005165,-37.36315516609652
259,259,1.7569197337149125e-05,1.826419774213144e-05,-37.55643866457369,-37.35488881447692
260,260,1.847683846996737e-05,1.8372019487862034e-05,-37.330481310711455,-37.32932584540629
261,261,1.791790100938182e-05,1.827428068760415e-05,-37.46999548399633,-37.352491906953965
262,262,1.7870878351815692e-05,1.841821119198453e-05,-37.476562957426054,-37.31842033468749
263,263,1.7867910286178212e-05,1.828993289994909e-05,-37.48234159391605,-37.348773697700025
264,264,1.7382883690759664e-05,1.8369066023488383e-05,-37.59504053223309,-37.3300240682622
265,265,1.800549147184338e-05,1.8487004318127508e-05,-37.438690656545475,-37.302229392964165
266,266,1.7921905045742024e-05,1.8426570932206232e-05,-37.46195759971606,-37.31644958664588
267,267,1.8291725665999975e-05,1.852601216294141e-05,-37.37170264076542,-37.29307537114357
268,268,1.8404484387819018e-05,1.8657737631369137e-05,-37.34995932458326,-37.26230500306862
269,269,1.8090413776889428e-05,1.856530625924566e-05,-37.43752600725434,-37.28387364076225
270,270,1.7762131814304237e-05,1.866589388411835e-05,-37.496869556744564,-37.26040689429702
271,271,1.854286606008902e-05,1.854167672526704e-05,-37.32188268335784,-37.289404770904675
272,272,1.8441934819926135e-05,1.8726094870209253e-05,-37.35215789776235,-37.246422626797234
273,273,1.8210947365735864e-05,1.875147834078617e-05,-37.398201616809146,-37.240539693648536
274,274,1.8821391574054304e-05,1.876547613440045e-05,-37.254156946698,-37.23729893762629
275,275,1.8084691751918745e-05,1.8842965418068497e-05,-37.41706999612644,-37.21940230881762
276,276,1.8471643070557718e-05,1.867983643789653e-05,-37.34299485315454,-37.25716412764144
277,277,1.8164602141079047e-05,1.8703017734591604e-05,-37.408828669923494,-37.251777962913614
278,278,1.8764016982158957e-05,1.8796243909348147e-05,-37.26592851551554,-37.230184099512805
279,279,1.8622184940148745e-05,1.869064286247043e-05,-37.29881239101957,-37.254652428150166
280,280,1.8606605483432057e-05,1.8815641564479418e-05,-37.298879517330896,-37.22570450736997
281,281,1.8771105771389257e-05,1.8701663736321377e-05,-37.267389319661056,-37.25209238022953
282,282,1.7815332838151718e-05,1.8889107961608954e-05,-37.49699259724876,-37.208780331155
283,283,1.7917069815610505e-05,1.8631284834363644e-05,-37.46989050649374,-37.268466765934946
284,284,1.839847660336353e-05,1.8773825343630863e-05,-37.35629507273872,-37.23536708731792
285,285,1.8210936226769826e-05,1.864521427227086e-05,-37.39016724562678,-37.26522103286146
286,286,1.8398805906079212e-05,1.8637708164628986e-05,-37.35266964376336,-37.266969748337836
287,287,1.7931109329024883e-05,1.8521850745999375e-05,-37.45436690675312,-37.29405101739171
288,288,1.872810104576218e-05,1.8627812718669272e-05,-37.27901483849023,-37.26927619009709
289,289,1.8495419671754208e-05,1.8560791862623055e-05,-37.333083160527366,-37.2849298129167
290,290,1.8597228996234842e-05,1.8667525374008908e-05,-37.3084987871647,-37.260027316389994
291,291,1.8086342147258038e-05,1.8573292292881217e-05,-37.426067630483246,-37.28200588563477
292,292,1.8419608956541308e-05,1.8530777005683997e-05,-37.3427028193552,-37.29195852051076
293,293,1.8044746388319984e-05,1.8431337785410794e-05,-37.43632864028426,-37.315326235850165
294,294,1.787251677370412e-05,1.8486977224759022e-05,-37.47785108398557,-37.30223575771036
295,295,1.808992608145213e-05,1.8590426359304202e-05,-37.426738709637654,-37.27800131811721
296,296,1.832700190882945e-05,1.8471061258950566e-05,-37.37041555191068,-37.30597633314979
297,297,1.8358575542470605e-05,1.839473363935739e-05,-37.36089794629672,-37.323959784456385
298,298,1.818483563220445e-05,1.84330392106571e-05,-37.40034002105471,-37.314925350411926
299,299,1.799774233320219e-05,1.850239828184529e-05,-37.44315904247405,-37.29861456633096
300,300,1.7962992650300105e-05,1.8520761650028073e-05,-37.450721957552396,-37.294306392669064
301,301,1.832831503165413e-05,1.8602219872838377e-05,-37.36689453950897,-37.2752470865469
302,302,1.782448292680183e-05,1.847336103597435e-05,-37.48959184484679,-37.3054356396376
303,303,1.824168136699507e-05,1.8563017635499006e-05,-37.384611985995505,-37.28440904692193
304,304,1.804953671566669e-05,1.860036493446004e-05,-37.43878135935081,-37.27568016909039
305,305,1.7923364934758117e-05,1.868098867194739e-05,-37.46393633873798,-37.25689624871273
306,306,1.833375380997073e-05,1.880853338470364e-05,-37.36213140239423,-37.22734549659772
307,307,1.812239703006704e-05,1.8837306733506632e-05,-37.407373735819036,-37.22070672375849
308,308,1.830332627092109e-05,1.8857002032746095e-05,-37.36881698449983,-37.21616834073066
309,309,1.818593758348611e-05,1.8878345958671017e-05,-37.404975549214996,-37.211255413868564
310,310,1.8545605289358548e-05,1.88810087198171e-05,-37.313769066567055,-37.210642891496754
311,311,1.8532747434591394e-05,1.8976564062636737e-05,-37.317657863977765,-37.18871901039033
312,312,1.926805951783179e-05,1.8956579687686538e-05,-37.14950177400681,-37.19329501106418
313,313,1.8869853024109934e-05,1.89012422005793e-05,-37.24434410238996,-37.20599134762592
314,314,1.9501325190616363e-05,1.911825132226927e-05,-37.10897128398073,-37.15641315557147
315,315,1.835911060664227e-05,1.9109192659303326e-05,-37.368045055375774,-37.15847142942052
316,316,1.8755123230371236e-05,1.9179500285597323e-05,-37.26793564657989,-37.14252194349903
317,317,1.8575690586489538e-05,1.9112194614105026e-05,-37.304864432861294,-37.157789228955814
318,318,1.879520679965973e-05,1.908382378850978e-05,-37.25669233554458,-37.16424084134069
319,319,1.852760103538083e-05,1.9059526446079345e-05,-37.31877879787087,-37.169773760239956
320,320,1.8961411208777265e-05,1.9278511133865994e-05,-37.22110528994001,-37.12015991360304
321,321,1.8615348821673325e-05,1.9107283151242882e-05,-37.29671680996576,-37.15890542486196
322,322,1.9239769994548868e-05,1.910534994845205e-05,-37.159588993061995,-37.15934484985682
323,323,1.8232859652813467e-05,1.9155153399639713e-05,-37.38711475024657,-37.14803847678061
324,324,1.8651672989923926e-05,1.925396013815005e-05,-37.30181670171141,-37.125694136068155
325,325,1.8814563491011457e-05,1.913197492716503e-05,-37.26130470269808,-37.15329678909828
326,326,1.9033228754685213e-05,1.9272587164060067e-05,-37.20974175823371,-37.12149463428884
327,327,1.845093863932524e-05,1.9296568576751988e-05,-37.34710774525483,-37.11609394747448
328,328,1.8659456895640932e-05,1.919256211342719e-05,-37.29225088974718,-37.139565271579656
329,329,1.9218264251602958e-05,1.926473482614567e-05,-37.1684976063018,-37.123264465142334
330,330,1.855383639455804e-05,1.9329918885839442e-05,-37.3156820784542,-37.10859450356591
331,331,1.890759918263864e-05,1.937049493885991e-05,-37.2341246224809,-37.099487643643855
332,332,1.9382595223525885e-05,1.9308175548136014e-05,-37.13646092591391,-37.113482432289054
333,333,1.8768064974304336e-05,1.9460038856777828e-05,-37.27071418538496,-37.07945778849057
334,334,1.853949748861457e-05,1.949995150521557e-05,-37.31962910134521,-37.07055950649534
335,335,1.8929590089438655e-05,1.9459499622155962e-05,-37.2267857108648,-37.07957813247711
336,336,1.9877971427967607e-05,1.9340575291655688e-05,-37.019911541244724,-37.1062009378986
337,337,1.9460170602242308e-05,1.948961251305024e-05,-37.11099576672252,-37.07286277274832
338,338,1.8962261989501486e-05,1.9454044664407295e-05,-37.22289325907818,-37.080795733242205
339,339,1.9032635435971463e-05,1.9513660797536814e-05,-37.207678989237024,-37.067507305020236
340,340,1.884362057156527e-05,1.9358762935888463e-05,-37.24423829828822,-37.10211880395398
341,341,1.9098351988281345e-05,1.9451966038200464e-05,-37.181873502411726,-37.081259793101395
342,342,1.9252506230184306e-05,1.9434299773772517e-05,-37.158417479577494,-37.085205845274075
343,343,1.932640595638527e-05,1.93614713632422e-05,-37.135085700465694,-37.10151123786995
344,344,1.9431926506813305e-05,1.9423194604123157e-05,-37.11191286196947,-37.08768820503908
345,345,1.9113977294782483e-05,1.9428627207449417e-05,-37.17852539984555,-37.0864736675722
346,346,1.950269720556704e-05,1.9285736159776878e-05,-37.09660541976339,-37.11853260896643
347,347,1.8811930785136845e-05,1.9468954298262314e-05,-37.249562865080485,-37.077468563085894
348,348,1.888548972273543e-05,1.934444514374359e-05,-37.23737055092733,-37.10533204580846
349,349,1.9453856374329728e-05,1.9464696331277465e-05,-37.11395432193483,-37.07841849279611
350,350,1.9068822617442756e-05,1.948704228102303e-05,-37.19524217798789,-37.07343554513946
351,351,1.879604961996125e-05,1.94530619793161e-05,-37.25654889703583,-37.08101511460949
352,352,1.9132526354839037e-05,1.9490835927028554e-05,-37.184501835050796,-37.07259016329343
353,353,1.9423575076402392e-05,1.9451114990500317e-05,-37.125302677527884,-37.0814498064938
354,354,1.9689094581726468e-05,1.9432259681420155e-05,-37.06008402077161,-37.08566176463738
355,355,1.8938907590747532e-05,1.949612334627952e-05,-37.231589077551746,-37.07141218118808
356,356,1.8980301376228154e-05,1.956371311519577e-05,-37.21695380633422,-37.05638196312718
357,357,1.9166821777954403e-05,1.9720963169483614e-05,-37.17157789255576,-37.02161359944785
358,358,1.906784308227271e-05,1.9531494504726172e-05,-37.19759839649118,-37.06354006191269
359,359,1.9129618803416043e-05,1.9594872930228074e-05,-37.18238625680014,-37.04947030468977
360,360,1.9484118769769246e-05,1.969427174978926e-05,-37.104179919718455,-37.02749555757045
361,361,1.9024079237985378e-05,1.962334523628478e-05,-37.20396964959476,-37.043164374355314
362,362,1.8924457379529786e-05,1.9640859232152396e-05,-37.231372994218106,-37.039289989342905
363,363,1.936979874558675e-05,1.95457926230646e-05,-37.12381489897308,-37.06036195277078
364,364,1.91600921266165e-05,1.945139439684633e-05,-37.17659733150905,-37.08138742253133
365,365,1.9004522814096153e-05,1.9633107608809186e-05,-37.21756906448152,-37.04100435005472
366,366,1.8898301896490348e-05,1.9567661518905017e-05,-37.23347930222441,-37.055505546203364
367,367,1.9488315140818288e-05,1.9511782499505086e-05,-37.09858235279949,-37.06792535765578
368,368,2.0223692201360574e-05,1.9466075220981638e-05,-36.93838113037196,-37.07811084711325
369,369,1.910072666957144e-05,1.950199657585472e-05,-37.18905977089279,-37.07010406109418
370,370,1.9164599854269272e-05,1.9612060656838464e-05,-37.17630132037621,-37.04566254181795
371,371,1.9974934045806258e-05,1.9692402594572694e-05,-36.999467654368715,-37.02790775982438
372,372,1.896339689824579e-05,1.979985475037737e-05,-37.21477441620594,-37.004274776233224
373,373,1.9581245171664086e-05,1.9556841212569882e-05,-37.078167987549186,-37.05790772341998
374,374,1.952418361471836e-05,1.9642176228348706e-05,-37.093391866924456,-37.03899878772151
375,375,1.933257711234265e-05,1.9544213692394185e-05,-37.13187208732103,-37.06071279481072
376,376,1.9828325665790525e-05,1.9696588807212384e-05,-37.02929259072542,-37.02698463435625
377,377,1.99381435130508e-05,1.9676040497678943e-05,-37.005736722871255,-37.031517741954396
378,378,1.9456670697857673e-05,1.9576671787179196e-05,-37.109199551559165,-37.05350622240318
379,379,1.96084789778754e-05,1.9650326353975717e-05,-37.07234327213077,-37.03719714394483
380,380,1.9462239777698714e-05,1.975306794951106e-05,-37.11357367825872,-37.014549242711176
381,381,1.8377681925878426e-05,1.95952562583108e-05,-37.350798709985476,-37.04938534591339
382,382,1.9034899224541584e-05,1.975017570849128e-05,-37.19695085204783,-37.01518518254859
383,383,1.91613170003264e-05,1.9698083633556962e-05,-37.17546918772835,-37.02665504926622
384,384,1.9349524664744187e-05,1.9693770187395305e-05,-37.13426989729938,-37.02760616260148
385,385,1.871185882994245e-05,1.9651927447595978e-05,-37.27899699568211,-37.03684329852508
386,386,1.9080363233218487e-05,1.9693012482572446e-05,-37.19437848916742,-37.027773257754326
387,387,2.0042103079907337e-05,1.9720765282583768e-05,-36.98459600963964,-37.02165717826249
388,388,1.8967575670103543e-05,1.9850125203160324e-05,-37.21976264756032,-36.99326231571237
389,389,1.9841718631610513e-05,1.980576785411502e-05,-37.025805018034035,-37.00297797634755
390,390,1.9660135445313424e-05,1.98225190711367e-05,-37.070102930205664,-36.99930637602594
391,391,1.975836934922047e-05,1.97868773140822e-05,-37.04653769813368,-37.00712220964347
392,392,1.8964146912582794e-05,1.9847788232590047e-05,-37.221495869608674,-36.99377364406008
393,393,2.0050896187198886e-05,1.9916942811074766e-05,-36.97187339232558,-36.97866805610601
394,394,2.003829284092848e-05,1.999597091191007e-05,-36.97655240314002,-36.961469856446485
395,395,1.915077659431677e-05,1.9777422973052844e-05,-37.182399948508944,-37.00919780212833
396,396,1.9005981381063245e-05,1.9808124594228022e-05,-37.20068991981661,-37.002461228729835
397,397,1.925527245363163e-05,2.0028545517753198e-05,-37.14878759190209,-36.954400701861566
398,398,1.9579897375525932e-05,1.976403530677903e-05,-37.082698226885654,-37.012138609100745
399,399,1.9282712499486862e-05,1.9878456058856836e-05,-37.15547408255749,-36.98706831834757
400,400,1.9617267481436037e-05,1.975336683819095e-05,-37.070527993060445,-37.014483529009055
401,401,1.9161075881091858e-05,1.9847722796839662e-05,-37.18326174289892,-36.993787962245975
402,402,2.0224991747398365e-05,1.9926003005821258e-05,-36.95259752688935,-36.9766929046354
403,403,1.9190380334828323e-05,1.9730537803154318e-05,-37.171555215174294,-37.019505588067524
404,404,1.9725693126713748e-05,1.9775347506143398e-05,-37.05221088014339,-37.009653579974504
405,405,1.960430139679937e-05,1.9918971462941142e-05,-37.07315562120713,-36.97822572544631
406,406,1.9149360829858067e-05,1.9818959452478386e-05,-37.173727579581104,-37.00008632813808
407,407,1.9277425972458585e-05,1.9761648122527587e-05,-37.155354740131955,-37.012663200130675
408,408,2.0310931448847506e-05,1.984739355975762e-05,-36.91998372131635,-36.99386000428091
409,409,1.9500697836173056e-05,1.9914674339815974e-05,-37.09225680574852,-36.979162730749714
410,410,1.9173297614636878e-05,1.998171477393235e-05,-37.175911415068576,-36.964567265520174
411,411,1.9750013718256707e-05,2.0018769071994986e-05,-37.05263575215429,-36.95652112195627
412,412,1.9639863202212735e-05,1.9921129741736588e-05,-37.07452711564511,-36.977755180169645
413,413,1.9096124823281382e-05,1.9927725110104994e-05,-37.185160308855465,-36.976317581962455
414,414,1.9772408046902483e-05,2.0092648954136837e-05,-37.043545004082546,-36.94052285363266
415,415,1.9858940166946904e-05,1.980813928974768e-05,-37.02027116944429,-37.002458006728325
416,416,1.9934322500779035e-05,1.9906741822763396e-05,-37.01277407486899,-36.98089297982727
417,417,1.9781765303443684e-05,1.996912727152353e-05,-37.037376798605514,-36.96730397029939
418,418,1.9135094467837353e-05,1.971781148313312e-05,-37.1743033041058,-37.02230771837304
419,419,1.970447152116415e-05,2.0104918899290313e-05,-37.05849975955063,-36.93787156405298
420,420,1.9862753725112607e-05,1.9921179716077047e-05,-37.022159689598745,-36.97774428542956
421,421,1.9187845094906544e-05,2.0043968824642145e-05,-37.173166551328556,-36.95105763366869
422,422,1.9597496932490066e-05,1.964076048017504e-05,-37.08776495719278,-37.03931182522399
423,423,1.8590165363440467e-05,1.997581909419846e-05,-37.30334249733388,-36.96584885672274
424,424,1.9392819378537622e-05,1.983934807388945e-05,-37.119960143332065,-36.99562084934947
425,425,1.9000438489043873e-05,1.9941388975559293e-05,-37.21079918667634,-36.973340770595215
426,426,1.920114435464355e-05,1.9925807033647097e-05,-37.168411683609555,-36.97673561769348
427,427,1.967811082986654e-05,1.9927731045754626e-05,-37.061505994756274,-36.97631628837802
428,428,1.9516332453274597e-05,1.9904937576747645e-05,-37.09052950620416,-36.98128662013634
429,429,1.986616027033492e-05,1.994557638490254e-05,-37.018547628433225,-36.97242890940874
430,430,1.953206075770665e-05,2.0024246288429775e-05,-37.0991674456383,-36.95533303715934
431,431,2.0156346425247864e-05,1.988088833489823e-05,-36.95850232918498,-36.98653695945287
432,432,1.9658854933030732e-05,1.9941213203741138e-05,-37.06812267162401,-36.973379051312385
433,433,1.958981828437638e-05,2.021825132128709e-05,-37.0757721734249,-36.91345891255328
434,434,1.98325313286875e-05,1.9941690544855145e-05,-37.027113119675654,-36.97327509368026
435,435,1.9795613513554964e-05,2.0007728093524318e-05,-37.03063223829136,-36.958917052894925
436,436,1.8984001060031454e-05,2.003682187167119e-05,-37.21465820491621,-36.95260644656219
437,437,1.9421234843396153e-05,1.9938261462620605e-05,-37.11721279577428,-36.97402195089605
438,438,1.9270583843817148e-05,1.9958095148659165e-05,-37.150260448975786,-36.969703931987276
439,439,1.9887119172559212e-05,1.9758780868678034e-05,-37.01273360284171,-37.01329337169462
440,440,1.9880739142236145e-05,1.9987737591451916e-05,-37.01904631141894,-36.9632584277557
441,441,1.9348625343256346e-05,2.0014182921027224e-05,-37.12604374309745,-36.957516172267596
442,442,1.9594674592282018e-05,1.9995023505639676e-05,-37.08865252389341,-36.96167562943184
443,443,1.934108863257354e-05,1.9979200404027086e-05,-37.1397876057665,-36.965113788026926
444,444,1.9815456306384204e-05,2.001012135702982e-05,-37.025324448745174,-36.958397594128556
445,445,1.9733386101713043e-05,1.9939650691843492e-05,-37.04548177888503,-36.973719360036476
446,446,1.9473544984366434e-05,1.9989151520636178e-05,-37.1110149141709,-36.96295121943788
447,447,1.939070173732747e-05,1.9919422476576936e-05,-37.11681460609591,-36.97812739179682
448,448,1.9505548227675015e-05,2.011423566727899e-05,-37.104385153994485,-36.93585947750236
449,449,2.0344237979311262e-05,2.0036850784029076e-05,-36.91828324462678,-36.95260017986555
450,450,1.9391617814145537e-05,1.9996401916662427e-05,-37.11990011458134,-36.961376247104305
451,451,1.9694099615456432e-05,2.0048419556635627e-05,-37.063366911160706,-36.95009339659967
452,452,2.0224807935706267e-05,2.0011076374334823e-05,-36.940617926478296,-36.95819032459677
453,453,1.9443763692871688e-05,2.0129728478710412e-05,-37.117154762844166,-36.93251565042716
454,454,2.030049264370992e-05,2.0042439772575898e-05,-36.924279113669684,-36.95138894739745
455,455,1.8642909877205066e-05,1.990106198048268e-05,-37.28881433616324,-36.98213229671575
456,456,1.9876535213942468e-05,1.9875685737995235e-05,-37.02204803631047,-36.98767360625513
457,457,1.964377981456676e-05,2.004877205763478e-05,-37.06502736422783,-36.95001703751684
458,458,1.956846303936303e-05,2.008830176093493e-05,-37.080654178460854,-36.94146258352611
459,459,1.9595379094378997e-05,1.998361576146348e-05,-37.076694047323215,-36.96415411322817
460,460,2.0432866719049117e-05,2.0208968156734236e-05,-36.89670611904561,-36.91545342380724
461,461,1.9339835939577243e-05,2.0232681172752852e-05,-37.138198565968686,-36.91036044003574
462,462,1.973968548704714e-05,2.0141256563396094e-05,-37.03825508459621,-36.93002920332515
463,463,2.0387202902824845e-05,2.002094640231103e-05,-36.90360696632784,-36.95604878965757
464,464,1.9942941153860056e-05,2.0049333838151622e-05,-37.00542769410405,-36.94989534689177
465,465,1.975814300693077e-05,1.9905203244936848e-05,-37.04261095648399,-36.98122865589597
466,466,1.960354074043673e-05,2.019768343368349e-05,-37.07552362489918,-36.91787920911004
467,467,1.950892472206723e-05,2.003245347288229e-05,-37.09243004042004,-36.95355339231051
468,468,2.01365369555544e-05,2.0170398784102872e-05,-36.969222411916306,-36.92374997329152
469,469,1.9791960082714177e-05,2.019243823413394e-05,-37.032958958990804,-36.91900718849688
470,470,1.9868463870394763e-05,2.008533872293284e-05,-37.02615573921023,-36.94210321805204
471,471,1.99345603758366e-05,2.0209183467637847e-05,-37.00557127613198,-36.91540715334035
472,472,2.0242919781969586e-05,2.000831687167336e-05,-36.93888913653068,-36.9587892526081
473,473,1.944590167113347e-05,2.011214009574982e-05,-37.11350930679244,-36.93631196427758
474,474,1.9955640156470125e-05,2.0183754857402835e-05,-37.00085276735807,-36.92087519157889
475,475,1.9818237025489353e-05,2.017001287114047e-05,-37.03974325125844,-36.92383306608269
476,476,1.9184654287453238e-05,2.003273498542656e-05,-37.1657506071478,-36.953492362099865
477,477,1.9810228155789053e-05,2.0049520140961058e-05,-37.02896268874464,-36.949854991483036
478,478,2.018434308186058e-05,2.012837419323133e-05,-36.952935861776666,-36.93280784438151
479,479,2.029969036624438e-05,1.9927011683313667e-05,-36.92832368969638,-36.97647306527193
480,480,1.9990964218093197e-05,2.0120901784761564e-05,-36.99121000547513,-36.93442040794862
481,481,2.0269720265524793e-05,2.0230606758942533e-05,-36.94016600687582,-36.910805735768164
482,482,2.0577459077479214e-05,2.027864042917683e-05,-36.870748301562855,-36.90050647367221
483,483,2.0068499260250785e-05,2.0065860409981962e-05,-36.973673669475275,-36.946316952474746
484,484,2.0042339276619012e-05,1.997106377721617e-05,-36.986893396017706,-36.966882833737415
485,485,1.998874511665451e-05,2.004944154147157e-05,-36.9912700392938,-36.94987201702342
486,486,2.0062937840792956e-05,2.0317691355318713e-05,-36.97693158050515,-36.8921512325841
487,487,1.9493676274540814e-05,2.0283200539875235e-05,-37.10640558041773,-36.89952997414743
488,488,1.9392508753280145e-05,2.022730816526363e-05,-37.122417148760725,-36.91151390920649
489,489,1.986608398529478e-05,2.0203544121805433e-05,-37.02370331791149,-36.916619215449764
490,490,2.0331525512429114e-05,2.01350354281634e-05,-36.91645456860992,-36.931370838610135
491,491,1.9799397770989298e-05,2.0277962999228438e-05,-37.03800497505003,-36.9006515568713
492,492,2.001929647825087e-05,2.0214181093155947e-05,-36.983642625388256,-36.914333298543866
493,493,2.0445553016862065e-05,2.014145196115255e-05,-36.89842551738778,-36.92998707102049
494,494,2.0290361397801273e-05,2.0107045489375625e-05,-36.937113529003774,-36.93741221502379
495,495,1.9900523708652006e-05,2.014503833810235e-05,-37.01508039609329,-36.92921383725807
496,496,2.044651444652418e-05,2.024074475277877e-05,-36.88927798803051,-36.90862993747714
497,497,1.9780001277524077e-05,2.0200194357082518e-05,-37.038961648891345,-36.91733933907839
498,498,1.9723266304186162e-05,2.0236453086621814e-05,-37.04634914601594,-36.9095508742201
499,499,1.9665716854902223e-05,2.007139664783608e-05,-37.05867627376596,-36.94511888477305
500,500,1.992949064609177e-05,2.0166739934785782e-05,-36.99775198913897,-36.92453784180345
501,501,1.9301999666063192e-05,2.0297556961610864e-05,-37.136995968071574,-36.896457131064324
502,502,2.0297367994963988e-05,2.018836159167174e-05,-36.91956061179578,-36.91988407223354
503,503,1.9788974464766577e-05,2.027071394351017e-05,-37.03951557173446,-36.90220436952432
504,504,1.9932935793269617e-05,2.0291799955884926e-05,-37.00448753429099,-36.89768909728685
505,505,2.0616212806117736e-05,2.0181112535953472e-05,-36.85647770813389,-36.92144377792668
506,506,1.9768018525432237e-05,2.036271756591496e-05,-37.032094710842586,-36.88253744388001
507,507,1.952198353765854e-05,2.027207234564948e-05,-37.090580693223664,-36.9019133453459
508,508,2.0105514447573816e-05,2.0260324258982254e-05,-36.970339284851995,-36.90443090156403
509,509,2.0536824054361953e-05,2.01541816319437e-05,-36.88005532714022,-36.92724313800741
510,510,1.9963389313863782e-05,2.0027935151072023e-05,-36.99541329033434,-36.954533054418334
511,511,1.9164009067138714e-05,2.019764724536799e-05,-37.171528247101314,-36.91788699039836
512,512,2.0034992200269643e-05,2.0265746953603076e-05,-36.97936170883367,-36.903268663876304
513,513,2.00552830833236e-05,2.0155162162968498e-05,-36.976990988957034,-36.927031852397974
514,514,1.970288327150407e-05,2.0302538694905753e-05,-37.0470069276761,-36.89539135067334
515,515,2.009318233700169e-05,2.025624627621207e-05,-36.9685201682532,-36.905305134203644
516,516,2.0438258588066822e-05,2.020588726736605e-05,-36.891675548285235,-36.91611556313226
517,517,1.9929743916925628e-05,2.0221090093592036e-05,-36.997921275445464,-36.91284917801938
518,518,1.9841081966566806e-05,2.0288411465834972e-05,-37.021932775611795,-36.89841437814791
519,519,1.9583256683281152e-05,2.01531121619107e-05,-37.08196694950746,-36.927473599986016
520,520,1.9881976626980833e-05,2.0279841632337164e-05,-37.01022763371758,-36.90024922740567
521,521,1.9881189876558864e-05,2.02193127494722e-05,-37.01174312914577,-36.91323092038094
522,522,2.0102978495058252e-05,2.0151810531388037e-05,-36.960956607953925,-36.92775410713794
523,523,1.943189865939821e-05,2.015085977434769e-05,-37.10979840237661,-36.92795901094863
524,524,2.0079106650076393e-05,2.0290868537574025e-05,-36.97273884890863,-36.897888448314205
525,525,2.008797631431887e-05,2.0400953872012906e-05,-36.964676459500325,-36.87439008078385
526,526,1.9809694666824707e-05,2.027093471138199e-05,-37.03277485832569,-36.902157070871354
527,527,2.0574049635000584e-05,2.0242607397928002e-05,-36.86506176281889,-36.90823029838222
528,528,2.0342643485079308e-05,2.0329287125557466e-05,-36.92150105179994,-36.8896733218744
529,529,1.9683049817403933e-05,2.0250964792610733e-05,-37.06171540440804,-36.90643763339912
530,530,2.030316713945964e-05,2.0254531830831086e-05,-36.92698980117976,-36.90567272732515
531,531,1.959968363904015e-05,2.0229722155674705e-05,-37.08828518246188,-36.910995639472986
532,532,1.9890638720154157e-05,2.021952432666072e-05,-37.01422523517376,-36.91318547555012
533,533,1.9445356208718257e-05,2.0307213018991444e-05,-37.112070568235104,-36.89439157447165
534,534,2.0386280412662692e-05,2.0283844270651524e-05,-36.91179367224658,-36.89939214368661
535,535,2.0196013164675924e-05,2.033224020698598e-05,-36.954912023148815,-36.8890425010197
536,536,1.9372977645222827e-05,2.0320853524792353e-05,-37.123996014868375,-36.89147536549286
537,537,2.0687801346885516e-05,2.0335062704122576e-05,-36.84805226253899,-36.88843966048402
538,538,1.948914523757022e-05,2.024924402863498e-05,-37.10228455376111,-36.906806677570266
539,539,1.9888078670717113e-05,2.0346676281310227e-05,-37.006603661413244,-36.885960065092796
