,epoch,train_loss,test_loss,train_dbs,test_dbs
0,0,5.7086291976186645e-05,4.851251747152817e-05,-32.44102344311479,-33.131731209663435
1,1,4.532924635286596e-05,4.0304000082726e-05,-33.43036941813673,-33.93678782077869
2,2,3.9063959737871195e-05,3.585082939887223e-05,-34.0841874412281,-34.44527725722376
3,3,3.591551564765263e-05,3.4210514441886184e-05,-34.44716155749928,-34.648673281696915
4,4,3.45318723290249e-05,3.339227307725722e-05,-34.62339636318391,-34.75380949788948
5,5,3.4764557247249336e-05,3.301274132115252e-05,-34.59430282217261,-34.80345344230205
6,6,3.325031077073402e-05,3.2731102979405e-05,-34.78720495947398,-34.84066292624414
7,7,3.4396718340936675e-05,3.2494665662709034e-05,-34.635994328486895,-34.87214860248834
8,8,3.318156639804713e-05,3.2180777213254354e-05,-34.78719447901314,-34.91430404381079
9,9,3.272584470642428e-05,3.1662794801951877e-05,-34.84508954863924,-34.98477686731664
10,10,3.273119877984258e-05,3.139656904462945e-05,-34.84568482064219,-35.02144741304776
11,11,3.33095759395798e-05,3.102174100364975e-05,-34.77668055812407,-35.073607654658325
12,12,3.249911735354582e-05,3.078533192915769e-05,-34.88370167378921,-35.10683092583363
13,13,3.16443141499119e-05,3.038436989299953e-05,-34.99947061998377,-35.16376698687499
14,14,3.114224655854338e-05,3.0135546311564548e-05,-35.061849551221236,-35.19947864150405
15,15,3.10006288572433e-05,2.97260235368556e-05,-35.08315011168558,-35.25890115795399
16,16,3.0399512829764306e-05,2.896105692535026e-05,-35.16654754639187,-35.372125258581725
17,17,3.0331233780820296e-05,2.8393041965931555e-05,-35.179094519990166,-35.45815008781843
18,18,2.9202922398570118e-05,2.784309004997148e-05,-35.3454680553,-35.54309501136626
19,19,2.895872978452766e-05,2.7258639276720043e-05,-35.378618616311186,-35.635227606181175
20,20,2.743338122807885e-05,2.7073863556755607e-05,-35.6175419546831,-35.664766972401225
21,21,2.826613437962843e-05,2.7029466429284137e-05,-35.49322339539812,-35.67189460458435
22,22,2.863275041874527e-05,2.6628352459642645e-05,-35.43239921692599,-35.736826363734714
23,23,2.744010396913227e-05,2.6412297876576257e-05,-35.6209465184763,-35.7722074654325
24,24,2.737306457084301e-05,2.6187758952514023e-05,-35.629883392069615,-35.80928598355978
25,25,2.6903942815591006e-05,2.591695508607173e-05,-35.70318498364251,-35.85442957027998
26,26,2.7668518744098244e-05,2.5723227832043593e-05,-35.587318834884194,-35.8870146880549
27,27,2.7132356371646555e-05,2.529255528459448e-05,-35.67126987677129,-35.96034225173185
28,28,2.7595212064700238e-05,2.4932360247476026e-05,-35.59284170491581,-36.022635397404876
29,29,2.7144250799613746e-05,2.4801977097491833e-05,-35.66370326733843,-36.045406309944205
30,30,2.5471995033194146e-05,2.4413443737246683e-05,-35.94335047234048,-36.11397888216792
31,31,2.559453072929491e-05,2.4289296657355552e-05,-35.915233606994185,-36.13611993956388
32,32,2.4626919597365712e-05,2.423430755458723e-05,-36.08994121347381,-36.145963179573826
33,33,2.5104783846997925e-05,2.4179172932666627e-05,-35.99695139666702,-36.155854917235516
34,34,2.535639358723426e-05,2.3877194268463524e-05,-35.95655528522098,-36.21043640201706
35,35,2.564350692522304e-05,2.385363940878673e-05,-35.9100615658835,-36.21472283308141
36,36,2.5120918264254907e-05,2.3702141334069893e-05,-35.99784484854473,-36.242393496633895
37,37,2.5228052764600526e-05,2.371854928864387e-05,-35.98304234318166,-36.23938810623506
38,38,2.472402073968605e-05,2.3494510299458755e-05,-36.067785505393985,-36.280605357523974
39,39,2.4397402252286636e-05,2.354211325214955e-05,-36.135086304865794,-36.271814885260845
40,40,2.5012403300971744e-05,2.3397731734133375e-05,-36.022897386932904,-36.29853175845538
41,41,2.4769545075052764e-05,2.343080230179782e-05,-36.06533285635914,-36.29239773451746
42,42,2.3510440984967682e-05,2.332720491961625e-05,-36.28916491899321,-36.31164228650553
43,43,2.3923706169991475e-05,2.3082270911943754e-05,-36.21048041717841,-36.357483991764774
44,44,2.39478176246342e-05,2.3095547428391383e-05,-36.20887715104818,-36.35498672437614
45,45,2.4469495759514813e-05,2.3140419599306034e-05,-36.11403721967012,-36.346557034855024
46,46,2.4156025415088396e-05,2.30993736247336e-05,-36.171569149886636,-36.354267296385345
47,47,2.4255340361275192e-05,2.2775925715809297e-05,-36.14773466986434,-36.415508954432674
48,48,2.3038533494325318e-05,2.2841231552056822e-05,-36.371635028347455,-36.40307416656206
49,49,2.4148562795406967e-05,2.2891001974226367e-05,-36.16845060823564,-36.39362130297891
50,50,2.3383979497179772e-05,2.2873762454286118e-05,-36.30572855294771,-36.39689326507828
51,51,2.3884872340185558e-05,2.2790061561145674e-05,-36.218709397722066,-36.412814348130716
52,52,2.3120070294418238e-05,2.2471235800032063e-05,-36.358278212770976,-36.47399976130245
53,53,2.322858936449191e-05,2.2445943278925323e-05,-36.34072868373071,-36.47889072005644
54,54,2.3667000840356832e-05,2.2670222039634707e-05,-36.26618371134148,-36.435711593525184
55,55,2.390152479437319e-05,2.2462755479960162e-05,-36.22186594321404,-36.475639035335675
56,56,2.320519483545627e-05,2.2531711597127325e-05,-36.34285354164468,-36.462327494352834
57,57,2.2634637754946977e-05,2.210066993843372e-05,-36.451662870093045,-36.54621494453812
58,58,2.375521444733262e-05,2.2208351143298816e-05,-36.24598971613366,-36.52510617526177
59,59,2.2599640680109776e-05,2.2108037372067645e-05,-36.445391301443195,-36.5447674306897
60,60,2.3159666168269432e-05,2.223930143947272e-05,-36.34952678068273,-36.51905791658756
61,61,2.340901614234005e-05,2.2112369917618036e-05,-36.30348357251464,-36.54391642060342
62,62,2.24753727997802e-05,2.211734911390139e-05,-36.48249681804592,-36.542938599569666
63,63,2.3164348706429628e-05,2.2053153387739593e-05,-36.347557586429474,-36.55556234966745
64,64,2.24841617065189e-05,2.1946073981158215e-05,-36.47953086135017,-36.57670094231789
65,65,2.311045993581539e-05,2.1857785213796888e-05,-36.36535359729635,-36.59420779084962
66,66,2.290848917873893e-05,2.2080959464993182e-05,-36.395791024968496,-36.55008992630516
67,67,2.2491867048770894e-05,2.1810724655025344e-05,-36.48882390464636,-36.60356837996218
68,68,2.218731910052719e-05,2.1698667823281875e-05,-36.54018755222624,-36.625938617060015
69,69,2.2557049362017706e-05,2.1649665206113194e-05,-36.464429858908794,-36.635757483813634
70,70,2.285593039879441e-05,2.164344938424428e-05,-36.41092653568124,-36.63700456302345
71,71,2.244444002235937e-05,2.172437631854432e-05,-36.48183258832388,-36.62079615910678
72,72,2.312860660541193e-05,2.1582940462394617e-05,-36.36499355445537,-36.64916320413259
73,73,2.2307469201401434e-05,2.1602632650204835e-05,-36.511383203776965,-36.645202525378586
74,74,2.236985071164978e-05,2.154971044594851e-05,-36.5089962783002,-36.65585494012721
75,75,2.2824091858412956e-05,2.163575960654079e-05,-36.42881968254349,-36.638547857430495
76,76,2.245725934080463e-05,2.1478095301350358e-05,-36.48813730473058,-36.6703116805067
77,77,2.18666137351244e-05,2.1488218073117376e-05,-36.611047426670844,-36.66826530340052
78,78,2.26555067015819e-05,2.138976780866199e-05,-36.452568996398085,-36.68820862902616
79,79,2.134015012041008e-05,2.1277278009572336e-05,-36.70362339527105,-36.71110865000068
80,80,2.290577185235212e-05,2.1388554255520975e-05,-36.406562543681964,-36.6884550339375
81,81,2.1744336607429732e-05,2.1256533153447028e-05,-36.623479279803945,-36.71534498669901
82,82,2.244694211729382e-05,2.110335883212668e-05,-36.493053178114295,-36.746753495713016
83,83,2.2302350940269216e-05,2.1105682926166703e-05,-36.5103453496334,-36.74627523741764
84,84,2.2641978980526303e-05,2.0867029936772796e-05,-36.45273142279378,-36.7956629401773
85,85,2.19110176198997e-05,2.0932604648375052e-05,-36.5957448913063,-36.782036620690604
86,86,2.1673627398018823e-05,2.112237344638408e-05,-36.64174358632047,-36.74284216384968
87,87,2.212409431054185e-05,2.0930163995408773e-05,-36.55401158034049,-36.78254301916879
88,88,2.2621636096878366e-05,2.0929907565771015e-05,-36.45382728097863,-36.782596227857894
89,89,2.1751976316043455e-05,2.0978637430265446e-05,-36.615964341427976,-36.77249655926118
90,90,2.157933380958545e-05,2.076495452217243e-05,-36.65613466773983,-36.816959488351955
91,91,2.1979867681496677e-05,2.069414212631895e-05,-36.5778737250787,-36.83179505649558
92,92,2.1678463725169722e-05,2.0769936303335462e-05,-36.63573156221854,-36.81591768468447
93,93,2.0992744212730705e-05,2.0665354464941438e-05,-36.776165598152296,-36.837840741541356
94,94,2.087292665874912e-05,2.0357353222559476e-05,-36.800451572745324,-36.90305620930077
95,95,2.14198441717224e-05,2.0521497725368182e-05,-36.690120822601145,-36.868178793089726
96,96,2.120096727707015e-05,2.037392143967353e-05,-36.734849260025705,-36.89952305904995
97,97,2.1220310766684352e-05,2.059971087108256e-05,-36.73579714434667,-36.85165808286912
98,98,2.0877717361145187e-05,2.055994307164311e-05,-36.80452976035039,-36.86005025314938
99,99,2.0967725110504316e-05,2.0151553527332572e-05,-36.78331450586798,-36.947184006441674
100,100,2.1657209846622564e-05,2.036131201365558e-05,-36.65329834954038,-36.90221174098459
101,101,2.1757038179127928e-05,2.0313942418158005e-05,-36.62692021894843,-36.912327160554725
102,102,2.0601252771550356e-05,2.0263617395692946e-05,-36.86205445898174,-36.92309956326416
103,103,2.0730429794864378e-05,2.019581528369791e-05,-36.83795612336774,-36.937655432546315
104,104,2.1312700604558467e-05,2.036787306056603e-05,-36.715536047802324,-36.90081253474554
105,105,2.0796749604696087e-05,2.009793800090464e-05,-36.81190767092908,-36.958754309648214
106,106,2.085327234697653e-05,1.994374930578296e-05,-36.81048082808222,-36.99220126702981
107,107,2.0179664809886874e-05,2.007338312786918e-05,-36.95226877451516,-36.96406359343158
108,108,2.0738724939742358e-05,2.0192525880702306e-05,-36.830793317996886,-36.938362849356075
109,109,2.063906346669795e-05,1.9922390492865816e-05,-36.855084805935306,-36.99685484800069
110,110,2.1000027746341993e-05,2.002363180508837e-05,-36.77764619743324,-36.97484082264688
111,111,2.0891935173026047e-05,1.984495482151703e-05,-36.79795461468915,-37.01376818581985
112,112,2.00506470137793e-05,1.9809442691391604e-05,-36.97875145670615,-37.0215467562909
113,113,2.061742621269341e-05,1.9826430137695034e-05,-36.849126285090335,-37.017824090878825
114,114,2.0294640354719732e-05,1.9682702689973858e-05,-36.923485286370024,-37.04942200676786
115,115,2.0676068171391326e-05,1.9701398263063502e-05,-36.84427000697907,-37.04529882779856
116,116,2.022330736321068e-05,1.9525962000587145e-05,-36.94545341839465,-37.08414493326626
117,117,2.1137740883748792e-05,1.9598606980396556e-05,-36.7494347016905,-37.06801729227388
118,118,2.0548500700541125e-05,1.9579280074379457e-05,-36.87120672323145,-37.07230214270731
119,119,2.0428679836748923e-05,1.9691506742291447e-05,-36.89874312368063,-37.04747984642546
120,120,2.060586003730369e-05,1.9440731145885748e-05,-36.859220520879326,-37.103143388575205
121,121,2.001649388439171e-05,1.9655179561308806e-05,-36.98699763175016,-37.05549917420562
122,122,1.969974699622793e-05,1.94227347827492e-05,-37.06046760945979,-37.107165532033804
123,123,1.9808309140720778e-05,1.940200514869311e-05,-37.03436164451642,-37.11180317625439
124,124,2.072576266185671e-05,1.9530709993743682e-05,-36.832824021523244,-37.08308901778096
125,125,2.136267011872068e-05,1.9338626818927495e-05,-36.70513262358007,-37.12601300301621
126,126,1.977453054500187e-05,1.918622073342129e-05,-37.03344889684142,-37.16037496494242
127,127,2.0050616240979187e-05,1.922666376087459e-05,-36.97369394461194,-37.15123001768027
128,128,2.0221728414774768e-05,1.919242822623346e-05,-36.94333101949291,-37.158970079689105
129,129,2.0027392087492265e-05,1.9221306310531584e-05,-36.993405416600886,-37.15244033444434
130,130,1.9537895888188548e-05,1.8855416161195055e-05,-37.08883844335727,-37.23590810886264
131,131,1.9704610261299224e-05,1.9240288470188572e-05,-37.047215683756235,-37.14815353983275
132,132,1.9832291972184957e-05,1.9169689470513013e-05,-37.03069702528222,-37.16411855317502
133,133,2.081466409060912e-05,1.888468350922554e-05,-36.80739130202733,-37.22917222294362
134,134,1.9919718022382647e-05,1.9076661948546597e-05,-37.00421522272803,-37.18524549346112
135,135,2.0255897765047248e-05,1.909204313147041e-05,-36.92369222018882,-37.18174526298877
136,136,1.939498279452235e-05,1.9098644196147735e-05,-37.12145357175011,-37.18024395144232
137,137,1.9661211180644705e-05,1.9000606985891384e-05,-37.0693303122107,-37.202594581487745
138,138,1.906819527237568e-05,1.8896487218674002e-05,-37.190868343974,-37.22645855052559
139,139,2.032186708187435e-05,1.897268650377794e-05,-36.92140598535015,-37.20898102437154
140,140,1.9419701922893136e-05,1.890978814787415e-05,-37.11948072917685,-37.22340269784604
141,141,1.9905612753438955e-05,1.885621201692725e-05,-37.01266003450835,-37.23572480425893
142,142,1.9191515731136795e-05,1.886468190174415e-05,-37.17130395746075,-37.233774466439215
143,143,1.9592370879707362e-05,1.8696852748689707e-05,-37.07735274970402,-37.2725842545905
144,144,1.9638067072067776e-05,1.8857134627499984e-05,-37.071698400721054,-37.235512314667616
145,145,2.0039752139241828e-05,1.88414044379514e-05,-36.98445494357399,-37.23913661156934
146,146,1.9573536078918476e-05,1.8697328175078025e-05,-37.08670267611151,-37.27247382293942
147,147,1.973038650380049e-05,1.880405201709915e-05,-37.05123308872966,-37.24775489229317
148,148,1.9689974250627764e-05,1.8793357268901e-05,-37.05771954355096,-37.250225631815546
149,149,1.9422642103610586e-05,1.8596786742962552e-05,-37.11487543039376,-37.29589022257794
150,150,1.9854508349284908e-05,1.856915710768111e-05,-37.02151832267121,-37.30234742457905
151,151,1.927212443407961e-05,1.8453483406981258e-05,-37.15611530844768,-37.329485744637076
152,152,1.9853449556808535e-05,1.851597574530292e-05,-37.023568700457155,-37.31480329909067
153,153,1.930682438543635e-05,1.8513761365044812e-05,-37.1370903732006,-37.315322715755826
154,154,1.9297649787310464e-05,1.852724663446057e-05,-37.14630436178458,-37.31216050248503
155,155,1.928298173804729e-05,1.8526762256729662e-05,-37.14591403195277,-37.31227404624561
156,156,1.9375254363619685e-05,1.85444614065713e-05,-37.13019671781855,-37.30812708645574
157,157,1.9104125845073795e-05,1.8696147746691406e-05,-37.183037287220955,-37.272748017045274
158,158,1.950507082734269e-05,1.8415882119657717e-05,-37.101334904625396,-37.338344067543055
159,159,1.9570323790512984e-05,1.8586488486586238e-05,-37.08029040637038,-37.298295861136786
160,160,1.9290829805333825e-05,1.8313962467992067e-05,-37.143416811038875,-37.36244613299891
161,161,1.9407208484838137e-05,1.846871974090678e-05,-37.127158391314396,-37.3259014210812
162,162,1.9467717758049832e-05,1.8319871263596915e-05,-37.10448756933664,-37.361045156313295
163,163,1.923331369793813e-05,1.847705597787066e-05,-37.16178781983155,-37.32394158577973
164,164,1.923438800808184e-05,1.829545429867913e-05,-37.15656361080076,-37.36683735099551
165,165,1.972383343507824e-05,1.8498942967868826e-05,-37.05380839592677,-37.31880019657438
166,166,1.894460640953897e-05,1.8388878456071805e-05,-37.23411657499837,-37.34471690845139
167,167,1.911911867770784e-05,1.8334242859533622e-05,-37.18466216992111,-37.35763953308076
168,168,1.9535619676108327e-05,1.8409427387891092e-05,-37.087961263372904,-37.33986652829334
169,169,1.9105617603909384e-05,1.8266697895198474e-05,-37.19060139950575,-37.3736688689324
170,170,1.9501763782716e-05,1.827276211866104e-05,-37.10857852725625,-37.37222732666002
171,171,1.8794007260534198e-05,1.825260943932287e-05,-37.25288925982469,-37.377019720520465
172,172,1.9049205576200472e-05,1.8456230846870886e-05,-37.2025738549816,-37.3288391950716
173,173,1.9244300806489845e-05,1.8423242803883593e-05,-37.15693647588734,-37.33660857323286
174,174,1.9327046934496637e-05,1.8333635652149832e-05,-37.13581696813995,-37.357783368408505
175,175,1.9855411890078067e-05,1.815937019656351e-05,-37.027882455790845,-37.399261508820956
176,176,1.9675248706297463e-05,1.817524643181394e-05,-37.06949737408644,-37.395466251052326
177,177,1.8966223457759154e-05,1.8259321270881246e-05,-37.22401094990243,-37.375423030679414
178,178,1.8608605293509043e-05,1.8242009996595842e-05,-37.309203445903194,-37.379542437396644
179,179,1.853489187307843e-05,1.8288642805648697e-05,-37.32662408809526,-37.36845455306142
180,180,1.9032977762276224e-05,1.828730469960168e-05,-37.20796760593492,-37.36877232039887
181,181,1.9223858994196562e-05,1.828375905844089e-05,-37.15670036508406,-37.369614435578214
182,182,1.9014820666307434e-05,1.8316526429292646e-05,-37.20687565679582,-37.361838161726894
183,183,1.9184366624592923e-05,1.8230885536085178e-05,-37.16628086999314,-37.382191687966525
184,184,1.9200702312089787e-05,1.8266565826994147e-05,-37.170036372137844,-37.37370026853185
185,185,1.8785226895544708e-05,1.820867826034756e-05,-37.25945383614099,-37.38748510945687
186,186,1.9174282625527602e-05,1.8249551957476223e-05,-37.177016069655856,-37.377747265107864
187,187,1.9030309539227074e-05,1.8210671154711715e-05,-37.210299109847334,-37.38700981100144
188,188,1.9405622541731627e-05,1.8214721086750568e-05,-37.12068241988391,-37.38604407636658
189,189,1.880795918117018e-05,1.8216725230128138e-05,-37.26141853364558,-37.38556625377171
190,190,1.9061286675611143e-05,1.8091231810869528e-05,-37.201089786700074,-37.415587946521015
191,191,1.8530904985850284e-05,1.818261956175679e-05,-37.31955988629531,-37.393704811207094
192,192,1.9138988014655643e-05,1.8069551946322654e-05,-37.18180758582945,-37.420795492205016
193,193,1.9120820895492664e-05,1.808710816189169e-05,-37.185969378209535,-37.41657797425888
194,194,1.9163818082627576e-05,1.800808345969448e-05,-37.177725674985695,-37.435594383587095
195,195,1.868561851073743e-05,1.809516116305818e-05,-37.278468767561954,-37.41464477653946
196,196,1.8567614348547668e-05,1.809245244849559e-05,-37.311126075522715,-37.415294932585894
197,197,1.943545729651286e-05,1.8043153575394843e-05,-37.11734874291667,-37.42714487461857
198,198,1.8731664942944128e-05,1.8046111826582712e-05,-37.278929237288146,-37.42643288884909
199,199,1.948846931423459e-05,1.806480854850777e-05,-37.10414644060111,-37.42193569863463
200,200,1.9008451399901048e-05,1.8053643783021374e-05,-37.20272707526717,-37.42462063992304
201,201,1.895987163114808e-05,1.80288769977204e-05,-37.22451907112854,-37.430582573650035
202,202,1.8671566583189187e-05,1.802876919866417e-05,-37.286066055553015,-37.43060854125481
203,203,1.9047388518301138e-05,1.800933391917313e-05,-37.20085534971028,-37.43529282523497
204,204,1.84427897449458e-05,1.7922111079602282e-05,-37.33244931018865,-37.456377684097994
205,205,1.8553986583074876e-05,1.804606252239625e-05,-37.308675407916844,-37.426444754322155
206,206,1.892581843366287e-05,1.8003731479678353e-05,-37.22409718520707,-37.43664406182117
207,207,1.9064054689919168e-05,1.7908253108831368e-05,-37.200134746028304,-37.45973709205971
208,208,1.8321295364021164e-05,1.7959407925541438e-05,-37.372084041671116,-37.44734918103208
209,209,1.87219352342582e-05,1.7958653188543394e-05,-37.27315267594286,-37.44753169540141
210,210,1.896705012280943e-05,1.795709010222804e-05,-37.21687727282129,-37.447909713339904
211,211,1.913718748705692e-05,1.785130629478341e-05,-37.17622684648269,-37.47356931394514
212,212,1.907717950482188e-05,1.7953147394827713e-05,-37.19060968231281,-37.44886336677912
213,213,1.8511179433451468e-05,1.7929923112540947e-05,-37.32286056825331,-37.45448505907526
214,214,1.932139285909403e-05,1.7947866677116652e-05,-37.13858691203339,-37.45014098338034
215,215,1.9169962544446646e-05,1.7942255860696988e-05,-37.17507212947936,-37.45149887600236
216,216,1.8483642052910674e-05,1.7933581435308472e-05,-37.33566111358296,-37.453599038918284
217,217,1.8917326922315417e-05,1.78475803821991e-05,-37.23440391044407,-37.47447586506307
218,218,1.9140957708268897e-05,1.779141693029822e-05,-37.18864987521645,-37.48816395916015
219,219,1.912599020084299e-05,1.7770567482282212e-05,-37.19040005546478,-37.49325636410387
220,220,1.8452295333509498e-05,1.7886517812975828e-05,-37.33918428789043,-37.46501133741437
221,221,1.9515296679452786e-05,1.792125495787906e-05,-37.100141380183956,-37.456585147280954
222,222,1.8792096927858645e-05,1.7853596881123896e-05,-37.25646052320715,-37.47301208570987
223,223,1.850224361050161e-05,1.7915442999525877e-05,-37.327065610211065,-37.45799381582903
224,224,1.8773680635276084e-05,1.7790974293587313e-05,-37.26526348682578,-37.488272009616814
225,225,1.8504615413287856e-05,1.778392259821933e-05,-37.3220076526262,-37.48999373628031
226,226,1.9375435099907018e-05,1.7781043137993518e-05,-37.13024525021958,-37.49069697536056
227,227,1.9119365535197615e-05,1.775884744634631e-05,-37.18751593293305,-37.49612156586951
228,228,1.9159168426920157e-05,1.771220362762075e-05,-37.17837423399467,-37.50754336711316
229,229,1.8823578908812068e-05,1.7688627131543687e-05,-37.25735509092076,-37.513328058287414
230,230,1.8727060096259182e-05,1.7773676183041014e-05,-37.27230049594499,-37.49249669589903
231,231,1.84160225657739e-05,1.7692742451464782e-05,-37.34118794546561,-37.5123177747613
232,232,1.9177066513799855e-05,1.769699256807431e-05,-37.172007374958,-37.51127464618245
233,233,1.8511312819756904e-05,1.7812971619653245e-05,-37.325202263703865,-37.48290557154509
234,234,1.811406780257833e-05,1.7717280570650473e-05,-37.412692487466444,-37.50629870413952
235,235,1.8218878140782855e-05,1.7717241366642012e-05,-37.39484783849539,-37.5063083140248
236,236,1.831465267725397e-05,1.771125239189898e-05,-37.36672993852023,-37.50777661167564
237,237,1.8441055544826668e-05,1.771483738067266e-05,-37.34031758169432,-37.506897631885664
238,238,1.8195115425788974e-05,1.7637330960209702e-05,-37.39627788541802,-37.52594068708183
239,239,1.9293094437765005e-05,1.7709766708369562e-05,-37.14448640848505,-37.508140928781955
240,240,1.8186744267781643e-05,1.7667533364529892e-05,-37.40599382166877,-37.51851012985572
241,241,1.8800477227694163e-05,1.7606597171642963e-05,-37.257568469491524,-37.53351505173034
242,242,1.8243601666607403e-05,1.7616325318445697e-05,-37.39092841975635,-37.53111611360464
243,243,1.8575461234428713e-05,1.7592460656152597e-05,-37.31699279805108,-37.537003446806665
244,244,1.9040705935658105e-05,1.7585837045580294e-05,-37.21141141532637,-37.53863888555371
245,245,1.8383762179246803e-05,1.761076840155415e-05,-37.35422626523186,-37.53248627395996
246,246,1.828434493834664e-05,1.7491741106680008e-05,-37.38146845509249,-37.56193892347385
247,247,1.8313334575649015e-05,1.7490443401345002e-05,-37.37398860483932,-37.56226113678004
248,248,1.8479846140817433e-05,1.7507820973007353e-05,-37.333215524608,-37.55794836056844
249,249,1.831809488029433e-05,1.7430154672949454e-05,-37.37353699785912,-37.57725692122883
250,250,1.7743223644483994e-05,1.751493504056462e-05,-37.50254225394008,-37.556184021790926
251,251,1.8432126510270256e-05,1.7456651891590906e-05,-37.34802951277868,-37.57065981522357
252,252,1.8182708530374155e-05,1.7559646135180773e-05,-37.40016102811724,-37.5451117343745
253,253,1.8159362570230834e-05,1.7538970927202363e-05,-37.41845453625239,-37.550228249227395
254,254,1.8732781614913227e-05,1.743044288703363e-05,-37.278402368881906,-37.577185109616224
255,255,1.827719246573475e-05,1.74430236400344e-05,-37.37936850246744,-37.574051637445216
256,256,1.7860448651001355e-05,1.7497957072153343e-05,-37.479026148291574,-37.560395863845635
257,257,1.9517187425175433e-05,1.7423170328057542e-05,-37.10189017776273,-37.57899750838187
258,258,1.746357747365015e-05,1.7547089890668805e-05,-37.568327581769296,-37.54821832220054
259,259,1.821417762838201e-05,1.7517698324809317e-05,-37.39982771948994,-37.55549890109825
260,260,1.8604519533892954e-05,1.7421395712421816e-05,-37.30377478006379,-37.579439876226466
261,261,1.8034342790941212e-05,1.7339326835721486e-05,-37.429750618576925,-37.599947002603166
262,262,1.8509999415645204e-05,1.734026576933071e-05,-37.32891619107089,-37.59971183623884
263,263,1.9103524415917602e-05,1.738782635871566e-05,-37.19004541670134,-37.587816386086686
264,264,1.9070743592143943e-05,1.732066366936411e-05,-37.19508447668925,-37.60462404424634
265,265,1.846488774709101e-05,1.729887892571768e-05,-37.329634737436514,-37.610089740494686
266,266,1.8185254262301822e-05,1.7255927894822027e-05,-37.396256611969825,-37.62088615756828
267,267,1.8105775198659777e-05,1.729905086808446e-05,-37.4248775830453,-37.61004657396909
268,268,1.851753439172471e-05,1.7302034776596548e-05,-37.33292694838784,-37.60929752521506
269,269,1.7953908101525924e-05,1.7260443057334907e-05,-37.45210904562089,-37.61974993720598
270,270,1.857272229582244e-05,1.7302326820132102e-05,-37.31238298020959,-37.60922422064297
271,271,1.766095485117589e-05,1.7287013753574637e-05,-37.521694712716794,-37.613069556015716
272,272,1.7312175484605796e-05,1.7252548356114666e-05,-37.611994787110575,-37.62173679786083
273,273,1.7448253791221806e-05,1.7193395873810484e-05,-37.58845082114125,-37.63665270304649
274,274,1.7902307882115902e-05,1.716801254683799e-05,-37.473224902766205,-37.64306911107424
275,275,1.8105841216723646e-05,1.720200548573446e-05,-37.42125687040559,-37.634478512962815
276,276,1.8095354114604524e-05,1.7234616614970084e-05,-37.42127807169544,-37.62625306177428
277,277,1.765326060100876e-05,1.7105779558110762e-05,-37.53378407777061,-37.65884062139729
278,278,1.8173142643249355e-05,1.702966030854058e-05,-37.4004618699803,-37.678209479673946
279,279,1.7850326696940646e-05,1.6959734239208046e-05,-37.48362501527022,-37.696078905888115
280,280,1.7328629743958316e-05,1.708510755729788e-05,-37.61257951398348,-37.66409215929776
281,281,1.7877609409588705e-05,1.6868410344422475e-05,-37.471003335504044,-37.71952775915022
282,282,1.7280036989121202e-05,1.690031015306503e-05,-37.620605253675116,-37.71132258300846
283,283,1.7571509938393647e-05,1.6786665582912974e-05,-37.5544053974798,-37.74062494445376
284,284,1.792337688008028e-05,1.6700388761436396e-05,-37.4648091420799,-37.763003520966066
285,285,1.794695768675757e-05,1.678401359209889e-05,-37.4539591554706,-37.7413111057155
286,286,1.7385804059494588e-05,1.6600895928843928e-05,-37.59884622997226,-37.78895406140288
287,287,1.7386394377813443e-05,1.6529229517465482e-05,-37.59835434774348,-37.807743229948116
288,288,1.7550388602290866e-05,1.6508029674648577e-05,-37.562606839886556,-37.813316922343596
289,289,1.772593902584499e-05,1.6545994568380257e-05,-37.52160450681545,-37.80334055699523
290,290,1.8002393292206143e-05,1.6549397993290576e-05,-37.447303247224525,-37.80244732772739
291,291,1.714414021577242e-05,1.6379459913495292e-05,-37.66811536708035,-37.84727355629063
292,292,1.6950392078403647e-05,1.6377796639158316e-05,-37.7070977409072,-37.847714588869714
293,293,1.71694927556337e-05,1.6412894039699733e-05,-37.650785220594756,-37.83841767386757
294,294,1.7093177664663147e-05,1.6312916159222368e-05,-37.66818655617934,-37.86495329001975
295,295,1.7486259108859346e-05,1.6204218282885114e-05,-37.57290151880206,-37.893988483023385
296,296,1.737217910689201e-05,1.6203953524190613e-05,-37.61593677799063,-37.894059442434944
297,297,1.668776128764838e-05,1.616136844524207e-05,-37.76575598653272,-37.90548801743196
298,298,1.7018615826319293e-05,1.625457700452228e-05,-37.69093897194133,-37.88051260859435
299,299,1.691279909941044e-05,1.6075486966751907e-05,-37.720363341847765,-37.92862795460498
300,300,1.7043732825805283e-05,1.6148902432178147e-05,-37.684765619522715,-37.90883922483853
301,301,1.7190487943883726e-05,1.6155590377533563e-05,-37.64966380611711,-37.90704099954415
302,302,1.6793951263681856e-05,1.608315261891173e-05,-37.751640936786416,-37.92655749979772
303,303,1.6467044663362893e-05,1.630065071367426e-05,-37.83435219660732,-37.86821991558789
304,304,1.6826779287417668e-05,1.6126579411272695e-05,-37.737392819861356,-37.91484673629354
305,305,1.6853743695672576e-05,1.6116278617884843e-05,-37.734756509482025,-37.917621662682336
306,306,1.7111508295971532e-05,1.6061294828480305e-05,-37.66540687134894,-37.93246378843409
307,307,1.7047901724488594e-05,1.611604932948371e-05,-37.68845459129984,-37.917683450765125
308,308,1.629295460701279e-05,1.6126737663350804e-05,-37.87332213214013,-37.91480411865883
309,309,1.6903648007503282e-05,1.602077612149419e-05,-37.720766886866166,-37.943433816049634
310,310,1.7272478797486217e-05,1.6084088058146574e-05,-37.62999715277392,-37.926304909840105
311,311,1.6772420542448465e-05,1.6197377350947233e-05,-37.74812437295279,-37.89582233038659
312,312,1.7050601826733476e-05,1.6034440322025484e-05,-37.695086966203434,-37.93973127530389
313,313,1.711823281850942e-05,1.6077478137862943e-05,-37.662166761316186,-37.92809005421269
314,314,1.7147271849812708e-05,1.6126385401692362e-05,-37.654386094611226,-37.91489898407334
315,315,1.6848738830714828e-05,1.6028484328432425e-05,-37.73580792276431,-37.941344762039535
316,316,1.689785232283799e-05,1.605458553393347e-05,-37.72089955496157,-37.934278348464
317,317,1.727480883852605e-05,1.604532668639685e-05,-37.629232012005865,-37.93678369270161
318,318,1.7371415234481094e-05,1.614639605625263e-05,-37.60018719839418,-37.90951332000851
319,319,1.6724934370752626e-05,1.606706174291168e-05,-37.76927243467414,-37.93090470517598
320,320,1.7042160487614365e-05,1.602458498956893e-05,-37.689688766968025,-37.942401423005784
321,321,1.6821986878547005e-05,1.61621864639241e-05,-37.74718009918867,-37.90526820188211
322,322,1.6434969391824424e-05,1.603530314528861e-05,-37.84159044836393,-37.93949758501416
323,323,1.673542860818585e-05,1.604071459089602e-05,-37.76839186815955,-37.93803221546109
324,324,1.6513322435392035e-05,1.6002008937663815e-05,-37.82605960052035,-37.94852424481557
325,325,1.7308555086237528e-05,1.60247864187113e-05,-37.6049794191154,-37.942346832502956
326,326,1.6750530814589963e-05,1.6055150282275127e-05,-37.76230871669248,-37.93412558041267
327,327,1.6491882213569587e-05,1.6003119382826537e-05,-37.83318931891775,-37.94822288048296
328,328,1.6655480807851736e-05,1.6071132401856103e-05,-37.77759277184997,-37.92980454085514
329,329,1.7063550124654173e-05,1.604615245971792e-05,-37.68153002501211,-37.93656018863993
330,330,1.7362085075256265e-05,1.5938284521230105e-05,-37.60771433158379,-37.96585357785717
331,331,1.6631735795187722e-05,1.603414933158906e-05,-37.79071191559317,-37.93981009108107
332,332,1.68543429026613e-05,1.5967321719232897e-05,-37.72539431500985,-37.957948573169766
333,333,1.6910527781724387e-05,1.6047995431060707e-05,-37.72627191547635,-37.93606141092626
334,334,1.6572471488955473e-05,1.5987264688240094e-05,-37.80492458622213,-37.9525276783995
335,335,1.6816797939362605e-05,1.5983644899327038e-05,-37.75162044591231,-37.953511106383
336,336,1.7686465896273597e-05,1.593069387844911e-05,-37.52745929347451,-37.96792240748508
337,337,1.6958985837583296e-05,1.5947155684683056e-05,-37.709185953872485,-37.96343699059338
338,338,1.680084994039078e-05,1.5920230046168926e-05,-37.747258877881976,-37.97077594152577
339,339,1.7502230989099263e-05,1.5920556459030577e-05,-37.57425357323881,-37.97068689893594
340,340,1.6766212190970654e-05,1.5919743179294625e-05,-37.75931901238731,-37.9709087579672
341,341,1.6737473546077265e-05,1.5815494838247296e-05,-37.760388503135125,-37.99944148369635
342,342,1.691628281103889e-05,1.593507668554881e-05,-37.720563677938344,-37.96672775321063
343,343,1.704584782291744e-05,1.5917987663047633e-05,-37.68674764560612,-37.97138769349405
344,344,1.610034411624866e-05,1.584798864266639e-05,-37.92697439976676,-37.99052781826364
345,345,1.6266751305179758e-05,1.5869622793137462e-05,-37.884204205849436,-37.98460329040545
346,346,1.6024098803211826e-05,1.577488202249362e-05,-37.95461150983981,-38.01060813205346
347,347,1.7195015671043704e-05,1.5789449494868197e-05,-37.647950936042214,-38.00659944692527
348,348,1.6268199483279532e-05,1.5828805580416595e-05,-37.8815792441696,-37.995787882802276
349,349,1.643505557816771e-05,1.5781939031225384e-05,-37.83700454719868,-38.008665718401076
350,350,1.676785408206567e-05,1.5755732755152214e-05,-37.760346831464815,-38.01588327319485
351,351,1.654885599958847e-05,1.5732809515611734e-05,-37.816622043134664,-38.022206486326056
352,352,1.6886481604423043e-05,1.5721951010499125e-05,-37.72752809170247,-38.025204944403995
353,353,1.6773950443804125e-05,1.5795278925093282e-05,-37.75325611319121,-38.00499633710937
354,354,1.6212219052999664e-05,1.5679871802077334e-05,-37.89811022871159,-38.03684425532425
355,355,1.639091924423071e-05,1.565710973457164e-05,-37.858007782749034,-38.04315337736997
356,356,1.6668470201806222e-05,1.5604377901916833e-05,-37.78137089379042,-38.05780473749019
357,357,1.6813263474179302e-05,1.5579582778675677e-05,-37.742684698832136,-38.064711100399876
358,358,1.6546744265405762e-05,1.5509562361234874e-05,-37.80941413928887,-38.084273897766565
359,359,1.6738661402415185e-05,1.551757410006279e-05,-37.758121999682935,-38.08203105202726
360,360,1.632712703269004e-05,1.545429126724086e-05,-37.86456399797825,-38.09977839983078
361,361,1.6195872948506785e-05,1.54827446653814e-05,-37.90344791507674,-38.0917898146832
362,362,1.594025318987293e-05,1.5414798326673917e-05,-37.9702734701841,-38.11089085941142
363,363,1.6558498378030562e-05,1.5382232241360104e-05,-37.81384988991976,-38.12007569064983
364,364,1.6478119955395742e-05,1.534503280709032e-05,-37.836342548268746,-38.13059111849575
365,365,1.6128248229431417e-05,1.5324325431720354e-05,-37.92192199302241,-38.13645566913578
366,366,1.565432295447141e-05,1.5353794208893208e-05,-38.05481622538515,-38.12811217781306
367,367,1.6235407220500345e-05,1.527397264573282e-05,-37.892165014426155,-38.15074924637145
368,368,1.6232960164059703e-05,1.5238719482256688e-05,-37.90151787782729,-38.16078458583966
369,369,1.6041938523034632e-05,1.5145277134969978e-05,-37.94831055445387,-38.187497084694975
370,370,1.6164389373593575e-05,1.5183404014494858e-05,-37.92392706893273,-38.17657784819344
371,371,1.580787400448618e-05,1.5145386848751896e-05,-38.00977037208929,-38.18746562411682
372,372,1.637853134506605e-05,1.5083862930815054e-05,-37.859186561719966,-38.20514355866872
373,373,1.609024215231892e-05,1.5084857487205514e-05,-37.940349352876446,-38.204857215498386
374,374,1.5591724515672338e-05,1.5083036870285133e-05,-38.07636423969682,-38.205381404474764
375,375,1.5212866640364699e-05,1.5068548715422175e-05,-38.18149717207091,-38.209555066371465
376,376,1.5681718435086258e-05,1.495862110651184e-05,-38.04549970263601,-38.241353712414764
377,377,1.5977086262602225e-05,1.4913537406276814e-05,-37.968952161141026,-38.2544626526966
378,378,1.5273029771144383e-05,1.487703904881767e-05,-38.161614211097394,-38.26510430187576
379,379,1.592394202122808e-05,1.4786700471871117e-05,-37.98381922696461,-38.291556574850894
380,380,1.561660911582144e-05,1.4755918097140047e-05,-38.06686950317916,-38.300606971174034
381,381,1.4630428661793931e-05,1.4787753092318062e-05,-38.34323905878962,-38.29124742475901
382,382,1.5219645901356906e-05,1.4722835706044479e-05,-38.16787678664124,-38.31035467355558
383,383,1.5304036152002417e-05,1.4627618503781329e-05,-38.156089521244304,-38.33853307945085
384,384,1.520979007294692e-05,1.4586325146650014e-05,-38.172976173158546,-38.35081042844506
385,385,1.4735158270623382e-05,1.459037799864554e-05,-38.322834671725104,-38.34960389646632
386,386,1.5109174474326715e-05,1.4545638709693632e-05,-38.21193649604886,-38.362941369314235
387,387,1.5198031750393038e-05,1.4525969067778389e-05,-38.17822020567573,-38.368818181022554
388,388,1.4953317142649165e-05,1.4464119407133885e-05,-38.253555272694584,-38.38734934701288
389,389,1.5014406157787721e-05,1.4448407790424475e-05,-38.23410765574097,-38.39206942496644
390,390,1.4879942307405932e-05,1.432503689245909e-05,-38.282725147159205,-38.42931184007745
391,391,1.5102825498090788e-05,1.4345944117322736e-05,-38.200902323276296,-38.42297798355786
392,392,1.460872343009261e-05,1.4241767530620564e-05,-38.353503808433814,-38.45463040651249
393,393,1.4220344129761984e-05,1.4247172083215495e-05,-38.47215713700407,-38.45298263202238
394,394,1.5410129796607378e-05,1.4181805167218523e-05,-38.11568930716779,-38.4729541847763
395,395,1.4689709995267193e-05,1.4195381433972598e-05,-38.33631700930349,-38.468798664873034
396,396,1.5060943304579081e-05,1.4217453960889926e-05,-38.22159236157479,-38.46205102533829
397,397,1.5026475761935461e-05,1.4183656467618053e-05,-38.23193714237283,-38.47238729144711
398,398,1.4495749795613162e-05,1.415208431640885e-05,-38.39169200844352,-38.482065257398816
399,399,1.4586292337233167e-05,1.4100792692548375e-05,-38.36565065000713,-38.497834054095776
400,400,1.4909747095743179e-05,1.414193363751493e-05,-38.26909738107592,-38.48518138182307
401,401,1.530241110062373e-05,1.4126399228667938e-05,-38.15354762342721,-38.48995457361541
402,402,1.4593090847633856e-05,1.4073262718738988e-05,-38.35506760060709,-38.50632138000116
403,403,1.486595227237858e-05,1.4022117092712219e-05,-38.28218560986311,-38.522133437245365
404,404,1.5129878474252428e-05,1.4071790055344249e-05,-38.195274198899504,-38.50677586100125
405,405,1.537753254074373e-05,1.4049877360153723e-05,-38.133399359609264,-38.513543997748144
406,406,1.4950867001427524e-05,1.4034543231613689e-05,-38.24376165880806,-38.51828650475465
407,407,1.4794469448649588e-05,1.4103774494862209e-05,-38.293620680589356,-38.496915777075436
408,408,1.5314994503644332e-05,1.4012319872180293e-05,-38.148960259268314,-38.52516890322854
409,409,1.4955293418378714e-05,1.4066606797170703e-05,-38.255704830976825,-38.50837585296975
410,410,1.4374992742980879e-05,1.4070393310823037e-05,-38.42513253677719,-38.5072069565071
411,411,1.4548546769407208e-05,1.3975515206479222e-05,-38.37668330100999,-38.53659106031288
412,412,1.448405976954802e-05,1.4002786596584452e-05,-38.385109782178695,-38.52812462938304
413,413,1.4321565948793972e-05,1.4005276314396484e-05,-38.43895097582583,-38.527352515500304
414,414,1.4810191395994967e-05,1.3952817090811501e-05,-38.296306809574965,-38.543650320743886
415,415,1.4767438178469748e-05,1.4045079919206297e-05,-38.3082670035419,-38.51502718359552
416,416,1.490589076319779e-05,1.3947106421447212e-05,-38.26383326329513,-38.5454281838455
417,417,1.4731028433331077e-05,1.3962154968650889e-05,-38.30831613243398,-38.54074479107976
418,418,1.4353059875069561e-05,1.3971450770393284e-05,-38.4279268716519,-38.53785428307422
419,419,1.4703617988246705e-05,1.3989589110439594e-05,-38.32176493165102,-38.53221974148954
420,420,1.4516783210769363e-05,1.4016041907445087e-05,-38.38810436663145,-38.524015457729895
421,421,1.4937301972336687e-05,1.3920951412154337e-05,-38.262412917958954,-38.55358015454471
422,422,1.457746076862959e-05,1.4003827010655138e-05,-38.36164702025734,-38.52780195839087
423,423,1.4577477523959818e-05,1.397940085505405e-05,-38.366874906779685,-38.535383747980546
424,424,1.3942926314709824e-05,1.3903400366344662e-05,-38.548503081763386,-38.55905904111025
425,425,1.4718748707778527e-05,1.391155580533546e-05,-38.325126021606934,-38.5565123088912
426,426,1.4132067401978648e-05,1.3839359685095443e-05,-38.50000374154352,-38.57910936330817
427,427,1.4433838053442629e-05,1.3853842047913196e-05,-38.41345060369389,-38.57456701324646
428,428,1.4924607582833768e-05,1.3904326710632487e-05,-38.26157985696346,-38.55876969260537
429,429,1.4326025154435594e-05,1.392723870115955e-05,-38.44302866937305,-38.55161914023363
430,430,1.4490019125754696e-05,1.3869115479648922e-05,-38.38157668426688,-38.56978168845774
431,431,1.4217446573404476e-05,1.3875047634907165e-05,-38.468851005736965,-38.56792450334599
432,432,1.4419478482279336e-05,1.3918325844554746e-05,-38.41444374666953,-38.55439933495175
433,433,1.474354128956677e-05,1.385394620899062e-05,-38.309193069528895,-38.57453436063577
434,434,1.4310855907958107e-05,1.3839015848230032e-05,-38.43632241756406,-38.579217264476824
435,435,1.4388572539640327e-05,1.384375522512097e-05,-38.4246860028176,-38.57773021302085
436,436,1.3782678627077198e-05,1.385921749667767e-05,-38.60629920002892,-38.57288222794754
437,437,1.4194474087415392e-05,1.3827634000718766e-05,-38.480707519610334,-38.58279057304426
438,438,1.4334506811361074e-05,1.3835235796776893e-05,-38.43991599994226,-38.58040367812853
439,439,1.4442207861272258e-05,1.3807610661100817e-05,-38.39984410800666,-38.589084005603674
440,440,1.379941551425235e-05,1.3796193247559896e-05,-38.60270679680046,-38.592676640877855
441,441,1.5055967468441915e-05,1.3767735493418418e-05,-38.225429655357594,-38.60164419415979
442,442,1.3882639258244848e-05,1.3810982540905426e-05,-38.57379645618034,-38.58802356868037
443,443,1.4357617456158719e-05,1.3786556289568053e-05,-38.432820665437625,-38.59571134765562
444,444,1.4091559886268086e-05,1.3715864856509908e-05,-38.50935332922514,-38.61803735796856
445,445,1.4509697534448765e-05,1.3777289783128685e-05,-38.386827109151945,-38.59863139934517
446,446,1.414379856158252e-05,1.3716678662795426e-05,-38.491221944917925,-38.61777968475719
447,447,1.4462961095802908e-05,1.376301966765344e-05,-38.394441856179604,-38.60313202630634
448,448,1.436825680018993e-05,1.381918795423668e-05,-38.42185838864753,-38.58544409430696
449,449,1.4365511026309045e-05,1.3688815957529618e-05,-38.4264073816572,-38.626610485649294
450,450,1.405638075309455e-05,1.3728544792301315e-05,-38.524860365051445,-38.61402428091032
451,451,1.4235175081715348e-05,1.3688507830298285e-05,-38.46416373730933,-38.62670824389428
452,452,1.4719710128064407e-05,1.3666226694017256e-05,-38.31512506335677,-38.63378312642971
453,453,1.4577453764582764e-05,1.364590403490614e-05,-38.36811307051264,-38.64024620353347
454,454,1.4113206975942131e-05,1.3620168972824773e-05,-38.507959369141695,-38.648444376236306
455,455,1.3687168631673258e-05,1.3613824337785205e-05,-38.631845172965065,-38.65046790617244
456,456,1.4259215201969504e-05,1.3573127226233114e-05,-38.46019511904179,-38.663470131991446
457,457,1.4625378603388113e-05,1.355811223459712e-05,-38.344209787925635,-38.66827708427866
458,458,1.4345136797910714e-05,1.3570573460846821e-05,-38.43151194339436,-38.664287328018915
459,459,1.4014653895652167e-05,1.352443895915425e-05,-38.530239444063355,-38.679076750191825
460,460,1.4173862124603006e-05,1.3586545575986078e-05,-38.489492108938286,-38.65917883159873
461,461,1.4298330075014502e-05,1.3464928423146424e-05,-38.443154620211786,-38.69822883991843
462,462,1.4052266452222049e-05,1.351497710282657e-05,-38.52311802874975,-38.6821161887285
463,463,1.4210994402336715e-05,1.3491806576463492e-05,-38.47382719719799,-38.68956826768081
464,464,1.4031134361578824e-05,1.3460348734377859e-05,-38.52991262906917,-38.69970621269982
465,465,1.4592506455094913e-05,1.3474189472617581e-05,-38.367724521659184,-38.69524283060961
466,466,1.3739016074246184e-05,1.3409884511355286e-05,-38.616137848720975,-38.71601895487759
467,467,1.410068293385923e-05,1.344059666352175e-05,-38.50273642856764,-38.706083845005054
468,468,1.4102979867416674e-05,1.3384855456503206e-05,-38.506157729909695,-38.724132475355184
469,469,1.3831010525707112e-05,1.3338366012536235e-05,-38.59459402295714,-38.739243025835066
470,470,1.3828712757664839e-05,1.3352209814337057e-05,-38.58741018255857,-38.73473784969438
471,471,1.417910221114409e-05,1.334141775020582e-05,-38.476858503417134,-38.7382494999147
472,472,1.3620236394362832e-05,1.3327439199584709e-05,-38.65493660265671,-38.74280223194003
473,473,1.3875537117257277e-05,1.3215151499791414e-05,-38.57881996579369,-38.779547868325636
474,474,1.3287160166412636e-05,1.3248733538555251e-05,-38.77333432492311,-38.768525675678156
475,475,1.4164278131970277e-05,1.3215445888865935e-05,-38.491433913239476,-38.77945112321714
476,476,1.3762441563606622e-05,1.3215069645268254e-05,-38.60853544051829,-38.779574768568004
477,477,1.356714915111541e-05,1.3117742750373987e-05,-38.67354486010872,-38.81167823342522
478,478,1.3620633974814782e-05,1.3098070092765787e-05,-38.66267732303563,-38.81819622949
479,479,1.3434862124733027e-05,1.3058361027536816e-05,-38.71475367983119,-38.83138261648594
480,480,1.3379263354059712e-05,1.3061148485193322e-05,-38.73478913737942,-38.830455663793536
481,481,1.3355223571349983e-05,1.302642890789828e-05,-38.740536818529506,-38.842015594797246
482,482,1.365363848740391e-05,1.3002270048003228e-05,-38.64360382381687,-38.85007751335275
483,483,1.3719352480001897e-05,1.295282795342102e-05,-38.62153748130482,-38.86662336097147
484,484,1.33812795819225e-05,1.2936255954723732e-05,-38.737261659806414,-38.872183332577166
485,485,1.359120794882777e-05,1.2919139886722214e-05,-38.668791251009594,-38.87793332381024
486,486,1.3663271592750535e-05,1.2875109477088125e-05,-38.651233237364984,-38.89276002587322
487,487,1.3363036609026148e-05,1.2768622438766455e-05,-38.72995465259136,-38.92882887818674
488,488,1.3341769200573272e-05,1.2797685916379315e-05,-38.7524557440741,-38.91895485710088
489,489,1.3632517629489062e-05,1.2728231587588149e-05,-38.656168501724046,-38.942588645130286
490,490,1.3496727876475599e-05,1.2721182860044983e-05,-38.702691855229865,-38.94499437714507
491,491,1.3274108551769067e-05,1.2678954111546964e-05,-38.772276372143146,-38.959435031042446
492,492,1.389242752151235e-05,1.2701366215065049e-05,-38.57987843860989,-38.951764950215676
493,493,1.3379592947438647e-05,1.2581736164544341e-05,-38.73815346697592,-38.99286359211534
494,494,1.319514596860282e-05,1.264498831388712e-05,-38.78917052037059,-38.971085008044355
495,495,1.3047988835113728e-05,1.2566560718895695e-05,-38.84714020105586,-38.998104991273415
496,496,1.278161611124458e-05,1.2540416479934816e-05,-38.93241064906922,-39.00714973029421
497,497,1.3355572686048186e-05,1.251414802314493e-05,-38.73983172953307,-39.01625645414944
498,498,1.3203231714046009e-05,1.2505174852680953e-05,-38.786026510297134,-39.01937164523923
499,499,1.3002377160126944e-05,1.2459652201581967e-05,-38.86838864148524,-39.03521013516211
