,epoch,train_loss,test_loss,train_dbs,test_dbs
0,0,0.0013301074876901262,0.001320042218522806,-1.6679888402362264,-1.7099026498694965
1,1,0.0013048372209821012,0.0012964655608428937,-1.7502770528482456,-1.7881710161627709
2,2,0.0012834505046016931,0.001275448367538813,-1.824701886673569,-1.8591520405382713
3,3,0.00126244878929262,0.00125654249476563,-1.892851679007047,-1.9240090583050098
4,4,0.0012453561084652225,0.0012399590280103056,-1.9529988012549921,-1.9817075132934736
5,5,0.0012306889396679309,0.0012252710967961896,-2.0079977573567906,-2.033458973686221
6,6,0.0012161183787855444,0.0012120061897133525,-2.0566767537097856,-2.0807324855081917
7,7,0.001204328738709854,0.001200506200180634,-2.10067840525533,-2.122136789549864
8,8,0.0011930340749797287,0.0011902775027249988,-2.14013978227461,-2.1592986119394757
9,9,0.0011838968067919625,0.0011808028947071808,-2.174866918922898,-2.194006771861103
10,10,0.0011753904904459708,0.0011732302618360049,-2.2058151383206077,-2.2219482985527206
11,11,0.001167714029320122,0.0011657108797838813,-2.234828848552976,-2.2498723649175907
12,12,0.0011609996064114816,0.00115885703799952,-2.259697818632287,-2.2754822364940717
13,13,0.0011551733507976396,0.001153383171185851,-2.2824084108805347,-2.2960447592234265
14,14,0.001149584041169086,0.0011485777366416234,-2.302615575113141,-2.3141769241109342
15,15,0.0011446973664167616,0.0011435995540140492,-2.319421178623935,-2.333041090099353
16,16,0.0011409508561254624,0.0011402775447717623,-2.3359973552207385,-2.345675143840612
17,17,0.0011362936383727746,0.001136550661421528,-2.35004861801926,-2.3598928728275954
18,18,0.0011337808496558789,0.0011337501560582926,-2.361784775937662,-2.3706072647999434
19,19,0.001131161167670387,0.0011310378996361244,-2.3719263525585537,-2.3810092850491413
20,20,0.0011282539746445633,0.0011290324435226228,-2.3824752416669295,-2.388716644733942
21,21,0.001126526109634217,0.0011266043385196674,-2.38888841279321,-2.3980666697022586
22,22,0.001125300851573726,0.001125316043678475,-2.3954011240168507,-2.403035756585219
23,23,0.0011234428162312077,0.0011240740024827812,-2.4022429860606946,-2.4078318273540673
24,24,0.0011218118351720965,0.0011223160637248504,-2.40736213262922,-2.4146290730277102
25,25,0.0011212700598671572,0.0011215921748723638,-2.4109319109257816,-2.4174311568174547
26,26,0.0011201273642730007,0.0011203889735043049,-2.414597130318504,-2.4220926033716443
27,27,0.0011193816749302228,0.0011206029326115783,-2.4178179273417,-2.421263316486042
28,28,0.0011186769721818338,0.0011197525431941215,-2.419160615255044,-2.4245602883567643
29,29,0.0011185247729503618,0.0011188897524813288,-2.4213352028055195,-2.4279079001201973
30,30,0.0011176589237929311,0.0011189276793677557,-2.424636719450983,-2.427760690278518
31,31,0.0011173420112829695,0.001118376789810626,-2.425311899091429,-2.4298994094643107
32,32,0.0011168191672696435,0.0011175079209926097,-2.427162495925427,-2.433274761961991
33,33,0.00111587417369574,0.0011173286842868517,-2.4292616136661835,-2.4339713812338277
34,34,0.0011159921996295452,0.0011167831314531597,-2.429951760964763,-2.436092408375793
35,35,0.0011165014014473743,0.0011170352747859923,-2.4295904974483133,-2.4351119843784157
36,36,0.001116194825897896,0.0011165861383472617,-2.4309326938502465,-2.436858542487541
37,37,0.0011150231116844975,0.001116895453857356,-2.4328639399068637,-2.4356556311178785
38,38,0.0011155053939593514,0.0011166626967391686,-2.432987913247588,-2.436560779993375
39,39,0.0011151397838401272,0.0011157577207900192,-2.434254179061963,-2.440081855857165
40,40,0.0011150755357842163,0.0011158213203184698,-2.4353102746121054,-2.4398343098482043
41,41,0.0011145972668375704,0.0011154298033369215,-2.436723534974063,-2.441358420376153
42,42,0.0011143541148354865,0.0011148630261519237,-2.4363128733733834,-2.4435657377827043
43,43,0.0011144038985877,0.001115346529619082,-2.438664830458376,-2.4416826601094486
44,44,0.0011139466780113038,0.0011150521030159372,-2.4384957846693287,-2.442829252005113
45,45,0.001113555445719856,0.0011149237765685509,-2.4406304348860335,-2.443329091205653
46,46,0.0011138010064389596,0.0011139540982089545,-2.4401566802387933,-2.4471079073725512
47,47,0.0011123405870280623,0.0011142111187310594,-2.4434769970777217,-2.44610598351042
48,48,0.001112602629516389,0.0011137040871146478,-2.4432433779481735,-2.448082728732877
49,49,0.0011126325494542565,0.001114042573853543,-2.443790456918714,-2.44676298330036
50,50,0.0011129327233611922,0.0011131154177220243,-2.4445354274789346,-2.450378881378224
51,51,0.001112627374373146,0.0011131906158928025,-2.444554618625751,-2.4500854971791295
52,52,0.0011117557824598912,0.0011131094866677334,-2.4468877818616988,-2.4504020221143223
53,53,0.0011124065189055867,0.0011126773652473563,-2.445888192316969,-2.4520883286946527
54,54,0.0011113498722366297,0.00111196291216306,-2.4481419027973024,-2.454877840742123
55,55,0.0011115073509629547,0.001111561040344991,-2.449239686817381,-2.456447697587813
56,56,0.001110523977537745,0.001111871532262548,-2.4514126762028567,-2.4552347538807866
57,57,0.0011108103904335462,0.0011113877837105018,-2.4508409624797514,-2.457124675839854
58,58,0.0011101557258708576,0.0011115708069777803,-2.45137434067143,-2.4564095388548326
59,59,0.0011097902789731155,0.0011109826522634218,-2.4523223708069746,-2.458708087417089
60,60,0.0011103797113503685,0.0011112357820629289,-2.4530163653141286,-2.4577186898501484
61,61,0.0011099663733495112,0.001110919052734971,-2.4547700477512446,-2.4589567115952264
62,62,0.0011092929923234834,0.0011098628900455016,-2.455864957553176,-2.463087559867848
63,63,0.0011087534565132919,0.0011099065764267977,-2.4572378630275042,-2.4629166164016887
64,64,0.0011096746761582255,0.0011101696750541266,-2.4568476361155027,-2.461887261824304
65,65,0.001108753757752939,0.0011097303113753074,-2.458218776709768,-2.463606377324263
66,66,0.0011087836668893848,0.0011094338505675918,-2.45884542002898,-2.464766735767909
67,67,0.0011087048669182456,0.0011087224365359074,-2.4601211562707697,-2.467552501592428
68,68,0.0011078549378561143,0.001110101480184025,-2.461792568268161,-2.4621540459575733
69,69,0.0011076358850258066,0.0011086403759882639,-2.4620778075227494,-2.4678739505031664
70,70,0.0011073144671228743,0.0011079259535395785,-2.4640353977582365,-2.470673503431699
71,71,0.00110765079818858,0.0011083991389329497,-2.4643960858819547,-2.46881906602016
72,72,0.0011069422393326753,0.0011080413762676088,-2.4648141393689924,-2.4702210829177247
73,73,0.0011067397342802783,0.0011080073339766578,-2.466866903144938,-2.470354513009258
74,74,0.0011067340119271395,0.0011079227184190561,-2.466312732875296,-2.470686184757901
75,75,0.00110652142794822,0.0011072248882172924,-2.469167844100516,-2.4734224702771965
76,76,0.0011062273772471805,0.001107062010927812,-2.4687672543852233,-2.474061382138198
77,77,0.0011057360301792774,0.0011062093912378738,-2.470036605540863,-2.4774074520730203
78,78,0.0011056438088417053,0.0011064923723767463,-2.4703109549468087,-2.4762966187037345
