,epoch,train_loss,test_loss,train_dbs,test_dbs
0,0,0.0006155322189442813,0.0005818530212548611,-5.014348320642364,-5.26764792604823
1,1,0.0005493774120791902,0.0005245741294378316,-5.50713242688648,-5.717712177621252
2,2,0.0005018220417508759,0.00048385787522420287,-5.902995806199662,-6.068602723490586
3,3,0.00046342629315235565,0.0004485000436512851,-6.245182676041626,-6.398155966790505
4,4,0.00042894710012538763,0.00041527311642360136,-6.581896992877965,-6.732442692723786
5,5,0.0003985324067414076,0.00038645789180392106,-6.904844313903827,-7.044759059349728
6,6,0.0003717335726532931,0.0003621620309882258,-7.2041174161042925,-7.326751693300996
7,7,0.00034900686221158843,0.0003404731013640565,-7.479789243148303,-7.594952795962561
8,8,0.000329241016759662,0.0003230948503570337,-7.731528920231579,-7.82248050251865
9,9,0.0003135657914885387,0.0003082126250343495,-7.944718639059456,-8.027276619699466
10,10,0.0002998899363615003,0.0002963095918714412,-8.138017944957026,-8.198323760242747
11,11,0.00028677328823364733,0.0002814810975810121,-8.332806867452524,-8.42128850521999
12,12,0.0002751882345842908,0.00027272786323201696,-8.511719922665721,-8.558485764399501
13,13,0.0002656424939860446,0.000263724747990062,-8.665904535365422,-8.704272003295985
14,14,0.00025734517119642463,0.0002553655756759997,-8.802862600912242,-8.844157341271341
15,15,0.0002487033909215525,0.00024700838242240836,-8.949510948547461,-8.988663946956207
16,16,0.00024266612248557628,0.00024155803533319972,-9.058575234068023,-9.085565976296166
17,17,0.00023680160178553275,0.0002351019533020199,-9.161108013177447,-9.20321848930846
18,18,0.0002321776881161117,0.00023188229150898558,-9.248871123347769,-9.26310502819611
19,19,0.00022739598007882303,0.00022659559525843513,-9.339343398683733,-9.363266228726282
20,20,0.00022352421455224496,0.00022406833963223587,-9.413298188303424,-9.411975903210731
21,21,0.00022172315550857637,0.00022222634671427506,-9.448190524174368,-9.447825395793796
22,22,0.0002188735444113113,0.00021897591681121603,-9.506154890406131,-9.511817329997545
23,23,0.0002169885335684533,0.00021595966092335353,-9.543384853115164,-9.572054494106336
24,24,0.00021340159717923241,0.00021249755503193133,-9.614585652627884,-9.642241488462322
25,25,0.00021095067330458462,0.0002102715776632785,-9.66622500991207,-9.687975131099542
26,26,0.00020796668202107408,0.00020583611713893908,-9.727333570627112,-9.780565055130443
27,27,0.00020468556943239126,0.00020410618239302973,-9.796727601729685,-9.817219265970259
28,28,0.00020306653159516913,0.00020299077119776294,-9.829824087341365,-9.841017927939342
29,29,0.0002026960180805919,0.0002026595389715543,-9.839339103652778,-9.848110359841193
30,30,0.0002013824669495417,0.0002005471347059172,-9.867513052847274,-9.893616248982454
31,31,0.0001997120140454031,0.0002010533835824677,-9.90313126708821,-9.882666999666238
32,32,0.00020020391633638094,0.00020110463542790202,-9.892265396795793,-9.881560052012441
33,33,0.00019861435467862168,0.00019901979248970747,-9.925307540066074,-9.926818172466712
34,34,0.00019793352757258936,0.0001987933332872528,-9.941369704224298,-9.931762704773629
35,35,0.00019715957796037888,0.0001974994328951365,-9.960004424515354,-9.960122334077429
36,36,0.0001951967047697855,0.00019681792764458805,-10.003607925933169,-9.975134316506802
37,37,0.00019489831984830424,0.00019486753368063976,-10.007621680940602,-10.018385977379765
38,38,0.00019380056071839266,0.000194377482617519,-10.03415436704482,-10.029321330491463
39,39,0.00019251960197694062,0.00019290378412207296,-10.062797728042817,-10.06237339206444
40,40,0.00019238860128548228,0.00019164437483260897,-10.066559779550646,-10.090820100112206
41,41,0.00019171324930004966,0.00019178156033280844,-10.081381992616315,-10.087712386063057
42,42,0.00019171382447575057,0.00019223067379483072,-10.080010774454493,-10.077553981205128
43,43,0.00019089058002567437,0.00019163946164649372,-10.101246082112525,-10.090931441599398
44,44,0.00018946208901698557,0.00019042022406785307,-10.131916596092633,-10.118650144714605
45,45,0.00018880413467131708,0.00018912471836972,-10.147633888239636,-10.148297920147535
46,46,0.00018969224975924439,0.00018801202225547873,-10.127736866925973,-10.173924656158901
47,47,0.00018738566633174676,0.0001871196168634158,-10.178491163450245,-10.194587667650845
48,48,0.00018706145581126826,0.0001881625985812494,-10.186801098769303,-10.170447841548993
49,49,0.00018786997057271873,0.0001875530808894454,-10.168734391843222,-10.184538837313033
50,50,0.0001877670450263282,0.00018643148819376764,-10.173030831900325,-10.21058819973684
51,51,0.0001865415668868719,0.0001854121426157163,-10.200295823320415,-10.23439913702131
52,52,0.00018447482902628668,0.00018493202361768405,-10.247610586565013,-10.245659643724476
53,53,0.00018482588272969019,0.00018447458339659008,-10.24089555408396,-10.256415480874878
54,54,0.00018346370434863782,0.00018303830093875724,-10.271148360122506,-10.290361105542376
55,55,0.00018266943606221568,0.0001845043068322794,-10.2917041991569,-10.255715781001912
56,56,0.00018356495117408597,0.00018256570528089804,-10.26879444428224,-10.301588870950031
57,57,0.0001823721197313754,0.0001832224960181568,-10.297655837154519,-10.285992911403905
58,58,0.00018260809313865937,0.0001823310747950975,-10.290013158742145,-10.30717394294172
59,59,0.00018243273985980212,0.00018235387764626036,-10.29370372825859,-10.306630835671825
60,60,0.0001826714943331119,0.00018213686799802082,-10.291023728589854,-10.311802220954576
61,61,0.0001817856193400113,0.00018106576125750221,-10.312273025591738,-10.337417514347997
62,62,0.00018285527242078764,0.0001829837664876035,-10.285252779730811,-10.291655235787116
63,63,0.0001817493603178348,0.0001815855120137138,-10.310858820498634,-10.32496891391143
64,64,0.00018199958140030503,0.00018276579181761727,-10.308100496352017,-10.296831740060476
65,65,0.00018221662441609407,0.00018186351333401705,-10.3006898538904,-10.318325095686854
66,66,0.00018238521090435038,0.00018092707308058284,-10.297417421537965,-10.340745288114483
67,67,0.00018085897513113187,0.0001808047067913178,-10.334880040898199,-10.343683542875773
68,68,0.00018013582640500337,0.0001793221002260811,-10.350620582842332,-10.379442696336795
69,69,0.00017978452891951485,0.00017971003590470277,-10.358524818000108,-10.370057553717531
70,70,0.0001788816280355773,0.00017872856513253952,-10.381087749882454,-10.393841175490168
71,71,0.0001790783049709154,0.00017927877764266573,-10.377994983768897,-10.380492038944237
72,72,0.00017828450324589904,0.00017793553170601003,-10.394927784617076,-10.413154059053735
73,73,0.00017842461838694194,0.00017923460645282544,-10.392774160600366,-10.381562197267735
74,74,0.0001792195451100232,0.0001792128275969605,-10.372891594145743,-10.38208994198216
75,75,0.0001789298940380344,0.00017862153273247379,-10.3819370818665,-10.396442746465027
76,76,0.00017831745268248944,0.00017798162145098964,-10.395272762633956,-10.412029273588841
77,77,0.0001774386418191236,0.0001783073063339352,-10.416069172053696,-10.404089471037139
78,78,0.00017803598248721436,0.00017818933625484963,-10.401385483365049,-10.406963762131419
79,79,0.0001774022170251293,0.0001783728987088819,-10.417501010280874,-10.402492163061385
80,80,0.0001771288628980383,0.0001782785678331397,-10.425409278360151,-10.404789497215676
81,81,0.0001769277293261467,0.0001773094217672846,-10.427259244569242,-10.42846272820427
82,82,0.0001770438423581882,0.00017779708555041763,-10.423756315545184,-10.416534485898701
83,83,0.00017654567494263546,0.00017625990853718432,-10.439187497756757,-10.454245459009243
84,84,0.00017560960994385299,0.00017608965342668327,-10.461934901481664,-10.458442476331982
85,85,0.0001761042205412805,0.00017683525986381268,-10.44825165621533,-10.44009221366249
86,86,0.00017653501333942463,0.00017763661775174305,-10.437298431824267,-10.420455908294775
87,87,0.00017608697112102408,0.0001783716028225363,-10.450000708311686,-10.4025237148463
88,88,0.00017655052523099884,0.0001762747966782435,-10.442127252836803,-10.45387863909529
89,89,0.00017577421430800801,0.0001736526457151692,-10.456162117338037,-10.518966818613517
90,90,0.0001748895331720351,0.00017516650290130392,-10.47963797641179,-10.481270267104353
91,91,0.00017467907617305472,0.00017477567139155182,-10.487293608099126,-10.490971072041933
92,92,0.0001742746871500036,0.00017503101461395425,-10.496131093128513,-10.484630760286135
93,93,0.00017495422783672578,0.00017512967047208039,-10.479268226668044,-10.482183558315716
94,94,0.0001745673098130939,0.0001740421116425607,-10.48694754748672,-10.509237424061668
95,95,0.00017444935018801582,0.00017545879113880036,-10.490822569054568,-10.474029534605474
96,96,0.00017467608657958388,0.0001750884487256898,-10.482784438858834,-10.483205914161584
97,97,0.0001740894006137957,0.00017469292230855085,-10.498514704049207,-10.493027764485795
98,98,0.00017387655200004656,0.0001747074688625473,-10.505682289927499,-10.492666145649947
99,99,0.00017453764190839737,0.00017523984378816463,-10.489511268183644,-10.479452289591812
100,100,0.00017344847020870746,0.00017398109393022758,-10.516917386333116,-10.510760291250511
101,101,0.00017388472492571382,0.00017209213738648318,-10.50438576541847,-10.558170577647875
102,102,0.00017308195592048242,0.0001718682423846698,-10.52452697438686,-10.56382450660396
103,103,0.00017265482600442296,0.00017461310658530382,-10.536731130273218,-10.495012472788046
104,104,0.00017268622693720936,0.00017399361853389755,-10.533982440574782,-10.510447661276585
105,105,0.0001732894204756168,0.00017395215170261892,-10.51856043322416,-10.511482812017423
106,106,0.00017296733333460373,0.00017428187742265627,-10.529375538842377,-10.503258566735758
107,107,0.00017258059128413226,0.000172666499182876,-10.536820554269937,-10.543700025609073
108,108,0.00017165410249570827,0.00017322930216323584,-10.561850347574664,-10.529567304511339
109,109,0.00017226228899125623,0.00017301410920672904,-10.54475497083498,-10.534965652755359
110,110,0.00017138087003463014,0.00017155747091716252,-10.569001562254702,-10.57168451038841
111,111,0.0001719707644726966,0.0001732308523251528,-10.551864521186294,-10.529528441354472
112,112,0.00017227352847052336,0.00017252809974659038,-10.547564516943257,-10.547182473763499
113,113,0.00017206620553402788,0.00017212143575306982,-10.550748155170165,-10.557431262294791
114,114,0.00017287134320100712,0.0001733638958907441,-10.530259521321952,-10.526194282973576
115,115,0.00017230278247074444,0.0001743927768027214,-10.54352514972306,-10.500495934588614
116,116,0.000171515023241002,0.00017357758846820186,-10.563414538892001,-10.520844359534983
117,117,0.000172192811697107,0.00017259049223196742,-10.549085711873971,-10.54561218963297
118,118,0.00017331384158976492,0.00017426707735897876,-10.51868429825493,-10.503627386432541
119,119,0.00017285730750372,0.00017171983582604873,-10.526948411319632,-10.567576217305401
120,120,0.0001733197825216717,0.0001753859519100699,-10.519439264936175,-10.475832820884374
121,121,0.00017334695079738332,0.00017436101609890007,-10.518060928392847,-10.501286950986419
122,122,0.00017244503614324692,0.00017284011425401427,-10.540116039878185,-10.539335416030882
123,123,0.00017232526532979202,0.00017271664661453351,-10.542938947499607,-10.542438889779575
124,124,0.00017143780567812895,0.00017169704369734973,-10.566881394097951,-10.568152688430123
125,125,0.00017186301744173368,0.00017318895812710062,-10.554765725141035,-10.530578867373862
126,126,0.00017149529279420901,0.00017391637543608484,-10.567617886192808,-10.51237610554538
127,127,0.00017163098535318043,0.00017147616553733029,-10.560460419867256,-10.573743228526746
128,128,0.00017132405500700602,0.00017295531563975506,-10.56867189222672,-10.536441720877006
129,129,0.0001724992343764656,0.0001711237533814519,-10.540941880760473,-10.582677889639204
130,130,0.0001725384508878876,0.00017352061082707033,-10.53655273093218,-10.522270185160574
131,131,0.0001711196199505945,0.00017223893940497778,-10.573380601757407,-10.554467437575745
132,132,0.0001721163563845564,0.00017211175489999158,-10.549347481019215,-10.557675535141644
133,133,0.00017104473174429623,0.00017123656595542438,-10.57548320834194,-10.579815765884106
134,134,0.00017033565982086488,0.00017318820985230175,-10.595958585313277,-10.530597631406026
135,135,0.00017120684022996,0.00017158401437642934,-10.571962976273943,-10.571012619730634
136,136,0.00017160203139244856,0.00017013487185498603,-10.561170635675765,-10.60784748012064
137,137,0.0001712894843070355,0.00017218236232446017,-10.570936044312768,-10.555894243291224
138,138,0.00017028675458427597,0.00017116148037051685,-10.596458243326781,-10.581720522997557
139,139,0.0001711609938959639,0.00017051309221546705,-10.572515915269063,-10.598203560278293
140,140,0.00017068416663906392,0.00017273511222906803,-10.587093234987272,-10.5419745983525
141,141,0.00017113378796529638,0.0001707145045082526,-10.575469544216586,-10.593076644498755
