,epoch,train_loss,test_loss,train_dbs,test_dbs
0,0,0.0009988539878605413,0.0009922113692338922,-20.00778250881091,-20.035743770385096
1,1,0.000995377632525279,0.0009945146862025325,-20.031770434946417,-20.025673752981405
2,2,0.0009934117227850348,0.0009904731935086218,-20.030855579569014,-20.043358499764036
3,3,0.0009891377142678523,0.0009883479858552547,-20.049911347859886,-20.05268694562098
4,4,0.0009902559320403973,0.000985857846803571,-20.042491422276278,-20.063642786242553
5,5,0.0009862311603261408,0.0009838689951912353,-20.057426332897002,-20.07241301321698
6,6,0.000982858228002742,0.0009803868015296757,-20.076794003587118,-20.087811201975477
7,7,0.0009781352517953545,0.000980446495017723,-20.090356922066466,-20.087546778145896
8,8,0.0009762799750159005,0.0009761013237661437,-20.10318304838076,-20.106836743684315
9,9,0.0009768562182572852,0.0009775725499677815,-20.10027484478936,-20.10029577950013
10,10,0.0009726612587440183,0.000972767210393948,-20.11903756702859,-20.121696529522826
11,11,0.0009732596587015258,0.0009702809467470567,-20.11549081283409,-20.13281072829073
12,12,0.0009689064169561817,0.0009688323755797587,-20.135322809172102,-20.139299328769948
13,13,0.000965901555075819,0.0009670218293506064,-20.15107065469097,-20.147422982543244
14,14,0.000963737124807595,0.0009633617193781232,-20.159058898818664,-20.163891911426298
15,15,0.0009643123431140845,0.0009601158273749446,-20.163207195497264,-20.178549470869335
16,16,0.00095710744325206,0.0009560450255919836,-20.18410753158691,-20.197002299693914
17,17,0.0009575932839952563,0.0009623973777419643,-20.18401641242288,-20.168241451167653
18,18,0.0009546349756419659,0.0009537661068239494,-20.20099007133645,-20.207366909037916
19,19,0.0009540710454211407,0.0009533543213221588,-20.202592614740624,-20.209242366626174
20,20,0.0009505765568993064,0.0009530323900674519,-20.221022523770607,-20.21070915159656
21,21,0.0009466991699828776,0.0009506194956453615,-20.233008098818456,-20.22171859404741
22,22,0.0009471016951606216,0.0009478485230111369,-20.23823599604858,-20.23439638442686
23,23,0.000942419784157969,0.0009469504278202198,-20.257425675613902,-20.238513315298874
24,24,0.0009454329697338422,0.0009471381138274936,-20.24583251450407,-20.23765262694388
25,25,0.0009367576543452967,0.0009409609728639847,-20.271836598978243,-20.26606965044412
26,26,0.0009387563494005308,0.0009410983000538851,-20.27594197151918,-20.265435871883017
27,27,0.0009368768588342157,0.0009358545771407846,-20.278179361304332,-20.2897020735369
28,28,0.0009345659780911333,0.0009361099218949676,-20.29168057008492,-20.288517277367212
29,29,0.0009334814007461225,0.0009306377124678539,-20.304317542259362,-20.31397928542531
30,30,0.0009350322166544184,0.000932982880744691,-20.305568241523993,-20.303049011494142
31,31,0.0009312735691657002,0.0009321515405501582,-20.31756562565515,-20.306920544600366
32,32,0.0009263832615352399,0.00092974093460821,-20.333308890986885,-20.31816623636365
33,33,0.0009246089294091942,0.0009303006104585764,-20.34112496041889,-20.315552701827833
34,34,0.0009253787041219316,0.0009258336779710493,-20.341154546066875,-20.336456015641403
35,35,0.0009207384602032294,0.0009245252065164479,-20.360049907143814,-20.342598197376475
36,36,0.0009222775955742091,0.0009211368773034529,-20.352593338389106,-20.358544066841333
37,37,0.0009180775371898618,0.0009163461999330474,-20.369640716524586,-20.381189929396804
38,38,0.0009175759293715057,0.0009182097855955362,-20.37938808346864,-20.372366592801527
39,39,0.0009151328284264609,0.0009164959743716999,-20.38415534730528,-20.38048014419769
40,40,0.0009134922299015615,0.0009165435055221774,-20.38770064932581,-20.38025491700971
41,41,0.000911597350309843,0.0009112906348156301,-20.406055868279008,-20.4052166899844
42,42,0.0009069939584413678,0.0009117485943103308,-20.417439423878115,-20.403034737095073
43,43,0.0009096511645655427,0.0009112330551847423,-20.411719286651547,-20.405491106345735
44,44,0.0009060507957084277,0.0009088679369980175,-20.431237215324757,-20.4167779344953
45,45,0.0009040047196172101,0.0009092669321322127,-20.436436465457895,-20.41487179000832
46,46,0.0009004789027721458,0.000902149302419275,-20.44903609057499,-20.44900158478848
47,47,0.0008996897107038225,0.0009049848824935524,-20.456120394125815,-20.435372516175832
48,48,0.0008978874124970633,0.0009011220934457685,-20.465495053374664,-20.453949383974233
49,49,0.0008946440330245676,0.0008972603368180755,-20.476349654070795,-20.472601058317466
50,50,0.0008966567423242653,0.0009001539836294557,-20.47147222026355,-20.458617683264222
51,51,0.0008971290758897349,0.0008987604891636261,-20.479508844740693,-20.465346041807926
52,52,0.0008905488462427381,0.0008968802806186048,-20.50104800227173,-20.47444100677087
53,53,0.0008901851545760082,0.0008938222829448549,-20.49913030620172,-20.48927398722683
54,54,0.0008901447290554643,0.0008924159460308912,-20.511309432515105,-20.496112542999757
55,55,0.0008907385552109978,0.000887414710106034,-20.506210733785228,-20.52051952659675
56,56,0.0008832362670086554,0.0008874335356889979,-20.534731108511842,-20.520427396502594
57,57,0.0008839096912403696,0.0008918170627255581,-20.53475766260857,-20.49902798872127
58,58,0.0008831074834590029,0.0008891976996030854,-20.544688939970804,-20.51180245633877
59,59,0.0008822083215171605,0.0008888500313715715,-20.543326974820175,-20.513500840400948
60,60,0.0008801738389518074,0.0008850756383157874,-20.55224973295191,-20.531981891532926
61,61,0.0008781605583769222,0.000881764559859508,-20.56248279525606,-20.5482593657217
62,62,0.0008798380767609732,0.0008824761209421252,-20.556768174993202,-20.544756135444366
63,63,0.0008791452291728833,0.0008797563036511603,-20.56861825997497,-20.55816188786007
64,64,0.0008759996541727757,0.0008801375546394602,-20.57160792137608,-20.55628023798387
65,65,0.0008764595360994415,0.0008790214870762276,-20.571219335801448,-20.561790848880108
66,66,0.0008744608098401007,0.0008786013349890709,-20.584437973428578,-20.563867173040187
67,67,0.0008750079048451843,0.0008764950509526228,-20.585515393674886,-20.57429107888179
68,68,0.0008747008906379726,0.0008733581206271131,-20.585764473965156,-20.58986213377958
69,69,0.0008722420682237705,0.0008751135687098691,-20.593122848575685,-20.581141584554594
70,70,0.0008707507207423218,0.0008731300691387764,-20.600553683552075,-20.59099631268921
71,71,0.0008702196562470696,0.0008758973869446077,-20.610111777386017,-20.577253454034338
72,72,0.0008719015852116125,0.0008714532442881088,-20.599746022663115,-20.599344850685803
73,73,0.000864470774816714,0.0008720207444735264,-20.628007148911898,-20.59651759648759
74,74,0.0008592995396123949,0.0008700239643650619,-20.65294333630602,-20.606473609189948
75,75,0.0008667139792526813,0.0008690831202425455,-20.62618443163112,-20.61117261196233
76,76,0.0008660237468087796,0.000863046685576831,-20.628727313917118,-20.641442870808916
77,77,0.0008623023576237569,0.0008716994106132341,-20.63664196260362,-20.598118237777953
78,78,0.0008611380465847161,0.0008672239491716027,-20.6465612791898,-20.620473133279418
79,79,0.0008603123367101568,0.0008652386175909717,-20.645619158048806,-20.630426813597676
80,80,0.0008588132056042782,0.0008645394332952014,-20.66349408194137,-20.633937690589875
81,81,0.0008560198709637541,0.0008619406113499089,-20.675198100169865,-20.64701232630597
82,82,0.0008560406312960939,0.0008600820039742087,-20.676199940846395,-20.656387153715833
83,83,0.0008556382393358832,0.0008638464986640764,-20.67471653917906,-20.637419988115866
84,84,0.0008554777608147448,0.00085952042871596,-20.67964649479315,-20.659223728494567
85,85,0.0008513197289616561,0.0008571303792689976,-20.693952079632854,-20.6713168804874
86,86,0.0008521054615746684,0.0008559584691140213,-20.6896971998602,-20.67725882790556
87,87,0.0008545162920724869,0.0008560052864547623,-20.690448430384848,-20.677021293522255
88,88,0.00085003363249401,0.0008576482804001946,-20.690701944969433,-20.668693549376755
89,89,0.0008515791809090326,0.000854203498946797,-20.707964134193535,-20.686172300913505
90,90,0.0008497668433809633,0.0008523235783765191,-20.708788337059666,-20.69574073344759
91,91,0.0008454539119409993,0.0008524330608595751,-20.72735572700158,-20.69518291026946
92,92,0.0008467813850543701,0.0008506225146304228,-20.72476871033398,-20.704417025046475
93,93,0.0008466385788591483,0.0008492611722383452,-20.7304528922905,-20.711373072919883
94,94,0.0008440696773570531,0.0008468207946096204,-20.735546151249657,-20.72387062068005
95,95,0.0008398939611764683,0.0008455643945030476,-20.75659576828066,-20.730318889515054
96,96,0.0008463176728235846,0.0008426270429290047,-20.734641097313773,-20.745431830370652
97,97,0.0008398544195722597,0.0008457800630774153,-20.76184496843252,-20.729211324798055
98,98,0.0008413824222780304,0.0008409425990018798,-20.746709779893052,-20.7541222335296
99,99,0.0008376549194883747,0.0008391291270718762,-20.768717223871654,-20.7634977994169
100,100,0.0008404463440775103,0.0008387862012329462,-20.759986159700013,-20.765272987939355
101,101,0.0008342676008715457,0.0008385101468057224,-20.788548678357092,-20.766702537531717
102,102,0.0008335923638012376,0.0008320108662653519,-20.79058528186088,-20.800495778018302
103,103,0.0008341741643740421,0.0008381167059078029,-20.78675029264832,-20.768740787292316
104,104,0.000836449405826513,0.0008354421711134675,-20.779975194937887,-20.782621824973482
105,105,0.0008276042140799469,0.0008336289565225965,-20.822993566157123,-20.792057844662146
106,106,0.0008320012453885883,0.0008346992238473735,-20.80505723235548,-20.786485664529415
107,107,0.0008240126915871329,0.0008306745991208835,-20.8383725343039,-20.80747645577388
108,108,0.0008267927812844438,0.0008314618025906384,-20.82266946358712,-20.8033627362469
109,109,0.0008252283297815197,0.0008271302519317128,-20.83026439751854,-20.82604670872701
110,110,0.0008249122867859976,0.0008255906347920628,-20.834293985702033,-20.834138182935213
111,111,0.0008217229900315174,0.0008277671019497671,-20.846815224219792,-20.822704139332654
112,112,0.0008251322199321669,0.0008266731226620706,-20.84051724657619,-20.82844758331014
113,113,0.0008203855724093149,0.0008249475994441463,-20.859632710019305,-20.8375221302029
114,114,0.0008204338661654247,0.0008248248211059131,-20.860792163151658,-20.838168546087008
115,115,0.0008228373324940193,0.0008224236631863995,-20.852311249974154,-20.85082978551948
116,116,0.0008194001377128141,0.0008202240355067739,-20.8645365309765,-20.86246084597444
117,117,0.0008178329936555136,0.0008225286115990265,-20.869473096970637,-20.850275623344096
118,118,0.0008180670322581511,0.0008236041421217746,-20.86754579901168,-20.84460053989097
119,119,0.0008195048016880053,0.0008223208623301042,-20.869947368016266,-20.851372676454694
120,120,0.0008161244541886694,0.0008234747311737584,-20.88115063780526,-20.84528299003526
121,121,0.0008134744412112097,0.0008215642944713565,-20.889873957807183,-20.85537019742602
122,122,0.0008183953726721793,0.000819731111589231,-20.87356636423913,-20.86507157766686
123,123,0.0008152220206162365,0.0008207529838393001,-20.883262962863604,-20.859661058442057
124,124,0.0008136515401198154,0.0008198201968824785,-20.90252206562714,-20.864599628407152
125,125,0.0008168480144189575,0.0008178400672285965,-20.8838011600156,-20.875101926350865
126,126,0.000817496824011053,0.0008218191214837134,-20.878616285127087,-20.854023342332813
127,127,0.0008122936970093431,0.0008190728779146937,-20.90046137574225,-20.868560308105128
128,128,0.0008129736392989217,0.000817110853906917,-20.89419377771889,-20.87897596732227
129,129,0.0008154294703194161,0.0008202459032059108,-20.886839613961527,-20.86234506182206
130,130,0.0008119004748560028,0.0008174442367530183,-20.903909595163462,-20.877204398615188
131,131,0.000810782806755802,0.0008170723541345643,-20.905738306764057,-20.879180598462867
132,132,0.0008128131247730446,0.0008195069906497864,-20.902260453293874,-20.866259135322494
133,133,0.0008092213178427948,0.0008143819041403109,-20.91932489503204,-20.89350461201876
134,134,0.0008109478872826265,0.0008161138608365467,-20.901832973803643,-20.884278221676276
135,135,0.0008130833463378481,0.0008153083525892151,-20.896298770911486,-20.88856684558359
136,136,0.0008109354476454024,0.0008158398069147216,-20.90886292378378,-20.885736842830337
137,137,0.0008099210969431652,0.0008107945016634307,-20.91124134367472,-20.912677812232534
138,138,0.0008139301393872377,0.000814835409217171,-20.896265768000397,-20.891086828266182
139,139,0.0008112284584095721,0.0008137051634931643,-20.90173169714969,-20.897115042339163
140,140,0.0008127023417925098,0.0008141439573496188,-20.90492183631938,-20.894773722707917
141,141,0.0008101610613257153,0.0008132781275842143,-20.911593199923118,-20.899394836410895
142,142,0.0008045176269736179,0.0008157838662890228,-20.935417454715846,-20.886034640729
143,143,0.0008068432798609138,0.0008114201237300509,-20.919015332887525,-20.909328018432042
144,144,0.0008140184368083695,0.0008128766203299165,-20.895991600923985,-20.901539434134484
145,145,0.0008097271592183442,0.0008153519164280672,-20.922807837305392,-20.888334798048152
146,146,0.0008116836435180734,0.0008145077460396447,-20.906597215387524,-20.892833572791815
147,147,0.0008123009327616658,0.0008148027240837875,-20.90108386207082,-20.891261038390265
148,148,0.0008144319446315777,0.0008155227742942148,-20.898100809863614,-20.88742482465594
149,149,0.000809476400615129,0.0008134765758816348,-20.917898203930974,-20.898335242106274
150,150,0.0008066390471811377,0.0008118670421505445,-20.930269041878663,-20.906936646001277
151,151,0.0008103662151267234,0.0008142340168552963,-20.914211111610527,-20.894293338583125
152,152,0.0008067231224465769,0.000816300008936148,-20.93471511465821,-20.883287748680168
153,153,0.0008067717474462829,0.0008132061185805421,-20.930042104673028,-20.899779385022864
154,154,0.0008098513647654699,0.0008135244961043721,-20.91862641578297,-20.89807941574364
155,155,0.0008091338371291526,0.0008142796394072081,-20.91611122206332,-20.894050004761823
156,156,0.0008080058410696531,0.0008124534598257588,-20.926444838133694,-20.903800836643565
157,157,0.0008084808461867349,0.0008117918010899111,-20.93245443858737,-20.907339153924724
158,158,0.0008071414525044564,0.0008125605803032062,-20.93378260885895,-20.903228265192823
159,159,0.0008064052576112762,0.0008118191188642461,-20.937818014826604,-20.907193011046438
160,160,0.000805934534057706,0.0008131269439074554,-20.93194373771493,-20.900202239657606
161,161,0.0008089135457358332,0.0008114877150786158,-20.926456695724966,-20.908966265915716
162,162,0.0008080654019086631,0.0008117254443564697,-20.93345422921882,-20.907694165406955
163,163,0.0008069781104064326,0.0008131459992575018,-20.923554210386364,-20.900100465433162
164,164,0.0008084426397582536,0.0008132393735362903,-20.92022461190135,-20.89960178984554
165,165,0.0008031250458911599,0.0008140265034805788,-20.946628753753266,-20.89540031026147
166,166,0.0008094462412457491,0.0008114802736887022,-20.91613345250183,-20.909006091156872
167,167,0.0008096330080267772,0.0008111123461276293,-20.918737537217282,-20.910975641742784
168,168,0.0008045460131096164,0.0008133515795251649,-20.938666473073674,-20.899002617179654
169,169,0.0008083858620855458,0.0008132983133883068,-20.91823650574174,-20.899287044571423
170,170,0.0008051843177191145,0.0008100297357151775,-20.940683234562737,-20.916776142554383
171,171,0.0008056514600013412,0.0008105069527549571,-20.93878265580845,-20.914218314218722
172,172,0.0008081054247762124,0.0008127917933865989,-20.923511301562993,-20.90199266153464
173,173,0.0008083240677525779,0.000808169568986877,-20.919095366735974,-20.92676082737057
174,174,0.00080480973161853,0.0008084928512720293,-20.94029707412975,-20.925023919124904
175,175,0.0008077437181707433,0.0008109681320523745,-20.929192529444656,-20.911747876882817
176,176,0.000808693336553334,0.0008097892951857494,-20.924741556136695,-20.91806544702521
177,177,0.0008076045196503401,0.0008062438083518492,-20.928015319206928,-20.937121836832944
178,178,0.0008024523801592746,0.0008099938491604438,-20.9516778321996,-20.916968551267978
179,179,0.0008019686738970046,0.000808254380612389,-20.952464839426984,-20.926305090235466
180,180,0.0008006667995527771,0.0008045761496759951,-20.956305721794884,-20.94611421634461
181,181,0.000800938963573234,0.0008089873621142224,-20.965692887206338,-20.92236838943224
182,182,0.0008057375803359391,0.0008070986154244134,-20.943446876722582,-20.932519738431836
183,183,0.0008013426198998524,0.0008084019860497823,-20.962583756009888,-20.925512043197656
184,184,0.0008016646828876866,0.0008049697621333364,-20.949919043329096,-20.94399009275938
185,185,0.0008015251087178429,0.0008050610164278432,-20.964638878172504,-20.943497788672722
186,186,0.0008038849096994885,0.0008028668051242436,-20.945527550871606,-20.955350739284377
187,187,0.0007989927700279069,0.0008033528819827265,-20.971764764457156,-20.952722200914952
188,188,0.0008000865141793932,0.0008036815959617103,-20.966955897698764,-20.95094552877571
189,189,0.0008019534108881868,0.0008054115644067918,-20.960091557872857,-20.94160715039529
190,190,0.0008008573672340549,0.0008059740035892709,-20.964817980426407,-20.938575421079506
191,191,0.0007975993842395387,0.0007997829264863149,-20.983528189407895,-20.97206447406893
192,192,0.0007994966875502513,0.000800990968280913,-20.975011434825642,-20.965509569761515
193,193,0.000802050261234999,0.0007991972961463034,-20.966140358938254,-20.97524570211508
194,194,0.0007993092198769763,0.000800074595884469,-20.979224507030064,-20.970480952914194
195,195,0.0007937716460575532,0.0007982087217418379,-20.99705295024993,-20.98062107266975
196,196,0.0007972054875974265,0.0008026485110780126,-20.9876532724371,-20.95653171712168
197,197,0.0007954816233136298,0.0008003342112428264,-21.001206757433742,-20.9690719439405
198,198,0.0007956761119109531,0.0008014784206783301,-20.996547756951465,-20.96286742390367
199,199,0.0007976747595599478,0.0008013534886566432,-20.98471898369713,-20.96354444171727
200,200,0.0007955690422191371,0.0007998790702243385,-20.984819285247298,-20.97154243009927
201,201,0.0007948912542130914,0.0007998731330429253,-20.995291491963954,-20.97157466615584
202,202,0.0007958790160158707,0.0007975307372888844,-20.995062962615698,-20.984311461132414
203,203,0.0007914756574744801,0.0008003484200392114,-21.010850143900047,-20.968994841812396
204,204,0.0007963402637222916,0.0007980649059295262,-20.991023999184463,-20.981403625394847
205,205,0.0007932768089303113,0.0007985160735092665,-21.00031767494454,-20.978949135481287
206,206,0.000790968354906618,0.0008008968281118493,-21.011005961081132,-20.966020024439914
207,207,0.0007939432824472177,0.000796956396171529,-20.999532283104255,-20.987440156040652
208,208,0.0007984881588142634,0.0007994614363844065,-20.980745236893128,-20.97381056594041
209,209,0.000795755675782632,0.0007972289520119758,-20.986528358645955,-20.98595514052718
210,210,0.000792812919676227,0.0007985835790781206,-21.00934982964889,-20.9785820037745
211,211,0.0007882923807123119,0.0007989747192416536,-21.022788451148855,-20.976455383190498
212,212,0.0007951542448262041,0.0007981333489480772,-20.994495776218276,-20.98103118512674
213,213,0.0007913732377946685,0.0007969510471938472,-21.008866822170464,-20.987469304928823
214,214,0.0007924468246931882,0.0007988304224502491,-21.009604392737124,-20.97723980049895
215,215,0.0007951637230736693,0.0008020244361097483,-21.003941595169927,-20.9599097553587
216,216,0.0007942106776400326,0.0008011511098103304,-21.00101784577078,-20.964641374815113
217,217,0.0007949019596220676,0.0007930480734151052,-20.98811111311077,-21.008790617094153
218,218,0.000795190625214354,0.000796974219970013,-21.001893160671074,-20.987343027881494
219,219,0.0007979656802490354,0.0007969684635387047,-20.986642038622083,-20.987374396466805
220,220,0.0007950834085031883,0.0007958473472267782,-20.99722397336839,-20.993488031263198
221,221,0.0007928016483927741,0.0007980437122138315,-21.009274832128245,-20.981518959823507
222,222,0.0007927363225950178,0.0007948664562335532,-21.00909159715836,-20.99884406198064
223,223,0.0007929419582594455,0.0007977420402886836,-21.006929899183344,-20.983160965384617
224,224,0.0007956903103796631,0.0007953785457893422,-20.990665789530464,-20.996047037928072
225,225,0.0007945998438595573,0.0007982468018063196,-21.001814001698094,-20.980413889173132
226,226,0.0007909904726176071,0.0007996685698775476,-21.007037583885342,-20.97268549251624
227,227,0.0007925570027941128,0.0007941865876905228,-21.008859505257863,-21.002560277443717
228,228,0.000794325349732427,0.000795938267593125,-20.998574204283727,-20.992991906495234
229,229,0.0007909425269073048,0.0007949220629310922,-21.011846376818504,-20.998540251988093
230,230,0.0007917173986908855,0.0007948316327345214,-21.012790778880795,-20.999034332744344
231,231,0.0007899016689163508,0.0007960743387229741,-21.017870353402024,-20.99224951361783
232,232,0.0007920858789878638,0.00079662070952748,-21.007626169574305,-20.989269836685462
233,233,0.0007936659079409906,0.0007952455320934716,-20.99935168028072,-20.996773383204395
234,234,0.0007931069475742653,0.0007971566856691712,-21.006746248857763,-20.98634883290859
235,235,0.0007932693073430012,0.0007955648777026095,-21.001542358048585,-20.995029743146752
236,236,0.0007968401313116102,0.0007948013953864574,-20.99399866318512,-20.99919955217777
237,237,0.0007926602889879693,0.0007966937049978265,-21.0100788429844,-20.988871904805745
238,238,0.0007924505757868828,0.0007950383434562307,-21.00682521911854,-20.99790501616326
239,239,0.000796123465988785,0.0007950797168488957,-20.989111516917312,-20.997679017395182
240,240,0.0007923464920880637,0.0007971247572353796,-21.01056456154931,-20.98652278390921
241,241,0.0007914269928695614,0.0007986905616953185,-21.009691800865056,-20.978000238137753
242,242,0.0007950279234006002,0.0007939615905726034,-20.994913208293077,-21.00379083021892
243,243,0.0007935976729603465,0.000798637007583717,-21.00669741574047,-20.97829145273403
244,244,0.0007925923330440503,0.0007904609450825342,-21.01204833096546,-21.022981588479883
245,245,0.0007904260059261752,0.0007975615904127297,-21.01810943468417,-20.984143454037095
246,246,0.0007934227757415129,0.0007958489065793784,-21.008428029169846,-20.993479521872942
247,247,0.0007902768154907011,0.0007965540158023176,-21.02284132624943,-20.989633446732398
248,248,0.0007910361788331618,0.0007959685937844609,-21.01870141778287,-20.992826438302647
249,249,0.0007961962897733776,0.0007943846224071948,-20.994596234984066,-21.001477475683558
250,250,0.0007933946212360001,0.0007979181613528022,-21.01253482064797,-20.98220225993435
251,251,0.0007942458746724369,0.000793671489717733,-21.011002155387352,-21.005377962704785
252,252,0.0007910555919881948,0.0007972261549806909,-21.014905935508338,-20.985970377522534
253,253,0.0007936222527953844,0.0007989523399278129,-21.011306671687375,-20.97657703095226
254,254,0.000795059534961108,0.0007965204667447036,-20.99455849030505,-20.989816365619824
255,255,0.0007926740758025001,0.0007980772643350065,-21.010449855478367,-20.98133637339931
256,256,0.0007913496966963422,0.0007993230246938765,-21.00802757489361,-20.974562530136232
257,257,0.0007935143123889706,0.0007967689736305099,-21.006067708187402,-20.988461619051364
258,258,0.0007881466077266203,0.0008003731889307107,-21.022786482543783,-20.968860440017085
259,259,0.0007919179402848648,0.0007988204383046219,-21.01917211140531,-20.977294080936044
260,260,0.0007923102725210801,0.0007979056160700949,-21.008995940815414,-20.982270542499517
261,261,0.0007955188090077688,0.0007984038675203919,-21.004819402270503,-20.97955944086521
262,262,0.0007960941005238937,0.0007974298787303269,-20.98997517493224,-20.984860720030127
263,263,0.0007944304697676418,0.0007980582947646709,-20.995761752567343,-20.981439602472484
264,264,0.0007937070865606525,0.0007951605887348322,-21.007280022691003,-20.997237295301858
265,265,0.0007976563551376775,0.0007946963887661695,-20.986392631044687,-20.9997733660739
266,266,0.0007930995540011712,0.0007958569943806843,-21.002349624305786,-20.99343538699255
267,267,0.0007929457477581946,0.0007958828814719853,-21.008597636714235,-20.993294124955
268,268,0.0007928380869885849,0.0007977690547704697,-21.010253456400246,-20.983013899777756
269,269,0.0007888422360806965,0.0007974683570577518,-21.021278446429474,-20.984651165277334
270,270,0.0007938227211797284,0.0007971434572123384,-21.008313138663958,-20.986420902723452
271,271,0.0007936044490521716,0.0007935660878980631,-21.00696289751603,-21.005954756366656
272,272,0.000793304126325649,0.0007954158232008156,-21.00977369686482,-20.995843499690558
273,273,0.0007957467406066423,0.0007955599147336263,-20.997062440639176,-20.9950568358054
274,274,0.0007935039916306196,0.0007954492711609131,-21.009777973907127,-20.995660878743564
275,275,0.0007966132150463684,0.0007969738707240475,-20.997293505662782,-20.987344931024975
276,276,0.0007928118689379357,0.0007969248996998527,-21.004915463583753,-20.987611796725382
277,277,0.0007942100247541039,0.0007946182802123459,-21.007366262035376,-21.000200243326148
278,278,0.0007921049909032497,0.0007937650570008708,-21.02698781783438,-21.004865995724003
279,279,0.0007924273011236231,0.0007977046250169607,-21.014087703350683,-20.983364660643183
280,280,0.0007953333912042843,0.0007941113006764729,-21.005107673127096,-21.00297199787758
281,281,0.0007948571115194523,0.0007942930372480891,-20.997811496323063,-21.001978205696673
282,282,0.0007917318833972683,0.0007973004402102608,-21.01228060895432,-20.985565722430426
283,283,0.0007945540710352361,0.000797120572410916,-21.003426634699053,-20.98654558399071
284,284,0.0007904811177796387,0.0007960352262384013,-21.023646222260957,-20.992462895116194
285,285,0.0007908547365529098,0.0007971182808672127,-21.021852682047175,-20.98655806900553
286,286,0.0007892805289659533,0.0007960525077865704,-21.021349694774557,-20.992368612862165
287,287,0.0007929120857278173,0.0007966987843821315,-21.004652203230872,-20.98884421610268
288,288,0.0007961304005014605,0.0007959262860056601,-20.99403363349227,-20.993057283129307
289,289,0.0007904894744794931,0.000798714760764453,-21.02044621624914,-20.977868655726635
290,290,0.0007902956975758383,0.0007981750072519246,-21.017163354405145,-20.980804512486454
291,291,0.0007886242753941297,0.0007949826938688363,-21.028352389086802,-20.99820901602449
292,292,0.0007914128028019571,0.0007974928165295799,-21.014831234107643,-20.984517963117657
293,293,0.0007899221232084115,0.0007996085669698292,-21.019812462035304,-20.973011376393803
294,294,0.0007902520040251775,0.0007979024697928445,-21.02077130901663,-20.982287667501712
295,295,0.0007953650513711894,0.000796371418370032,-20.99171551216337,-20.990629112391282
296,296,0.0007907609094039912,0.0007942576194182038,-21.024031055938508,-21.002171863582472
297,297,0.0007917005376717479,0.00079482550561232,-21.01403244067167,-20.99906781135175
298,298,0.000795091645187247,0.0007921182397311847,-20.993581513099784,-21.013885624236075
299,299,0.0007931927546676364,0.0007946827069022938,-21.002433478867637,-20.999848136882196
300,300,0.0007930668688993709,0.0007959054323452476,-21.006924075754405,-20.993171071911632
301,301,0.0007896146967469417,0.0007967274593140342,-21.0219675391391,-20.988687906832077
302,302,0.000789847541192412,0.000795859298178632,-21.01981591374316,-20.993422815320816
303,303,0.0007907438779624237,0.0007962613201111948,-21.01952861988714,-20.9912295655303
304,304,0.0007902888812787216,0.0007932449562328035,-21.017225749300774,-21.007712567576835
305,305,0.0007922373365217186,0.0007924530685781256,-21.01176312933564,-21.012050246780856
306,306,0.0007914209146695884,0.0007997953553537005,-21.011195108153913,-20.971996983923766
307,307,0.0007957698934538694,0.000796496050162731,-21.00434051664515,-20.98994949652846
308,308,0.000790716865407207,0.0007970822778971572,-21.02161052001716,-20.98675422865613
309,309,0.0007900501824627371,0.0007973172499700205,-21.018994322967508,-20.98547415959438
310,310,0.0007931364846617444,0.00079383892252257,-21.00976782495916,-21.00446187241726
311,311,0.0007910634428214704,0.0007940048296739789,-21.017595276921007,-21.003554320140438
312,312,0.00079410342972476,0.0007945637702696809,-21.008000448812023,-21.000498174797375
313,313,0.0007929163012826412,0.0007928424441304646,-21.00892248404069,-21.009916844449066
314,314,0.0007917444010447595,0.0007962374856058312,-21.01528027179132,-20.991359564926494
315,315,0.000790038192284668,0.000796633395733998,-21.018820843509406,-20.989200675721506
316,316,0.0007930984510560088,0.0007974589090353172,-21.00567644218615,-20.98470261870841
317,317,0.0007930101938401684,0.0007931417356686373,-21.013094424645104,-21.008277727657013
318,318,0.0007902300987421468,0.0007963949250743577,-21.022555491815552,-20.99050092244027
319,319,0.0007937540121366913,0.0007940021245495269,-21.003183671465308,-21.003569116305137
320,320,0.0007901312381307566,0.0007960748809732889,-21.030069109062993,-20.992246555398623
321,321,0.0007901601163315174,0.0007941483942742803,-21.021547532447663,-21.002769140059105
322,322,0.0007898086050678928,0.0007926753513809098,-21.025054305048098,-21.010832223129412
323,323,0.0007885331029946119,0.0007948967885520114,-21.025380157736947,-20.998678337196466
324,324,0.0007922219282937879,0.0007963354337813431,-21.012310329511035,-20.99082535576504
325,325,0.0007916107046485101,0.0007966739542194103,-21.012879327961667,-20.988979571784302
326,326,0.0007965389408708847,0.0007958857213931257,-20.99179583803549,-20.993278628204052
327,327,0.0007901502684354014,0.0007964320156086041,-21.017398652987307,-20.990298662998953
328,328,0.0007916885558947844,0.0007908141093426629,-21.011653676876442,-21.021041669279864
329,329,0.0007914517407267133,0.0007954278292967693,-21.017361309057428,-20.99577794728742
330,330,0.0007888688657855251,0.0007961945130342716,-21.019945836408848,-20.99159395798971
331,331,0.0007872097752268243,0.0007921710984144164,-21.032820598852346,-21.01359582572637
332,332,0.0007874472804857206,0.0007955728276436659,-21.032157866043132,-20.994986345073528
333,333,0.0007899653012912298,0.0007935711274560737,-21.020552079636442,-21.005927176492474
334,334,0.0007868213056989936,0.0007955579326095942,-21.032881773792155,-20.995067656192226
335,335,0.000792098649268605,0.0007950348601872591,-21.0151071988882,-20.99792404377142
336,336,0.0007913451727009235,0.0007985321970313395,-21.012211664377975,-20.97886144424747
337,337,0.0007934281500488443,0.0007931164245268232,-20.99699198907611,-21.008416324128856
338,338,0.0007909635758776333,0.0007955764028194704,-21.020009257692855,-20.99496682862474
339,339,0.0007845495561060985,0.0007939393736275011,-21.043366256004845,-21.00391235790712
340,340,0.0007907354390517492,0.0007977737940994924,-21.011661285169865,-20.98298809960017
341,341,0.0007912174662930373,0.0007943222789387954,-21.014807326453507,-21.001818324260462
342,342,0.0007921076372515448,0.0007930805931161893,-21.012788442625876,-21.008612534104625
343,343,0.000788209522407041,0.0007986401875601395,-21.025803264774197,-20.9782741602288
344,344,0.0007930151696950581,0.0007937306991631264,-21.003314551651528,-21.00505398261199
345,345,0.0007898164895055912,0.0007930302128538882,-21.024457254171725,-21.008888427438674
346,346,0.0007917882638176923,0.0007927883875948426,-21.011789688747594,-21.010212959467403
347,347,0.0007888989609464543,0.0007946002572823904,-21.0241316611662,-21.00029874782812
348,348,0.0007923381407889202,0.0007942036210902428,-21.005325178034376,-21.002467132680348
349,349,0.000792983623543159,0.0007943397963811693,-21.006600262193675,-21.00172254897032
350,350,0.0007912701880319294,0.0007972117930062508,-21.01438810083829,-20.986048616079973
351,351,0.0007953316815792746,0.0007953144867267264,-21.00141132772256,-20.99639682882872
352,352,0.0007905569635619669,0.000795313503323613,-21.014038786350394,-20.996402198865564
353,353,0.0007903405204751366,0.0007950190338306129,-21.019499634063486,-20.998010497436745
354,354,0.0007923301453366107,0.0007967747576338681,-21.00571905794633,-20.98843009232646
355,355,0.0007893495176457943,0.0007958191594010905,-21.018248866680466,-20.993641855159137
356,356,0.0007924254396786317,0.0007926622577207653,-21.010740179463454,-21.010903961846978
357,357,0.0007905698688604782,0.0007928194827400148,-21.021399895860554,-21.01004262164029
358,358,0.000792073962619509,0.0007954397404223288,-21.010026358269933,-20.99571291439339
359,359,0.0007930505587527356,0.0007950617337452346,-21.00860458701447,-20.997777247180775
360,360,0.0007911533292517374,0.0007970964162316369,-21.01712149365089,-20.98667719587843
361,361,0.0007900516100506269,0.0007940698813303913,-21.02697615481075,-21.003198523587052
362,362,0.0007938969617507891,0.0007934777807493351,-21.002893681709974,-21.00643806131118
363,363,0.0007894366545141818,0.0007915940889353422,-21.022191346371027,-21.016760335792085
364,364,0.000795667295550601,0.0007929352822860604,-21.007622275318774,-21.00940833562012
365,365,0.0007928541084972316,0.0007928121179391287,-21.01608647455963,-21.01008296508935
366,366,0.0007908571104653487,0.0007972662815039879,-21.01473691520633,-20.98575179100245
367,367,0.000791983828956703,0.0007936726845065621,-21.013401701652207,-21.005371424863732
368,368,0.000793020193556266,0.0007920858150004948,-21.002591979413175,-21.014063402869773
369,369,0.0007939489543937223,0.0007979484783534549,-21.000805465875718,-20.98203725233578
370,370,0.0007900788608371981,0.0007924446591029042,-21.02254416204298,-21.012096334154453
371,371,0.0007913267412750991,0.000796945563419477,-21.023173180810375,-20.98749918858543
372,372,0.0007922136790080706,0.0007923011527102636,-21.008791552341577,-21.0128828834439
373,373,0.0007933904092816502,0.0007966357271039957,-21.004139002571137,-20.98918796599017
374,374,0.0007884300934371644,0.0007924825676079644,-21.030033225722775,-21.011888583864213
375,375,0.0007898960059710307,0.0007929124679465435,-21.02372096496869,-21.009533292656627
376,376,0.0007922491880815438,0.0007920164835492247,-21.013762446425233,-21.014443558453863
377,377,0.0007906471716345663,0.0007946758874152836,-21.01730762060447,-20.999885405571447
378,378,0.0007876153974121763,0.0007977282665179748,-21.029189708453462,-20.983235951081166
379,379,0.0007945947179849231,0.0007926817358422436,-21.006147507302792,-21.010797243800788
380,380,0.0007895432075379973,0.0007966391460381841,-21.023091008265208,-20.989169327344985
381,381,0.0007920194640467616,0.000793460560472388,-21.011050434491967,-21.00653231413829
382,382,0.0007894321215175784,0.0007930552360209587,-21.02880374231505,-21.00875139291273
383,383,0.0007920940106581013,0.0007928663858604667,-21.0169539454932,-21.009785701063457
384,384,0.0007895112653339724,0.0007919922569080403,-21.030158071311185,-21.01457640489989
385,385,0.0007884000228794734,0.0007965380730303494,-21.027309425128237,-20.98972037024348
386,386,0.0007940694880575786,0.0007943937518192749,-21.00531560882917,-21.00142756496783
387,387,0.0007908172478188866,0.0007964957315523765,-21.01122609448424,-20.98995123377181
388,388,0.0007905198276743831,0.0007960900823634706,-21.016745752979077,-20.99216362580244
389,389,0.0007934208338859386,0.0007973156170919538,-21.01067566755261,-20.985483053803804
390,390,0.0007888833084863793,0.0007943400047033241,-21.028331654381596,-21.00172140999742
391,391,0.0007924037960300356,0.0007961461240866859,-21.01288179722308,-20.99185790971509
392,392,0.0007899901109565165,0.0007929354691632876,-21.01968416692154,-21.009407312084644
393,393,0.0007908157368200188,0.0007964098476804793,-21.02146720669401,-20.99041954642225
394,394,0.0007947307504886358,0.0007964109383082311,-20.999400755334285,-20.99041359906623
395,395,0.0007868041320387082,0.0007922172632166429,-21.038577645737192,-21.01334274233651
396,396,0.0007915966543993077,0.0007946138594936775,-21.00777174208948,-21.000224404600964
397,397,0.0007909589330665767,0.0007979862888245598,-21.01485665027785,-20.981831468499248
398,398,0.0007898520105806439,0.0007940650776665853,-21.02545233117016,-21.003224795972436
399,399,0.0007882232804177809,0.0007953826448340949,-21.031803476084043,-20.99602465628427
400,400,0.000792839954434366,0.0007972687384799907,-21.011054641096717,-20.985738407149395
401,401,0.0007915665352352194,0.0007940993558517412,-21.012528888524386,-21.003037323864998
402,402,0.0007913134735288847,0.0007948208857621802,-21.014894644139,-20.999093054392386
403,403,0.0007907958766061467,0.000793715387484745,-21.018878671156745,-21.005137762180766
404,404,0.0007896996199239775,0.0007959134619388925,-21.021472861238017,-20.99312725777895
405,405,0.0007912522996775806,0.0007943487726151943,-21.015727540125333,-21.0016734729087
406,406,0.0007899175728095177,0.0007979570747059034,-21.023314963975153,-20.981990465752126
407,407,0.0007945414249708434,0.0007932426187356836,-21.008939104507164,-21.007725365182274
408,408,0.0007938540633047748,0.0007913308064943474,-21.00675126169058,-21.01820502988579
409,409,0.0007905223714091728,0.0007982537070730407,-21.021135134528123,-20.98037632051323
410,410,0.0007910449243841943,0.0007936690848222689,-21.011798025831485,-21.005391122235217
411,411,0.000790639173781941,0.0007950636208988726,-21.018963214065263,-20.997766938805917
412,412,0.0007900426040653178,0.0007933978738851453,-21.027765462041813,-21.00687543786443
413,413,0.0007890055499750084,0.000794580350262358,-21.028739849948714,-21.000407552439885
414,414,0.0007887204494519332,0.0007980791208530335,-21.02449696032334,-20.98132627068579
415,415,0.000791965192903947,0.0007943770309027872,-21.01421621287383,-21.001518979057792
416,416,0.0007941733695297819,0.0007962139789015055,-21.003991160789592,-20.991487780224787
417,417,0.0007886099575097029,0.0007938023956835662,-21.025589415227937,-21.004661708544496
418,418,0.0007916299929871157,0.0007923832224485906,-21.01297379638315,-21.0124330470591
419,419,0.0007927767241124026,0.0007905320717806095,-21.002901061802394,-21.022590822269258
420,420,0.0007885869708843529,0.0007942884419064381,-21.029204772121822,-21.002003331653984
421,421,0.0007931417893599143,0.0007956423184001132,-21.012565776408607,-20.99460701922105
422,422,0.0007906364866282753,0.0007967589802941994,-21.01218539383766,-20.988516090023204
423,423,0.0007922401400907061,0.00079659911142172,-21.010783754974117,-20.989387584883524
424,424,0.0007910859919892452,0.0007941630564777082,-21.01809834783112,-21.002688957875204
425,425,0.0007905703819280048,0.0007939099665044954,-21.021250959598028,-21.00407322142142
426,426,0.0007905449307782902,0.0007954254642275995,-21.015658455003067,-20.995790860313328
427,427,0.0007901546820162882,0.0007959025311528853,-21.019102587227103,-20.99318690261311
428,428,0.0007917906209279198,0.0007948218722288546,-21.015050417987446,-20.999087664287835
429,429,0.0007931289428691427,0.0007930596598031881,-21.011845590326796,-21.00872716737628
430,430,0.0007905837522877246,0.0007963139153281716,-21.025403864866337,-20.99094271173517
431,431,0.0007889324213502948,0.0007939108733185812,-21.024388249284698,-21.00406826085731
432,432,0.0007898858004278436,0.0007917986827363309,-21.019802596402847,-21.015638012122494
433,433,0.0007912456159979181,0.0007922078090670862,-21.02350568311653,-21.01339457041037
434,434,0.0007903102374894871,0.0007936694738945286,-21.019136649075627,-21.005388993238412
435,435,0.000793257569798182,0.0007955321190437596,-21.007886482582382,-20.99520857454175
436,436,0.0007939150355295422,0.0007951484662235567,-21.009846630314584,-20.997303505573846
437,437,0.0007943699878073999,0.0007894782404611377,-21.001862617398395,-21.028384116037337
438,438,0.0007887849903463857,0.0007957342160424512,-21.024918034944946,-20.99410543285041
439,439,0.0007919859694384192,0.0007926157651175009,-21.01847628775923,-21.011158699259113
440,440,0.000789798277708673,0.0007937416513940613,-21.02391422071293,-21.00499405724122
441,441,0.0007880448331317105,0.0007964872332338832,-21.026829909020478,-20.98999757165374
442,442,0.0007940624233277649,0.0007915498694944146,-21.008299823151255,-21.01700294492552
443,443,0.0007878499646843939,0.0007912342399848919,-21.030449920045488,-21.01873503403745
444,444,0.0007934271173129223,0.0007938988120785277,-21.00337244998823,-21.004134240175212
445,445,0.0007909757382783693,0.0007935530708269461,-21.01828491977222,-21.00602599540533
446,446,0.0007918668363588987,0.0007972643483969334,-21.011356975600354,-20.985762321220072
447,447,0.0007925662698137775,0.0007942432022996639,-21.010507189785315,-21.002250696088463
448,448,0.000789316748532937,0.0007938583791991206,-21.02316737943816,-21.00435542986989
449,449,0.0007870336526467168,0.0007925951963682708,-21.032742033550832,-21.01127140216753
450,450,0.0007880170572760332,0.0007925825653058526,-21.02518189147358,-21.011340613341716
451,451,0.0007879046708844678,0.0007931766970279185,-21.023807768458962,-21.008086296666804
452,452,0.0007920892028253257,0.000793320721162385,-21.011435021955553,-21.00729778120735
453,453,0.0007924049781856232,0.0007937430361236789,-21.013441110870765,-21.004986480721755
454,454,0.0007924592109233833,0.0007937324086302205,-21.01661853784039,-21.00504462917099
455,455,0.0007911081991120021,0.0007910729220480119,-21.02300094887962,-21.01962056994025
456,456,0.0007900762834979855,0.0007971859273598774,-21.0247855843955,-20.986189525808435
457,457,0.0007935109537469281,0.0007952569959391104,-21.005867846497917,-20.996710778023772
458,458,0.0007923411243816012,0.0007933454992445675,-21.018683007759584,-21.007162138509138
459,459,0.0007941003531198372,0.0007958640528254603,-21.00620704658686,-20.993396869645274
460,460,0.0007874608494715823,0.0007965815633437351,-21.029352481831634,-20.98948325555739
461,461,0.0007873927501087874,0.000794086237683108,-21.03748244227932,-21.003109067976943
462,462,0.0007861776585863499,0.0007947173741597094,-21.040952414732814,-20.999658684285837
463,463,0.0007924922446710701,0.000798185300817223,-21.018254870348066,-20.980748504596683
464,464,0.0007909197371078597,0.0007951170248959802,-21.020861074606188,-20.997475235327755
465,465,0.0007947153746649699,0.0007917726639119026,-21.005225517761712,-21.01578072538767
466,466,0.0007919751020081187,0.0007971640259615685,-21.01477087652154,-20.98630884285564
467,467,0.0007910370849524193,0.0007907996278893398,-21.020522541505933,-21.021121198372462
468,468,0.0007904472631239093,0.0007920562271273842,-21.019246916742198,-21.014225633903138
469,469,0.0007866950514822354,0.0007963328848985073,-21.04078613184821,-20.99083925653443
470,470,0.0007893518405515201,0.0007949537278986291,-21.022933507462035,-20.99836725833976
471,471,0.0007910195830489326,0.0007977948346371321,-21.00997635424052,-20.982873560003075
472,472,0.0007892858648682301,0.0007900901255197823,-21.023951540988868,-21.02501942067443
473,473,0.000792101161799288,0.0007915000896900892,-21.010602731271632,-21.01727607710572
474,474,0.0007931608946744314,0.0007937238337226996,-21.006688736026828,-21.005091547440855
475,475,0.0007904767828090981,0.0007930199774962507,-21.026556976785788,-21.00894448063761
476,476,0.000788592325389078,0.0007924774300159985,-21.031473952358603,-21.01191673886931
477,477,0.000789183907249232,0.0007955969470602117,-21.02983488927601,-20.99485468181949
478,478,0.0007870075546118632,0.0007910376819046704,-21.044804868937334,-21.019814040608598
479,479,0.0007890090574366376,0.0007913488845684027,-21.026195687667144,-21.018105815776327
480,480,0.0007919523356117538,0.0007920339918009153,-21.0111818513478,-21.014347554731565
481,481,0.0007928866699827623,0.0007956073662315152,-21.010945933232264,-20.99479780680268
482,482,0.0007894422616521569,0.0007934651987038945,-21.02109067675716,-21.00650692721218
483,483,0.0007908808783935287,0.0007940959920616526,-21.023503483618107,-21.00305572053737
484,484,0.0007899421460436869,0.0007928952813687685,-21.023938810866216,-21.009627428101403
485,485,0.0007879570091728927,0.0007932557644763667,-21.034732309567726,-21.007653393818167
486,486,0.0007878247541663496,0.0007929169468728727,-21.04094812027445,-21.00950876072436
487,487,0.0007894637708830618,0.0007963251310253614,-21.0255620858849,-20.990881543884097
488,488,0.0007871469721610937,0.0007962536121914653,-21.04000393519695,-20.99127160604041
489,489,0.0007917584062880385,0.0007919741512619351,-21.019272816047106,-21.01467568960889
490,490,0.0007927105870078673,0.0007914924644865096,-21.00865333656344,-21.017317916643492
491,491,0.0007899499134659844,0.0007937568313393154,-21.022876452021887,-21.00491100120644
492,492,0.0007908075223388823,0.0007939327165092292,-21.01574685463831,-21.003948773305424
493,493,0.0007913697597369091,0.0007937545459227342,-21.014885055424386,-21.00492350560577
494,494,0.0007907806730051477,0.0007947550069442705,-21.022756970788322,-20.9994530347776
495,495,0.0007880033964780879,0.0007911196627997254,-21.025530730221533,-21.019363973483543
496,496,0.0007869131981932855,0.0007948089715730595,-21.038697531223374,-20.999158154661707
497,497,0.0007911168948564794,0.000792825695641927,-21.02073007859266,-21.01000858843975
498,498,0.0007881238575323878,0.0007968738699625982,-21.033982215965644,-20.98788989875096
499,499,0.0007875537669007695,0.0007918818798651429,-21.037036460399,-21.01518170729891
500,500,0.0007886550750477796,0.0007931368584793649,-21.029790666965166,-21.008304433386968
501,501,0.0007897385014413097,0.0007919814364102326,-21.024939959727522,-21.014635740260186
502,502,0.0007884485992727821,0.0007926050824799427,-21.028015794873475,-21.01121723256128
503,503,0.0007857733535743558,0.0007947029080241919,-21.032057496015998,-20.99973773905694
504,504,0.0007931785700007429,0.0007919991468569558,-21.0131092905662,-21.014538623548454
505,505,0.0007876152161883248,0.000793047699660651,-21.02950017635486,-21.00879266387468
506,506,0.0007904795887784014,0.0007930541545838901,-21.0242798986536,-21.008757315103903
507,507,0.0007925255100492426,0.0007920081537265919,-21.0188484126124,-21.014489234460658
508,508,0.0007886205068981447,0.0007923960679602858,-21.026820177982152,-21.01236264312487
509,509,0.0007905328205844253,0.0007937298413660182,-21.013544921302977,-21.00505867610252
510,510,0.0007888765161924218,0.0007908660030041478,-21.021878745616025,-21.020756692176583
511,511,0.0007924094631759085,0.0007943277872216545,-21.013302796622078,-21.001788207913243
512,512,0.0007915416643618769,0.0007915592439913828,-21.0191737197393,-21.016951510791646
513,513,0.0007926087548053756,0.0007906640561199502,-21.021760305022156,-21.021865800630323
514,514,0.0007921475058987967,0.0007912984644798072,-21.00710292009441,-21.018382531448644
515,515,0.0007902654019885303,0.0007904889674759225,-21.025464373953923,-21.02282763077733
516,516,0.0007932643818947458,0.0007886886535408465,-21.014569863094003,-21.03272983222719
517,517,0.0007904024786296656,0.0007929854450355235,-21.018463093208844,-21.009133600509834
518,518,0.0007881884692361598,0.0007927864115979327,-21.03105474092141,-21.01022378411667
519,519,0.0007863058642599463,0.0007921059946774653,-21.036973280481543,-21.013952760682358
520,520,0.0007893933234112241,0.0007946376848083578,-21.02384804627323,-21.000094189812337
521,521,0.0007908770456890931,0.0007931709528508547,-21.026089643411574,-21.008117748340112
522,522,0.0007886626504448041,0.0007925487282734952,-21.031948181763923,-21.01152602683394
523,523,0.0007952746596744226,0.0007932733738255736,-21.00557325565946,-21.007556986598075
524,524,0.0007925054404078071,0.0007921321728070708,-21.01153990626479,-21.013809234065356
525,525,0.0007877800722856113,0.00079148024700484,-21.028380438804906,-21.017384954879002
526,526,0.0007905286956415272,0.0007916847672803621,-21.026252812359747,-21.01626287314034
527,527,0.0007899197396947091,0.0007940109813046691,-21.026367936659245,-21.00352067287767
528,528,0.0007879229714930749,0.0007906364656886772,-21.030428945585335,-21.022017351482187
529,529,0.0007893468112896014,0.0007929997671836693,-21.02577805092188,-21.00905516308355
530,530,0.0007878203603880692,0.0007934147908695435,-21.034890758065323,-21.006782837734143
531,531,0.0007912189880933267,0.0007964151874674778,-21.015507861803783,-20.990390427843913
532,532,0.0007874894132309584,0.00079138236010055,-21.036159556116914,-21.017922105004946
533,533,0.0007882638217535676,0.0007917974113584741,-21.027568563926376,-21.015644985521703
534,534,0.0007880359471621971,0.0007923413374412217,-21.026336393205092,-21.01266261916317
535,535,0.0007908100462710657,0.0007960474896734874,-21.02410091873581,-20.992395989770962
536,536,0.000789145769229754,0.0007937293021792644,-21.02657959194346,-21.005061626299163
537,537,0.0007859859489547761,0.0007937088927352114,-21.043778584854664,-21.005173299420797
538,538,0.0007877360918971989,0.000791423730429654,-21.03243138885118,-21.017695079019184
539,539,0.000788886499106308,0.0007918819687084147,-21.032550668528096,-21.015181220052746
540,540,0.0007876659210617701,0.0007946141505319821,-21.031178922464854,-21.000222813937715
541,541,0.0007901993939009754,0.0007897901079176288,-21.022864455370694,-21.02666886204217
542,542,0.0007914938710716352,0.0007909377516051265,-21.017233623772945,-21.020362711299754
543,543,0.0007874447079471399,0.0007935648012024007,-21.033200393367828,-21.005961798064728
544,544,0.0007913095934182098,0.0007880317555789493,-21.01890614646759,-21.03634857369691
545,545,0.0007925902861746546,0.0007909936095146756,-21.012381669380797,-21.02005601301316
546,546,0.0007876026457338833,0.0007894998079312867,-21.02624559077265,-21.028265474321138
547,547,0.0007895696692207118,0.000793045202858354,-21.026118993609117,-21.00880633706442
548,548,0.0007905763047075225,0.0007893561636783966,-21.023101358278403,-21.02905571621376
549,549,0.0007913835201479648,0.000796760674443488,-21.019671813063184,-20.98850685562581
550,550,0.0007868658603629885,0.0007928540611541585,-21.031593756223316,-21.009853210465263
551,551,0.0007917596538522348,0.0007959621419247828,-21.014246194508498,-20.992861640927902
552,552,0.0007900373053679377,0.000792294137155343,-21.025548525429386,-21.01292133890075
553,553,0.0007920721677832843,0.0007914462782393553,-21.012460142544857,-21.017571349473748
554,554,0.0007882273381518334,0.0007962792817699281,-21.03218621752147,-20.991131600690164
555,555,0.0007874868466931674,0.0007924161863660341,-21.029790711803145,-21.01225238006276
556,556,0.0007813566300739563,0.0007938370231146875,-21.061449842040115,-21.004472263736275
557,557,0.0007870840898849378,0.0007950077323537124,-21.03392496879247,-20.998072234372998
558,558,0.0007890846439848471,0.0007894281543007022,-21.029918536888733,-21.02865965033343
559,559,0.0007883225736861146,0.0007953741403884793,-21.029403135540193,-20.99607109246907
560,560,0.000788078715991152,0.00079689263427434,-21.035825341364486,-20.98778763487448
561,561,0.0007882670897836844,0.0007917400002234468,-21.035731939228953,-21.015959892374813
562,562,0.0007883464016221924,0.0007922018167415732,-21.02613867934902,-21.01342742092909
563,563,0.0007892396395843592,0.000796790727977886,-21.032126940330976,-20.988343044353293
564,564,0.0007879777419015995,0.0007959766540137169,-21.024407128180734,-20.992782460495075
565,565,0.0007883994534045228,0.0007919497101714736,-21.026229027622524,-21.01480971916648
566,566,0.0007888640537521965,0.0007940729387643698,-21.022360439080515,-21.003181801832703
567,567,0.0007885384400970466,0.0007917339619445173,-21.029258657597524,-21.015993014374693
568,568,0.0007931858867637275,0.0007939196841203069,-21.015135532956165,-21.00402006323883
569,569,0.0007891401224865665,0.0007937586878573424,-21.023246361320854,-21.00490084350373
570,570,0.0007878217561717731,0.0007945519510509545,-21.034603852724494,-21.000562777033757
571,571,0.0007893376306813095,0.0007924813513742073,-21.02733442577734,-21.011895249045708
572,572,0.0007882579049748397,0.0007901841002565465,-21.02899664328069,-21.024502893745147
573,573,0.0007889723680078139,0.0007914208169830473,-21.027563385285937,-21.017711066612996
574,574,0.0007889885323352574,0.0007931155912382038,-21.0258949233188,-21.008420887050868
575,575,0.0007867225230978706,0.0007928813084665882,-21.030760391818163,-21.009703962896435
576,576,0.0007936816120078576,0.0007916376619648776,-21.015083814871623,-21.016521286439
577,577,0.0007858542754247631,0.0007930783199538526,-21.040288168812523,-21.008624982061143
578,578,0.0007899111741673701,0.0007950389776133785,-21.0273350530719,-20.997901552043036
579,579,0.0007883263235796511,0.0007908321322726184,-21.02867472605586,-21.020942693177346
