,epoch,train_loss,test_loss,train_dbs,test_dbs
0,0,0.0005008527011725783,0.00046967310788060884,-5.909756019716879,-6.197823918746676
1,1,0.00043966783811914324,0.0004170387447198951,-6.474593439464444,-6.7140168162653415
2,2,0.00039669043491306454,0.0003826601421583052,-6.923975849291683,-7.0876485781693095
3,3,0.0003656983242331783,0.0003550472626413562,-7.273759678321307,-7.412919176724491
4,4,0.00033903567926939,0.00032990431339529,-7.603480307583485,-7.731900924814359
5,5,0.000315470940831895,0.0003067210858908335,-7.919887123112672,-8.048344532496559
6,6,0.0002953753180768264,0.00029130337919157584,-8.202693249276024,-8.27232563747077
7,7,0.00028102188257106875,0.0002765956481820659,-8.420727517028405,-8.49732743473523
8,8,0.00026932968452006347,0.00026727792742588604,-8.603826038482344,-8.646149913683585
9,9,0.00025899397325101933,0.0002550615478723653,-8.775108828402296,-8.849330953996326
10,10,0.00024918029888907505,0.0002494572239045642,-8.942499841186184,-8.94582001358076
11,11,0.0002428383964591554,0.00024288633568702559,-9.055020264360989,-9.061750033985948
12,12,0.00023714987562306839,0.00023959411498110153,-9.157789531569167,-9.12101939816855
13,13,0.00023220146774583178,0.00023234988437156732,-9.250230419113542,-9.25435625638657
14,14,0.0002274710192049844,0.00022926889313997604,-9.33876210172203,-9.312329520257153
15,15,0.00022454521803007721,0.00022622846958448033,-9.393289908541716,-9.37030828773668
16,16,0.00021923038062577127,0.00022126546690215995,-9.499659362143042,-9.466644478371736
17,17,0.00021596534280274448,0.00021810669185422165,-9.5611137403961,-9.529090957112057
18,18,0.00021320259193745777,0.00021370815566593878,-9.619151146029743,-9.617569900265545
19,19,0.0002099941034570874,0.0002113725832283595,-9.685100226960365,-9.665294312884146
20,20,0.00020841129268783616,0.00020942252625613227,-9.717331489573922,-9.705546921628393
21,21,0.00020747979459011947,0.000207819057610131,-9.736542937924487,-9.73892715217328
22,22,0.0002053620176120978,0.00020560360204207857,-9.782886374452554,-9.785473673796458
23,23,0.0002024935701857177,0.0002033006450418677,-9.84364032590155,-9.834393297376359
24,24,0.00020151717927950174,0.00020261328992139744,-9.86344155258987,-9.849101578888295
25,25,0.00020135845313900026,0.00020399907723338785,-9.868335506282325,-9.819498833791872
26,26,0.00020101329266122476,0.00020179769949448345,-9.875023425251287,-9.866618753811125
27,27,0.00019968928320371766,0.00020175025106015565,-9.904052275966254,-9.867640024927486
28,28,0.0001994946945432247,0.00019835073908325285,-9.906894094613964,-9.941442632712556
29,29,0.00019827240012278876,0.0001983287419486595,-9.93516863686855,-9.941924292825478
30,30,0.00019730776206340603,0.0001977555174993253,-9.956287912959121,-9.954494769086764
31,31,0.00019657548523589622,0.00019739710689081172,-9.971879617808593,-9.962373030933477
32,32,0.00019525878744070256,0.00019797148400501005,-10.000885204507865,-9.949754477388193
33,33,0.00019505433888251404,0.0001952473279456363,-10.003857721432475,-10.009929872684385
34,34,0.00019275442023219098,0.00019382264413013073,-10.056519891009053,-10.041735724042425
35,35,0.0001906868893672357,0.00019133701770394844,-10.104974880285425,-10.0977908582853
36,36,0.00018880519861134594,0.00019145431150192102,-10.148193263019856,-10.095129353338418
37,37,0.00018758706828896147,0.0001878357985620632,-10.173673672568494,-10.177997207814133
38,38,0.0001870121957779833,0.00018948524666484445,-10.189005364963053,-10.140026849075543
39,39,0.00018582771413421892,0.00018459557950815283,-10.216442432582655,-10.253567895198895
40,40,0.0001845792016631338,0.0001864973815635925,-10.246525519146083,-10.209053476655445
41,41,0.00018447894706827655,0.00018250154665254645,-10.248435160833573,-10.30311536988407
42,42,0.00018185602525637974,0.0001817650374601056,-10.309268137293943,-10.320677360358726
43,43,0.0001812040479973765,0.00018096119502412252,-10.327412104378125,-10.339926307609113
44,44,0.0001810294724208754,0.00018207201164362855,-10.329646954132556,-10.313348957385294
45,45,0.00018228565975207566,0.00018356490028580944,-10.300223851741986,-10.277884436100937
46,46,0.00018382340038948953,0.0001832770059608217,-10.264224785309635,-10.284701047848568
47,47,0.00018099117928098158,0.00018060885333014945,-10.329280739639383,-10.348390509916229
48,48,0.0001806185036818449,0.00018214929533362585,-10.33902179727037,-10.311505908669158
49,49,0.0001813359999640355,0.0001816639897266501,-10.32246775000128,-10.32309238342494
50,50,0.00018042211133396233,0.00017964479583928265,-10.346326941201857,-10.371634457558493
51,51,0.00017907327840935208,0.00017859730992074075,-10.37774418111103,-10.397031731828164
52,52,0.00017787754618485947,0.00017760485015490927,-10.405770454242651,-10.42123264712126
53,53,0.00017791291153941726,0.0001795120433119959,-10.406448775231345,-10.374844959846081
54,54,0.00017824851815977623,0.00017890188303825103,-10.396390660883366,-10.389631745541273
55,55,0.00017731018246213914,0.00017775981656373724,-10.421026312178972,-10.417444928937465
56,56,0.00017674733763416633,0.0001766790128864446,-10.433163268524762,-10.44393122157443
57,57,0.0001753276871390084,0.00017674076508755157,-10.468735259171133,-10.442413556625807
58,58,0.0001752963471142383,0.00017530439531822739,-10.467484710969018,-10.477852812521927
59,59,0.00017485967549236165,0.0001757993503767801,-10.477834853620065,-10.465608204154822
60,60,0.00017454777349185045,0.0001736535318502176,-10.48858840984481,-10.518944656982853
61,61,0.0001734742622032819,0.00017436532882703957,-10.515517776389009,-10.501179531856186
62,62,0.0001733487645360958,0.00017306679479875848,-10.517120144394589,-10.533643357199256
63,63,0.0001741460740227809,0.00017364561867189447,-10.496450849479867,-10.51914256415743
64,64,0.00017398587318818979,0.0001731268888474197,-10.50366451640887,-10.532135616577529
65,65,0.00017429624708758225,0.00017397374980837892,-10.493689463427543,-10.510943620303186
66,66,0.00017351214578927292,0.00017221171736692717,-10.514014812230206,-10.555153886023657
67,67,0.00017374641782263314,0.00017303223782954248,-10.509122102102177,-10.534510617704303
68,68,0.00017205391981706177,0.00017039616757660712,-10.54997583191852,-10.601182636146017
69,69,0.00017249985605828733,0.00017124425243022606,-10.53816061248595,-10.579620823953755
70,70,0.00017030996008843337,0.00017096472545649464,-10.594344666392622,-10.586715731281062
71,71,0.00017053205231876717,0.00017129110500191977,-10.59036454646498,-10.578432753114646
72,72,0.00017047774127070052,0.00017193938210287966,-10.589386911564016,-10.562027246432685
73,73,0.00017084836940036262,0.00017114338621276577,-10.581213544345783,-10.5821796571578
74,74,0.0001722804745347191,0.0001715293949114551,-10.544384707632904,-10.572395307308625
75,75,0.00017185963179613704,0.00017115543443268458,-10.55702735935334,-10.58187393156869
76,76,0.00017087430286355623,0.00017286353900808056,-10.580443720188022,-10.53874686330079
77,77,0.00017056250542680704,0.00017113109443973946,-10.587715549408973,-10.582491585128022
78,78,0.0001701622300951732,0.0001692793961602116,-10.597831652181611,-10.629739851502007
79,79,0.00017035243322847162,0.00016955456292060646,-10.593608028162345,-10.62268604660961
80,80,0.00016953850020390464,0.00016987091849411003,-10.615619255455218,-10.61459051299778
81,81,0.00016930277342908084,0.00016932389898054106,-10.618577557570612,-10.628598260165665
82,82,0.00016899458111681466,0.0001694995206842003,-10.625836790099834,-10.624096118979107
83,83,0.00016982789414205117,0.00016843807182005164,-10.607668079506352,-10.651378250988957
84,84,0.00016855165067119235,0.00016833795311149995,-10.64008758372502,-10.653960442161804
85,85,0.00016743984069199943,0.00016910028352867812,-10.667361279548057,-10.634337505524886
86,86,0.00016797613982620082,0.00016790711838678507,-10.653131011643808,-10.665089779767758
87,87,0.00016736914898801748,0.00016773798683731767,-10.670518861311312,-10.669466599433717
88,88,0.00016772551459053858,0.00016687077540585674,-10.664826062061966,-10.691978023227232
89,89,0.00016652226007601113,0.00016722259169910103,-10.690990805024471,-10.682831362663382
90,90,0.0001675915072033585,0.0001670210737134575,-10.66475609416544,-10.688068150601634
91,91,0.0001673661107881494,0.0001657553006416971,-10.673027229871323,-10.721106608490519
92,92,0.00016730690399573673,0.0001663711346306005,-10.67333558404245,-10.70500107871284
93,93,0.00016631717633422386,0.00016461165336965534,-10.699141613971426,-10.75117509309501
94,94,0.00016581959399567515,0.00016450562734941117,-10.710218265217737,-10.753973275981217
95,95,0.00016483128522090692,0.00016560647054575384,-10.737119680575704,-10.725007848728584
96,96,0.00016581811795140779,0.0001645225412702482,-10.708799158062233,-10.753526771809605
97,97,0.00016310277827607335,0.00016298707525588964,-10.781624415936237,-10.7942491976194
98,98,0.0001638679544335788,0.000163383952703474,-10.763152160281846,-10.783686877090252
99,99,0.00016352020911560345,0.00016276883635375845,-10.772687971045496,-10.80006827636728
100,100,0.00016379755661827657,0.00016228678424867163,-10.765547933456334,-10.812949316375967
101,101,0.00016250361261778925,0.0001611527197957529,-10.798369889724738,-10.843404467722788
102,102,0.00016291296309383453,0.00016209763462508194,-10.787488489706579,-10.818014087820568
103,103,0.00016134918908007712,0.00016030868956525075,-10.830850481348232,-10.866210223146005
104,104,0.00016136131727631137,0.00016067002664050577,-10.828565140700439,-10.856432206333215
105,105,0.00016108659901968253,0.0001596660019315191,-10.83568680190957,-10.88365635721106
106,106,0.00016164535160906153,0.00016074417171215542,-10.82338423523693,-10.85442851164804
107,107,0.00016159467313909116,0.00016067339272826518,-10.82246967587714,-10.85634122122187
108,108,0.00016100318279098144,0.00016017222783136132,-10.840047607209177,-10.869908701175977
109,109,0.0001602897148389734,0.00016010620579197022,-10.857600545531954,-10.8716992062358
110,110,0.00015959950924860603,0.00015893082921760842,-10.878309478637973,-10.903699370096094
111,111,0.0001593999493838355,0.00015915932032696314,-10.881528948299078,-10.897460104581818
112,112,0.00015979270092523706,0.0001605808777783654,-10.874180630772122,-10.858842587711557
113,113,0.000160723326508119,0.00015835049041350814,-10.846914846364433,-10.919586736022428
114,114,0.00015977443932176365,0.0001589164396711184,-10.872416563831225,-10.90409259673377
115,115,0.0001604194001573109,0.00016004096496065982,-10.853879176938769,-10.873469250516276
116,116,0.00015954155002038964,0.00015956659703270386,-10.87769813287099,-10.886361030891944
117,117,0.00015912872928761177,0.00015886209209719184,-10.891749940118308,-10.905578087371538
118,118,0.00015842702093332546,0.00015909735674014022,-10.908724227542606,-10.899151220345619
119,119,0.00015905514370275604,0.00015814677355688458,-10.888348667296778,-10.925177502767804
120,120,0.0001576751704296558,0.0001610813227384106,-10.930287528213753,-10.845328991171115
121,121,0.00015883056999582644,0.00015853442355843358,-10.897882051282842,-10.914545084916355
122,122,0.00015800598346911486,0.00015872291145282552,-10.919887682379375,-10.909384651852232
123,123,0.00015866104273375161,0.0001576265939021189,-10.901725464218837,-10.939485951883075
124,124,0.00015894279481612684,0.00015880317522188356,-10.895538934282596,-10.907189045619926
125,125,0.00015698975616989215,0.00015705710546554705,-10.947876901223967,-10.955204971076748
126,126,0.0001574378607965065,0.00015736082538129076,-10.939048125337397,-10.946814614704692
127,127,0.00015752761445929938,0.00015693305804712795,-10.93285041554279,-10.95863648698883
128,128,0.0001572055549969292,0.000158077566179839,-10.942176460745836,-10.927078455898913
129,129,0.00015781732613926505,0.0001570574646680861,-10.927266789474228,-10.955195038415521
130,130,0.00015825293922182364,0.00016091095504203908,-10.911893826726931,-10.849924738487992
131,131,0.00015621058842090447,0.00015665183309465647,-10.969273988727286,-10.966426050913922
132,132,0.00015701390259788785,0.00015588478019804155,-10.948187836484841,-10.98774371387082
133,133,0.00015688407618598052,0.00015611390316687328,-10.950791583815215,-10.981365042149786
134,134,0.0001558018494253383,0.00015656165334420572,-10.98328827088179,-10.96892687356544
135,135,0.00015613403131995715,0.00015891809476000307,-10.972198365212847,-10.904047365905035
136,136,0.00015664061656841028,0.00015477456556829182,-10.957351042754732,-11.01878492648302
137,137,0.00015601986876962533,0.0001554512663891441,-10.976443980152354,-10.99983821939148
138,138,0.00015560126042511968,0.0001560748473581809,-10.988135822720423,-10.982451674660494
139,139,0.00015474673925860565,0.00015483283373453704,-11.010348846379348,-11.017150240527409
140,140,0.00015439590353389109,0.00015414745078152535,-11.02266786194943,-11.03641739365048
141,141,0.00015491856107267444,0.00015329145198369302,-11.007792632974127,-11.06060148432505
142,142,0.00015458099264411505,0.00015495070041843543,-11.014017476501339,-11.01384542621393
143,143,0.0001549170379222073,0.00015487807717076257,-11.007340245356666,-11.015881381462842
144,144,0.00015477265471942992,0.00015420928569878206,-11.011403314843287,-11.034675608209369
145,145,0.00015509105962581126,0.00015588814322223984,-10.999286334416682,-10.987650021138569
146,146,0.00015517740934059868,0.0001536092236883154,-10.999359672733725,-11.051607920082207
147,147,0.00015539136164960903,0.0001545687984234016,-10.994816447518405,-11.024562554786373
148,148,0.00015435208906731617,0.0001570067489458444,-11.024037795352816,-10.956597653393732
149,149,0.00015488517717890363,0.0001551387770297496,-11.00718520617676,-11.008577227811521
150,150,0.0001546695357975886,0.00015486525923111722,-11.014671038043417,-11.016240824899153
151,151,0.00015511170144255282,0.00015433732953265702,-10.999472482660957,-11.03107104857781
152,152,0.00015473982679883267,0.00015396637976855824,-11.01246210040987,-11.041521880565382
153,153,0.00015408017235440827,0.00015382241384175263,-11.029516982084349,-11.04558464135794
154,154,0.00015315454460430853,0.00015461080520732425,-11.057101967182927,-11.023382443656264
155,155,0.00015476470862361652,0.0001543476912621899,-11.011181134931151,-11.030779486522144
156,156,0.00015343110420328287,0.00015477721248508285,-11.049339006223672,-11.018710655137294
157,157,0.00015445026138811803,0.0001543419455533455,-11.019576101200173,-11.030941158917226
158,158,0.00015387098549759574,0.0001530871070970438,-11.035773990047087,-11.066394701063363
159,159,0.00015376228434105702,0.00015346591949070754,-11.037323062485736,-11.055661405240818
