,epoch,train_loss,test_loss,train_dbs,test_dbs
0,0,0.0010084388549583627,0.0010058845908037927,-19.974536693865637,-19.98144586003284
1,1,0.0009961223299375054,0.000995524736170314,-20.022014961970363,-20.026406856512242
2,2,0.0009883152772240417,0.0009806817091119132,-20.044060113443855,-20.091646659604166
3,3,0.0009788264083608832,0.0009756292596361355,-20.09354149021957,-20.114079246662925
4,4,0.0009639463417433663,0.0009680367534440991,-20.16027786626472,-20.148008947471702
5,5,0.000960557108874596,0.0009587593774899448,-20.18262939770011,-20.18983116473151
6,6,0.0009481836975667357,0.0009506742445457922,-20.223600673697252,-20.226610129636224
7,7,0.0009345283897439997,0.0009403738413790339,-20.279219201540634,-20.273922014842555
8,8,0.0009331518175685298,0.0009313577197884259,-20.308732974401742,-20.31576222550269
9,9,0.0009265409328869169,0.0009267193810573142,-20.332526489977724,-20.337444954378906
10,10,0.0009208922142393349,0.0009186182900233881,-20.36274585780376,-20.37557653095234
11,11,0.0009102365494100857,0.0009104791189249801,-20.41209767334066,-20.414227511584695
12,12,0.0009080255992192122,0.0009073281789345568,-20.424343254798192,-20.429283422327163
13,13,0.0008974456229515988,0.0009020886561637255,-20.47352958251666,-20.454435196568767
14,14,0.0008951206091484151,0.0008948617859890586,-20.477331216763837,-20.489367787768117
15,15,0.00089283424403192,0.0008917207964450905,-20.497260638397258,-20.504638459782146
16,16,0.0008850504977859019,0.0008860637868852599,-20.530109466188506,-20.532277537667227
17,17,0.0008845736372246186,0.0008889885441596178,-20.53561713638726,-20.51796576699489
18,18,0.0008798319685570512,0.0008827362509787475,-20.552067266332344,-20.548617792714747
19,19,0.0008776108326255967,0.0008812195523396918,-20.56831104087095,-20.556086165910244
20,20,0.0008772714525586014,0.000875489525864587,-20.571870384431232,-20.584417865627703
21,21,0.0008664890006424609,0.0008710922342480013,-20.61490706349059,-20.606285991850104
22,22,0.0008671687983130057,0.0008685939890136453,-20.61789010086272,-20.618759216630785
23,23,0.0008582941570904912,0.0008618555423852644,-20.662282077959837,-20.652582624089476
24,24,0.0008522744318134315,0.0008514761330412799,-20.69711832534912,-20.705202620711873
25,25,0.000836896510871569,0.0008300276148427082,-20.770208670408437,-20.81600199722159
26,26,0.0008194332362690307,0.0008079463854971293,-20.867307493023066,-20.933101988345815
27,27,0.0007984243674184551,0.0007956204935908318,-20.970832035642196,-20.999867800711677
28,28,0.0007868444309425876,0.0007826616668975667,-21.04147233868912,-21.071186777023968
29,29,0.000772985743752383,0.000768124263758134,-21.120598821300725,-21.15261257261468
30,30,0.0007636997231867971,0.0007623202277739581,-21.185982674372525,-21.18555297520954
31,31,0.0007533738035564646,0.0007532154957420732,-21.230477775885177,-21.23773495139428
32,32,0.0007455423186273919,0.000748251249253946,-21.28331933584051,-21.266452906282858
33,33,0.0007399628724970077,0.000740057932776644,-21.307517522419097,-21.314270229788463
34,34,0.0007332182440129061,0.0007318909506705639,-21.351064153864368,-21.36246363785808
35,35,0.0007290325239156708,0.0007319933379461107,-21.37371424236693,-21.361856127698907
36,36,0.000719684793028174,0.0007281675230172512,-21.41842493345511,-21.38461436152108
37,37,0.000715395070842861,0.0007154949769181641,-21.451188815211477,-21.460861520510683
38,38,0.0007114723413587385,0.0007137908097846728,-21.474083200447396,-21.47121789206244
39,39,0.0007072801224061663,0.0007091718174419121,-21.511385386599684,-21.4994127285771
40,40,0.0007059294400381443,0.000705663598828802,-21.513812636506337,-21.52095025993992
41,41,0.000698091050600345,0.0007003288299433495,-21.55928080084611,-21.55390736213061
42,42,0.0006940405709025709,0.0006933929092299781,-21.58981766802627,-21.597133450601966
43,43,0.0006908936775289476,0.0006886175557921984,-21.609024660600582,-21.62714650699439
44,44,0.0006897974106454358,0.0006880543997364217,-21.61614429638781,-21.6306996494861
45,45,0.0006812213459196165,0.0006866348650012361,-21.663811952914863,-21.63966889566122
46,46,0.0006818531894787532,0.0006824525312128428,-21.666228224782937,-21.666202923232277
47,47,0.0006757519620749139,0.0006803699959020474,-21.702384935792495,-21.679475881080208
48,48,0.0006743525550940755,0.0006818206962443104,-21.707304819409362,-21.670225613913345
49,49,0.0006746122782771505,0.0006789628103816588,-21.713611829892912,-21.68846754407841
50,50,0.0006669784185582215,0.0006770128782495464,-21.747335112344036,-21.700958112396126
51,51,0.0006698866287179137,0.0006754311248905173,-21.7402206513083,-21.71111671515051
52,52,0.0006726452763931653,0.0006732750242870105,-21.72721752244797,-21.725002369824743
53,53,0.0006707250164610517,0.0006720085174923664,-21.729129155558194,-21.73317963591961
54,54,0.0006696831587385194,0.0006711807402193939,-21.746522655296005,-21.738532554659024
55,55,0.0006699301728489089,0.0006746731324758576,-21.741799755154325,-21.7159932564369
56,56,0.0006656757263063462,0.0006740894229886564,-21.771751665050424,-21.719752284653175
57,57,0.0006693952528462198,0.0006718799704685807,-21.745213282039494,-21.734010467700156
58,58,0.0006672560186941445,0.0006697641066765707,-21.75681842401869,-21.747708716688873
59,59,0.0006691516027785838,0.000670713525706608,-21.747439175046438,-21.741556767491875
60,60,0.0006617140588974676,0.0006680348642954701,-21.782110924668103,-21.758936126165835
61,61,0.0006605603134490012,0.0006674448101732292,-21.788960667734564,-21.7627738074258
62,62,0.0006617018604919929,0.0006674808652238234,-21.783550471566766,-21.762539209952543
63,63,0.0006623360767634105,0.0006676154658443442,-21.787608996846146,-21.761663523223568
64,64,0.0006625984432943857,0.0006647079319104945,-21.785264629456176,-21.780618800149675
65,65,0.0006617065165047869,0.0006637251843992425,-21.792612359732093,-21.78704444392293
66,66,0.0006592753253272283,0.0006636327996506895,-21.814556151669187,-21.787648985984006
67,67,0.0006578186090037073,0.0006607675734956406,-21.817695462858218,-21.80644018953721
68,68,0.0006606085609990297,0.0006591313929100963,-21.80386186681281,-21.817207446452525
69,69,0.0006572565828334809,0.000658040222907929,-21.816913202788896,-21.824403004168396
70,70,0.0006581569437331223,0.000660702488140056,-21.813336815452335,-21.80686798902547
71,71,0.0006575692287819056,0.000662982862099613,-21.82417784465615,-21.791904390510517
72,72,0.0006546871178572249,0.0006590401141071006,-21.84761652734589,-21.817808914172137
73,73,0.0006551586551178899,0.0006569712453423754,-21.83414414018161,-21.831463796738927
74,74,0.0006541636461612874,0.0006615345421443252,-21.842246399583196,-21.80140215344348
75,75,0.0006546237939229407,0.0006564306064606889,-21.84480095957626,-21.835039191367123
76,76,0.0006538053666068645,0.0006581933458188647,-21.84565259765901,-21.823392538592188
77,77,0.0006527317659065281,0.0006565327455877865,-21.856465018490702,-21.834363491480985
78,78,0.0006523132168198216,0.0006584514263331106,-21.85852045918846,-21.82168998453919
79,79,0.0006497205167855184,0.0006567228518083299,-21.86994221553425,-21.833106126451693
80,80,0.0006501923654871734,0.0006559213905252124,-21.867407502856008,-21.838409471329836
81,81,0.0006523710524317684,0.0006562779492110406,-21.855575857216202,-21.83604928917074
82,82,0.0006512190454121027,0.0006557248446992354,-21.86304631947904,-21.839711023013663
83,83,0.0006483969855909571,0.000650949200223151,-21.880962016216753,-21.871456434753718
84,84,0.0006525373391173396,0.0006545704274781441,-21.864012078259144,-21.847363605897865
85,85,0.0006507255524617725,0.0006561050724581276,-21.867662757314097,-21.837193458502927
86,86,0.0006496839617743858,0.0006513829300131061,-21.87313534056388,-21.868563678643266
87,87,0.0006514085317510612,0.0006522302068524846,-21.861938737819084,-21.862918327313277
88,88,0.0006494483863694843,0.0006539794450968896,-21.873752002239115,-21.851286427792704
89,89,0.0006503236465655344,0.0006528342614489558,-21.86826024625464,-21.858898026353106
90,90,0.0006512212969084299,0.0006527338746788079,-21.86599390713046,-21.859565895294008
91,91,0.0006477557567965969,0.0006507068051417407,-21.876806409951097,-21.87307392581249
92,92,0.0006456706809724882,0.0006491833268419692,-21.895133258985137,-21.883253840338377
93,93,0.0006479986123596654,0.000652361204725151,-21.879253919427015,-21.862046151505183
94,94,0.0006489335900153389,0.0006527984514832497,-21.876197430116356,-21.859136256758234
95,95,0.000648807829063501,0.0006511675647312874,-21.88078459512985,-21.869999814205258
96,96,0.0006471238136243497,0.0006488956829631015,-21.891811356497062,-21.885178563724956
97,97,0.0006460338601717706,0.00065179013242749,-21.893363291435392,-21.865849599102532
98,98,0.0006451248251304952,0.0006489179397344982,-21.902101115812403,-21.88502960561827
99,99,0.0006468099165112548,0.0006499162072462863,-21.89351563862488,-21.878353739292933
100,100,0.0006479544843518242,0.0006501992190207698,-21.88225985204367,-21.87646297711244
101,101,0.0006489254457434428,0.0006511652180434842,-21.88449718477951,-21.870015465405586
102,102,0.0006471595093223852,0.0006510358499853234,-21.886991741695322,-21.870878371071353
103,103,0.0006484166675813726,0.0006516525141992851,-21.881633699775143,-21.866766660355598
104,104,0.0006482843357647202,0.0006501502479965749,-21.885619588630938,-21.876790086803034
105,105,0.0006476527196355164,0.0006524035952201015,-21.88813748534123,-21.861763955694116
106,106,0.0006478958140300183,0.0006494340946358678,-21.884810592823236,-21.881576563125215
107,107,0.0006465685911495815,0.0006496967214747871,-21.897768022802133,-21.87982066006939
108,108,0.000645684246357876,0.0006506062866384653,-21.894465897894392,-21.873744857837444
109,109,0.0006468130729266817,0.0006501531093626431,-21.891666787426306,-21.876770973178708
110,110,0.0006454444698000461,0.0006529252155144748,-21.89358198513737,-21.85829300146878
111,111,0.000649660576096515,0.0006508862808052646,-21.88505043480456,-21.871876235203345
112,112,0.0006455577743124485,0.0006486905959287757,-21.89734588435544,-21.88655139217588
113,113,0.0006458622495855022,0.0006519387059501911,-21.896677996146266,-21.864859751222422
114,114,0.0006461779829402713,0.0006490804126339132,-21.896525252717392,-21.883942376440906
115,115,0.0006442832905731941,0.0006510615287544695,-21.904271867086543,-21.87070707592975
116,116,0.0006465960843680599,0.0006533167416867064,-21.8939061851826,-21.85568953799441
117,117,0.0006475556394584553,0.0006495185539518532,-21.881795615622018,-21.881011797119783
118,118,0.0006489914520307607,0.0006513087428174913,-21.879290485928795,-21.869058332756595
119,119,0.0006482082883558553,0.000652304835200898,-21.881294136138216,-21.862421434874207
120,120,0.0006477561492482488,0.0006524466321264443,-21.887183650806797,-21.861477475444385
121,121,0.000646216658030435,0.0006494676069307484,-21.89348441314212,-21.88135246295307
122,122,0.0006481888565983739,0.0006483861851800037,-21.88030201153638,-21.888589882306555
123,123,0.0006479436025196283,0.0006528418805254134,-21.887688796797637,-21.858847341152448
124,124,0.0006469012671342292,0.0006503858603537083,-21.893065210373454,-21.875216502693625
125,125,0.0006439845736580181,0.0006519564991130641,-21.907088219058885,-21.864741222180797
126,126,0.000645575280416488,0.0006471035303547978,-21.900257349717425,-21.897189720469928
127,127,0.0006455312898267329,0.0006483692007972614,-21.897649741244663,-21.888703646610658
128,128,0.0006448744955837496,0.0006494735073494283,-21.907787404349122,-21.881313007442035
129,129,0.0006485036484292257,0.0006471443369886593,-21.892961905389036,-21.896915861090065
130,130,0.0006466276791263564,0.0006490528313933234,-21.899579720652916,-21.88412692422364
131,131,0.0006454746075665828,0.0006516743114365166,-21.89643048523918,-21.866621394875523
132,132,0.000646178496607877,0.0006516120629385114,-21.90231107721852,-21.867036256562752
133,133,0.0006432652451846864,0.0006485233867638989,-21.91603411923616,-21.88767099185643
134,134,0.0006443289799865373,0.0006501230282561952,-21.902103497756382,-21.87697191601176
135,135,0.000645962183738185,0.0006494617677832904,-21.90092014505502,-21.881391509102453
136,136,0.0006470889322334881,0.0006482187707565332,-21.903689771642135,-21.88971138288968
137,137,0.0006446417915567602,0.0006498057628050447,-21.905166108463767,-21.87909182655481
138,138,0.0006451844171736121,0.0006463306980501665,-21.904888637277548,-21.90237957609473
139,139,0.0006434811253974348,0.000648564576342898,-21.914343078016252,-21.88739516774294
140,140,0.0006463371802927907,0.0006479012755383002,-21.9015979679031,-21.8918390627209
141,141,0.0006438324464360232,0.0006483875545918158,-21.911430391119147,-21.888580709881555
142,142,0.0006455136907104518,0.0006468563132282151,-21.903003181881306,-21.898849200642296
143,143,0.0006447792252448877,0.0006481407541095427,-21.90774924595264,-21.890234111325356
144,144,0.000645139504862546,0.000648384062132161,-21.905818726930228,-21.888604102681594
145,145,0.0006451721221554218,0.000648422365836603,-21.904509107609066,-21.888347548008177
146,146,0.0006441498456100366,0.000650904086222382,-21.907901783929322,-21.871757432750996
147,147,0.0006442757037746691,0.0006441095825529805,-21.91177145425523,-21.917329809300824
148,148,0.0006431743332194452,0.0006484744800744872,-21.91384823185825,-21.88799851599341
149,149,0.0006448445054366416,0.0006493662673930981,-21.911359748096327,-21.88203016628311
150,150,0.0006459776273707754,0.0006490785898150582,-21.905603906176317,-21.883954572792334
151,151,0.0006437911682032509,0.0006481421357755991,-21.912353141301317,-21.890224853316184
152,152,0.00064469019692756,0.0006479183028108979,-21.9042988483909,-21.89172492876807
153,153,0.0006440558726419263,0.0006468284562671263,-21.910619054642588,-21.899036234219107
154,154,0.0006418410891465382,0.0006468512522252766,-21.9289721243548,-21.898883179969737
155,155,0.0006434545508998725,0.0006506186909973621,-21.90920350526421,-21.87366205671215
156,156,0.0006414245899296222,0.0006455890466704181,-21.92706195486887,-21.907365878663754
157,157,0.0006457284133708508,0.0006489468781326554,-21.906571066051683,-21.88483593696397
158,158,0.0006427978238657347,0.000648273792313902,-21.920676866877635,-21.889342764365423
159,159,0.0006434842068029894,0.0006497772471783193,-21.90792979677415,-21.879282413523732
160,160,0.0006423492936331049,0.0006488418133047066,-21.91629721967861,-21.885539118852073
161,161,0.0006421744102160878,0.0006493078851092019,-21.919727050511124,-21.882420643042888
162,162,0.0006435528294346535,0.0006478418730885574,-21.91556475531577,-21.892237261332717
163,163,0.0006444382441671777,0.000646822819314701,-21.90944134858597,-21.89907408209016
164,164,0.000641469873689576,0.0006488307201499609,-21.92106646761971,-21.88561337018696
165,165,0.0006438385888444471,0.0006486972775555363,-21.91413888717683,-21.886506659313923
166,166,0.0006436277666974083,0.0006482131583125968,-21.913502083106504,-21.88974898537967
167,167,0.0006429243319159009,0.0006503632972262016,-21.924785371427422,-21.875367170356405
168,168,0.0006438150129415403,0.0006449058327186657,-21.92058254599221,-21.91196436381338
169,169,0.0006430131142008474,0.0006471813938237334,-21.91985698364106,-21.896667182127562
170,170,0.0006439649750785806,0.0006424735398276857,-21.913126217218664,-21.928374952026072
171,171,0.0006438835977682287,0.0006477097508889672,-21.913560095188668,-21.89312306073053
172,172,0.0006386876525117334,0.0006461637462244222,-21.937241233744672,-21.9035015346051
173,173,0.0006421065106795928,0.0006487063763320054,-21.921565260876214,-21.88644574460321
174,174,0.0006423247534032795,0.000648349446955284,-21.921272852397205,-21.888835964975677
175,175,0.0006410761768737635,0.0006473248848985685,-21.931850354447434,-21.89570438444504
176,176,0.0006398488665431662,0.0006464442152431921,-21.92847338078017,-21.901616877342583
177,177,0.0006435955970634505,0.0006488643488601634,-21.912037051954584,-21.8853882824352
178,178,0.0006416948547001122,0.0006481974177356614,-21.92916918830928,-21.889854446501808
179,179,0.0006421946496798744,0.0006475744119502212,-21.923920796378468,-21.894030613778494
180,180,0.0006417180255497086,0.0006460480324580873,-21.93119815069997,-21.904279330492162
181,181,0.0006438202966369458,0.0006438284242329629,-21.9143720893233,-21.91922594883892
182,182,0.000641898480099962,0.0006488175376465446,-21.920247441501854,-21.88570160809669
183,183,0.000642726289050788,0.0006451432985302649,-21.92476077066147,-21.910365508540586
184,184,0.0006441165244245191,0.0006478438153862953,-21.915950921507886,-21.892224240749144
185,185,0.000643557780686305,0.0006428754330906821,-21.915624620825444,-21.92565911320255
186,186,0.0006422264604666031,0.0006476172742335812,-21.921400921509324,-21.89374316824668
187,187,0.000642644270256008,0.0006461753663116772,-21.922906592973415,-21.903423435293156
188,188,0.0006438648326984924,0.0006429980368059324,-21.912521975978912,-21.924830942804732
189,189,0.0006445759298884761,0.0006439447445843957,-21.91129855075716,-21.91844138074695
190,190,0.0006449762791798441,0.0006458206580167538,-21.90781944394134,-21.905808084411884
191,191,0.0006399193212159516,0.0006431227114884869,-21.941187961251675,-21.923988945241007
192,192,0.000642587361766083,0.0006488731443440836,-21.926925023955878,-21.885329413362648
193,193,0.0006403117908702529,0.0006478557387660993,-21.929086637133523,-21.892144310829615
194,194,0.0006422195943629311,0.000645430801485322,-21.922065490394964,-21.90843054100984
195,195,0.0006410944852833972,0.0006444153382050756,-21.932202295106144,-21.915268723902027
196,196,0.0006410736745444232,0.0006433649013113035,-21.927528934974767,-21.92235376890789
197,197,0.000641043829016349,0.0006463872697694521,-21.925351322665225,-21.90199946556568
198,198,0.0006417556348996065,0.0006420498217554076,-21.92957067255395,-21.931240114822653
199,199,0.0006431889133383855,0.0006454915825375601,-21.915288077964227,-21.908021579542634
200,200,0.0006444775163359248,0.000647313494578396,-21.913219802805656,-21.89578080351737
201,201,0.0006410140452964097,0.0006447436539211163,-21.929473171857637,-21.913056650639504
202,202,0.000640000711127962,0.0006445398229468418,-21.93953579194471,-21.91442985784636
203,203,0.0006428743291348603,0.0006451687781679395,-21.92120402556413,-21.910193989320636
204,204,0.0006405643251071655,0.0006426615842716082,-21.928479444981694,-21.927104009175014
205,205,0.0006436276244786904,0.0006483268317472385,-21.91754374976771,-21.8889874547534
206,206,0.0006421901598889573,0.0006448072595766893,-21.92372447846825,-21.912628228853805
207,207,0.0006434473091467601,0.000645367070223744,-21.92417660922908,-21.908859394137927
208,208,0.0006423165113185101,0.000645970849099716,-21.92421052938709,-21.904798213105316
209,209,0.0006413564737646159,0.0006450173432791704,-21.930972848302368,-21.91121349086028
210,210,0.0006408492672093904,0.0006439406608574485,-21.930962249921407,-21.918468922639597
211,211,0.0006405858715429672,0.0006446642893072413,-21.930702757484045,-21.913591277622203
212,212,0.0006438777986049806,0.0006459679387166704,-21.91513244315584,-21.904817780027663
213,213,0.0006429259929345133,0.0006441486092578424,-21.923104399524867,-21.91706667753607
214,214,0.0006427550190320411,0.0006441599995780148,-21.92392054832122,-21.916989882998422
215,215,0.0006434627845835363,0.0006444656755775213,-21.921783764529565,-21.914929495643346
216,216,0.0006408019899870701,0.0006486125026927574,-21.923976497308768,-21.88707425320278
217,217,0.0006399813057739556,0.0006464461789858577,-21.924525956167056,-21.901603684536646
218,218,0.0006396342536972202,0.0006398253516588164,-21.935634372241843,-21.946312971804012
219,219,0.0006426531196207038,0.0006438969223956136,-21.925985648355343,-21.91876391904095
220,220,0.0006421229984496057,0.0006466602820805029,-21.92750690259154,-21.900165538549253
221,221,0.000640708983746194,0.0006429145333210105,-21.9312302601767,-21.92539497963919
222,222,0.0006418881239369512,0.0006428056758044189,-21.92699273911815,-21.926130384100393
223,223,0.0006413990385667181,0.0006447815256634433,-21.927426471511428,-21.91280155692008
224,224,0.0006396572055179894,0.0006427602952738342,-21.939489976728076,-21.926436996354767
225,225,0.000641532109680672,0.0006453895475715399,-21.917930325478345,-21.908708137301712
226,226,0.0006409234777765022,0.0006455337984095278,-21.93353198156136,-21.907737555378258
227,227,0.0006426551124829915,0.0006442682535730695,-21.92394752371767,-21.916260092842208
228,228,0.0006429609397339836,0.0006437852954197871,-21.923775855000066,-21.919516884005183
229,229,0.0006411374395367564,0.0006462198921087149,-21.931454809717973,-21.903124187708677
230,230,0.0006437389055247774,0.0006441068467929176,-21.92005792356897,-21.91734825535495
231,231,0.0006416141944841395,0.0006488258398971276,-21.932373974982887,-21.88564603625503
232,232,0.0006410931123026944,0.0006477044846274351,-21.9352441258253,-21.893158371571822
233,233,0.0006421474558685321,0.000646125503791202,-21.92296681354676,-21.903758574238083
234,234,0.0006381005592423386,0.0006431979617398037,-21.9451981043548,-21.92348081737482
235,235,0.0006387767078326151,0.0006417210802043739,-21.934943795333478,-21.9334643535009
236,236,0.0006396072291404239,0.0006427459578078828,-21.936552467483885,-21.92653387153266
237,237,0.0006407731321889945,0.000643848533448028,-21.93042813311311,-21.919090304241315
238,238,0.0006376267278797387,0.0006421707037493194,-21.945261226427284,-21.93042252341947
239,239,0.0006399140843267063,0.0006473225964184262,-21.93603098806452,-21.895719738034522
240,240,0.0006403381265363819,0.000644553002386697,-21.93295815293289,-21.914341054962794
241,241,0.0006398224828707188,0.0006435017015686945,-21.935985642358663,-21.92143041605999
242,242,0.0006426499001969842,0.000645233131332421,-21.930996509297454,-21.909760818476038
243,243,0.0006431232496961644,0.0006483788908410229,-21.914208544797518,-21.88863874067307
244,244,0.0006404242888765083,0.0006436416113406027,-21.937956289954712,-21.92048627811461
245,245,0.0006411650641725312,0.0006436986517847368,-21.929416620075422,-21.92010141715968
246,246,0.0006417729387770302,0.0006458858934868323,-21.92904788083019,-21.905369418142513
247,247,0.0006393685315245974,0.0006442538548358961,-21.94245639809894,-21.916357154306038
248,248,0.0006393469400828724,0.0006455620720149263,-21.932874080127533,-21.907547343774432
249,249,0.0006426527997786083,0.0006497647233405395,-21.929265758227906,-21.879366120456844
250,250,0.000641641018014478,0.0006459538340813628,-21.92681225916427,-21.904912608761297
251,251,0.0006393079145465853,0.0006487784803060716,-21.943516781538417,-21.885963051368954
252,252,0.0006419787802685474,0.0006470537505504724,-21.920659340558863,-21.897523823513794
253,253,0.0006379086653865182,0.0006468649432798358,-21.94511657807766,-21.89879125950886
254,254,0.0006407568730490724,0.000642106231105955,-21.93304740660257,-21.930858568208727
255,255,0.0006403036207949608,0.0006435135698043986,-21.939316858604574,-21.921350318964162
256,256,0.0006414323963570533,0.0006425852709645895,-21.927583839425523,-21.92761974586852
257,257,0.000638241035930966,0.0006439107298654946,-21.94578019343733,-21.91867079165553
258,258,0.0006416233192850865,0.0006460066713196667,-21.9248660598034,-21.904557382406445
259,259,0.0006413442027495848,0.0006462612318022078,-21.933107791746956,-21.902846371647126
260,260,0.000642921902796196,0.0006459222916562698,-21.92070149029213,-21.905124683292186
261,261,0.0006383561964876489,0.00064293006251223,-21.939406639041312,-21.925290079839055
262,262,0.0006404081815565677,0.0006463731069264835,-21.942152383705974,-21.90209462387437
263,263,0.0006381528777281571,0.0006450420202638366,-21.94546712072156,-21.91104734225387
264,264,0.000639313389667185,0.0006425624719428781,-21.94516632205844,-21.92777383693514
265,265,0.0006410958120580186,0.0006439069187954852,-21.933092566896836,-21.91869649601945
266,266,0.0006412746217917919,0.0006421879577254387,-21.93263486067558,-21.930305837841765
267,267,0.0006412499789484613,0.0006429102136998585,-21.931522167346248,-21.925424159162056
268,268,0.0006394407768330546,0.0006441678208495049,-21.938245169639423,-21.91693715208637
269,269,0.0006410978601275722,0.0006426760473435646,-21.93040879843845,-21.927006272484082
270,270,0.0006389483670252807,0.0006469736200463222,-21.94358632852838,-21.898061682860813
271,271,0.0006425497998224245,0.0006479915157940827,-21.927147819580142,-21.891234215692545
272,272,0.0006415723485766535,0.0006433815915921801,-21.928636220465812,-21.92224110496163
273,273,0.0006400755127728677,0.0006431970855613288,-21.934731266615334,-21.923486733434242
274,274,0.0006399100667979453,0.000643954701157973,-21.934016005711644,-21.91837423132814
275,275,0.0006415052513457527,0.0006464837443720745,-21.924948786728674,-21.901351320666734
276,276,0.0006426032782609085,0.0006428209017030895,-21.921081247524945,-21.92602751560202
277,277,0.0006379555861619254,0.0006449251454078445,-21.945594838695683,-21.911834309651496
278,278,0.0006429802136706937,0.0006462436990420285,-21.924498514123762,-21.90296419527499
279,279,0.0006417912519872957,0.0006414388251294824,-21.929129351517087,-21.93537497778057
280,280,0.0006435758262613462,0.0006434008797728701,-21.91697821850109,-21.922110908123752
281,281,0.000640681506729848,0.0006441919433296119,-21.927972695866224,-21.91677452266728
282,282,0.0006412989549943697,0.0006459742741610267,-21.925667779311034,-21.904775186040144
283,283,0.000641483259651349,0.000646980123986539,-21.931068660553336,-21.898018024030506
284,284,0.000641987497015789,0.000645862913715016,-21.927044969133615,-21.90552393716418
285,285,0.0006404311477792324,0.0006502018873824886,-21.92940744664352,-21.876445154076695
286,286,0.0006418178054820938,0.0006460174673089856,-21.926566124962356,-21.90448480421773
287,287,0.0006423204334347134,0.0006446122118320904,-21.920015842421464,-21.91394212493978
288,288,0.0006395215978701934,0.0006455189860916059,-21.938857371062277,-21.90783720905648
289,289,0.0006410421829997111,0.0006463376584609872,-21.934848739768352,-21.90233280666627
290,290,0.0006429523598047492,0.0006427327875587109,-21.92343805182751,-21.926622861981727
291,291,0.0006430236383859721,0.0006392741955718712,-21.921914138806326,-21.950055668180696
292,292,0.0006422373374981671,0.0006463955934649627,-21.931871336483848,-21.901943540705716
293,293,0.0006410534362807946,0.0006453628057466918,-21.93042584256422,-21.908888091681643
294,294,0.0006389319224609542,0.0006457431039674894,-21.93618189723089,-21.90632964279989
295,295,0.0006386779996412854,0.0006433288033708538,-21.934560924555747,-21.922597449844424
296,296,0.0006406845551310587,0.0006425601957169803,-21.93461056906734,-21.927789221495253
297,297,0.0006384365770668175,0.0006441125940335425,-21.94306290741492,-21.91730950427248
298,298,0.0006409159767892711,0.0006458016087938296,-21.927558164653128,-21.905936186452454
299,299,0.0006410802316074212,0.0006427744121633862,-21.930924859147126,-21.9263416136755
300,300,0.0006401152440020334,0.0006443745407618975,-21.93390601551902,-21.9155436811273
301,301,0.0006427888244812944,0.0006466241014239035,-21.921786932568956,-21.900408533202516
302,302,0.000639050826910384,0.0006418034654894942,-21.94490313734334,-21.93290683436522
303,303,0.0006403126117782955,0.0006427338659322183,-21.930987831253784,-21.926615575419103
304,304,0.0006412228121729472,0.0006430377099221866,-21.934395542849266,-21.924562990447754
305,305,0.000642353029124746,0.0006447173992024833,-21.92852862630119,-21.9132335040528
306,306,0.0006406530431836613,0.0006443879806044462,-21.936214658558857,-21.91545310044451
307,307,0.000640364066750464,0.000645851783797537,-21.931578505976166,-21.905598778175968
308,308,0.000644037887674862,0.000645149508368616,-21.920051438199902,-21.910323705648793
309,309,0.0006407710247116221,0.0006422700029552767,-21.92899524858118,-21.929751023410702
310,310,0.0006418462324234628,0.0006490064919681141,-21.932519685430286,-21.884437001834264
311,311,0.0006415165844373405,0.0006423034233433244,-21.93700561547334,-21.929525045045928
312,312,0.000636557183113218,0.0006436585681512952,-21.950483985470726,-21.92037186425167
313,313,0.0006402714841653468,0.0006456111043103432,-21.931071972100085,-21.907217497155322
314,314,0.000637455125094497,0.0006447155365573341,-21.950323250436167,-21.913246051219662
315,315,0.000640519425397758,0.0006456013775038484,-21.93153995332193,-21.907282928653963
316,316,0.0006408875672501925,0.0006435203188295035,-21.93281875638418,-21.921304771377773
317,317,0.0006413369249917337,0.0006469255588997744,-21.925804416690422,-21.89838431527436
318,318,0.0006420952279946392,0.0006432382475682779,-21.92873025908504,-21.923208811458252
319,319,0.0006395296689324541,0.0006439013645592096,-21.943186305281436,-21.91873395771615
320,320,0.0006432900656513946,0.0006441758933330053,-21.921709650844146,-21.916882728177576
321,321,0.0006412588511161583,0.0006489891338309175,-21.93084938306677,-21.884553158515395
322,322,0.0006441862343992922,0.0006465803690891909,-21.913734561589774,-21.90070226419536
323,323,0.0006400966091494355,0.0006459192311587302,-21.932801137561615,-21.905145261005003
324,324,0.0006419311291970236,0.0006460798751121681,-21.931598693104604,-21.904065279098667
325,325,0.0006399157033397903,0.0006463360531549705,-21.937227407267205,-21.90234359323273
326,326,0.0006410959890813173,0.0006436303558171188,-21.928367175087203,-21.920562224952022
327,327,0.0006389809375119962,0.0006456229664189251,-21.94230099529917,-21.90713770297365
328,328,0.0006428398521972302,0.0006433884600961679,-21.92676463937509,-21.92219474153598
329,329,0.0006417391933356747,0.0006446706982770641,-21.929310775308245,-21.91354810218284
330,330,0.0006379685016617793,0.0006473236288385172,-21.946293640754174,-21.895712811441918
331,331,0.0006387313634646845,0.0006456833093819258,-21.942838753176076,-21.90673180986583
332,332,0.0006400590052002484,0.0006461889103153034,-21.92904343520752,-21.903332406994952
333,333,0.0006399160435845711,0.0006412837292851979,-21.933459668793365,-21.936425201298277
334,334,0.0006400394942323418,0.0006466143531724811,-21.943279747333385,-21.900474006229334
335,335,0.0006420160187696366,0.0006423429677900123,-21.922643683758434,-21.929257672870826
336,336,0.0006421471570292008,0.0006461510722721485,-21.922085106495164,-21.903586718609148
337,337,0.00064181933508341,0.0006449006828724554,-21.927124652164096,-21.91199904420559
338,338,0.0006408828572302903,0.0006455271719268671,-21.929945158830062,-21.907782136461876
339,339,0.000641240446693888,0.0006478733879416005,-21.92505375862099,-21.892025999997934
340,340,0.0006377856719989291,0.0006422899589922867,-21.947558485946846,-21.929616085423977
341,341,0.0006427377973654375,0.0006427529182187037,-21.919384357717476,-21.926486841261877
342,342,0.0006395621296047166,0.0006406250667121066,-21.938985554190022,-21.940888132623755
343,343,0.0006396091685956824,0.0006448802397292303,-21.9384491948082,-21.912136716334874
344,344,0.0006397818179186626,0.0006452596341995033,-21.93917956887393,-21.90958243624504
345,345,0.0006397659314277861,0.000645785589432834,-21.932059286927657,-21.90604391623011
346,346,0.0006382823033623167,0.0006440849025047532,-21.94837629272488,-21.917496219091955
347,347,0.0006399691655761419,0.0006473372279862432,-21.937284222965605,-21.89562157465531
348,348,0.0006405046316507013,0.0006422376609407365,-21.939744639602242,-21.929969721342157
349,349,0.0006399816916247388,0.0006418511804536377,-21.930667510840472,-21.93258396955564
350,350,0.0006406117853535743,0.0006458585512040085,-21.934917219732974,-21.905553271885466
351,351,0.0006410309609227343,0.0006424773417070116,-21.936044787596778,-21.9283492524412
352,352,0.0006393977421691123,0.0006437257949360891,-21.944148853132756,-21.919918289972912
353,353,0.0006415014018391058,0.0006443879254603464,-21.928909157058875,-21.915453472096065
354,354,0.000639724504375427,0.0006425042397734758,-21.939033526432155,-21.92816743377532
355,355,0.0006384729502540197,0.0006414782960507038,-21.948466587172334,-21.935107743007496
356,356,0.0006380469169822935,0.0006455004546105078,-21.953307666605717,-21.90796188758152
357,357,0.0006419122519125183,0.0006457506801540914,-21.934010343874686,-21.90627868946081
358,358,0.0006407679637087529,0.0006426422470739405,-21.935470359293788,-21.927234687043367
359,359,0.0006429864316890688,0.0006455183825700691,-21.9251478118072,-21.907841269451318
360,360,0.0006412169740045655,0.000642801083526329,-21.930139028769887,-21.92616141071128
361,361,0.0006401776000089252,0.000642812155236147,-21.938827654743523,-21.926086607771573
362,362,0.0006402665077103782,0.0006425400987561596,-21.933751892418446,-21.927925055238745
363,363,0.0006426650815950611,0.0006468257205070634,-21.92038541141134,-21.89905460273707
364,364,0.0006408588648725723,0.0006468023608536704,-21.937415370870077,-21.899211447949614
365,365,0.0006405976162887341,0.000647563242206448,-21.93073927885333,-21.89410552408736
366,366,0.0006394047384899225,0.000644250111164231,-21.938173457350633,-21.916382390641964
367,367,0.0006410344683843636,0.0006450717031073413,-21.932689067395515,-21.910847497931467
368,368,0.0006396427376138181,0.0006444458665914441,-21.944553704407372,-21.915062987090423
369,369,0.0006402727461314385,0.000644663456018622,-21.935914588072393,-21.913596891286385
370,370,0.0006418385958183825,0.0006437402151181901,-21.928881804078944,-21.919821004212107
371,371,0.0006407996418780272,0.0006454072304462132,-21.928687691336926,-21.908589147619896
372,372,0.0006411554965132982,0.0006449873479524333,-21.932720481506145,-21.911415456093053
373,373,0.0006389468704283084,0.0006458247846335565,-21.946642912263673,-21.90578033427478
374,374,0.0006415570321608066,0.0006431827572860607,-21.935904609229965,-21.923583480766204
375,375,0.0006412255893384596,0.0006435172430141584,-21.92828616400234,-21.92132552927438
376,376,0.0006401874701079634,0.0006471439111536663,-21.938230809515694,-21.89691871884278
377,377,0.0006415419941816057,0.0006442074939657591,-21.930170277728216,-21.916669686305607
378,378,0.0006415574078102471,0.0006436615061063908,-21.926912704148123,-21.92035204109018
379,379,0.0006390743812104475,0.0006442160413012301,-21.93849973862429,-21.916612064560454
380,380,0.000640028299158919,0.0006424501832378538,-21.93548823241146,-21.92853283903367
381,381,0.0006406234976950764,0.0006446464042375354,-21.931147572464404,-21.913711766610948
382,382,0.0006402401138365883,0.000643380433566084,-21.926248567725747,-21.922248921859136
383,383,0.0006415167422581118,0.0006442818894835287,-21.931461434953295,-21.916168175570686
384,384,0.0006432019716570366,0.0006429308161482607,-21.92160389335305,-21.92528498908663
385,385,0.0006419653288981656,0.0006438257374898775,-21.92210907851614,-21.919244072302988
386,386,0.000640858064967294,0.0006431027983413323,-21.935469328663192,-21.924123418859534
387,387,0.0006419861138337435,0.0006456107397465722,-21.922055568776038,-21.90721994953072
388,388,0.0006379929806835489,0.0006442519676822581,-21.948460337174772,-21.916369875714
389,389,0.000641932651597392,0.0006461795756446296,-21.928896749886988,-21.903395144457342
390,390,0.000641154582593014,0.0006420918630043927,-21.92957842976984,-21.93095574927842
391,391,0.0006399332640510168,0.0006431452164083327,-21.934654518257926,-21.92383697437563
392,392,0.0006412231152128313,0.0006444992215715741,-21.93057326944701,-21.914703440765628
393,393,0.000639699817726331,0.0006438661458607959,-21.93556574779475,-21.918971505041437
394,394,0.0006426100861569194,0.0006444795596364297,-21.924771471203815,-21.914835934334363
395,395,0.0006389869875082574,0.0006445946392456168,-21.944046973449783,-21.91406051831214
396,396,0.0006427077106056139,0.0006448403307187714,-21.923675056399627,-21.9124054918111
397,397,0.0006388639917203523,0.0006440002869471515,-21.937907008068485,-21.918066803554893
398,398,0.0006392964746409393,0.0006438910955024001,-21.94065413995816,-21.91880322034728
399,399,0.0006415495557768136,0.0006451840806556376,-21.928702955210973,-21.910090982055273
400,400,0.0006385939165748195,0.0006421912173544498,-21.940236004664968,-21.930283793901467
401,401,0.0006395832421834168,0.0006452109634042962,-21.94253513452569,-21.909910029261688
402,402,0.0006407784416877962,0.0006417379696167222,-21.929008326970717,-21.933350053343258
403,403,0.0006404371071635678,0.000641640468721131,-21.93927669023242,-21.93400993821825
404,404,0.0006419913405216462,0.0006429173946870785,-21.931446518122314,-21.92537565090008
405,405,0.0006392719266100873,0.0006464753348968531,-21.940957865571352,-21.901407814158954
406,406,0.0006410103584111659,0.0006426276430781735,-21.93082036228808,-21.927333381252637
407,407,0.000639515136819832,0.0006458911628119255,-21.936851738858458,-21.90533398727927
408,408,0.0006414011820488292,0.0006429712919175232,-21.927651380922164,-21.925011587197993
409,409,0.0006395905571461646,0.0006430366744385346,-21.94683959272936,-21.92456998389762
410,410,0.0006385263842866593,0.0006444991296647411,-21.946693691820713,-21.914704060077984
411,411,0.0006409100702118859,0.0006445780531258175,-21.94149524567658,-21.9141722684345
412,412,0.0006401032658255438,0.0006441594512005778,-21.938639135118677,-21.916993580176086
413,413,0.0006399322679199124,0.0006428729209705795,-21.936587155931434,-21.9256760838624
414,414,0.000640165193976124,0.0006448234903234008,-21.935283157204935,-21.91251891192359
415,415,0.0006390207917573526,0.0006456784046206035,-21.940171361999802,-21.906764800014976
416,416,0.0006385831259546283,0.0006447953331333242,-21.945437900463148,-21.91270855729873
417,417,0.0006399930271166424,0.0006423550627292379,-21.939647850539625,-21.929175898551257
418,418,0.0006408604118761789,0.0006431792433814783,-21.93362398845633,-21.92360720766997
419,419,0.0006383301242561915,0.0006432614203444437,-21.941432184771514,-21.923052358890537
420,420,0.0006411547296123637,0.0006492719863002238,-21.92641982940561,-21.882660761575345
421,421,0.0006377275855539693,0.0006430573167132312,-21.94369147920558,-21.924430572220754
422,422,0.0006394084739815636,0.0006447246322702421,-21.943410308244083,-21.91318478094097
423,423,0.0006417290021943831,0.0006457500705054324,-21.93249768754811,-21.906282789606294
424,424,0.0006379030942532819,0.0006449175906661702,-21.948210917795844,-21.911885183801182
425,425,0.0006383207648243639,0.0006440346601027015,-21.94499767088069,-21.91783500748727
426,426,0.0006406313797324588,0.0006433388028342865,-21.936548149675346,-21.922529946601628
427,427,0.0006385615597162204,0.0006463364085280581,-21.95045035356498,-21.90234120536456
428,428,0.0006404290265000435,0.0006424212785388686,-21.934607387651887,-21.928728238365757
429,429,0.0006388888331898249,0.0006441233655143725,-21.941982443823925,-21.917236877908472
430,430,0.0006396351988216114,0.0006434658180775219,-21.939136679645568,-21.92167259780854
431,431,0.0006390792370495415,0.0006436568341757122,-21.9445158473113,-21.92038356388683
432,432,0.0006382465380551197,0.0006423837008984073,-21.94338355978878,-21.928982280997303
433,433,0.0006406796566863573,0.0006467091183080093,-21.93507228833784,-21.89983756876542
434,434,0.0006405665664021502,0.0006443516590240362,-21.936542956941572,-21.915697901822
435,435,0.0006400168016456912,0.0006442534381915864,-21.942157214487178,-21.91635996292537
436,436,0.0006399236267826223,0.0006404664630903618,-21.93572142176155,-21.941963476211363
437,437,0.00063857041268139,0.000643792746000384,-21.941100659019973,-21.91946662303558
438,438,0.0006413972209274923,0.0006400993443094194,-21.932124721091277,-21.944453589007015
439,439,0.0006381227501629631,0.0006463728832865232,-21.941815707474067,-21.90209612649904
440,440,0.0006400925466147511,0.000643492406724315,-21.93457384614403,-21.921493146722057
441,441,0.000638979100670243,0.000644929510982413,-21.94098629345103,-21.91180491184398
442,442,0.0006400962779058393,0.0006438471517819716,-21.937664649225297,-21.919099623989
443,443,0.0006403264489994605,0.0006440987926907837,-21.9427382084923,-21.917402561158408
444,444,0.0006396771437421287,0.0006464000754548531,-21.936956343324745,-21.90191342761787
445,445,0.0006438073451323531,0.0006409043256242416,-21.920795393694334,-21.938995384674197
446,446,0.0006415648685921867,0.0006446126437942056,-21.931927593887544,-21.91393921468309
447,447,0.0006414572450274736,0.0006422249747342185,-21.93592399130294,-21.930055508960017
448,448,0.0006364282033377394,0.0006441213956445848,-21.960628884817147,-21.917250159601586
449,449,0.0006405346464010474,0.000646645503461753,-21.933166044167404,-21.900264792301076
450,450,0.0006390977332838954,0.0006439261487685144,-21.93969949562076,-21.9185667979804
451,451,0.0006386137263820574,0.0006463936971206414,-21.938590588877386,-21.901956281712785
452,452,0.0006386846569174728,0.0006478642248303482,-21.944104369062956,-21.8920874242958
453,453,0.0006406417400960225,0.000641446422761012,-21.938350244691488,-21.93532353733484
454,454,0.0006378811625667761,0.0006426129441120123,-21.94921360318326,-21.927432719539297
455,455,0.0006381392763380307,0.0006437887020997311,-21.942744695245004,-21.919493902765982
456,456,0.0006394341117558405,0.0006442076716523029,-21.93243799241261,-21.91666848842642
457,457,0.0006415442042724834,0.0006455628838586179,-21.931204177423545,-21.90754188219252
458,458,0.0006412867067823398,0.0006417974762275423,-21.931226988319736,-21.932947362590646
459,459,0.0006426029440169175,0.0006424814131797144,-21.9334627071608,-21.928321730653103
460,460,0.0006399736631680856,0.0006427628625380365,-21.940174617577316,-21.926419650130082
461,461,0.0006388616850167589,0.0006435074916991748,-21.948555489518796,-21.921391339078564
462,462,0.0006375904297024088,0.0006453120884926696,-21.952135702479538,-21.90922940495377
463,463,0.0006378436630313314,0.0006448308612514092,-21.950789195253023,-21.912469268337205
464,464,0.0006380567858811736,0.0006439183366877076,-21.94808757089544,-21.918619486695924
465,465,0.0006394064991216454,0.0006447572285603536,-21.937858979744313,-21.91296521385191
466,466,0.0006370662241098807,0.000647403964601261,-21.952350276853444,-21.895173865972914
467,467,0.000640968063044525,0.0006461014732179281,-21.933095692756158,-21.903920099195492
468,468,0.0006401057387510142,0.0006479223375208676,-21.94176536928029,-21.891697884512453
469,469,0.0006391431466609086,0.0006450368183370875,-21.942071959189015,-21.91108236597513
470,470,0.0006413491281978402,0.0006415038706587726,-21.93202036331147,-21.93493460091011
471,471,0.0006417751506681449,0.0006454297568109867,-21.9267976866901,-21.90843757037171
472,472,0.0006407889388693669,0.0006466423725023082,-21.936566688372622,-21.900285820232064
473,473,0.0006387406184827697,0.0006451689190917501,-21.94332203184203,-21.910193040694033
474,474,0.0006398387240082717,0.000641349592785302,-21.93581866927817,-21.9359791789755
475,475,0.0006389590904366263,0.0006444391512655114,-21.937487066218825,-21.915108242159054
476,476,0.0006397743049298518,0.0006446781029042445,-21.940419869881453,-21.913498219812418
477,477,0.000640577564649668,0.0006411796478603623,-21.933490184502034,-21.93713012573323
478,478,0.0006399143117566392,0.0006451871472802994,-21.9368586854412,-21.91007033965191
479,479,0.0006402992720226038,0.0006419169949367642,-21.93607551264069,-21.93213867316297
480,480,0.000638122252097411,0.0006436861984088624,-21.9473346821883,-21.92018543915858
481,481,0.0006409835720857241,0.0006395099365985707,-21.932842107541724,-21.94845444361686
482,482,0.0006383358466093303,0.0006430652452093598,-21.938215857400163,-21.924377026746626
483,483,0.0006405087271897295,0.0006445233471152422,-21.938548540930114,-21.91454087432585
484,484,0.0006413043839088881,0.0006445823482384807,-21.932691740887044,-21.91414332954176
485,485,0.0006409625927245571,0.000642867308526643,-21.939237128541954,-21.925713999039598
486,486,0.0006418439191190008,0.0006431422355633817,-21.928696351922127,-21.923857103072546
487,487,0.000638244185745524,0.000644956522400638,-21.94146223877558,-21.911623021202765
488,488,0.0006410781271304435,0.0006451699300669134,-21.934840309518254,-21.910186235335345
489,489,0.0006385735594955532,0.0006425580665420153,-21.944431174991156,-21.927803612216564
490,490,0.0006423753412613241,0.000642853893192583,-21.9352363026132,-21.925804628416287
491,491,0.0006395787613936843,0.0006429605480087431,-21.938424938804204,-21.925084157456425
492,492,0.00064183247621296,0.0006467721418869731,-21.922582470524013,-21.899414357491512
493,493,0.0006421617881548543,0.0006415016495769745,-21.927048322162875,-21.93494963753394
494,494,0.0006403963714021921,0.0006434316226085158,-21.931275815261387,-21.921903399471976
495,495,0.000641767668883441,0.0006447895613842105,-21.933174421411316,-21.912747432425164
496,496,0.000643299404080458,0.0006470771776022095,-21.921203206153812,-21.897366586883766
497,497,0.0006388550607449154,0.000648306373286208,-21.9489914623174,-21.889124501941456
498,498,0.0006393370429802802,0.0006423416535223001,-21.937921479429093,-21.92926655877489
499,499,0.0006387868845720113,0.0006438342725711042,-21.940595895600964,-21.919186499051506
500,500,0.0006416868772501722,0.0006417861992591306,-21.93217101823003,-21.933023672772016
501,501,0.0006393113499987371,0.0006455872759321018,-21.936430040160495,-21.90737779062134
502,502,0.0006386651141453803,0.0006427566526996854,-21.95089554885611,-21.92646160824114
503,503,0.000640511976617398,0.0006446987941959186,-21.939761013799348,-21.91335883289121
504,504,0.0006386741735377186,0.0006418301828058535,-21.94836513070799,-21.93272604784434
505,505,0.0006384610704904826,0.0006423829533894988,-21.94488048630204,-21.928987334661997
506,506,0.0006394914288995499,0.0006434612012909431,-21.9431692074205,-21.921703758004966
507,507,0.0006413335081420301,0.0006415696177435549,-21.92991393412801,-21.934489519682803
508,508,0.0006384502132615247,0.0006441051955334842,-21.949841474436464,-21.917359389125423
509,509,0.0006398865407015936,0.0006433416274376214,-21.9427926431182,-21.922510878780077
510,510,0.0006416590185835958,0.000645706313662231,-21.931490526095992,-21.90657708302244
511,511,0.0006373183388915873,0.0006401309112430011,-21.949286424749673,-21.94423941901676
512,512,0.0006384764793184921,0.0006457191990002206,-21.94676874015366,-21.906490418617388
513,513,0.0006398503175341361,0.0006470234733761141,-21.944117706375543,-21.89772704492146
514,514,0.0006380596470577431,0.0006433440537780131,-21.949763891345206,-21.922494499546843
515,515,0.0006379312451583208,0.0006432411548877625,-21.944945660455687,-21.923189182184643
516,516,0.0006370485751870443,0.0006390967020323794,-21.95585181931204,-21.951261647844575
517,517,0.0006403140633693445,0.0006467194394453576,-21.93706343099271,-21.89976825820365
518,518,0.0006411659258859444,0.0006470461713003093,-21.934096021465304,-21.89757469480228
519,519,0.0006401521560601582,0.0006442113203535739,-21.935859066199978,-21.91664389066998
520,520,0.0006406179595661839,0.0006441832948966246,-21.936842898599963,-21.91683282814556
521,521,0.000641272474709207,0.0006450764240549976,-21.93527377428544,-21.910815714270765
522,522,0.00063917223008868,0.0006445959014327903,-21.94219243461145,-21.91405201435703
523,523,0.0006376493628588074,0.0006447614654653558,-21.95118377625951,-21.91293667507273
524,524,0.0006389838088899083,0.0006440054643654117,-21.943121346092376,-21.918031888739048
525,525,0.0006403075459115591,0.0006460371353712521,-21.934406877386216,-21.904352584868874
526,526,0.0006384629655398966,0.0006432874146603832,-21.946939432752437,-21.92287686321299
527,527,0.0006396580774327452,0.0006469252862428364,-21.94309558085493,-21.89838614567705
528,528,0.0006412015327722909,0.000643393545607595,-21.924297318624628,-21.92216041389477
529,529,0.0006409676495901088,0.0006410416497505809,-21.938514283097387,-21.938064938123794
530,530,0.0006381198685837084,0.0006441986280199336,-21.949563626494978,-21.916729456765918
531,531,0.0006402172394260072,0.0006383701815809074,-21.937942767291524,-21.956201484033354
532,532,0.0006381817667303395,0.0006423906735634725,-21.949702611579276,-21.928935141359055
533,533,0.0006393408360795031,0.0006418939661479703,-21.943455166258254,-21.932294479215457
534,534,0.0006414673269543912,0.0006465869097921409,-21.93851823369846,-21.900658331886753
535,535,0.000640673165632047,0.0006426908474072422,-21.94155904041358,-21.92690626079071
536,536,0.0006408368737782477,0.0006453518014352181,-21.931513101134442,-21.908962145414726
537,537,0.0006413777753681943,0.0006410361292134775,-21.93645230196273,-21.938102338956107
538,538,0.0006398476579841034,0.0006421433001952736,-21.93648927485585,-21.930607855235085
539,539,0.0006402589131108264,0.0006413087922785627,-21.933759694401566,-21.936255471325016
540,540,0.0006419143773922601,0.0006450980252243186,-21.92950636871497,-21.91067028791164
541,541,0.000637889869112675,0.0006427408661693335,-21.94448676775114,-21.92656827516068
542,542,0.0006379731330713353,0.0006445402824810069,-21.950572197611006,-21.914426761480957
543,543,0.0006372693196399925,0.0006447959703540331,-21.94387817913967,-21.912704265374042
544,544,0.000641916025809214,0.0006465859631517608,-21.927608670635166,-21.900664690212107
545,545,0.0006402667453416536,0.0006452477782180434,-21.942790881751982,-21.90966223411797
546,546,0.000639184672726299,0.0006444421688731955,-21.94298300783645,-21.91508790622361
547,547,0.000640302695473176,0.0006439869573928023,-21.933387874769302,-21.918156695002587
548,548,0.0006409685755119726,0.0006432938021852782,-21.935661046830877,-21.922833740139552
549,549,0.0006411645925104542,0.0006418304891619636,-21.939424240255512,-21.932723974885793
550,550,0.0006394525029763733,0.0006450980068429521,-21.945165039461333,-21.910670411659133
551,551,0.0006398451550546842,0.0006446551874672112,-21.9395822710203,-21.913652594913557
552,552,0.0006391418894954486,0.0006426244140847734,-21.944253548555,-21.927355203182554
553,553,0.0006363532966790125,0.0006414168318243403,-21.95575584470403,-21.93552388886049
554,554,0.0006403328638437405,0.0006414399770284561,-21.940768465416713,-21.935367178706066
555,555,0.0006396289802031572,0.0006430921677843129,-21.93804727731812,-21.924195208788348
556,556,0.0006382954468921825,0.0006404827826803452,-21.94884525955152,-21.941852815966225
557,557,0.0006382224742880033,0.0006435893377975413,-21.947867337500917,-21.920839005981023
558,558,0.0006391430068425066,0.0006445929818590613,-21.943071089272564,-21.914071684938683
559,559,0.000643037812851523,0.0006457913213556534,-21.928308542474703,-21.906005368894206
560,560,0.0006380370876886258,0.0006461060195426015,-21.94895147582723,-21.903889539958996
561,561,0.0006407642906253255,0.0006439489661715925,-21.932758609626678,-21.918412909266593
562,562,0.0006375250709003087,0.0006396418320946395,-21.95555833590579,-21.94755882688497
563,563,0.0006384919163502138,0.0006417183597621165,-21.942327989833675,-21.933482764545843
564,564,0.0006392933476293824,0.0006411297975941316,-21.943178913016123,-21.937467792988713
565,565,0.0006395899660683708,0.0006436832145003504,-21.93770268138326,-21.920205571608342
566,566,0.0006389589176138805,0.000641081442345718,-21.94623281822008,-21.937795358633323
567,567,0.0006396492778746047,0.000643958015931084,-21.934112377682197,-21.91835187596738
568,568,0.0006395978871108868,0.0006420027348212898,-21.944112571528194,-21.931558631312676
569,569,0.0006415989572787177,0.0006435757478404986,-21.92648546996493,-21.920930712063154
570,570,0.0006396428678309565,0.0006433916553903959,-21.94052503181476,-21.92217317299238
571,571,0.0006403127239930645,0.000645025728245903,-21.937488610528444,-21.91115703468663
572,572,0.000639112115376773,0.0006429750018900162,-21.944481878566723,-21.92498652828862
573,573,0.0006353495745756424,0.0006420920468180588,-21.953285239167514,-21.930954506010067
574,574,0.0006395508373184994,0.0006433961067446752,-21.941600310269287,-21.922143126101084
575,575,0.0006371610329880082,0.0006419626634420925,-21.95180028913123,-21.931829709939827
576,576,0.0006384137830668196,0.0006437984871138868,-21.947271100751347,-21.919427894379307
577,577,0.0006393246843537182,0.0006404044229145113,-21.937551550005118,-21.942384185376408
578,578,0.0006368639434870217,0.0006410888316550929,-21.94959127838828,-21.93774530075331
579,579,0.0006401236865131818,0.0006409442928423615,-21.935527400337026,-21.938724564203792
580,580,0.000639682993312011,0.0006474170735792109,-21.942234650650846,-21.89508592861911
581,581,0.0006378798988004474,0.0006433457908171572,-21.944061393287875,-21.922482773542818
582,582,0.0006390080154758215,0.0006420215328322037,-21.937271197519507,-21.931431470594347
583,583,0.0006417877355244817,0.0006421232798234804,-21.93635134421994,-21.930743259163386
584,584,0.0006395051821096579,0.0006422800943255424,-21.937014242771973,-21.929682787435624
585,585,0.0006387073351022278,0.0006415916876377244,-21.93869186026726,-21.93434012563211
586,586,0.0006393169391343428,0.0006436788948791984,-21.943325589166918,-21.920234716285144
587,587,0.0006412632989015468,0.0006423400788518943,-21.930662333290147,-21.929277205313266
588,588,0.0006395451191659133,0.0006414218039840067,-21.944242497869325,-21.935490223184292
589,589,0.0006390479135269433,0.0006463138239556237,-21.940338605796562,-21.90249296111316
590,590,0.0006415564272811963,0.000644262794307188,-21.93771905986239,-21.916296893337652
591,591,0.000640070145666484,0.0006447202728227957,-21.936351392346346,-21.913214146817133
592,592,0.0006369646115362952,0.0006431964851033531,-21.949087717423645,-21.923490787801292
593,593,0.0006419609003153044,0.0006459236457502763,-21.935231590664817,-21.90511557886978
594,594,0.0006368732879168747,0.0006442016578818622,-21.95665666850694,-21.916709030624588
595,595,0.0006408956863187714,0.0006435402258495359,-21.93378361614032,-21.92117042635434
596,596,0.0006361663420732642,0.0006418313193870219,-21.95950578963692,-21.9327183571731
597,597,0.0006396675658815531,0.0006424469879436257,-21.9461995456599,-21.928554439184754
598,598,0.0006383952706303332,0.0006429110102257446,-21.946055920772125,-21.92541877852608
599,599,0.0006374019610973977,0.0006437990998261069,-21.94859189681207,-21.919423761138628
600,600,0.0006391954939505181,0.0006444947794079781,-21.946846918243622,-21.9147333742973
601,601,0.0006407331909321863,0.0006429862849855501,-21.927625798747464,-21.924910317812003
602,602,0.0006387735280141081,0.0006440699982799982,-21.946029643475498,-21.917596716672865
603,603,0.0006388391676531701,0.0006450889203207273,-21.942945041598602,-21.91073158460049
604,604,0.000639691726861464,0.0006414589404716695,-21.939533835752872,-21.935238786380935
605,605,0.0006378159855886065,0.0006424940319878882,-21.94224141166748,-21.92823643285572
606,606,0.0006399498106287696,0.0006482632536637155,-21.93897670225867,-21.889413365936537
607,607,0.0006386941303643062,0.0006453454261645675,-21.941407450510567,-21.90900504850315
608,608,0.0006413570240370391,0.000641562865654889,-21.934472974665905,-21.934535226496198
609,609,0.000637008105860735,0.0006437514675781131,-21.95590589119082,-21.91974509100322
610,610,0.0006380818529803422,0.0006400908000375095,-21.953599039298428,-21.944511560553806
611,611,0.0006394942462703539,0.0006395163271870268,-21.944684968334766,-21.94841104501933
612,612,0.0006381704738440434,0.0006420158560534841,-21.94961820087146,-21.93146987124677
613,613,0.0006395054833493052,0.0006445173731710957,-21.942984668297584,-21.914581128305993
614,614,0.000640652021249161,0.0006429593624105971,-21.93858541271308,-21.9250921657115
615,615,0.0006391807662121491,0.0006438669454502432,-21.937464479676706,-21.918966111729933
616,616,0.0006406203526811502,0.0006446628371792796,-21.933545269369056,-21.913601060262277
617,617,0.0006414469338703862,0.0006443879867315685,-21.933175113047607,-21.915453059149897
618,618,0.0006384859569658784,0.0006416431677184607,-21.94003064872686,-21.933991670087746
619,619,0.0006412405529078672,0.0006421973414130901,-21.928742127690334,-21.930242378944037
