,epoch,train_loss,test_loss,train_dbs,test_dbs
0,0,8.059020588335283e-05,7.55987746647167e-05,-13.844033570390499,-14.13063329988885
1,1,6.807272330126917e-05,6.44374258148386e-05,-14.576109166759013,-14.824399036921175
2,2,5.9894852833186286e-05,5.909911487833597e-05,-15.134598115732157,-15.199971097838816
3,3,5.5991664245909504e-05,5.7234725605475865e-05,-15.42375561808884,-15.339184812607279
4,4,5.508668941401243e-05,5.649137835318566e-05,-15.495467623975438,-15.39595914957089
5,5,5.43785356489231e-05,5.5793776386723804e-05,-15.555205649392164,-15.449923288176379
6,6,5.392049075153503e-05,5.557631294849623e-05,-15.588896910114386,-15.466883549559045
7,7,5.3571658277975335e-05,5.533820800146235e-05,-15.618778006027057,-15.485529949070491
8,8,5.32110222884137e-05,5.4751319878146443e-05,-15.646652235704583,-15.531834932470002
9,9,5.299585208161158e-05,5.480291063002752e-05,-15.665586618243008,-15.527744614750368
10,10,5.283558493829332e-05,5.4593296035339956e-05,-15.678371667204804,-15.54438770978704
11,11,5.2820830983973885e-05,5.394391758416436e-05,-15.680141535586817,-15.596356031764419
12,12,5.2561677650898964e-05,5.404715308319091e-05,-15.701326358933363,-15.588052637614458
13,13,5.2219107339024234e-05,5.358643580908201e-05,-15.730585590073293,-15.625232145226313
14,14,5.2188438877640964e-05,5.356122595625684e-05,-15.732279777688694,-15.627275773615995
15,15,5.22375888339383e-05,5.35153793814396e-05,-15.726496788071477,-15.630994777521888
16,16,5.1980388570413686e-05,5.345901598430876e-05,-15.75027152421267,-15.635571258564232
17,17,5.1682401613809995e-05,5.337299769866819e-05,-15.771527505013601,-15.642564906550742
18,18,5.1708819415749135e-05,5.37607821139605e-05,-15.771429724376242,-15.611125081030266
19,19,5.166223528464901e-05,5.3178079006580735e-05,-15.775439298145015,-15.658454414088478
20,20,5.1611116769262734e-05,5.288177731256981e-05,-15.779111398040307,-15.682720433285198
21,21,5.1520221381203376e-05,5.291447335988969e-05,-15.786523826433086,-15.680036082319473
22,22,5.117871857232645e-05,5.285749571875816e-05,-15.817193522299656,-15.684715030389427
23,23,5.1174372012760564e-05,5.262550085286708e-05,-15.817227482154081,-15.703818441520436
24,24,5.099761953725019e-05,5.26511656445157e-05,-15.831063261810964,-15.701700958514213
25,25,5.1086270254880634e-05,5.263636136844166e-05,-15.824992203373146,-15.70292226470922
26,26,5.0836873230867606e-05,5.262994569707907e-05,-15.845482890201621,-15.70345164409976
27,27,5.094506210748337e-05,5.2431175917215446e-05,-15.83657889626763,-15.719884882244566
28,28,5.0878269491674015e-05,5.229227022745794e-05,-15.840884284487412,-15.73140589538264
29,29,5.071813243422681e-05,5.198270982394828e-05,-15.856158741386777,-15.75719171091442
30,30,5.075027107035492e-05,5.1775486338699826e-05,-15.853345957055033,-15.774538993182041
31,31,5.071768573168473e-05,5.203750831577437e-05,-15.85557889858173,-15.752615930312556
32,32,5.04698584767745e-05,5.202804210344575e-05,-15.87667021536207,-15.753406033045616
33,33,5.0423313500827716e-05,5.16194212602721e-05,-15.879100061927161,-15.787649552575393
34,34,5.032402293284942e-05,5.185418367067254e-05,-15.88880983563039,-15.767942846811351
35,35,5.03516296412647e-05,5.167578791243661e-05,-15.888047911339093,-15.782909791917707
36,36,5.008256022809985e-05,5.1435559726087376e-05,-15.911467524358006,-15.803146161024376
37,37,5.0082841815160513e-05,5.130970193453035e-05,-15.908812995585519,-15.813785945445215
38,38,5.0251009785834236e-05,5.1436779023405456e-05,-15.89625672697689,-15.80304321127063
39,39,4.979939871022391e-05,5.153235791735106e-05,-15.935306289154155,-15.79498071810387
40,40,4.9726748423466035e-05,5.1165737156560154e-05,-15.94245253041493,-15.825988508390768
41,41,4.997629021653262e-05,5.112054541792819e-05,-15.920263123326354,-15.829826075559803
42,42,4.981959496832395e-05,5.123845192812089e-05,-15.932543159944451,-15.819820864345829
43,43,4.9718002234849615e-05,5.1089737098664045e-05,-15.943954362525893,-15.832444184644114
44,44,4.965462260573536e-05,5.1215608484773456e-05,-15.947542957202474,-15.821757494581444
45,45,4.945323895092948e-05,5.077951266828581e-05,-15.965801485402384,-15.858895577005525
46,46,4.952765001942999e-05,5.121096431761735e-05,-15.959755518782188,-15.822151325228146
47,47,4.934728968157625e-05,5.085829386524366e-05,-15.973221789808099,-15.852162994488154
48,48,4.921998930212888e-05,5.103592813707349e-05,-15.985229048353215,-15.837020690893409
49,49,4.9180921010214587e-05,5.100275494011217e-05,-15.989341490253803,-15.839844509559132
50,50,4.909317659936634e-05,5.077037387404983e-05,-15.999013205729682,-15.859677247582182
51,51,4.9297475625374405e-05,5.088402682112677e-05,-15.97980521763108,-15.849966134635538
52,52,4.9100222989266315e-05,5.060432790502857e-05,-15.996147106826264,-15.873904251225547
53,53,4.899938189221748e-05,5.014111918985451e-05,-16.006617428660405,-15.913840627975375
54,54,4.8987254971151055e-05,5.022878739462038e-05,-16.005818899918488,-15.906253926234545
55,55,4.865638874969253e-05,5.0265901097047484e-05,-16.036964352421027,-15.903046139406843
56,56,4.88408594035193e-05,5.001674339597996e-05,-16.018859103584475,-15.92462675046895
57,57,4.871817700686077e-05,5.032962297646966e-05,-16.030330007065906,-15.897544092558162
58,58,4.875529500459004e-05,5.00365881874275e-05,-16.024995487306704,-15.92290397254705
59,59,4.873672901105481e-05,5.0247221799126187e-05,-16.026167754995196,-15.90466031989844
60,60,4.8537275772817796e-05,5.0159285341291447e-05,-16.046977571147142,-15.912267461954833
61,61,4.846601796932951e-05,4.974117760675175e-05,-16.053494877313355,-15.94862023486823
62,62,4.8490305640914756e-05,4.969783319546351e-05,-16.049778436672938,-15.95240632237738
63,63,4.838739472144936e-05,5.007881746247509e-05,-16.058265336329367,-15.919240212290262
64,64,4.838478531551634e-05,4.967220037973388e-05,-16.061716203274873,-15.95464687524295
65,65,4.8334680971108646e-05,4.977062110954552e-05,-16.063981259951753,-15.946050257975168
66,66,4.814475717457472e-05,4.9392620942518606e-05,-16.08182361258315,-15.979160143944418
67,67,4.8125844897963974e-05,4.939445276058426e-05,-16.08449702533577,-15.978999080670036
68,68,4.8069546275805756e-05,4.969957712762009e-05,-16.087921316912922,-15.95225392804235
69,69,4.784401281755994e-05,4.931102126934811e-05,-16.10777200204125,-15.986340891293231
70,70,4.7927740112201496e-05,4.9264734116150066e-05,-16.10087562178659,-15.990419431014429
71,71,4.7898753784709734e-05,4.9482916342400896e-05,-16.105182591630584,-15.971227988855636
72,72,4.779325671237173e-05,4.932298102894014e-05,-16.112397486747096,-15.985287693105967
73,73,4.764391460693585e-05,4.9262890426785145e-05,-16.127247550459376,-15.990581964947697
74,74,4.7743152330459106e-05,4.899303626428407e-05,-16.11763439371167,-16.014437313384967
75,75,4.751102141639909e-05,4.930950442365812e-05,-16.140822457245683,-15.98647448573688
76,76,4.7515722885175806e-05,4.8672960378768804e-05,-16.138837869215973,-16.042903246936763
77,77,4.744241236152185e-05,4.865768373986755e-05,-16.144883577602393,-16.044266550363226
78,78,4.743831706627574e-05,4.8489395818538274e-05,-16.145170603947058,-16.0593131352002
79,79,4.7523736864923664e-05,4.906808412909557e-05,-16.137985614458227,-16.00778985110862
80,80,4.7249421111269635e-05,4.880807318841107e-05,-16.16433770460287,-16.03086423112189
81,81,4.74202346051299e-05,4.8848980919788833e-05,-16.14558130048209,-16.02722578365777
82,82,4.7198748454564375e-05,4.875514997892376e-05,-16.165259751907048,-16.03557589589744
83,83,4.737588715590729e-05,4.863314116894464e-05,-16.1521847675169,-16.046457651807707
84,84,4.682886922346745e-05,4.8853191784521764e-05,-16.202280974103747,-16.02685143060746
85,85,4.698865761627568e-05,4.8975412554634536e-05,-16.186018919162038,-16.015999832752435
86,86,4.689050839851447e-05,4.839329841687638e-05,-16.194757564108844,-16.067928623298105
87,87,4.694545230487381e-05,4.833483571450128e-05,-16.191337663269444,-16.07317839521986
88,88,4.691279353153863e-05,4.816567812476454e-05,-16.197904444005882,-16.088404072289794
89,89,4.687753862901783e-05,4.832850620579464e-05,-16.196065767283706,-16.073747146652156
90,90,4.689537250744683e-05,4.8276835418379816e-05,-16.195976261717714,-16.078392922882017
91,91,4.66441565877926e-05,4.827944538096505e-05,-16.221730025686096,-16.078158139118678
92,92,4.649147905586959e-05,4.8073520654150726e-05,-16.234740582734844,-16.096721575696943
93,93,4.665828604742011e-05,4.794441453046411e-05,-16.21922483195863,-16.10840066685425
94,94,4.6626998604570526e-05,4.811853796127252e-05,-16.220202133011988,-16.09265663108886
95,95,4.6233655872860365e-05,4.760308327508698e-05,-16.257933768454247,-16.139430032294236
96,96,4.6471356682493785e-05,4.793145853909664e-05,-16.233265459312463,-16.109574416915155
97,97,4.618792527909727e-05,4.777932018010975e-05,-16.260953458655216,-16.123381201548426
98,98,4.630121036394279e-05,4.7853692721171106e-05,-16.252169043716673,-16.11662629762566
99,99,4.621298221442801e-05,4.79846496187077e-05,-16.260762356529582,-16.10475758371095
100,100,4.6420430323647903e-05,4.737986053346264e-05,-16.241530503046203,-16.159843083209516
101,101,4.62304864807256e-05,4.768553538413375e-05,-16.257715456775024,-16.13191423336231
102,102,4.614073223660618e-05,4.738951400596354e-05,-16.2662000942264,-16.158958314290608
103,103,4.6096616474126664e-05,4.736696428153664e-05,-16.271827861508662,-16.161025343637604
104,104,4.605184409397741e-05,4.7278349819335795e-05,-16.27408918948745,-16.169157765947524
105,105,4.592302971526731e-05,4.708295646675029e-05,-16.285975602750096,-16.18714360769833
106,106,4.5963126129996435e-05,4.6993638534331694e-05,-16.284920846954247,-16.19539014273482
107,107,4.5931678766099084e-05,4.736446920249268e-05,-16.285616892097845,-16.161254116500235
108,108,4.5869358088857175e-05,4.6974173624460635e-05,-16.293165596746793,-16.197189376509545
109,109,4.5670249408468624e-05,4.6745527422325195e-05,-16.3103232750491,-16.21838022108105
110,110,4.551403992419304e-05,4.723173601393539e-05,-16.32717113340798,-16.17344177858574
111,111,4.55706630765638e-05,4.6910920852832006e-05,-16.319557261470308,-16.203041281754494
112,112,4.55229462213819e-05,4.69987202163075e-05,-16.32744639022199,-16.194920541488006
113,113,4.5629194705115786e-05,4.655044751033481e-05,-16.31527592992053,-16.236542259227477
114,114,4.540713626672946e-05,4.6883667413280104e-05,-16.336248458677296,-16.205565098738436
115,115,4.5429900637827814e-05,4.664185345111611e-05,-16.33303018833453,-16.228022862664695
116,116,4.5246110211028095e-05,4.663535640391178e-05,-16.350623713628085,-16.228627861840472
117,117,4.5192835743139384e-05,4.69851551506987e-05,-16.358539956390757,-16.196174210409072
118,118,4.525054050036394e-05,4.617612859491553e-05,-16.350779074987823,-16.27160567455337
119,119,4.507932628501332e-05,4.65487338308441e-05,-16.36405168251212,-16.236702140664867
120,120,4.525721804796929e-05,4.64493869482172e-05,-16.35104207466638,-16.245980998983796
121,121,4.521026310556539e-05,4.6183342515417424e-05,-16.354852651233816,-16.270927245836624
122,122,4.497899236721611e-05,4.630397693529774e-05,-16.37652579623779,-16.259597932174284
123,123,4.491698995686242e-05,4.650711650212639e-05,-16.38232205614929,-16.240586727685248
124,124,4.499313007792957e-05,4.649565323090524e-05,-16.376485315425434,-16.241657327082535
125,125,4.4931548772999035e-05,4.631321625263234e-05,-16.381076162409112,-16.25873144412597
126,126,4.489161880517657e-05,4.6037637634742024e-05,-16.388487261664398,-16.284650560903128
127,127,4.484214645644803e-05,4.6289738077719355e-05,-16.389553450441646,-16.260933629164683
128,128,4.4775703236623906e-05,4.627919406630099e-05,-16.396431187264138,-16.261922990474112
129,129,4.487137414695642e-05,4.603348172263635e-05,-16.38911990280646,-16.285042625148375
130,130,4.457043388290763e-05,4.606729175736147e-05,-16.414943056974145,-16.281854049934758
131,131,4.452377999262625e-05,4.595912315907251e-05,-16.42045839105481,-16.292063520124163
132,132,4.451317498436409e-05,4.592495794273227e-05,-16.422683195743474,-16.295293190690703
133,133,4.47265909727874e-05,4.555612012106729e-05,-16.40092225258813,-16.330313569120733
134,134,4.454273750019e-05,4.614594390180795e-05,-16.42124531374153,-16.274445525472473
135,135,4.4500709093684694e-05,4.570945307741089e-05,-16.423504784168514,-16.31572061426267
136,136,4.436947249617793e-05,4.551408921160098e-05,-16.435552227392815,-16.33432229897441
137,137,4.440441562016447e-05,4.5544940037775394e-05,-16.433981473437413,-16.3313795168708
138,138,4.4405562202320145e-05,4.5734704862728615e-05,-16.43389320005379,-16.313322055066
139,139,4.431565251899283e-05,4.5585209974026506e-05,-16.4409924281346,-16.327541267457942
140,140,4.3965117940163126e-05,4.540428716082763e-05,-16.477943170231846,-16.34481224607627
141,141,4.421940217614918e-05,4.491725581158933e-05,-16.4526985093881,-16.39164870846387
142,142,4.411754216374733e-05,4.5578231564784224e-05,-16.459465300251704,-16.328206157808975
143,143,4.402046003642963e-05,4.5398797259335164e-05,-16.47178632197543,-16.345337389895448
144,144,4.4032635601398236e-05,4.5257832282100264e-05,-16.470598821154386,-16.358843376474542
145,145,4.404574042616998e-05,4.507925711406738e-05,-16.466114816070757,-16.37601335873037
146,146,4.380949177015957e-05,4.5069758159929495e-05,-16.49196249398906,-16.376928586338497
147,147,4.403665001724952e-05,4.484530214348955e-05,-16.470942434103556,-16.39861131924803
148,148,4.380472534283343e-05,4.503720992943272e-05,-16.493953296836857,-16.38006608343001
149,149,4.368608050257179e-05,4.5279968234306e-05,-16.503852957828354,-16.356719728223457
150,150,4.368746570988376e-05,4.482261570764853e-05,-16.505150336940037,-16.400808893217885
151,151,4.374115657632614e-05,4.5053479353603175e-05,-16.497015477787997,-16.378497503752346
152,152,4.3667340823677224e-05,4.4861620201692476e-05,-16.50691570623582,-16.3970313201742
153,153,4.339349772598109e-05,4.5071479498322954e-05,-16.53273796014147,-16.376762720462835
154,154,4.333724566620112e-05,4.475237705934744e-05,-16.539787790897897,-16.407619781543566
155,155,4.3460407938517765e-05,4.47855186633349e-05,-16.526962494101703,-16.40440478162106
156,156,4.3375630280634234e-05,4.439882296106876e-05,-16.536015127061635,-16.44206629462984
157,157,4.340963165567391e-05,4.4818264876467815e-05,-16.531601570186574,-16.401230473631337
158,158,4.3249027718028975e-05,4.466938135967786e-05,-16.54757785794652,-16.41568148495346
159,159,4.3022952876029745e-05,4.462396942759178e-05,-16.56881913804589,-16.420098869460595
160,160,4.337229147870286e-05,4.4407554876096056e-05,-16.534747649074774,-16.44121225179702
161,161,4.323093876852918e-05,4.476463015491486e-05,-16.549220587314807,-16.406430856223114
162,162,4.314381945245184e-05,4.463513495896845e-05,-16.559441990769074,-16.419012340815023
163,163,4.3070881859130546e-05,4.43275005780283e-05,-16.568089348296155,-16.449048421878402
164,164,4.315139933131616e-05,4.443866591349146e-05,-16.558052714900036,-16.438170737526796
165,165,4.3219606595812365e-05,4.443012393925241e-05,-16.551367311040746,-16.43900561606945
166,166,4.278311625404461e-05,4.443876835131576e-05,-16.59443469533317,-16.438160726395804
167,167,4.274906107817402e-05,4.438156707022388e-05,-16.597574996787323,-16.443754536428727
168,168,4.286173899560812e-05,4.3947619193012975e-05,-16.58687270445775,-16.486427336380576
169,169,4.281625831598709e-05,4.4287802953285314e-05,-16.591631141260553,-16.452939501598674
170,170,4.283351414958759e-05,4.416674997436961e-05,-16.590561420920427,-16.46482643603943
171,171,4.279346279703925e-05,4.4250205782622e-05,-16.595409710764343,-16.456627916318823
172,172,4.280466028953033e-05,4.408970371035761e-05,-16.594031687874566,-16.472409060179604
173,173,4.2764897537465715e-05,4.420027394907696e-05,-16.59700543345754,-16.46153125254701
174,174,4.2682260211278715e-05,4.409614829407809e-05,-16.60689570643896,-16.471774299140428
175,175,4.28141681283902e-05,4.408233967536178e-05,-16.590025635494417,-16.473134496417185
176,176,4.276562712098875e-05,4.401758441848582e-05,-16.596908621353133,-16.479518805164147
177,177,4.268408220107715e-05,4.408145679534707e-05,-16.603388354480206,-16.473221477680227
178,178,4.269737179391686e-05,4.3843801042959585e-05,-16.604443172637385,-16.496698880134126
179,179,4.248237570378085e-05,4.346437670296597e-05,-16.624120239166,-16.534446302834564
180,180,4.246163361759247e-05,4.388653369939053e-05,-16.625294079204515,-16.492468061134687
181,181,4.231158129993308e-05,4.37392097266734e-05,-16.640789796800938,-16.507071543213826
182,182,4.244154032929464e-05,4.345822756141914e-05,-16.630888059950152,-16.535060766303364
183,183,4.214355749823393e-05,4.348205632260559e-05,-16.659467595277206,-16.532680120809545
184,184,4.2212898311920504e-05,4.339806975239251e-05,-16.65302770298148,-16.54107672818278
185,185,4.2144174079384325e-05,4.317656030731374e-05,-16.658896248480563,-16.563300453434373
186,186,4.21412328297762e-05,4.3607560655800626e-05,-16.660031721242763,-16.520162927834217
187,187,4.2161046387507705e-05,4.34627892038981e-05,-16.659359616433647,-16.534604928064798
188,188,4.2016186647011525e-05,4.322904178958484e-05,-16.67398622145866,-16.55802477213544
189,189,4.2091879296685404e-05,4.340695599431025e-05,-16.66431710205709,-16.540187552513512
190,190,4.2006530851178523e-05,4.349462151846015e-05,-16.67223358520608,-16.531425302760137
191,191,4.1831579681494293e-05,4.3132016320382e-05,-16.691971014590692,-16.567783254611243
192,192,4.1822687711191034e-05,4.3387289846769385e-05,-16.694431861590502,-16.542155632176094
193,193,4.180184809341619e-05,4.3172274768278984e-05,-16.693545621711145,-16.563731538799836
194,194,4.185427926281544e-05,4.3207756932947394e-05,-16.688860390609026,-16.560163651897117
195,195,4.172302162503949e-05,4.342823893622201e-05,-16.703876747484074,-16.538058677367108
196,196,4.1738547993519044e-05,4.3093146240081346e-05,-16.70168109429557,-16.571698831463276
197,197,4.1892028599887485e-05,4.286012680447464e-05,-16.683991752979125,-16.595246347316593
198,198,4.1683228156432156e-05,4.281300119289785e-05,-16.708672360781232,-16.600024133678943
199,199,4.166610450897913e-05,4.28138488419599e-05,-16.70880851833927,-16.599938149128512
200,200,4.1654709384226977e-05,4.313923292149986e-05,-16.710826300496294,-16.56705667882187
201,201,4.167897170247539e-05,4.266987104385503e-05,-16.708369528876506,-16.614567559838232
202,202,4.146138917817974e-05,4.2824055670184624e-05,-16.7319998165257,-16.598902913803226
203,203,4.1461678416247375e-05,4.2774581073133865e-05,-16.73134884195202,-16.603923214991106
204,204,4.143434725659803e-05,4.2702896998410945e-05,-16.7325778329789,-16.61120747421196
205,205,4.142639232837216e-05,4.271837506645457e-05,-16.733050428260487,-16.609633618086207
206,206,4.144760427640069e-05,4.2489401446226494e-05,-16.731919406952954,-16.63297473158607
207,207,4.130378436025943e-05,4.277157265613297e-05,-16.748070638698593,-16.604228673237053
208,208,4.119410235587791e-05,4.2831564841387595e-05,-16.75834200614316,-16.59814144792253
209,209,4.1339578508752274e-05,4.2547437164773184e-05,-16.743739972455394,-16.62704680749034
210,210,4.1414639575301296e-05,4.2695987902238574e-05,-16.735301529715073,-16.6119101958816
211,211,4.108601691787606e-05,4.239277653763757e-05,-16.769764656474063,-16.642862244780744
212,212,4.1039767874628016e-05,4.246891120074954e-05,-16.77474875207851,-16.635069594452048
213,213,4.1160033509458086e-05,4.284012481404812e-05,-16.76212925727205,-16.59727358855871
214,214,4.09881460054936e-05,4.2030844748583864e-05,-16.782078841144273,-16.680099676533338
215,215,4.117551453446984e-05,4.236418049243328e-05,-16.761335009590145,-16.64579276648489
216,216,4.0909547942178085e-05,4.191598341812527e-05,-16.786892303139783,-16.691984264485363
217,217,4.0933949741284054e-05,4.200925008933011e-05,-16.78800116325381,-16.68233157348133
218,218,4.082143982721147e-05,4.207194625020125e-05,-16.799171843394202,-16.67585483363111
219,219,4.1097405479264385e-05,4.226653618388809e-05,-16.769151410979006,-16.65581428228264
220,220,4.0966362369723245e-05,4.223521720728298e-05,-16.78271634950207,-16.6590335431371
221,221,4.092443337005121e-05,4.210419310287474e-05,-16.78712190252788,-16.672527375050194
222,222,4.079447134029475e-05,4.167418802880045e-05,-16.801828094814375,-16.717109394486144
223,223,4.077720459275783e-05,4.188718728408659e-05,-16.803034627308648,-16.694968877716715
224,224,4.0821100538806536e-05,4.226243350115654e-05,-16.797806520476822,-16.656235859046053
225,225,4.068625013442403e-05,4.2082020770880934e-05,-16.811313151111666,-16.67481499940468
226,226,4.056642056948664e-05,4.189992001843884e-05,-16.825724966209133,-16.693648923731118
227,227,4.0551312793599506e-05,4.205818913760595e-05,-16.829396179552162,-16.677275166098845
228,228,4.0575196161973e-05,4.140790138320115e-05,-16.823721248166507,-16.744948659870616
229,229,4.051654860566337e-05,4.166502893847217e-05,-16.8296575588472,-16.718063985265754
230,230,4.057294082138975e-05,4.1567618992351194e-05,-16.82635124137238,-16.728229376479213
231,231,4.036160455668614e-05,4.219624105117921e-05,-16.846703948850745,-16.66304321703667
232,232,4.0471945860340334e-05,4.185118603728417e-05,-16.836432494842953,-16.69870316181398
233,233,4.040591215691409e-05,4.184146688969218e-05,-16.839421758973835,-16.699711845859557
234,234,4.059521082117217e-05,4.187410913322023e-05,-16.82196289657694,-16.696325057490395
235,235,4.021184117705489e-05,4.166109915547024e-05,-16.861548688206938,-16.71847362462213
236,236,4.033307200141693e-05,4.145088142219098e-05,-16.85025406893444,-16.74044316393949
237,237,4.0428469950824105e-05,4.1616306254199066e-05,-16.839860198949005,-16.723145554932838
238,238,4.0347091252789543e-05,4.17041188292818e-05,-16.850546070812968,-16.713991369537887
239,239,4.01054800284928e-05,4.1358567327015884e-05,-16.876035498382112,-16.75012600070501
240,240,4.022987349410109e-05,4.167991976014731e-05,-16.860541263509834,-16.71651212115058
241,241,4.001205457619286e-05,4.1245954841877775e-05,-16.8868433797211,-16.76196724375149
242,242,4.0121199022324457e-05,4.1270967095011945e-05,-16.873700804289047,-16.759334405881667
243,243,4.031020432297193e-05,4.111390961426016e-05,-16.856289548693063,-16.775893095434405
244,244,3.988045915020942e-05,4.1180092873554186e-05,-16.89848864562936,-16.768907645794407
245,245,3.995312233866533e-05,4.126290054716121e-05,-16.8897335955208,-16.760183331863402
246,246,4.0114157208026696e-05,4.118095143655266e-05,-16.87657921291359,-16.768817100761684
247,247,3.9861322987882286e-05,4.100558975264185e-05,-16.9023681716412,-16.787350239188868
248,248,3.983243546714483e-05,4.090728294900864e-05,-16.9059650791308,-16.797774515970097
249,249,3.987005951897765e-05,4.1178753714408036e-05,-16.900022327640457,-16.769048878813496
250,250,3.9819083072289525e-05,4.1067444008628006e-05,-16.90634221773628,-16.780804126315523
251,251,3.985073453804944e-05,4.101956954783466e-05,-16.903440604287603,-16.7858698768169
252,252,3.975847725199593e-05,4.1382477464044076e-05,-16.912535307877125,-16.747615991098975
253,253,3.9616889910941664e-05,4.101998925570546e-05,-16.92777360466207,-16.785825440494968
254,254,3.987190071130339e-05,4.137676526289923e-05,-16.901245037039274,-16.748215507807664
255,255,3.9727988326742035e-05,4.11435600989008e-05,-16.91680929222039,-16.77276218404902
256,256,3.970697628002321e-05,4.061782371871615e-05,-16.918716733472824,-16.828614359019184
257,257,3.950167298433971e-05,4.106694292491547e-05,-16.940763106692895,-16.780857117005404
258,258,3.967247410157105e-05,4.040480129524918e-05,-16.921775473295074,-16.85145111015838
259,259,3.9584424156760414e-05,4.097155167408729e-05,-16.930766323369873,-16.790956744681274
260,260,3.956239846413211e-05,4.065743288313235e-05,-16.936913463502428,-16.82438132583791
261,261,3.943419715986088e-05,4.0489173491215824e-05,-16.947991880495646,-16.84239174757466
262,262,3.954717097248877e-05,4.070556066213421e-05,-16.935034305682922,-16.819243454092096
263,263,3.953169416678234e-05,4.100307418603303e-05,-16.939200966330993,-16.78761667364712
264,264,3.9469015861221724e-05,4.09146381762663e-05,-16.943176150741188,-16.7969937143033
265,265,3.964981465053159e-05,4.0789852056676814e-05,-16.925072084272582,-16.81025956178341
266,266,3.9521395105036867e-05,4.0551011280561065e-05,-16.939444562806354,-16.835763970016252
267,267,3.944396751452137e-05,4.055726554054816e-05,-16.947345506778017,-16.835094200983395
268,268,3.934865363242858e-05,4.059620704011697e-05,-16.95871167060288,-16.830926275905142
269,269,3.919906990144152e-05,3.995058738693938e-05,-16.972845999313186,-16.900549172703112
270,270,3.916644658902348e-05,4.045892427185256e-05,-16.977512082898205,-16.845637548285453
271,271,3.921906976494338e-05,4.028351452832698e-05,-16.973166042132952,-16.864507328456263
272,272,3.926345346268679e-05,4.0509962242427524e-05,-16.965730216800235,-16.840162479310653
273,273,3.930788038486913e-05,4.0262656081100236e-05,-16.96321711995535,-16.866756649228584
274,274,3.9024273402113995e-05,4.0354215678618e-05,-16.993323510463245,-16.856891755144655
275,275,3.9069125780292074e-05,4.009259512378393e-05,-16.988812537817225,-16.88513918042853
276,276,3.9080283892600195e-05,4.024772198662456e-05,-16.986837089218238,-16.868367819130665
277,277,3.893360023080136e-05,4.0038648301943845e-05,-17.003230274217948,-16.890986789820168
278,278,3.892280488498821e-05,4.036020139832736e-05,-17.006873951777763,-16.8562476161819
279,279,3.887272769415429e-05,4.0535292340025896e-05,-17.00995922034068,-16.8374477683685
280,280,3.9117363091473004e-05,4.0223900309923155e-05,-16.981916937143904,-16.87093906667062
281,281,3.888208804485273e-05,3.982106749103159e-05,-17.009890118323913,-16.914651882645337
282,282,3.8890289418014086e-05,3.989443863055816e-05,-17.00873264773174,-16.906657279944856
283,283,3.908459270344783e-05,3.996707853634449e-05,-16.986344941972305,-16.898756824239026
284,284,3.8780459831708793e-05,4.010283641707103e-05,-17.02065915790167,-16.88402995585031
285,285,3.867841115072562e-05,4.00817876461109e-05,-17.031079323866226,-16.886310035203575
