,epoch,train_loss,test_loss,train_dbs,test_dbs
0,0,0.001004051849169215,0.0010148981573844427,-19.974436415714052,-19.950862845880994
1,1,0.001005515541410861,0.0010053597261982137,-19.97463813390626,-19.991872648095807
2,2,0.001002547426566904,0.0010091342448600028,-19.981754736381593,-19.975598044463258
3,3,0.00099999726973186,0.0010012748994325336,-20.001911306601944,-20.00955419461824
4,4,0.000994430534474398,0.0010037836404272209,-20.02196703529969,-19.998686352932637
5,5,0.000995878295819323,0.0010006987630683732,-20.020836461334,-20.012053856380753
6,6,0.0009896630714119402,0.0010002846584508294,-20.0449944859646,-20.013851406035226
7,7,0.0009891670947347181,0.000994920353772805,-20.046661043066646,-20.037204329871074
8,8,0.0009893388907453908,0.0009934975685992914,-20.043493534443982,-20.043419400136667
9,9,0.0009852813133134593,0.0009908682948566582,-20.061077079624823,-20.054928162377543
10,10,0.0009848462812573717,0.0009857018318909564,-20.071596299062936,-20.077631849300577
11,11,0.0009789738621677935,0.000984235550276935,-20.090154796322416,-20.084097010449867
12,12,0.0009789830073714256,0.0009809904609267648,-20.0870516843889,-20.098439642502747
13,13,0.0009717613239004516,0.0009796501529452048,-20.118560623234394,-20.104377379862648
14,14,0.0009733841138815065,0.000977514584328195,-20.11880270604599,-20.11385502899985
15,15,0.000973825989238265,0.0009761874067695125,-20.120773680707696,-20.11975547831637
16,16,0.0009690641153114128,0.0009730065480413797,-20.13813561063774,-20.13392985656338
17,17,0.0009665122110463833,0.0009707815142495459,-20.14261790885499,-20.143872507602858
18,18,0.0009645302677959127,0.0009650268628703136,-20.154220372854713,-20.1696934590033
19,19,0.0009621925995272305,0.0009639303592082701,-20.166528179747594,-20.174630899146123
20,20,0.0009595630732460966,0.000965062433878254,-20.176890478798644,-20.169533380477485
21,21,0.0009594756801439853,0.0009590383208552865,-20.17714687590764,-20.19672787729672
22,22,0.0009569020350175651,0.0009563969491098664,-20.18774435135225,-20.20870566551872
23,23,0.0009528688015896327,0.0009600367201002021,-20.20656077228803,-20.1922090407461
24,24,0.0009506941297734828,0.0009536234367834894,-20.22064656018955,-20.221318326140896
25,25,0.0009515815061641877,0.0009507486921441006,-20.21713704197405,-20.234430119399462
26,26,0.0009493376362406332,0.0009526420311119996,-20.23569027302802,-20.225790096861935
27,27,0.0009464620457741327,0.0009483810312016622,-20.244453678881555,-20.245258896416804
28,28,0.0009456338083669159,0.0009490226665021558,-20.242946752049257,-20.2423216334468
29,29,0.0009409044791233831,0.000948389511138789,-20.26841270068757,-20.24522006420364
30,30,0.0009385522655403414,0.0009440235873243134,-20.269699047807972,-20.26525902912748
31,31,0.0009316042762912196,0.0009402015497662911,-20.294452934535833,-20.282877858905128
32,32,0.0009332155759599944,0.0009395098895765841,-20.2935224485811,-20.286073926248356
33,33,0.0009343442333065281,0.000938960225443895,-20.29871411010189,-20.288615527572023
34,34,0.0009291923284463431,0.0009379109557669022,-20.316043285468183,-20.29347139709341
35,35,0.0009286245781227408,0.0009403436561115086,-20.317451277459288,-20.282221496042958
36,36,0.0009266253507974529,0.0009312111835338568,-20.331827930702545,-20.3246056553761
37,37,0.0009233627411940126,0.0009338281662693541,-20.34009206928646,-20.31241779556179
38,38,0.0009256016544652046,0.0009302074169298928,-20.33777024672959,-20.32928950606252
39,39,0.0009240270562268333,0.0009254286568121691,-20.346409643686123,-20.351658048761703
40,40,0.0009226457086228526,0.0009285825408848101,-20.349802744544803,-20.336882347598348
41,41,0.0009201048074059726,0.000923855484487783,-20.363777994536928,-20.359047072537074
42,42,0.0009163353951004593,0.0009220206809818352,-20.374439535153574,-20.367680861903384
43,43,0.000917403433068665,0.0009203802543006054,-20.37593545641077,-20.37541455797621
44,44,0.0009159129178967595,0.0009190649204691382,-20.387628843644823,-20.38162558649792
45,45,0.0009118442336030151,0.0009175187595629771,-20.395199785551057,-20.388937960179753
46,46,0.0009117688936872658,0.0009185660777515487,-20.407294700138365,-20.38398345535318
47,47,0.0009088170325825203,0.0009161836933344603,-20.417442805592472,-20.395261908730454
48,48,0.0009084710510466824,0.0009118294784505116,-20.423310774884662,-20.415951202468815
49,49,0.0009078747441646518,0.0009131892155365724,-20.417583069221678,-20.409479746318482
50,50,0.000903626524641649,0.0009068606917648331,-20.443637047885147,-20.439681709662942
51,51,0.0009055140748687242,0.0009047074831630054,-20.43424429071159,-20.45000566067364
52,52,0.0009031077323615859,0.0009076243272590402,-20.447120814484485,-20.436026207441394
53,53,0.0009023616871719738,0.0009070486688104115,-20.45269068794483,-20.438781583166147
54,54,0.0008982808008722807,0.0009053151527615754,-20.465573154120133,-20.447089591469236
55,55,0.0008986014926796491,0.0009085874036444645,-20.45712692132003,-20.431420370005963
56,56,0.0009045210839777263,0.0009032242600560972,-20.439730684398143,-20.4571315464566
57,57,0.0008960444673406172,0.000898662926996813,-20.48021994768792,-20.479119227188356
58,58,0.00089752498579682,0.000900826943842204,-20.472487680974343,-20.468673811040375
59,59,0.0008963367544095387,0.0008977119026607589,-20.47749484890008,-20.483717651226282
60,60,0.0008911291460180175,0.0009002607426066932,-20.49378033735171,-20.47140436194225
61,61,0.0008932986025477654,0.0008968655540803937,-20.48159481621838,-20.48781404220779
62,62,0.0008921898684233965,0.0008984456286079398,-20.492085026496817,-20.480169486410368
63,63,0.0008882049047484149,0.0008977702022285053,-20.515332345305456,-20.483435619113465
64,64,0.0008870279434444287,0.0008985378448606321,-20.510151191823546,-20.479723750427677
65,65,0.0008894746892691887,0.0008973761792539766,-20.509725799408667,-20.4853421155206
66,66,0.0008899733987060789,0.0008919777924587068,-20.50165444792016,-20.511547067102303
67,67,0.0008875794760335583,0.0008942145351810675,-20.521652719500175,-20.50067023693701
68,68,0.0008867947401517292,0.0008854509153599409,-20.51596920035488,-20.543442573644292
69,69,0.0008854195469577518,0.0008894915349389377,-20.52282325664705,-20.52366929234485
70,70,0.0008888301972453435,0.0008957430070854331,-20.51334702180376,-20.49325322218131
71,71,0.0008852148138121078,0.0008891832304040068,-20.535734274485556,-20.525174851002525
72,72,0.0008848757415856282,0.0008881259158155636,-20.527660013093122,-20.53034205499224
73,73,0.0008853935857409055,0.0008841568150704628,-20.53616653164747,-20.549794497918498
74,74,0.0008806205467445796,0.0008837284250675063,-20.544149789956002,-20.55189924333753
75,75,0.0008811560014176384,0.0008889273617808756,-20.544189224888292,-20.526424743246274
76,76,0.0008846226576763714,0.0008880825694895497,-20.540778353845262,-20.530554024142912
77,77,0.0008788928593576108,0.0008861892642208227,-20.562660267700906,-20.53982264158065
78,78,0.0008779288930866445,0.0008898633869217807,-20.562647093444046,-20.521854103428907
79,79,0.0008801521244938917,0.0008900079778150508,-20.561096541494702,-20.521148490332784
80,80,0.0008762960247791459,0.0008886582003661284,-20.56046304608401,-20.527739957777133
81,81,0.000878911378394966,0.0008872243955633358,-20.55845999600526,-20.534752737233486
82,82,0.0008818571582993435,0.0008823851362409952,-20.548627454688084,-20.558505647933842
83,83,0.0008776648175307386,0.0008904200543551461,-20.561809662950978,-20.519138158351407
84,84,0.0008798789961465164,0.0008841212072997893,-20.561465025345743,-20.549969405462708
85,85,0.0008815269876444309,0.0008850250129685982,-20.544915751604684,-20.54553203511618
86,86,0.0008775280109251436,0.0008802270933397507,-20.570203946839722,-20.569140166136975
87,87,0.0008787911585724154,0.0008808573352565107,-20.55966472534944,-20.566031733696676
88,88,0.0008767015971579426,0.0008826944057976729,-20.56675503293628,-20.55698374413221
89,89,0.0008761592337756043,0.0008851839229464531,-20.572461161909892,-20.54475231103631
90,90,0.00087709841618468,0.0008869772795342693,-20.562822612819325,-20.53596253350427
91,91,0.000880570263726656,0.0008829178068002588,-20.554255312604518,-20.55588472790996
92,92,0.000878471667523083,0.0008865599030334698,-20.56247680939301,-20.53800663290406
93,93,0.0008775482983952484,0.0008793028812904499,-20.57074060966753,-20.5737025235372
94,94,0.0008731862966969763,0.0008837569529484762,-20.588291165456397,-20.551759049801102
95,95,0.0008714758801830875,0.0008799263864363495,-20.597926206140738,-20.570624074802765
96,96,0.0008742201823702792,0.0008845083066262305,-20.575913553280664,-20.54806832778892
97,97,0.0008760723765440209,0.0008808875480960859,-20.58063346903491,-20.565882776039576
98,98,0.0008722636380626523,0.0008789414147797384,-20.58955754573342,-20.57548820159749
99,99,0.0008721565491683089,0.0008784333170440636,-20.586397745690327,-20.57799949352657
100,100,0.0008725367118028406,0.0008809982468128988,-20.591499240469542,-20.5653370443915
101,101,0.000871768559703661,0.0008794886985254523,-20.59259749627371,-20.57278485482613
102,102,0.0008715008374678029,0.0008781040669418871,-20.59285525855642,-20.579627600113078
103,103,0.0008734503896551725,0.0008774863825620789,-20.585169560961674,-20.582683630964166
104,104,0.0008726790055306148,0.0008750723515588202,-20.596577986731525,-20.594647863448905
105,105,0.0008662988230125191,0.0008780002581739897,-20.617970005069214,-20.58014104996317
106,106,0.0008727394016795629,0.0008750909136755294,-20.597823871961953,-20.594555741473553
107,107,0.000868274343617683,0.0008764244082972015,-20.61109926112712,-20.587942845080708
108,108,0.000873765220491158,0.000876157486345619,-20.59099307954058,-20.589265724564076
109,109,0.0008701110839574915,0.000872660161755783,-20.6085468248213,-20.606635983804573
110,110,0.000869561389410273,0.0008769843384231392,-20.611653636823853,-20.58516910994716
111,111,0.0008720327252714136,0.000878059924089987,-20.59582473533636,-20.579845928208833
112,112,0.0008659859280313182,0.000875966206781174,-20.620439058528163,-20.59021396423454
113,113,0.0008664418212330141,0.0008728282746711844,-20.619500057043744,-20.60579942126772
114,114,0.0008654863184759605,0.0008735915057753262,-20.62332828561061,-20.602003460161924
115,115,0.0008660991647347962,0.0008734726733037908,-20.625051251860214,-20.602594260286573
116,116,0.0008662703534655427,0.0008687114704547352,-20.62490834388467,-20.62633192636323
117,117,0.0008640398292984698,0.0008707208969434234,-20.63102265939991,-20.616297811322113
118,118,0.0008610657514697037,0.0008693538256920874,-20.64332851137191,-20.623121789801342
119,119,0.0008644033841471927,0.0008691415239713694,-20.630258284314856,-20.624182494004923
120,120,0.0008636141050674175,0.0008700025439458458,-20.642373674513742,-20.61988226079052
121,121,0.000862008377732037,0.0008691317450843359,-20.647149159467357,-20.62423135763015
122,122,0.0008599871575121873,0.0008698360945441221,-20.654088533763677,-20.62071323505797
123,123,0.0008620236023358002,0.0008679788504531117,-20.638875626425705,-20.6299960550692
124,124,0.0008631191833290396,0.0008636273437571761,-20.641468127323265,-20.651823643010584
125,125,0.0008593883825053182,0.0008630484471244639,-20.659393643189233,-20.65473573135892
126,126,0.0008588537871453565,0.00086501689848343,-20.655271291505812,-20.644841569254176
127,127,0.0008586616448568392,0.0008640013831226449,-20.665528588905374,-20.649943108929985
128,128,0.0008555470189300471,0.0008626768494171923,-20.665518181387053,-20.656606050309144
129,129,0.000857329743760686,0.0008616845007054508,-20.66848305434794,-20.661604673331865
130,130,0.0008560425341465347,0.00085968466929013,-20.683029737747663,-20.671695665482723
131,131,0.0008500190175704888,0.0008567119060133241,-20.701244314989417,-20.686739461265677
132,132,0.0008512399358598073,0.0008586743099026774,-20.695603866459457,-20.676802788762423
133,133,0.0008501266261332275,0.0008536499900449263,-20.70069120668265,-20.702289090063857
134,134,0.0008505344488081935,0.0008527721296750793,-20.70785649751865,-20.706757503169072
135,135,0.0008457145994509925,0.0008515668267041052,-20.72177499782237,-20.71290013711664
136,136,0.0008454192675813341,0.000850336482184694,-20.72278293870152,-20.719179364918983
137,137,0.0008478768694348941,0.0008491109474562109,-20.717239634522507,-20.725443083971903
138,138,0.0008447225656859653,0.0008519078960250083,-20.737076889415434,-20.71116105024887
139,139,0.0008421382829594935,0.0008507189984237285,-20.74947815032492,-20.717226169428955
140,140,0.0008399468185332095,0.0008431711252533683,-20.749564468812736,-20.75593023078177
141,141,0.0008365834754718871,0.0008459584726216761,-20.771824763758882,-20.741597041883683
142,142,0.0008392012414052008,0.0008380209297971114,-20.76359221437589,-20.78253883219048
143,143,0.0008321967571205699,0.0008376858221661104,-20.800435160667412,-20.784275835359523
144,144,0.0008314678291838194,0.000833120956820877,-20.802785065477146,-20.80800689496298
145,145,0.0008280370618485529,0.0008331769127643815,-20.812752907470326,-20.80771521413032
146,146,0.0008270783744723603,0.0008288923908319129,-20.819955061798147,-20.830105957410545
147,147,0.000824358833344058,0.0008311181169885554,-20.839182225576703,-20.81845999296946
148,148,0.0008237650455935791,0.0008282260203390921,-20.84467855575669,-20.83359878015132
149,149,0.0008198722690516679,0.0008229724235685641,-20.8652840348427,-20.861234656324257
150,150,0.0008136449272494725,0.0008211513264349809,-20.88933056419007,-20.87085549854569
151,151,0.0008172607985469177,0.00081975137091879,-20.880057115179515,-20.87826596967343
152,152,0.000813803060061884,0.0008186554615876,-20.89396252091591,-20.8840758507938
153,153,0.0008084899157804158,0.0008183367164364379,-20.92357920141803,-20.88576711436721
154,154,0.0008074931677949336,0.0008116078832627911,-20.92751665597887,-20.92162491859888
155,155,0.0008077093966535686,0.0008089734290383364,-20.934014694569708,-20.935744912846236
156,156,0.0008037274405744273,0.0008077644834932136,-20.95266966057978,-20.942239947977885
157,157,0.000798138455588601,0.000805161458342091,-20.976591129601736,-20.956257708019063
158,158,0.0007993005193318672,0.0008010411095854483,-20.98117230607645,-20.97853943872348
159,159,0.0007907969981537575,0.0007985546468070856,-21.016293019852505,-20.992041074115107
160,160,0.0007935928369238589,0.0008000820648464325,-21.00569110682809,-20.983742135112063
161,161,0.0007898169545667995,0.0007929643462902229,-21.022058618556176,-21.02255087842388
162,162,0.0007896046574256316,0.0007938050793630904,-21.031144287906848,-21.017948750823436
163,163,0.0007865855808744265,0.000786408356170317,-21.04950187398896,-21.058606290571294
164,164,0.0007848978797501894,0.0007873937751068489,-21.04953488909753,-21.05316771536643
165,165,0.0007803948354888131,0.0007899736764987832,-21.07448662556097,-21.038961286340303
166,166,0.0007811025332313837,0.0007834000923474761,-21.071606320874288,-21.07525130199113
167,167,0.0007801570019867156,0.0007835780392940107,-21.07984188592664,-21.07426492731591
168,168,0.0007757458304170251,0.000780385073372408,-21.101614717408992,-21.091997946669593
169,169,0.0007751697263939632,0.0007821155901949265,-21.1004073490812,-21.08237805681385
170,170,0.0007750673865246558,0.000778297137003392,-21.112396093827435,-21.103633157233595
171,171,0.0007706112072313416,0.0007753782954655195,-21.125805237019257,-21.119951086168953
172,172,0.0007690422569363157,0.0007704148118041063,-21.14387421528808,-21.147841247710023
173,173,0.0007669986603714372,0.0007716226820392828,-21.148540073645506,-21.141037632527247
174,174,0.0007668090690186573,0.0007718219850702505,-21.15019519959993,-21.139916034728486
175,175,0.0007659041577201221,0.0007679418225674645,-21.16325065004268,-21.161804284374497
176,176,0.0007643327405004157,0.0007679775927068764,-21.16721765103273,-21.161601998056454
177,177,0.0007624021586097931,0.0007669190588211151,-21.177794965508415,-21.167592179843847
178,178,0.0007582388760656426,0.00076403141046237,-21.204775734480027,-21.183975351739473
179,179,0.0007579191065796642,0.0007597634378869675,-21.19359995958333,-21.208303584473214
180,180,0.0007556162662948146,0.0007604874523454591,-21.211908847713268,-21.2041669579475
181,181,0.0007533425028368677,0.0007577888379608723,-21.220759412163677,-21.21960544668228
182,182,0.0007531063855606486,0.0007569775395830603,-21.23391243224351,-21.224257549443138
183,183,0.0007513430108767503,0.0007588441183447445,-21.242632494152126,-21.213561762617093
184,184,0.0007537166046737166,0.0007527995958777243,-21.23425020138304,-21.248293713269852
185,185,0.0007469418270215776,0.0007523272499000948,-21.26049720590039,-21.251019560050718
186,186,0.000746288945293534,0.0007517984547456237,-21.26565910803607,-21.2540731988044
187,187,0.0007451209941754098,0.0007476708729212222,-21.278548916563274,-21.277982864771673
188,188,0.0007430599863189704,0.0007442715056975814,-21.292972830122675,-21.29777356182718
189,189,0.000739935889345661,0.0007461597989803474,-21.306728456608695,-21.28676901852314
190,190,0.0007395610722146698,0.0007423042583181278,-21.309220127815266,-21.309267966631126
191,191,0.000736059315536248,0.0007412010025674183,-21.320205756087805,-21.315727505206755
192,192,0.0007368405361554211,0.0007389983572801085,-21.32840075008562,-21.328652756033136
193,193,0.0007357066953266712,0.0007360821105784884,-21.33486323878399,-21.345824856512543
194,194,0.0007342833661973553,0.000736382587714807,-21.339582226649775,-21.344052378514206
195,195,0.0007316551666908427,0.0007399454908935647,-21.35865919693398,-21.323090205991896
196,196,0.0007316527369710588,0.0007373861337423717,-21.355809832843246,-21.33813781996612
197,197,0.000730589246401352,0.0007307199963466509,-21.37016498295405,-21.37757756514146
198,198,0.0007268674227591488,0.0007345980051659831,-21.3842318332193,-21.35459003941126
199,199,0.0007276042387340718,0.0007323553987876757,-21.389259777230905,-21.36786861160435
200,200,0.0007212999668068339,0.0007305116987002915,-21.409625936221758,-21.378815733179106
201,201,0.0007217457972841395,0.0007265097106267747,-21.418664417446827,-21.40267325094296
202,202,0.0007222257044463966,0.0007240012269712201,-21.405677806405848,-21.417694464053156
203,203,0.0007210628924046442,0.0007248539692036024,-21.42206202534629,-21.412582272168834
204,204,0.000719699412752327,0.0007230110441971766,-21.425037755559778,-21.423638172901146
205,205,0.0007198801895449917,0.0007229872617723519,-21.4265509273706,-21.423781030272778
206,206,0.0007210073616960537,0.0007209733012132347,-21.429255967068368,-21.435895662031793
207,207,0.0007164709554437894,0.0007210033455569493,-21.441404013446544,-21.435714686941537
208,208,0.0007162982035073039,0.0007120388633522548,-21.45163908608733,-21.490050503638123
209,209,0.0007153413181682837,0.0007186240645272559,-21.450540766719477,-21.450069922965284
210,210,0.0007135107940466134,0.0007181305738509094,-21.468561648444954,-21.453053317350257
211,211,0.0007142444428046877,0.0007185232182229427,-21.4640979801553,-21.45067942199271
212,212,0.0007140678419616342,0.0007151475660257825,-21.45799262446196,-21.47113083730149
213,213,0.0007106071204839985,0.0007148533630625982,-21.480604031310552,-21.472917839291128
214,214,0.0007107001045219524,0.0007153142053682945,-21.480672406199965,-21.47011898855872
215,215,0.0007136762160183766,0.0007149957604461202,-21.4728561412382,-21.472052819379744
216,216,0.000710401394807724,0.000714186094946375,-21.487610711039814,-21.47697358289236
217,217,0.000712271989203183,0.0007114068415064953,-21.478308540942127,-21.49390711182706
218,218,0.0007066448589969311,0.0007105515687726438,-21.50499422109979,-21.499131459753713
219,219,0.0007087455194721901,0.0007096722440205907,-21.50412288171494,-21.50450928729012
220,220,0.0007060054160376108,0.0007090557605567339,-21.515148272181634,-21.508283589094624
221,221,0.0007058244010135916,0.0007049216686649934,-21.51725200964348,-21.533678880066645
222,222,0.0007017513145404609,0.000707109584350531,-21.530379141029492,-21.520220247794697
223,223,0.000702305399265486,0.0007068219067724911,-21.532704704846456,-21.521987473253898
224,224,0.0007021241874155617,0.0007063299877029893,-21.5361844580552,-21.525011037060334
225,225,0.0007034613073985908,0.0007061473044909929,-21.531046478982105,-21.526134429440337
226,226,0.0007004459429359467,0.0006984371146628339,-21.550191751592482,-21.573814390637494
227,227,0.0006977768312448386,0.0007010648688791614,-21.55456790548125,-21.55750543916046
228,228,0.0007018875954768707,0.0007062945514917374,-21.541688801970174,-21.525228925828124
229,229,0.00069608961858489,0.0007017484841574179,-21.56741445314823,-21.55327265415096
230,230,0.000698431947666998,0.0007033649813628903,-21.555239509243016,-21.543280064323973
231,231,0.0006987757383144854,0.0007009909145141903,-21.559774170867982,-21.557963594578098
232,232,0.0006963955808536524,0.0006979336766035933,-21.570982640964225,-21.576945942542608
233,233,0.0006949815661502406,0.0006981629749612981,-21.57703924192294,-21.575519350590756
234,234,0.0006940048734042986,0.0006969694023657786,-21.576348053123347,-21.582950360391358
235,235,0.0006962952956547673,0.0006979774885908945,-21.574510360060334,-21.576673327711422
236,236,0.0006948322304956539,0.0006961549883463272,-21.58253947916693,-21.588028091529836
237,237,0.0006955044389673576,0.0006953399248519226,-21.584724019050476,-21.593115822935047
238,238,0.0006934717914435206,0.00069589242277863,-21.59119558587422,-21.589666408984108
239,239,0.0006929725983429738,0.0006960912111313327,-21.59968927149235,-21.588425982255956
240,240,0.0006924231210243457,0.0006956391091654567,-21.599628266220662,-21.59124758343947
241,241,0.0006876121846402122,0.0006914764985834298,-21.621293080054095,-21.61731324404783
242,242,0.0006910339699933286,0.0006940240120074074,-21.604852270245804,-21.601342520674432
243,243,0.0006936115972438501,0.0006869558618698073,-21.59816690971821,-21.64579914839051
244,244,0.000691160637664503,0.0006909592316093805,-21.610145868957837,-21.620563249788823
245,245,0.0006889738574547251,0.0006930061959122357,-21.619471084250605,-21.60771631110153
246,246,0.0006835721997236929,0.0006915771825190045,-21.643960330576387,-21.616680926180326
247,247,0.0006849966528009355,0.0006894130339404862,-21.63817894117118,-21.63029258749193
248,248,0.000687670100062663,0.0006893599546808554,-21.633419777394526,-21.63062697219141
249,249,0.0006865072202119861,0.0006872197570230224,-21.63398616329078,-21.644131119811405
250,250,0.0006844066869534706,0.0006828653430076022,-21.650374948967176,-21.67173676775462
251,251,0.00068437847244006,0.0006892092182840171,-21.64496566309122,-21.631576710324445
252,252,0.0006821764040181471,0.0006858688184844428,-21.66332313476246,-21.65267689540769
253,253,0.0006819482593912363,0.0006840073528062357,-21.672296040396354,-21.66447978368071
254,254,0.0006811829504662568,0.0006829389787622189,-21.66266997036072,-21.671268478096692
255,255,0.0006817707134237917,0.0006828025951491375,-21.670284311146606,-21.67213585523321
256,256,0.0006808525031749351,0.0006853962641846584,-21.67085267086389,-21.65567015667444
257,257,0.000679139974983121,0.0006818487155741375,-21.670280629673485,-21.678207218665552
258,258,0.0006793843061403976,0.0006812722851081114,-21.680566013223064,-21.68188026875271
259,259,0.0006804010175533362,0.0006826854261912798,-21.67676777846179,-21.67288116872081
260,260,0.0006798773556323626,0.0006784149108601636,-21.680872380815664,-21.7001336390732
261,261,0.0006791519237557406,0.000680585146734589,-21.68755449225692,-21.686262818970835
262,262,0.0006760732035546266,0.0006802595208251947,-21.69107498115634,-21.68834119781428
263,263,0.0006760117242631224,0.0006804083302421006,-21.692549255908702,-21.687391265634663
264,264,0.0006752369670946267,0.0006777181008242463,-21.703596709980175,-21.70459663462833
265,265,0.0006726197544341311,0.000677774948264031,-21.71571150074307,-21.704232360839693
266,266,0.0006721925138035001,0.0006792209797391766,-21.717058995882724,-21.694976566993
267,267,0.000678626729833135,0.0006761148933468288,-21.68838561165373,-21.714882459973847
268,268,0.0006728541146791012,0.0006793841082406672,-21.72055110349042,-21.693933647177587
269,269,0.0006729477774063797,0.0006774893539075396,-21.71670073405112,-21.706062735250413
270,270,0.0006719576590934518,0.0006781173287890851,-21.721567571480158,-21.702039060111915
271,271,0.000670976105707784,0.0006789428880438209,-21.729652442620868,-21.696755051803397
272,272,0.0006716758854082334,0.0006726108626217434,-21.729054977403113,-21.7374487174282
273,273,0.0006714359660316067,0.0006745545236442826,-21.726373237878512,-21.724916895409972
274,274,0.0006727410646001856,0.0006756660938998195,-21.72541884786462,-21.717766227866985
275,275,0.0006689068269627841,0.0006728488982557074,-21.745441206858406,-21.735912029874825
276,276,0.0006739849035061666,0.0006755728084643028,-21.712067562941773,-21.718365875344283
277,277,0.0006711495645373061,0.0006778371599993031,-21.732998665831417,-21.703833748092094
278,278,0.0006747682436042916,0.0006721750281653122,-21.71958195992369,-21.74026374556577
279,279,0.0006688786910597197,0.0006764254679805354,-21.742930403973382,-21.712887978243536
280,280,0.0006697268990953405,0.0006709811522772437,-21.740469005887984,-21.7479842750822
281,281,0.0006700018318802042,0.0006751309081568922,-21.73668670625038,-21.72120757733333
282,282,0.0006704532100876659,0.0006716829742991218,-21.738299352883477,-21.74344408587023
283,283,0.0006693900651634508,0.000671325726312046,-21.744064891796103,-21.745754582191612
284,284,0.0006674054119563134,0.0006717256435781325,-21.74968339968151,-21.743168205067015
285,285,0.000668889421071934,0.0006717778068329943,-21.749772785028888,-21.742830964195036
286,286,0.0006705302494270823,0.0006720131741052395,-21.74665428978195,-21.74130961585959
287,287,0.0006687732061764859,0.0006749365252050522,-21.750509547390486,-21.722458173294058
288,288,0.0006690254121701972,0.000671205325297227,-21.747108505352138,-21.746533551086657
289,289,0.0006703015491270373,0.0006708354952647106,-21.749309945358696,-21.748927146631125
290,290,0.0006690625132532002,0.0006701717196081422,-21.750027649654374,-21.753226513930798
291,291,0.0006673591404663611,0.0006703812242975753,-21.75653628991771,-21.751869063160832
292,292,0.0006673383417289666,0.0006691860831587723,-21.75469653848085,-21.759618480999066
293,293,0.0006660503142071676,0.0006702608202191952,-21.76550322937239,-21.752649149496236
294,294,0.0006676123935978898,0.0006666434346698225,-21.756691336558745,-21.77615142217185
295,295,0.0006681008398840108,0.0006695716261961742,-21.75437086226274,-21.757117069173184
296,296,0.0006663928446888002,0.0006712489841064732,-21.76111994386869,-21.74625107175286
297,297,0.0006678097325703609,0.0006673157178355675,-21.75332032734467,-21.771773943396276
298,298,0.0006698089892995189,0.0006737897025519296,-21.74456084195925,-21.729843791809614
299,299,0.0006693964242003858,0.0006718253349199107,-21.753063578751416,-21.74252371296511
300,300,0.0006676768444804955,0.0006742051153100635,-21.75753615059068,-21.727167053414327
301,301,0.0006647592838901604,0.0006691445259524411,-21.776827403241743,-21.759888191118165
302,302,0.0006664063962723714,0.0006677693117556995,-21.76130237281337,-21.768822920206716
303,303,0.0006649102709620961,0.0006699124810678002,-21.774267512603505,-21.7549067944522
304,304,0.0006662278001667144,0.0006709336119360829,-21.7673228629226,-21.748291992209893
305,305,0.0006657687451488809,0.0006691422344087378,-21.76843449388929,-21.75990306393638
306,306,0.0006654510435350623,0.0006677291362154248,-21.76904465546253,-21.769084216136797
307,307,0.0006645979772600316,0.0006739227254384835,-21.773873109851586,-21.728986470847293
308,308,0.0006664308020845056,0.0006683551412271825,-21.759001803045894,-21.76501455456328
309,309,0.0006665713837869542,0.0006676004635856339,-21.75981261170895,-21.769921190218273
310,310,0.000664628433668506,0.0006679961868365737,-21.76544577645061,-21.76734765232839
311,311,0.000667925949266046,0.0006728642497603831,-21.75432824054107,-21.735812943768998
312,312,0.000665552318864262,0.0006688772363735265,-21.768596754315386,-21.7616233256878
313,313,0.0006673864320583027,0.0006710877151865708,-21.764228154918676,-21.747294598349278
314,314,0.0006656584572335033,0.0006688960435751237,-21.765130846761135,-21.76150121435554
315,315,0.0006671432806562978,0.0006669188151136041,-21.759901418646542,-21.774357786983423
316,316,0.0006665196827824045,0.000666977856063137,-21.764501367103183,-21.77397333203786
317,317,0.0006640330245046271,0.0006685557217631293,-21.77998542945641,-21.763711385847934
318,318,0.0006636620160749124,0.0006658095364017706,-21.775228638962815,-21.78158737333003
319,319,0.000663123007134064,0.0006634195880523246,-21.78010073047309,-21.797204583028297
320,320,0.0006653400733298862,0.0006678496904082989,-21.77251634255955,-21.76830019620725
321,321,0.0006656242575323613,0.000671933334639394,-21.766517613250322,-21.74182561615082
322,322,0.0006673697528630956,0.0006690322464381001,-21.76247648321806,-21.760616979341506
323,323,0.0006645051282398479,0.0006692860471574884,-21.775409510775653,-21.75896977398263
324,324,0.0006637768375869725,0.0006676246350827185,-21.78548204357228,-21.769763950097264
325,325,0.0006633068311277815,0.000669707504321674,-21.77832775187753,-21.75623583211104
326,326,0.0006635438149180455,0.0006688326952586833,-21.784005612482495,-21.76191253577654
327,327,0.0006611720099565141,0.0006681950150155707,-21.796302325006145,-21.766055172906242
328,328,0.0006631692810243322,0.0006667383070299892,-21.774641041630005,-21.77553340647107
329,329,0.0006623615573169952,0.0006672715841743507,-21.791695583095922,-21.77206117834165
330,330,0.0006660923545402427,0.0006678163037194233,-21.774615415323304,-21.76851731118681
331,331,0.00066129531658533,0.0006674333279462237,-21.787844006125596,-21.77100859469844
332,332,0.0006646651236974087,0.0006682394243972866,-21.77770906986485,-21.765766542968812
333,333,0.0006647314486266641,0.0006669518372387086,-21.77291883727895,-21.774142753738765
334,334,0.0006624113626720518,0.0006632468951130776,-21.793951458271348,-21.798335230285222
335,335,0.0006605433900216498,0.0006687049876506391,-21.79591730326045,-21.76274186134019
336,336,0.0006619409703620777,0.0006673085184669809,-21.788708904108024,-21.771820797723738
337,337,0.0006605501595126061,0.0006658198115857024,-21.790473219606067,-21.78152035084079
338,338,0.0006636219283988335,0.0006668780391153536,-21.780719400671778,-21.77462332653667
339,339,0.0006619194449290403,0.000667974417171392,-21.79002125331258,-21.767489189057322
340,340,0.0006617337456885149,0.0006642581950137881,-21.79109822192665,-21.791718275598452
341,341,0.0006604404344713104,0.0006654365417106371,-21.796727104012326,-21.784021026176646
342,342,0.0006618299821545322,0.0006676087535819725,-21.785688268197386,-21.769867261596172
343,343,0.000663361131074387,0.0006651417229716715,-21.780196110708722,-21.785945575178964
344,344,0.0006607480817618444,0.0006658730930403659,-21.795912699610078,-21.781172825646657
345,345,0.0006616173771728483,0.0006685343135981576,-21.792611237245918,-21.76385045573358
346,346,0.0006602150238042255,0.0006641372241766044,-21.80095027746207,-21.792509259464346
347,347,0.0006613796636865465,0.0006625730035777547,-21.799839791468287,-21.802750119527488
348,348,0.0006636717109508889,0.000666973110606992,-21.789573382497554,-21.774004231605673
349,349,0.0006648460019034209,0.0006627181336577786,-21.780074433307824,-21.801798944477817
350,350,0.0006614095938257565,0.0006626595430517275,-21.792251088011128,-21.802182919209898
351,351,0.0006593785371112916,0.0006607960554231939,-21.810136074459933,-21.81441306776857
352,352,0.000659984862311868,0.000662666190979316,-21.80796750040331,-21.80213935017334
353,353,0.0006625985945142882,0.0006615573472931589,-21.794645857267728,-21.809412515055623
354,354,0.0006609245517876806,0.0006641580563920893,-21.801087541235486,-21.792373034991307
355,355,0.0006598443850231616,0.0006651785194040521,-21.80156176965194,-21.785705324943994
356,356,0.0006591013258265466,0.0006620205669222694,-21.810747327840637,-21.806372667761636
357,357,0.0006595870375527625,0.0006649037241004407,-21.807738301535167,-21.78749983180689
358,358,0.0006574238986545003,0.0006581432045143293,-21.814887515660757,-21.831883471443348
359,359,0.0006599695831009178,0.0006643692184680779,-21.807896357052194,-21.790992460773573
360,360,0.0006611663992180652,0.0006622508640008929,-21.802508637870147,-21.80486215036894
361,361,0.0006589962573981239,0.0006629669407725727,-21.809357710258347,-21.80016876004916
362,362,0.0006570077492836287,0.0006601989214112492,-21.821190828213908,-21.818339381320936
363,363,0.0006582811990868032,0.0006611737312356892,-21.811218908476555,-21.811931581013987
364,364,0.0006581367312728898,0.0006601227704729689,-21.818901657665847,-21.81884034911578
365,365,0.0006568359298698758,0.000660054449996862,-21.82770389873994,-21.81928985249064
366,366,0.0006573212329423075,0.0006603588270464618,-21.816754281830196,-21.817287611560488
367,367,0.0006565473518891202,0.0006598454232229606,-21.824229800502142,-21.82066539887982
368,368,0.0006586753825666671,0.0006581912350252663,-21.816794317319648,-21.831566540042854
369,369,0.0006558473897646613,0.0006577741036093549,-21.824655523324033,-21.834319771802196
370,370,0.0006563779837979944,0.0006590774344084295,-21.83175997675757,-21.825723061503226
371,371,0.0006582068240980512,0.0006593376165255904,-21.818232572801023,-21.824008947891436
372,372,0.0006558841590039893,0.0006609360693561795,-21.8264661037818,-21.813492952753236
373,373,0.0006587412304331347,0.000663063415375195,-21.81242774469624,-21.799536822968044
374,374,0.0006555184318693643,0.0006603626197351044,-21.837293091227505,-21.81726266846968
375,375,0.0006558695278783358,0.0006581361889594087,-21.83216946987065,-21.831929765821346
376,376,0.0006551364719982922,0.0006578385731891581,-21.83680368376234,-21.833894133112707
377,377,0.0006569712026736018,0.000658893106064122,-21.823468446790603,-21.82693785016283
378,378,0.0006548597749812317,0.0006606587098519269,-21.837128976176004,-21.815315836830322
379,379,0.0006570452782229434,0.0006593457778523627,-21.831475984807163,-21.82395519095179
380,380,0.0006575428085046407,0.000658315977106165,-21.820687480738442,-21.83074353205538
381,381,0.0006556664401492508,0.000662988397954522,-21.83551068452758,-21.80002820123173
382,382,0.000654798031654977,0.0006581061201072053,-21.8356314668638,-21.832128190328774
383,383,0.0006581661921503387,0.0006604030311695839,-21.823375672644552,-21.816996906515715
384,384,0.0006557134593376102,0.0006575604569853136,-21.836292829605284,-21.835730599944235
385,385,0.0006559957712936724,0.0006525378343404123,-21.838996912959104,-21.86903051340389
386,386,0.0006544280169560507,0.0006592189831855265,-21.837584982000426,-21.824790435847426
387,387,0.0006522594095380573,0.000655895310429562,-21.855638037189884,-21.846742228445034
388,388,0.0006552832303136664,0.0006534849893987963,-21.837929067680925,-21.86273132352756
389,389,0.0006532272559196986,0.0006537135433111535,-21.851255578356195,-21.861212660501522
390,390,0.00065116823312452,0.0006559013333906861,-21.864146649255552,-21.84670234819693
391,391,0.0006531308658334628,0.0006556831680140213,-21.852743548646426,-21.848147135322733
392,392,0.0006524169716753604,0.0006562378900860878,-21.850337930003082,-21.844474463895466
393,393,0.00065384789420407,0.0006535366287847099,-21.850316117285583,-21.862388150927337
394,394,0.0006526433508699164,0.0006560783398239628,-21.851616919355124,-21.84553048678369
395,395,0.0006520092228101086,0.0006561650294124296,-21.858272563487123,-21.844956678436137
396,396,0.0006521783970757244,0.0006565270841268724,-21.848341849691053,-21.842561015858525
397,397,0.0006496125865804473,0.0006530685105213994,-21.86579487144,-21.865500050325505
398,398,0.0006493452171910286,0.0006537672383465657,-21.863979832438055,-21.86085595227414
399,399,0.0006474827406639905,0.0006541012553498149,-21.872832048084238,-21.858637659758855
400,400,0.000649104287281402,0.000657210181663303,-21.875594825915154,-21.83804465592668
401,401,0.0006491531241089874,0.0006515096021374982,-21.872012940904455,-21.87587927751927
402,402,0.0006494474046402754,0.0006536888601993652,-21.866872511557247,-21.861376645808853
403,403,0.0006521403340661188,0.0006537496443151644,-21.85197871924207,-21.86097283016465
404,404,0.0006514587613619556,0.0006505578394832188,-21.866407905653475,-21.8822283394686
405,405,0.0006515749492538497,0.000654387208142955,-21.85681010219514,-21.856739473789514
406,406,0.0006530741553696007,0.0006550394586826625,-21.860673811325487,-21.85241286519327
407,407,0.0006512410317057955,0.0006557122779716002,-21.859538339278952,-21.847954328584148
408,408,0.0006505166397660433,0.0006539418184394507,-21.8745958444666,-21.85969637979818
409,409,0.0006528118662488138,0.0006515438650048485,-21.857209451192343,-21.875650888207502
410,410,0.0006491260905510064,0.0006505400463203458,-21.874839983180294,-21.882347123343912
411,411,0.0006487059788586399,0.0006534861412977701,-21.87771737899024,-21.86272366821894
412,412,0.0006505177997187088,0.0006531769391394368,-21.87685716734339,-21.86477905335492
413,413,0.0006502113993922921,0.0006516323712850479,-21.869389210366485,-21.87506097890601
414,414,0.0006506632624635685,0.0006545580261828084,-21.864080534370576,-21.855605960628026
415,415,0.0006496191520445509,0.0006563010790973509,-21.872322870245977,-21.844056302765416
416,416,0.0006505957877829901,0.0006552786247706727,-21.8684894622856,-21.850827471314545
417,417,0.0006468781004851856,0.0006520930971754225,-21.8790622285762,-21.871991456601975
418,418,0.0006514579182509909,0.0006524880821081368,-21.868066019476732,-21.869361650428488
419,419,0.0006516181183354833,0.0006525216189115063,-21.86656649557273,-21.869138436016584
420,420,0.0006488412342600755,0.0006522268583802017,-21.876800908494268,-21.871100697351
421,421,0.0006514716816624415,0.0006539129443760766,-21.86487739101361,-21.859888141861553
422,422,0.0006512563217181674,0.0006511761365752472,-21.8701922523044,-21.87810271871387
423,423,0.000650608959516568,0.0006525461182096287,-21.873596638641946,-21.86897538072553
424,424,0.0006472528180030664,0.0006513035500814256,-21.88737515062204,-21.877253032021684
425,425,0.0006477140351054594,0.0006533791648076946,-21.879478923887483,-21.863434671858254
426,426,0.0006498085609733214,0.0006548861305131332,-21.87307523795553,-21.85342955772604
427,427,0.0006505700653975772,0.0006528793723861638,-21.871537010025747,-21.86675801245553
428,428,0.0006474875394955815,0.0006521108045585846,-21.886160849044835,-21.871873526901155
429,429,0.0006503362698269259,0.0006520202242475199,-21.868051750235832,-21.872476817957942
430,430,0.0006493361770012176,0.0006534001563283566,-21.86824437271251,-21.863295145597874
431,431,0.0006496952012536529,0.0006552684966376738,-21.87582423074511,-21.85089459735987
432,432,0.0006496533907508266,0.0006524826350964998,-21.871307523269117,-21.869397905756912
433,433,0.0006495216740151271,0.0006537797897563953,-21.870270491354013,-21.860772574653108
434,434,0.0006469324154337656,0.0006540717073029986,-21.888689053683418,-21.858833850232934
435,435,0.0006526945394070185,0.000654470769835538,-21.856895387113838,-21.856184938726926
436,436,0.0006502576054736358,0.0006544385779354917,-21.872568994207313,-21.856398563369133
437,437,0.0006496104010928076,0.0006532190631045715,-21.870307707134874,-21.864498981989286
438,438,0.0006464286803354308,0.0006518314200404443,-21.892007700760576,-21.873734578014083
439,439,0.0006511598074155831,0.0006532701939393423,-21.86757840880681,-21.86415905053883
440,440,0.0006492710696322095,0.000652576759947758,-21.875127399391218,-21.868771452987982
441,441,0.0006481929479368492,0.0006543316933522491,-21.88303578488149,-21.85710792215921
442,442,0.00064726591592693,0.0006541920899364509,-21.889285540966334,-21.858034599903092
443,443,0.000647221724310717,0.0006510869685658499,-21.88426021559712,-21.8786974552821
444,444,0.0006497441484957703,0.0006505907114938294,-21.87437086895846,-21.882008900530447
445,445,0.0006489311122892367,0.0006505958153866231,-21.87506083189092,-21.881974830204157
446,446,0.0006488527401744091,0.0006503910132634797,-21.880245321664127,-21.88334216814701
447,447,0.0006470745549412425,0.0006560077369948359,-21.88921380715396,-21.84599787104556
448,448,0.0006502209064435482,0.0006523367329990785,-21.872283676920542,-21.87036914327257
449,449,0.0006497225582542032,0.0006516913938532142,-21.869459049417685,-21.874667628053896
450,450,0.0006492075548728102,0.0006544531819312588,-21.872707368195634,-21.856301650316887
451,451,0.0006490864703364516,0.0006504437892305616,-21.881748480876038,-21.882989774265027
452,452,0.0006483917709046341,0.0006521004190864531,-21.87892350072698,-21.87194269289447
453,453,0.000647592836554095,0.0006524065025395861,-21.881636683646324,-21.86990467600191
454,454,0.0006472805494528994,0.0006524586045232258,-21.88818997364175,-21.869557856949417
455,455,0.0006474972667758228,0.0006527018267661333,-21.88728256438928,-21.86793920415147
456,456,0.0006474846375136415,0.0006516268017309669,-21.879198030984334,-21.87509809856193
457,457,0.0006487809521261334,0.0006504231653372316,-21.883688319913173,-21.883127480016377
458,458,0.0006520751306844741,0.0006536266882903874,-21.861624341704513,-21.861789720021115
459,459,0.0006459645924552046,0.000652555100570776,-21.892467583326326,-21.86891560007672
460,460,0.0006488952929749317,0.0006499816142757865,-21.883868557820026,-21.886076764728955
461,461,0.0006502998198296145,0.0006492695568962709,-21.871720488873386,-21.890837085574457
462,462,0.0006484072919474127,0.0006477427791411939,-21.88333203178367,-21.901061683166443
463,463,0.0006490912667677267,0.0006493424482055401,-21.882520859912322,-21.89034954513431
464,464,0.0006470989535524289,0.0006487396282241925,-21.89201535250288,-21.894383210109027
465,465,0.0006491850921164084,0.0006519048076466118,-21.883994933346294,-21.873245647327714
466,466,0.0006478630257146337,0.0006514598284602949,-21.883692541008728,-21.876211080136528
467,467,0.0006496298952585028,0.0006494336565466304,-21.877598701779014,-21.88973956656819
468,468,0.0006474240823437643,0.0006520946749093893,-21.88776440640471,-21.87198094889487
469,469,0.0006458006508782814,0.000653620530532575,-21.895069905477275,-21.86183063470352
470,470,0.0006466787446472678,0.0006519665292121078,-21.888134581064467,-21.87283448198384
471,471,0.0006484218906688015,0.000651150338327218,-21.880449561156183,-21.878274780588974
472,472,0.0006497564687172777,0.000651994824262434,-21.87868803200997,-21.872646004247276
473,473,0.0006474062563976293,0.0006496543462976421,-21.89102166586099,-21.888264003068425
474,474,0.0006496708536491796,0.0006535575375892222,-21.87373679960302,-21.862249207939794
475,475,0.0006468400860819774,0.0006523682692970492,-21.887294521073557,-21.870159194814228
476,476,0.0006458712159655988,0.0006478972500190139,-21.89578881391629,-21.900026120067743
477,477,0.0006493606350202229,0.0006481071621620734,-21.874212967538416,-21.898619277847832
478,478,0.0006470278825985326,0.0006521294800270544,-21.89230178742577,-21.87174915330221
479,479,0.0006475050852048336,0.0006536564415957974,-21.887409845257544,-21.861592032220138
480,480,0.0006489999983555724,0.0006508620694818857,-21.87909660114326,-21.880197858589263
481,481,0.0006485191082639485,0.0006492686899084793,-21.883494566508087,-21.890842884833965
482,482,0.0006486238940551723,0.0006510126741455966,-21.879648567478654,-21.87919304956273
483,483,0.0006472200602917097,0.0006507100494529464,-21.886952085255995,-21.881212346515774
484,484,0.0006492559470418725,0.0006507896867237593,-21.878340799356216,-21.880680866925736
485,485,0.0006441474290919903,0.0006480399690764515,-21.897617282926323,-21.899069559851018
486,486,0.0006488025987751244,0.0006516095079285534,-21.882455118103387,-21.87521335936159
487,487,0.000648646946089131,0.0006504905269187139,-21.88568542183368,-21.882677722844473
488,488,0.0006471111855623265,0.0006524917798263854,-21.892136592202952,-21.869337038575424
489,489,0.0006448661664875282,0.0006500487644715529,-21.8969267209323,-21.88562811429766
490,490,0.000647719208986412,0.0006495610731163699,-21.891507329062176,-21.888887579842535
491,491,0.0006457311323287023,0.0006515063179999982,-21.89531800101274,-21.875901169543333
492,492,0.0006508395494653162,0.0006510761756400921,-21.871611823161516,-21.878769447921748
493,493,0.0006432024811240892,0.0006514334450720957,-21.908429976655587,-21.876386968064466
494,494,0.0006470614642183267,0.0006495032729090829,-21.884555833335973,-21.88927404739776
495,495,0.0006439928475469735,0.0006509191773243641,-21.909428835882775,-21.879816817290063
496,496,0.0006499590151751242,0.000648310723542971,-21.878437087145954,-21.89725543388743
497,497,0.0006475477760235212,0.0006498453011246104,-21.886514042873124,-21.886987656000436
498,498,0.0006491334619211782,0.0006513252278397742,-21.878002681918378,-21.877108485378905
499,499,0.0006464952548975413,0.0006506122759004173,-21.894172495146023,-21.88186495215532
500,500,0.0006461500864687193,0.0006509342469814184,-21.89239105767461,-21.879716273422666
501,501,0.0006487927880839051,0.0006518693530539933,-21.88296586478515,-21.873481849798978
502,502,0.0006490256409304812,0.0006506370723639664,-21.884260946110903,-21.881699434803767
503,503,0.0006482467054120582,0.0006501808805440209,-21.88598637434264,-21.884745542797145
504,504,0.0006476536749612502,0.0006507715198064321,-21.88486610326641,-21.88080210274483
505,505,0.0006465553378052625,0.0006487938164929418,-21.897289969666986,-21.894020465453604
506,506,0.0006458167179929304,0.0006517134943829948,-21.8982561882185,-21.87452035013253
507,507,0.0006476454028725316,0.0006497612431351291,-21.892565122464095,-21.88754945558822
508,508,0.0006457247432878183,0.000649491655885389,-21.893829570027027,-21.889351726058003
509,509,0.0006450034111507775,0.0006513674682202307,-21.901863859402066,-21.876826841608157
510,510,0.0006470371490181184,0.0006511270031823139,-21.88663240581388,-21.878430420625765
511,511,0.0006468095450623671,0.0006512885018692989,-21.884343088309855,-21.87735337587807
512,512,0.000648418051363497,0.0006514430156369743,-21.881448874168964,-21.876323163956542
513,513,0.0006470431132030856,0.000648013610196741,-21.892324465917262,-21.89924621174554
514,514,0.0006441570033520921,0.0006462724260544698,-21.90467961028726,-21.91093121954083
515,515,0.0006472797417465943,0.0006522210651861602,-21.897805963146016,-21.87113927232451
516,516,0.0006467893374027665,0.0006497376659688981,-21.891161983558916,-21.88770704607364
517,517,0.0006482257566549192,0.0006517479288097667,-21.885007244400455,-21.874290889079493
518,518,0.0006483355795090884,0.0006530272657983005,-21.882931803102107,-21.865774338872793
519,519,0.0006467659349226844,0.0006509474325483959,-21.88875280354894,-21.879628302003002
520,520,0.000646341941919485,0.0006480359558114096,-21.893390319077184,-21.899096455480027
521,521,0.0006468630739074853,0.0006480165052619812,-21.89063037826704,-21.899226809251054
522,522,0.000648560354692535,0.0006517360207477683,-21.883936039387525,-21.87437023958654
523,523,0.000648459088964599,0.0006507548999874608,-21.878961783883195,-21.880913017061438
524,524,0.0006470534087581196,0.0006488247952227922,-21.892791221720074,-21.893813102653603
525,525,0.0006478834296000603,0.000648451506429793,-21.883746161631986,-21.896312450976296
526,526,0.0006472991813051025,0.000650553737374905,-21.885267255777382,-21.882255724099352
527,527,0.0006458271629676299,0.0006508440128527582,-21.894061095862703,-21.880318344995505
528,528,0.0006467545424232778,0.0006495484573717572,-21.885903370267023,-21.888971929131674
529,529,0.0006475459583842954,0.0006474761267829882,-21.893165843658934,-21.9028498851277
530,530,0.0006484279700689325,0.0006485863123089075,-21.880441528163402,-21.89540969472983
531,531,0.0006477370331323101,0.000651805796415398,-21.884923178456507,-21.87390530340954
532,532,0.0006455026978636449,0.0006481396849267185,-21.900268739503232,-21.89840134933744
533,533,0.0006464751984578432,0.0006509113621799962,-21.891985712648236,-21.879868960391203
534,534,0.0006469522546448736,0.0006497230160197145,-21.88394251152205,-21.887804969653462
535,535,0.000648574833398128,0.0006535311787095117,-21.883931291697806,-21.862424368445218
536,536,0.0006454032635767513,0.0006478149627678489,-21.89339123819344,-21.90057773791633
537,537,0.0006479007178754306,0.000650398203441383,-21.88497892346146,-21.88329415645461
538,538,0.0006433861743005895,0.0006515243685020035,-21.904953573672472,-21.87578084646118
539,539,0.0006460788726960261,0.0006507899900163082,-21.89844695570672,-21.880678842950054
540,540,0.0006462188537194173,0.0006507809984644777,-21.889597197177796,-21.88073884707397
541,541,0.000648738085484305,0.000648164888843894,-21.886126294496453,-21.89823247047402
542,542,0.0006456339231346609,0.0006503378267792103,-21.89721351394544,-21.883697332050996
543,543,0.0006462654132472793,0.00065059216055823,-21.89481213954313,-21.881999227475465
544,544,0.0006490894041225775,0.0006507352166073887,-21.879601245367255,-21.881044380077448
545,545,0.0006488732574747625,0.0006487682326941899,-21.885553400126007,-21.894191723585458
546,546,0.0006481569834034314,0.000651791710161457,-21.8856904391107,-21.87399916032974
547,547,0.0006466627231386211,0.000648498381978195,-21.89536371952794,-21.895998517613133
548,548,0.0006462972432365353,0.0006498866071189312,-21.89290284312271,-21.88671161499082
549,549,0.000647333647441311,0.0006480289954005888,-21.892278881487215,-21.899143102339945
550,550,0.000646450795046025,0.0006499226958686976,-21.88901872635939,-21.886470454309013
551,551,0.0006471671195239903,0.0006467088180790214,-21.886080949814776,-21.907999658758097
552,552,0.0006464678906960432,0.0006524951987605738,-21.89742847394658,-21.869314282421122
553,553,0.0006468231392515459,0.0006507194699033311,-21.892427264669536,-21.881149473351176
554,554,0.0006485932480217409,0.0006488120875713465,-21.88708876590219,-21.893898162857642
555,555,0.0006463223655429698,0.0006521716070557503,-21.889483482199978,-21.871468611695843
556,556,0.0006442353760669987,0.0006453709885183917,-21.905513580692386,-21.916993100193686
557,557,0.0006472628117183742,0.0006495145314961279,-21.886255286116516,-21.88919876679404
558,558,0.0006481279713850584,0.0006499049792948522,-21.884719243590133,-21.886588842467795
559,559,0.0006467660039317669,0.0006498259547362594,-21.894467225138744,-21.887116950691976
560,560,0.000648862757292797,0.0006489321883571776,-21.88548378616482,-21.893094320225856
561,561,0.0006467942910547339,0.0006487857623908081,-21.882856610389805,-21.894074378942538
562,562,0.0006459683159452662,0.0006481441485352422,-21.892263835627137,-21.898371440447097
563,563,0.0006465990751616887,0.0006513639359342816,-21.892826265478007,-21.876850392929505
564,564,0.000646080435901765,0.000654446435969715,-21.896404826948896,-21.85634641668145
565,565,0.0006434162652609658,0.0006520104668054142,-21.90818386393903,-21.872541810343368
566,566,0.0006460448548188145,0.0006504406643982389,-21.898558436194115,-21.883010638492145
567,567,0.0006442824924681528,0.0006501308801632963,-21.90552125871337,-21.885079537922138
568,568,0.0006471906960269763,0.0006494538974948227,-21.885945527788536,-21.889604211785834
569,569,0.0006452297741432011,0.000648541274897166,-21.892832831724853,-21.895711276464723
570,570,0.000648408680530169,0.0006533112088953586,-21.88432757884446,-21.863886391383566
571,571,0.0006495699887740013,0.0006496078598215,-21.878428838579936,-21.88857477667494
572,572,0.0006473809900722399,0.0006467819575367397,-21.883654757752673,-21.907508521696602
573,573,0.0006443823102055137,0.0006510821220121885,-21.8981223344458,-21.878729783364932
574,574,0.0006470561949248167,0.0006541502508824985,-21.886387645631352,-21.858312363141334
575,575,0.0006460201711701133,0.0006485511518181547,-21.89222779498674,-21.8956451363471
576,576,0.0006453841708638926,0.000647462218215591,-21.905059808630945,-21.902943177817583
577,577,0.0006487722419797606,0.0006484045665466079,-21.8840890365134,-21.896626837941543
578,578,0.0006484461620632443,0.00065295345235714,-21.879746827309646,-21.86626526143811
579,579,0.0006454489505897785,0.0006492428334527894,-21.898916728342172,-21.89101584157447
