,epoch,train_loss,test_loss,train_dbs,test_dbs
0,0,0.0008620043013955361,0.0008437607657948607,-3.5517618934573103,-3.653587591608107
1,1,0.0008240217359774967,0.0008128830752531556,-3.746453742780874,-3.8155000497025853
2,2,0.0008009939986165881,0.0007949851447177169,-3.8722005154579753,-3.912190729259809
3,3,0.0007851374528812456,0.0007821367931013045,-3.9555324336478828,-3.9829536997698463
4,4,0.000773861875863189,0.000772226341436372,-4.019299836710949,-4.038334745547927
5,5,0.0007657620176125664,0.0007643735244576084,-4.068542520958223,-4.082724503063375
6,6,0.0007578803378771798,0.0007576114393917745,-4.110428871790974,-4.121315627465596
7,7,0.000751752234736131,0.0007516542284161245,-4.1473816270118755,-4.155599814077373
8,8,0.0007461980303278981,0.0007466401010261555,-4.178127278885823,-4.184667747441587
9,9,0.0007416252634900901,0.0007418043494812752,-4.206160254299624,-4.21288710893938
10,10,0.0007374672952453731,0.0007388192431167944,-4.23020921296373,-4.230398878777356
11,11,0.0007339540380533285,0.0007342940937776707,-4.251505186441879,-4.257080513109513
12,12,0.0007306495759415335,0.0007323707625465957,-4.270927178031113,-4.268470881068998
13,13,0.000727644176990485,0.0007292809375365706,-4.289689442666851,-4.28683224514314
14,14,0.0007250008488928457,0.0007265801970405798,-4.304637686076912,-4.302945293456196
15,15,0.0007223023063282377,0.0007235843345130745,-4.3191379993481025,-4.320889304454655
16,16,0.0007203189102865602,0.0007215611403807998,-4.333418577805665,-4.333049500598022
17,17,0.0007174372440204024,0.0007193996080834614,-4.347115187821037,-4.346078894414705
18,18,0.0007156288040052984,0.000717641559037331,-4.360197822087328,-4.356705053191849
19,19,0.0007138577351087378,0.0007160415682990692,-4.371054530607651,-4.366398512282634
20,20,0.0007122872468112901,0.000713528991725884,-4.379992277430786,-4.38166462499094
21,21,0.0007106042107010318,0.0007120192320527215,-4.390023265699179,-4.390863619865508
22,22,0.0007094596602627527,0.0007108747285153521,-4.3988105332905345,-4.397850109256377
23,23,0.0007076695712628899,0.0007094100981607641,-4.409447481388794,-4.406807201447361
24,24,0.0007061814210022387,0.000708189220045154,-4.417399433091919,-4.414287746238367
25,25,0.0007045833818787305,0.0007066039282730536,-4.428710210676593,-4.42402038818379
26,26,0.0007032397588398116,0.0007050464138094531,-4.436237037107329,-4.433603784175532
27,27,0.0007020392402353668,0.000704017970220823,-4.443985981103089,-4.439943415775986
28,28,0.0007007166985710411,0.0007024417190175308,-4.450782926443583,-4.4496778929391345
29,29,0.0006995026355839728,0.0007015727705469257,-4.4598977235657795,-4.455053614868373
30,30,0.0006985166314125215,0.0007005257035703643,-4.465962110183712,-4.461540113542064
31,31,0.0006972748645792532,0.0006988494362878172,-4.473133081483393,-4.471944671383158
32,32,0.0006956644458264189,0.0006985687620104535,-4.482993005548279,-4.4736892499446625
33,33,0.0006947799720177331,0.000697381120469225,-4.486940967303154,-4.481079003670835
34,34,0.0006934065670591116,0.0006961033520239749,-4.496683847306407,-4.489043612554633
35,35,0.0006925898973743633,0.0006946895492116088,-4.503421699639149,-4.497873208547851
36,36,0.0006917621058258275,0.0006932414865954534,-4.508765063796547,-4.506935414314686
37,37,0.0006901313804003611,0.0006925203089945411,-4.516384880190963,-4.511455721943614
38,38,0.0006895030611050651,0.0006914306340101911,-4.52234267352667,-4.518294691676715
39,39,0.000688431603286761,0.0006903869216330349,-4.528939290045212,-4.524855306143383
40,40,0.0006874385367858118,0.000689721788818899,-4.536014407822743,-4.529041404399107
41,41,0.0006865607124522866,0.0006886063094593977,-4.541113794011876,-4.536070886521379
42,42,0.0006852694163002918,0.0006874530104381081,-4.547931588018231,-4.543350681962831
43,43,0.0006845990356691566,0.0006867710556099681,-4.554728227313624,-4.5476610306228125
44,44,0.0006834784253817244,0.0006861145620381361,-4.559891709343184,-4.551814494738364
45,45,0.000682267182765855,0.0006847053269953712,-4.568204075175981,-4.5607437964398585
46,46,0.0006816708086749789,0.0006836894807699872,-4.572485774921319,-4.567191884209377
47,47,0.000680511772930238,0.0006834915716593203,-4.577498407862469,-4.56844922807219
48,48,0.0006793941318335914,0.0006821130151174179,-4.585426284132311,-4.577217501235699
49,49,0.0006790390104948322,0.0006813247547190832,-4.588360815034284,-4.582239177868327
50,50,0.0006782491793423967,0.0006802587120450641,-4.59533177878018,-4.5890397384906105
51,51,0.0006770652229177583,0.0006799310703124655,-4.6017469562937,-4.591131990632283
52,52,0.0006759860048781044,0.0006781636896592222,-4.607604704457309,-4.602435533228192
53,53,0.0006757095094875807,0.0006776747728795989,-4.610923135357982,-4.605567674328633
54,54,0.0006741632835833912,0.000676936782455366,-4.6189989799489535,-4.610299734960904
55,55,0.0006736580218841351,0.0006759433461794336,-4.6239682223141845,-4.616677890145167
56,56,0.0006725854863239856,0.0006748191846877729,-4.629217160731377,-4.623906655145042
57,57,0.0006718424073247643,0.0006744913652686304,-4.634566162547267,-4.626016920533543
58,58,0.0006705049458967964,0.0006738867010235003,-4.641193515877755,-4.62991200558768
59,59,0.0006697772511223465,0.000672530631020077,-4.645427607324054,-4.63866016865245
60,60,0.0006694236959897212,0.0006716150704673247,-4.650720730928672,-4.644576535560627
61,61,0.0006685932724947858,0.0006711078826092967,-4.656248243942756,-4.64785746403513
62,62,0.0006677612227858188,0.0006706307115229336,-4.660115694460284,-4.650946482706491
63,63,0.0006667454829007464,0.0006696281274535546,-4.665986909548506,-4.65744398598765
64,64,0.0006663670250905928,0.0006690177741754604,-4.6716694070324145,-4.661404302584203
65,65,0.0006654678049410895,0.0006678242689782852,-4.675299330799064,-4.66915888902355
66,66,0.0006644119185721982,0.0006671829829237571,-4.6829394742198085,-4.6733312561148574
67,67,0.0006638343575573766,0.0006661403458565474,-4.687683435014401,-4.680123481337963
68,68,0.0006627506749301227,0.0006654510997529877,-4.693119758911766,-4.684619391959333
69,69,0.0006618597430714703,0.0006646330492865099,-4.698388318803618,-4.689961532884219
70,70,0.0006609909223229385,0.0006644577982737438,-4.704790186381248,-4.691106835304638
71,71,0.0006602815707627031,0.0006632107297742838,-4.711132976110937,-4.699265424827654
72,72,0.0006596868546900445,0.0006620702395019563,-4.712685435972181,-4.706740198338924
73,73,0.0006585756290377569,0.000661918770914015,-4.721265372634188,-4.707733891967708
74,74,0.0006580701963159919,0.0006604729140618522,-4.724023078334813,-4.7172307439196475
75,75,0.0006572574805516327,0.0006601317344527496,-4.731410752174386,-4.719474752753547
76,76,0.0006567380737906956,0.0006592910902231539,-4.733289329110255,-4.725008796772339
77,77,0.0006554724850221394,0.00065833347004005,-4.741006558823205,-4.731321509012967
78,78,0.000654862612754721,0.0006576382040389275,-4.744961373740018,-4.735910516843221
79,79,0.0006541749870539019,0.0006567966897579792,-4.750152095268686,-4.741471310463571
80,80,0.0006534162489937368,0.0006563648777572732,-4.756403322633937,-4.744327525274068
81,81,0.0006522958235306301,0.0006555844202490622,-4.760772304440993,-4.749494621741503
82,82,0.0006514504598693672,0.0006547707322935917,-4.7657506301599275,-4.7548882775574475
83,83,0.0006508619900187958,0.0006537864683195949,-4.772869226327589,-4.76142158757335
84,84,0.0006501406122757526,0.0006525055260250443,-4.777344724902223,-4.769938922914553
85,85,0.0006495967648981005,0.0006522938339529853,-4.779510767045482,-4.771348131140499
86,86,0.0006487479087771828,0.0006514284943573569,-4.784847269824148,-4.777113350595318
87,87,0.0006478888189093661,0.0006506617279037049,-4.7922680896251935,-4.782228241599466
88,88,0.0006479609712055817,0.0006504128932168609,-4.795328915032584,-4.7838894458219725
89,89,0.0006466367199162463,0.0006497390568256378,-4.799110142709496,-4.788391126607921
90,90,0.0006460727914956581,0.0006487893835200291,-4.8044616445874135,-4.7947435165434085
91,91,0.0006454457365667697,0.0006482302039665612,-4.811105107528694,-4.798488234230841
92,92,0.0006445100880227983,0.0006468759322735039,-4.816177016748488,-4.807570932879354
93,93,0.000643870895296412,0.0006465707709522624,-4.820524702548447,-4.809620184387499
94,94,0.0006429934544133541,0.0006455683063617663,-4.824511220874949,-4.816358854163027
95,95,0.0006422929090121281,0.0006450390087832746,-4.830184855957978,-4.819921069064706
96,96,0.0006411749510737808,0.0006441523805015573,-4.835353500336812,-4.825894702369405
97,97,0.000640408147352066,0.000643413195288495,-4.841669519939739,-4.830881230441325
98,98,0.0006403211208982105,0.0006425736600680178,-4.8441142126742225,-4.8365516704445835
99,99,0.0006390962708914249,0.0006422346494601745,-4.852739474911447,-4.838843536688256
100,100,0.0006389905981834709,0.0006409366063675598,-4.853677442173092,-4.847630097985152
101,101,0.0006378492881716757,0.000640377126585104,-4.859819339967947,-4.851422752218852
102,102,0.0006371100628796543,0.0006398026966244766,-4.8649002712664355,-4.855320201223444
103,103,0.000636337550606617,0.0006385854917186263,-4.871642832394833,-4.863590389238668
104,104,0.0006355042011265826,0.0006387755121594589,-4.8753751877149645,-4.862298274804916
105,105,0.0006348322350867861,0.0006375910873573862,-4.879691216955727,-4.8703584873428305
106,106,0.0006344498515599551,0.0006366227569646741,-4.885043436553945,-4.876959273059357
107,107,0.0006334856596592929,0.0006364519910053595,-4.889372199132478,-4.878124369050623
108,108,0.0006331253818418715,0.0006355879411689545,-4.893494975567647,-4.884024374612748
109,109,0.0006319213533754816,0.0006344571838302439,-4.9000267989137125,-4.8917576715274
110,110,0.000631446899130902,0.0006340500886404985,-4.9052566458664675,-4.894545187285841
111,111,0.0006302878891895573,0.000633342231403252,-4.911021116279414,-4.89939638480716
112,112,0.0006303577725871553,0.0006327003877806036,-4.913878883877737,-4.903799856905465
113,113,0.0006294133280855172,0.0006317018506754385,-4.918344620711985,-4.9106593709384745
114,114,0.0006286083419384799,0.0006308115890102559,-4.923688185674079,-4.916784229186611
115,115,0.0006278705916405876,0.0006311174886497227,-4.92774663838939,-4.914678714219237
116,116,0.000627111366316292,0.0006301286354611971,-4.932989480150742,-4.921488702578759
117,117,0.000626696262283001,0.0006291472665524404,-4.938664842670869,-4.928257722574846
118,118,0.0006257028987429576,0.0006281385002167601,-4.943335115797937,-4.9352267308735716
119,119,0.0006244947975405405,0.0006278863109305109,-4.948537603381858,-4.9369707157998715
120,120,0.0006241053468835799,0.0006269510945697364,-4.955341585938532,-4.943444213932631
121,121,0.0006231462394521024,0.0006267766768455898,-4.961323210887279,-4.944652588786546
122,122,0.0006228419820077179,0.0006254550320782551,-4.962844235932589,-4.9538199535566
123,123,0.0006221275663809831,0.0006247838517945064,-4.96763405307726,-4.958482901179758
