,epoch,train_loss,test_loss,train_dbs,test_dbs
0,0,8.834758878459904e-05,8.296013210814348e-05,-13.444909212250602,-13.727086513630756
1,1,7.494568865123378e-05,7.119391298865115e-05,-14.15837387365621,-14.391352228658294
2,2,6.650154723830223e-05,6.548762834618653e-05,-14.680175639226345,-14.754188237172713
3,3,6.211996271266583e-05,6.316882182114856e-05,-14.972677517020529,-14.910753095022834
4,4,6.093758082025704e-05,6.222504089237191e-05,-15.057082263958996,-14.97612895642237
5,5,5.999282067707625e-05,6.132717144761333e-05,-15.128487916977708,-15.039251518543207
6,6,5.9375865564960025e-05,6.100834970742366e-05,-15.170335735370966,-15.061888089613205
7,7,5.8851287735940546e-05,6.066463902243413e-05,-15.210569203426576,-15.086424686023
8,8,5.832033170496363e-05,5.999560265703813e-05,-15.248468407997064,-15.13458666140356
9,9,5.805228910194086e-05,5.987588979463142e-05,-15.269811916817204,-15.143261059590671
10,10,5.76917233216197e-05,5.958822217316514e-05,-15.296501744901349,-15.164176579747618
11,11,5.7685902555528356e-05,5.892266620465211e-05,-15.297496908537953,-15.2129569622634
12,12,5.742402036329875e-05,5.8995219564837354e-05,-15.317082593767672,-15.20761264528508
13,13,5.700080637512825e-05,5.845389310515633e-05,-15.350070029350993,-15.247646452905245
14,14,5.683957955550364e-05,5.8419291139886665e-05,-15.36151426913229,-15.250218033908322
15,15,5.689198314002235e-05,5.8127335298769667e-05,-15.35581728846665,-15.271976720514271
16,16,5.665056075307915e-05,5.8204399369730564e-05,-15.37662461026275,-15.266222743620093
17,17,5.629280150463545e-05,5.813440791251579e-05,-15.400425744723021,-15.271448327073484
18,18,5.6289013843628164e-05,5.838993648036481e-05,-15.40283954678948,-15.252400835246299
19,19,5.626199284980083e-05,5.781891300820893e-05,-15.405020116031274,-15.2950816362439
20,20,5.6137547533618306e-05,5.750346061081233e-05,-15.414009605030794,-15.318841046129211
21,21,5.600179331653185e-05,5.745187483721805e-05,-15.424281687354636,-15.322738806634753
22,22,5.564951083890508e-05,5.748681532598934e-05,-15.453474087012111,-15.320098362078745
23,23,5.56478738609567e-05,5.710471324212114e-05,-15.453266942372325,-15.349061313119769
24,24,5.543534332657108e-05,5.710404615169146e-05,-15.468694892094675,-15.349112047178012
25,25,5.550428827565653e-05,5.700158132975431e-05,-15.464768787536043,-15.356911823525575
26,26,5.521654106674178e-05,5.708865979900829e-05,-15.486579224190924,-15.350282386045407
27,27,5.525233675293701e-05,5.6847184168873355e-05,-15.484093355614984,-15.368691288292943
28,28,5.52098046176342e-05,5.658222079019699e-05,-15.486045495887018,-15.388980972895949
29,29,5.504520887961448e-05,5.63608949673117e-05,-15.500596034447652,-15.406002055761519
30,30,5.5062262824143656e-05,5.613566942261777e-05,-15.499189069015166,-15.423391803166433
31,31,5.496416877614354e-05,5.630423191561069e-05,-15.506376536388641,-15.410370479858171
32,32,5.473169431686834e-05,5.638820144476516e-05,-15.524602157523255,-15.4038984375353
33,33,5.463866579806019e-05,5.591740141665612e-05,-15.530413016317016,-15.440311055757409
34,34,5.453160555748816e-05,5.617108074243573e-05,-15.540080504762281,-15.420653064616719
35,35,5.4574051956506923e-05,5.5961152132735346e-05,-15.538321222670737,-15.436914391260368
36,36,5.42551144050223e-05,5.566218245995084e-05,-15.563925908125302,-15.460178557324296
37,37,5.421874178039419e-05,5.564428475305536e-05,-15.564208283561715,-15.461575219280252
38,38,5.44331977806971e-05,5.557943146222418e-05,-15.549066174409793,-15.466639863852771
39,39,5.389029218949685e-05,5.565125760959314e-05,-15.5924418961446,-15.461031033402339
40,40,5.379930858982765e-05,5.5269302385185205e-05,-15.600586208718264,-15.490941034210731
41,41,5.4049142096287655e-05,5.525590907047061e-05,-15.5800152232768,-15.491993580073673
42,42,5.389561879054941e-05,5.535693286985502e-05,-15.591010458649952,-15.484060669203126
43,43,5.3772266293196586e-05,5.522323159598991e-05,-15.603507650867703,-15.49456268898921
44,44,5.368552791475578e-05,5.536309866951533e-05,-15.60856753067873,-15.48357696761191
45,45,5.348004440785405e-05,5.49737675388123e-05,-15.62583130406843,-15.514225846677988
46,46,5.35659843062041e-05,5.533376985879027e-05,-15.619341842733599,-15.485878268656116
47,47,5.339152900803325e-05,5.503240294944446e-05,-15.631131255237094,-15.509596099531935
48,48,5.321865746830638e-05,5.506799348758681e-05,-15.64600505276877,-15.506788339458081
49,49,5.314457726835264e-05,5.519312655547095e-05,-15.652718496656417,-15.4969308984679
50,50,5.30232989814939e-05,5.472503222623154e-05,-15.664557098403794,-15.533920603424287
51,51,5.3205911415753906e-05,5.489562145636515e-05,-15.648453156593218,-15.520403803690881
52,52,5.3061765656727316e-05,5.462148520133556e-05,-15.659164779114722,-15.542145815535257
53,53,5.292397953471476e-05,5.419430836857493e-05,-15.67199851648191,-15.576244081643114
54,54,5.283383480795256e-05,5.424357943028506e-05,-15.677528602118638,-15.57229746259231
55,55,5.259412489639422e-05,5.428827544643642e-05,-15.6989907457315,-15.56872040509209
56,56,5.2759486672734916e-05,5.4025059829368014e-05,-15.683686461469543,-15.589828298183932
57,57,5.2656280476907174e-05,5.43356796506008e-05,-15.692738514491733,-15.564929825826923
58,58,5.2602213698489706e-05,5.4078633662644084e-05,-15.695173160273532,-15.585523760324145
59,59,5.257731803438444e-05,5.422338060605781e-05,-15.696747244421266,-15.573914957542161
60,60,5.2328452792861166e-05,5.4121191504619724e-05,-15.720352603206226,-15.582107370906456
61,61,5.2291275762362385e-05,5.360057490945206e-05,-15.723575891820353,-15.624086384510674
62,62,5.227337488136494e-05,5.365873451075075e-05,-15.723522252204155,-15.619376602856153
63,63,5.2217693477941045e-05,5.403594600226681e-05,-15.727410884777328,-15.588953273044456
64,64,5.2215065507064624e-05,5.348676897579265e-05,-15.730846115526525,-15.63331722464736
65,65,5.211948725267688e-05,5.360885303449131e-05,-15.736568479029014,-15.623415707667947
66,66,5.188467492320642e-05,5.3208707724575344e-05,-15.756922618131497,-15.655953749487345
67,67,5.192951544982468e-05,5.323051396101762e-05,-15.754137993499613,-15.654174268551564
68,68,5.1824997631369697e-05,5.3476484409705e-05,-15.761228636553648,-15.634152376939953
69,69,5.1579632988072374e-05,5.313879553700405e-05,-15.781265506476302,-15.661663800165114
70,70,5.1663636244034166e-05,5.305824513351055e-05,-15.774895439277914,-15.668252044477795
71,71,5.1630563528718635e-05,5.3289683005699006e-05,-15.779356081435896,-15.649349494850561
72,72,5.1520719221725905e-05,5.311242880691823e-05,-15.786244566738025,-15.66381924367889
73,73,5.1366104634860335e-05,5.3094349775500105e-05,-15.800555605139017,-15.665297797828387
74,74,5.140567219248474e-05,5.289410757158246e-05,-15.796634876317963,-15.681707922072508
75,75,5.12197721505312e-05,5.3061420131646296e-05,-15.814389707384882,-15.667992171028821
76,76,5.114775322186857e-05,5.250735863994219e-05,-15.81894566632895,-15.713579144881509
77,77,5.108091372488902e-05,5.232222036666874e-05,-15.823964645415504,-15.72891920726267
78,78,5.106990227563374e-05,5.229785433345425e-05,-15.824813070674942,-15.730942152475162
79,79,5.114168046011119e-05,5.2780823400673016e-05,-15.81934149638296,-15.691019252339135
80,80,5.0865247890355603e-05,5.261283111298996e-05,-15.844090971040323,-15.704864143792523
81,81,5.102090188902179e-05,5.251667722692027e-05,-15.827736970066157,-15.712808462079055
82,82,5.081369484277903e-05,5.239238663833883e-05,-15.84475682869126,-15.723099039468638
83,83,5.099110522987945e-05,5.235987421321241e-05,-15.832814069744321,-15.725794917756001
84,84,5.0389899565603046e-05,5.261725278902113e-05,-15.883982756672335,-15.704499170311362
85,85,5.055542328825806e-05,5.2773654284752216e-05,-15.868271791010063,-15.691609186098002
86,86,5.045920808753959e-05,5.198277205253314e-05,-15.876202675348555,-15.757186511971359
87,87,5.0480588639008614e-05,5.199416333006842e-05,-15.87602883592046,-15.756234922279475
88,88,5.0455591599060915e-05,5.1905137393317235e-05,-15.881724364892609,-15.763677413666851
89,89,5.0390539174784244e-05,5.195357286873715e-05,-15.882223717982749,-15.759626667961433
90,90,5.041605173883187e-05,5.188375067327319e-05,-15.881587846248076,-15.76546722658529
91,91,5.008916602876234e-05,5.19542106638638e-05,-15.912264463452301,-15.759573353205852
92,92,5.0051525606024896e-05,5.16866637458167e-05,-15.914301014752443,-15.781995859563217
93,93,5.01375325632008e-05,5.155110250741831e-05,-15.906883074527185,-15.79340128487803
94,94,5.014116562886125e-05,5.173533856194761e-05,-15.904632482159872,-15.777907908229379
95,95,4.9730420119210735e-05,5.1092471901364134e-05,-15.941294848371417,-15.83221171565883
96,96,4.994813781129629e-05,5.145778452156504e-05,-15.919925960632007,-15.801270022920777
97,97,4.9665239728091897e-05,5.133364596220321e-05,-15.945712643251431,-15.811759752906768
98,98,4.9767957834680514e-05,5.136812959742536e-05,-15.938594280837526,-15.80884333729971
99,99,4.966773699426582e-05,5.151409162576065e-05,-15.947658582176881,-15.796520402345456
100,100,4.985423411480295e-05,5.087425540152349e-05,-15.931601636133426,-15.85080020406643
101,101,4.962328205589618e-05,5.124228712367384e-05,-15.950145243169603,-15.819495807309384
102,102,4.95951942341599e-05,5.079866069105552e-05,-15.952648962896088,-15.857258240862981
103,103,4.947163448452988e-05,5.081572587522188e-05,-15.964955759936279,-15.855799527065411
104,104,4.947331166776982e-05,5.076917755344e-05,-15.96284962315644,-15.859779583161206
105,105,4.933698336262563e-05,5.071026680525392e-05,-15.9745550098576,-15.864821907919232
106,106,4.93430844406098e-05,5.042369689602454e-05,-15.976753499747486,-15.889434028080252
107,107,4.927870252958173e-05,5.086757396623541e-05,-15.980147433670378,-15.851370610653184
108,108,4.9228994162289964e-05,5.03351940623313e-05,-15.986182597480953,-15.897063389980723
109,109,4.903072889290568e-05,5.0161417579817536e-05,-16.001973612968822,-15.91208285012514
110,110,4.883666657668673e-05,5.065759174421577e-05,-16.02116486638445,-15.869335466897246
111,111,4.889326377564168e-05,5.034295655174279e-05,-16.013920452602722,-15.896393690288516
112,112,4.8883909050683666e-05,5.046500729421448e-05,-16.01809073215805,-15.885877459656506
113,113,4.894085978991928e-05,5.0000745479912056e-05,-16.01098802368957,-15.926016068838681
114,114,4.87027678413067e-05,5.026416348348568e-05,-16.03195315152958,-15.903196270809781
115,115,4.874040036925508e-05,5.009512441526902e-05,-16.027557134830733,-15.917826267796343
116,116,4.8538551878270495e-05,5.00683312757725e-05,-16.045568051501128,-15.920149692609005
117,117,4.8455398296637306e-05,5.0377649657955194e-05,-16.055814210116274,-15.893401844676976
118,118,4.858557110413496e-05,4.9547745699160974e-05,-16.04194366496733,-15.965541863902457
119,119,4.8335511780454364e-05,4.9878271391590766e-05,-16.061162638001612,-15.936666924055194
120,120,4.8501525467595314e-05,4.9889581867702014e-05,-16.050366636861604,-15.935682222626149
121,121,4.849749702489791e-05,4.955467317669996e-05,-16.05002974514636,-15.964934701068751
122,122,4.823268333434358e-05,4.95545753342173e-05,-16.07320877889865,-15.964943275939605
123,123,4.814100818115661e-05,4.976681712402129e-05,-16.081276694623604,-15.94638220341249
124,124,4.820530724378072e-05,4.986597138524399e-05,-16.076998834704124,-15.93773802846426
125,125,4.8120441674326846e-05,4.961707427834259e-05,-16.083294001880116,-15.959469342560894
126,126,4.808553871812692e-05,4.932876216020974e-05,-16.08999506685653,-15.984778687723749
127,127,4.806630082366047e-05,4.959215891032823e-05,-16.088010376465235,-15.961650713532713
128,128,4.797967582264166e-05,4.9483535373215805e-05,-16.096282249208357,-15.971173658996902
129,129,4.805635372698835e-05,4.9316579526547634e-05,-16.091305442599328,-15.985851389284903
130,130,4.7696183773763384e-05,4.9243838140299835e-05,-16.12057535529154,-15.99226191171108
131,131,4.769540513378386e-05,4.9164338346791304e-05,-16.12161325072209,-15.999278875214868
132,132,4.7649488102983125e-05,4.911513947023961e-05,-16.1269865243031,-16.00362704695157
133,133,4.7848249450157945e-05,4.891099716156819e-05,-16.10791969549761,-16.021715693386746
134,134,4.764942385702749e-05,4.945393141640938e-05,-16.128437818649473,-15.973772641138737
135,135,4.76582009497113e-05,4.894059288505416e-05,-16.125797655607684,-16.01908860070819
136,136,4.7431123113204466e-05,4.863583652829555e-05,-16.145760798506558,-16.04621696259294
137,137,4.750219950531657e-05,4.8716567298948864e-05,-16.14110586961744,-16.039014071883923
138,138,4.749767641001621e-05,4.894134192574328e-05,-16.141543284534656,-16.019022132010235
139,139,4.741028540818136e-05,4.884508502743158e-05,-16.147838214393214,-16.02757216386773
140,140,4.7074569123389065e-05,4.8579287211300414e-05,-16.181162059696103,-16.051269480792097
141,141,4.7364273377377345e-05,4.81408571527266e-05,-16.154318386667633,-16.090642676637707
142,142,4.7180174134933326e-05,4.8790351444806314e-05,-16.167982999811635,-16.032441399108105
143,143,4.707163143674987e-05,4.853146329926523e-05,-16.18073958433812,-16.055547001595873
144,144,4.710588533252468e-05,4.8353212102818744e-05,-16.177593927619192,-16.07152756777638
145,145,4.7064270905504655e-05,4.822560559229092e-05,-16.17824061432747,-16.083003963315047
146,146,4.686666549796709e-05,4.8183926417933485e-05,-16.19900409262128,-16.086758993794703
147,147,4.7046865652238506e-05,4.796213838026712e-05,-16.1837782181467,-16.106795485556095
148,148,4.682204917585717e-05,4.81928588047403e-05,-16.204658745639353,-16.085953968745866
149,149,4.673243510643664e-05,4.842644231853468e-05,-16.211099659382747,-16.06495521848378
150,150,4.6728708015901235e-05,4.7982620583896184e-05,-16.212881123589046,-16.104941229368578
151,151,4.6767388094221386e-05,4.822063821943869e-05,-16.20648694245802,-16.083451321871674
152,152,4.6654933668701846e-05,4.790232656217229e-05,-16.219507401448716,-16.112214792060833
153,153,4.6376282831992396e-05,4.808036273492402e-05,-16.24402517817851,-16.096103508526934
154,154,4.630118934242607e-05,4.789218177105986e-05,-16.252479380936286,-16.113134641620753
155,155,4.637278399649844e-05,4.7818702258059364e-05,-16.245268782852218,-16.119803006169334
156,156,4.636143294004627e-05,4.750011832680014e-05,-16.246904604963675,-16.1488339483747
157,157,4.634594133864253e-05,4.792260408162532e-05,-16.247345501503485,-16.110376770394154
158,158,4.6256273674668226e-05,4.771435832433206e-05,-16.255634904930805,-16.12928998635854
159,159,4.599234727589346e-05,4.7758857123737565e-05,-16.278965537453626,-16.125241608110915
160,160,4.627346211189846e-05,4.735484962063645e-05,-16.253551386614934,-16.16213624516937
161,161,4.616984598711853e-05,4.778222290425267e-05,-16.263582993209006,-16.123117363808376
162,162,4.6057585987188016e-05,4.7650279731514224e-05,-16.27561617351891,-16.135126318152892
163,163,4.600210369747017e-05,4.73816297399983e-05,-16.28215006066432,-16.159680916778058
164,164,4.603472976650102e-05,4.7422410716535524e-05,-16.277145571541,-16.155944587802235
165,165,4.613149445203911e-05,4.734358011965493e-05,-16.26820016511075,-16.163169901614697
166,166,4.570408568677934e-05,4.746692138724029e-05,-16.30760858963509,-16.151870211966273
167,167,4.56195040671971e-05,4.743557024324362e-05,-16.315335204713794,-16.154739605403783
168,168,4.570650017955917e-05,4.6957316188031416e-05,-16.307790898638334,-16.198748191708464
169,169,4.568349105124746e-05,4.725435313670651e-05,-16.310125415211782,-16.171362638282247
170,170,4.5745333278018827e-05,4.7187975341282586e-05,-16.304930523641794,-16.177467425295625
171,171,4.569828543588807e-05,4.7234121379197426e-05,-16.31018495600159,-16.173222450460333
172,172,4.565641875066747e-05,4.70201182332331e-05,-16.31392380684995,-16.19294369493509
173,173,4.563195188049726e-05,4.71804441507342e-05,-16.315189332978385,-16.17816061365713
174,174,4.5542799759375355e-05,4.707556179614345e-05,-16.32517254283211,-16.18782574771198
175,175,4.563607719844476e-05,4.7082833349888554e-05,-16.312817676085885,-16.187154964046275
176,176,4.5616211433842126e-05,4.70245427813528e-05,-16.31666494149965,-16.19253504721091
177,177,4.5547050568839226e-05,4.703773351808961e-05,-16.32144523871088,-16.1913169894645
178,178,4.553791695423232e-05,4.678621936411793e-05,-16.324722996713767,-16.214601335836054
179,179,4.5276601349073223e-05,4.627844904653581e-05,-16.347469998849846,-16.261992905385956
180,180,4.5330040219849574e-05,4.67866423270224e-05,-16.341400021990342,-16.214562074355293
181,181,4.509277979317649e-05,4.6675463971424556e-05,-16.364312274067363,-16.224894426370504
182,182,4.522833480279456e-05,4.6320086288400684e-05,-16.35469344969863,-16.258087265726132
183,183,4.4971373370703374e-05,4.632465310063899e-05,-16.377418022064557,-16.257659105126905
184,184,4.498349400969299e-05,4.626527381907707e-05,-16.376947564408702,-16.263229494631478
185,185,4.493340359836908e-05,4.602417845346377e-05,-16.38057855404136,-16.285920413801993
186,186,4.492290178493875e-05,4.6495647486728175e-05,-16.382426070918715,-16.241657863619693
187,187,4.4899702319076056e-05,4.6307536984769336e-05,-16.38603880978944,-16.25926404067934
188,188,4.4751120082399156e-05,4.612571884583878e-05,-16.400113460017195,-16.27634938849666
189,189,4.4841989348270476e-05,4.6139082482305206e-05,-16.38945155364258,-16.275091323983958
190,190,4.4787455127081235e-05,4.643061038223095e-05,-16.393837888705075,-16.24773693338138
191,191,4.457903046433372e-05,4.5871171957849966e-05,-16.415707476563046,-16.30038250309125
192,192,4.461119154716611e-05,4.6239419661057914e-05,-16.414113019956687,-16.265657115983846
193,193,4.4533587270896384e-05,4.5982888734311256e-05,-16.418623650370904,-16.289818353153642
194,194,4.4587676814810094e-05,4.6023432284863175e-05,-16.414110622039782,-16.28599082451732
195,195,4.446705951494616e-05,4.620653156675153e-05,-16.427250160123883,-16.268747163366225
196,196,4.448746591320348e-05,4.580209076122724e-05,-16.42467777873516,-16.30692783316579
197,197,4.4579006723709135e-05,4.569023095475706e-05,-16.41400179029529,-16.31754732996973
198,198,4.4360400464676186e-05,4.557921496789755e-05,-16.438331234963623,-16.328112454757417
199,199,4.436933849104104e-05,4.5540203963786264e-05,-16.435807968703813,-16.331831149422687
200,200,4.435385075264572e-05,4.6050675384896367e-05,-16.438154081138833,-16.283420823317407
201,201,4.4367225725472585e-05,4.5509292249334976e-05,-16.436916752501688,-16.33478004822752
202,202,4.416068789855812e-05,4.554528468839922e-05,-16.458080009880035,-16.331346652781473
203,203,4.417481897089789e-05,4.559497833006868e-05,-16.456069846102828,-16.326610726904885
204,204,4.410443032555253e-05,4.543217054513087e-05,-16.461360679060718,-16.342146003770953
205,205,4.4108843718914645e-05,4.5551832092889144e-05,-16.46056483452047,-16.330722373606427
206,206,4.4104572544270434e-05,4.5171875076209145e-05,-16.462077562312455,-16.367099679083942
207,207,4.393481428929384e-05,4.543822184419505e-05,-16.479881135446746,-16.341567587473477
208,208,4.383582886147611e-05,4.54878823611101e-05,-16.48840021631655,-16.33682367134562
209,209,4.398434649590048e-05,4.52383667978115e-05,-16.47441897808781,-16.36071168754849
210,210,4.4042138752141087e-05,4.5270584738127105e-05,-16.46815638288959,-16.35761982225762
211,211,4.374809307676318e-05,4.5041434005772894e-05,-16.49711378858555,-16.379658774223987
212,212,4.3713332939360136e-05,4.514284170765773e-05,-16.50065850205243,-16.36989192217262
213,213,4.379629224542403e-05,4.557453748451448e-05,-16.492513003067746,-16.32855816437871
214,214,4.361290762203352e-05,4.4767744456246296e-05,-16.51251117120507,-16.406128725538064
215,215,4.3799496273367336e-05,4.502922150239005e-05,-16.493034200090683,-16.380836476957906
216,216,4.347640529398557e-05,4.463926061840826e-05,-16.522602821436912,-16.41861093767617
217,217,4.3516301432355626e-05,4.467857242592512e-05,-16.52231791925611,-16.414787982819625
218,218,4.3438581415852915e-05,4.473267836146988e-05,-16.52929869187885,-16.409531840688384
219,219,4.3678803682344075e-05,4.4947707608930376e-05,-16.504588114109687,-16.388705392726106
220,220,4.3563626473469505e-05,4.486408139009176e-05,-16.51575011576255,-16.39679306502054
221,221,4.348274621603645e-05,4.476297564044791e-05,-16.523779004608677,-16.406591375762744
222,222,4.3389360894018196e-05,4.431849466575506e-05,-16.534008657051565,-16.449930857234328
223,223,4.328000874555017e-05,4.453176083380209e-05,-16.544335730675602,-16.429082183853936
224,224,4.339154143100628e-05,4.479378300234921e-05,-16.532602830061816,-16.403603445425325
225,225,4.323176513353996e-05,4.471978325837929e-05,-16.547760119287936,-16.410783963224354
226,226,4.314949756851852e-05,4.457231702154355e-05,-16.557634423127517,-16.425128755417578
227,227,4.308990818825214e-05,4.4616794950439054e-05,-16.565689676858735,-16.420797168240618
228,228,4.308143537311536e-05,4.395836635682683e-05,-16.563425883814563,-16.48536542144167
229,229,4.299960084008677e-05,4.4165486255415566e-05,-16.571337747603877,-16.464950700111505
230,230,4.3075995769690164e-05,4.4135853769196396e-05,-16.56636286020393,-16.467865542792165
231,231,4.290196750272238e-05,4.48046391140547e-05,-16.581616083932925,-16.4025510274652
232,232,4.297224065161685e-05,4.456101190666423e-05,-16.576093357389624,-16.426230419429174
233,233,4.290267807124279e-05,4.4527198425432866e-05,-16.579026886736404,-16.42952715397197
234,234,4.308844380801995e-05,4.441019528281973e-05,-16.563102815119148,-16.44095403447709
235,235,4.2692301745380077e-05,4.4239221575767975e-05,-16.60159257073372,-16.457706097202504
236,236,4.281793399902959e-05,4.402614285936579e-05,-16.59061000161707,-16.478674478424587
237,237,4.290667298452727e-05,4.414625647385899e-05,-16.58148484982887,-16.46684204273302
238,238,4.2849982023231934e-05,4.4254215026739985e-05,-16.589161935683617,-16.45623444612099
239,239,4.256038004520455e-05,4.3870771486054814e-05,-16.618017713208097,-16.494028146037802
240,240,4.268404844663461e-05,4.42301103535819e-05,-16.603371890919817,-16.45860063397508
241,241,4.249942627286577e-05,4.371182685166499e-05,-16.624921232117764,-16.509791289569904
242,242,4.255734912129407e-05,4.38294216445157e-05,-16.617694157492533,-16.498123464120393
243,243,4.27714293221367e-05,4.362325776846295e-05,-16.59890190749461,-16.518599909257116
244,244,4.2343552682798396e-05,4.3651922743792006e-05,-16.6382172121286,-16.515747084207916
245,245,4.24106374620604e-05,4.37794576435791e-05,-16.63049284401677,-16.5030770926634
246,246,4.252992607455115e-05,4.3678895293085495e-05,-16.622609656439895,-16.513064404723895
247,247,4.2331412484984576e-05,4.3408611083194905e-05,-16.64125765948426,-16.540021961020198
248,248,4.2296557497598e-05,4.343632118482339e-05,-16.64528347386924,-16.537250505202493
249,249,4.2343364370513956e-05,4.370723323326705e-05,-16.63863755050262,-16.510247707912104
250,250,4.2260094561083626e-05,4.363805227943598e-05,-16.64795012438227,-16.517127280772378
251,251,4.2251940462894294e-05,4.3490501411724836e-05,-16.649337320970726,-16.53183671555374
252,252,4.218103458697442e-05,4.385660500510743e-05,-16.655660457651244,-16.495430769666363
253,253,4.2027854057600164e-05,4.3379021295358576e-05,-16.671205236075043,-16.542983369627336
254,254,4.221156064211511e-05,4.3807725313327915e-05,-16.65360033722889,-16.500273830131153
255,255,4.213662148536106e-05,4.350539797757703e-05,-16.66117792890915,-16.53034940489713
256,256,4.211388541173703e-05,4.303427627555242e-05,-16.66313178657074,-16.577635826668665
257,257,4.192594397610855e-05,4.343090882972128e-05,-16.682089503613454,-16.53779168878981
258,258,4.2095695255167026e-05,4.2878562357815864e-05,-16.664291458825332,-16.593378705231427
259,259,4.1954239650201e-05,4.334818827613306e-05,-16.67825109238369,-16.54607135337324
260,260,4.195933293304574e-05,4.311867393737071e-05,-16.681453839187785,-16.56912690144958
261,261,4.181441001548461e-05,4.2834142445108704e-05,-16.69346218064263,-16.597880097352174
262,262,4.1915530861852227e-05,4.30820854441998e-05,-16.682438811444552,-16.57281368605648
263,263,4.194154854238e-05,4.342058003347024e-05,-16.682210622576083,-16.53882465651354
264,264,4.185626402403679e-05,4.3347376049496233e-05,-16.688134509126225,-16.546152729058186
265,265,4.20185481828215e-05,4.310697840992361e-05,-16.67307327240068,-16.570305043435425
266,266,4.1853868096200366e-05,4.293174022581967e-05,-16.69041121776894,-16.58799593488927
267,267,4.1761663598344497e-05,4.294429872013432e-05,-16.6993735243536,-16.586725712161794
