,epoch,train_loss,test_loss,train_dbs,test_dbs
0,0,0.03757647732176732,0.036697335933384145,-4.270958886475275,-4.347829797267241
1,1,0.03534269048688338,0.034482511446664206,-4.524568234479267,-4.618186281902219
2,2,0.03296246091575967,0.03209005443281249,-4.82308943381685,-4.9304706346804
3,3,0.03072305442285292,0.029621426114126256,-5.138912028073609,-5.278115535789159
4,4,0.028108956906752487,0.027218978655965703,-5.495577361309029,-5.645456921962499
5,5,0.1272974937731765,0.025357850288089952,1.0626593188000797,-5.953050837840675
6,6,0.024373097326030435,0.02351217530667782,-6.116305946685819,-6.281247060625498
7,7,0.022494787715144994,0.021657175335444902,-6.480983340927083,-6.638157046625908
8,8,0.020966191689685446,0.019963720323223817,-6.787640329015164,-6.991760401408259
9,9,0.019119851521609985,0.018309739663412695,-7.188660840717386,-7.3673534789687825
