,epoch,train_loss,test_loss,train_dbs,test_dbs
0,0,0.001027238083590475,0.0010067352988316041,-19.884670579021947,-19.963783840384114
1,1,0.0009922137239122206,0.0009735145262981716,-20.03062693625015,-20.109512442125784
2,2,0.0009592596415103864,0.0009444488341135806,-20.17413736799125,-20.241152456215392
3,3,0.0009289908951350017,0.0009197137919009516,-20.30687516096348,-20.356409812888888
4,4,0.0009138804353946416,0.0008989740500079566,-20.39293680476696,-20.455465249730167
5,5,0.0008969201427913204,0.0008887378498911858,-20.46607364740611,-20.505200039889303
6,6,0.0008887364889120625,0.0008790525332044222,-20.513889393219237,-20.552788506486316
7,7,0.0008797697889733791,0.0008739505336914016,-20.561562938655705,-20.57806828532268
8,8,0.0008727190974072466,0.0008662646899833099,-20.588975364351665,-20.616430680613078
9,9,0.0008668516793758752,0.0008676856278294796,-20.621108608418787,-20.60931276497826
10,10,0.0008648486571511273,0.0008636868963214127,-20.630549866956805,-20.62937349820752
11,11,0.0008610182426168977,0.0008541106209649067,-20.655750192889514,-20.677795580400225
12,12,0.0008541683752819435,0.0008527839672751725,-20.676495827539547,-20.684546536163218
13,13,0.0008531802282284599,0.000850759896964423,-20.685368128379853,-20.694866704596166
14,14,0.0008480912344482218,0.0008471492420587884,-20.711071620482933,-20.713337538273183
15,15,0.0008488353131790214,0.0008439986145515975,-20.708615510301183,-20.7295194672346
16,16,0.0008435310962725162,0.0008398068603128195,-20.732541524835646,-20.75114262410477
17,17,0.0008445262690506799,0.0008402064497778682,-20.73669578089879,-20.74907669400853
18,18,0.0008367628618815588,0.0008362864058366732,-20.77342454224949,-20.769386432274764
19,19,0.0008368601616875259,0.0008328897529281676,-20.774982469030675,-20.787061614651712
20,20,0.0008327036252312516,0.0008342442942146016,-20.79415543818437,-20.780004354479193
21,21,0.0008385304437191753,0.0008325715684086868,-20.76701110730189,-20.7887210441557
22,22,0.0008335042500042731,0.0008280286504151789,-20.79507632996799,-20.812483164814616
23,23,0.0008334548166981831,0.0008294516868007026,-20.795003038569725,-20.805025857626664
24,24,0.0008274259972242043,0.0008268389777329407,-20.820416554527878,-20.81872739077426
25,25,0.0008297203589931668,0.000828193862138218,-20.811775309612006,-20.811616728821193
26,26,0.0008224026706866612,0.0008240491672615079,-20.845133576536412,-20.833405555982488
27,27,0.0008217543399575906,0.0008169827204638798,-20.849857791823545,-20.87080809328245
28,28,0.0008226807520859251,0.0008190907292852277,-20.85387216557581,-20.85961669957495
29,29,0.0008189287558726044,0.0008173766882943088,-20.86037443223529,-20.868714330341447
30,30,0.0008197094076169059,0.0008166285911820045,-20.864538696687337,-20.872690993998326
31,31,0.0008186402427003786,0.0008145323586895278,-20.869250150493773,-20.883853383651093
32,32,0.0008163207106186634,0.0008104638392595868,-20.877434573025504,-20.90560037890232
33,33,0.0008149774458268945,0.0008105122649699057,-20.892853694239104,-20.905340893044077
34,34,0.0008102123314735585,0.0008099911869258472,-20.907218300987562,-20.90813386860621
35,35,0.0008110307491883712,0.0008074577505651273,-20.902542532750388,-20.921738728778088
36,36,0.0008117346328289545,0.000808351360702593,-20.90372707563677,-20.916935067398363
37,37,0.0008067843521052261,0.0008100476667382999,-20.932697189073576,-20.9078310503023
38,38,0.0008100547711364925,0.0008035694389898134,-20.915287325024075,-20.942702689548366
39,39,0.0008079359786748194,0.0008039964871530078,-20.924278804038295,-20.940395292232598
40,40,0.0008074382263639001,0.0007990329667288614,-20.935463329617804,-20.96728982514008
41,41,0.0008082976948815523,0.0008021472450835924,-20.925291821900895,-20.950395841563356
42,42,0.0008007387856271156,0.0007996989052595669,-20.96344050954675,-20.96367178948362
43,43,0.0008035054911628903,0.000799514230732855,-20.944432163324414,-20.96467482186811
44,44,0.0008013049907473483,0.0007964147524418015,-20.956803576372067,-20.981543843299185
45,45,0.0008035870046911703,0.0007969495552395912,-20.957422981856194,-20.97862847847535
46,46,0.0008039631810010478,0.000796632908627783,-20.952554230246566,-20.98035437445061
47,47,0.000796062931821672,0.0007954320937738215,-20.990732476372997,-20.986905707002613
48,48,0.0007967135986582059,0.0007967822848034924,-20.991540141464192,-20.97954010771968
49,49,0.0007993118668253505,0.0007941591626915493,-20.985760811040493,-20.993861294620437
50,50,0.0007899778555435388,0.0007897662152046044,-21.017013075847053,-21.017951289909842
51,51,0.0007935317884890612,0.0007922111606029304,-21.00168137264074,-21.004527240278005
52,52,0.0007945446870001705,0.0007900940284966246,-21.005744929534032,-21.01614901016479
53,53,0.0007873124583413076,0.0007887465027651112,-21.029109253770105,-21.023562338109343
54,54,0.0007924425881356001,0.0007865399545009591,-21.013806265092185,-21.035728917178066
55,55,0.0007873323239558904,0.0007870051776990294,-21.03436819558641,-21.033160908551842
56,56,0.0007863700793115134,0.0007854238961284098,-21.033790305797403,-21.041895701152473
57,57,0.0007879367301038937,0.0007863673167058119,-21.03443350707312,-21.03668225554039
58,58,0.0007868765087644617,0.0007890292357555346,-21.029863587327824,-21.022005851012867
59,59,0.0007864041163912523,0.0007823887556840322,-21.045655818752724,-21.058710802012406
60,60,0.0007925124949362782,0.0007809628946951738,-21.02596612918844,-21.06663280383428
61,61,0.0007857646332266405,0.0007828360356047357,-21.047003518007337,-21.056228714994667
62,62,0.0007807139064828606,0.0007816290660565229,-21.061468212327533,-21.06292979535823
63,63,0.0007866800327055617,0.0007738426701459838,-21.051503072240585,-21.10641007140588
64,64,0.0007812110575146435,0.0007791460773564483,-21.070055873590032,-21.076747919068623
65,65,0.0007845306410166176,0.0007807012880221009,-21.06358135120442,-21.068087845665488
66,66,0.00078417087206617,0.0007767942580884617,-21.05886995683232,-21.089876737508398
67,67,0.000779373561675401,0.0007825626924290861,-21.084530445302313,-21.05774540760379
68,68,0.0007801907924339943,0.0007759817434768928,-21.076838902799068,-21.094421767108557
69,69,0.0007813532690315978,0.0007817554593968548,-21.07082740963091,-21.062227576173104
70,70,0.0007811964089866996,0.0007761561121840618,-21.07634579557129,-21.09344598564195
71,71,0.0007819841314616046,0.0007773902432649935,-21.065510236393447,-21.08654594781225
72,72,0.0007819553990800356,0.0007735731748030766,-21.073882318035857,-21.107922791362682
73,73,0.0007810207622692219,0.0007786536527993647,-21.07153180610514,-21.079493551525456
74,74,0.0007780680364506684,0.0007772245689442283,-21.09391743288193,-21.087471597600338
75,75,0.0007766446767173247,0.0007737915852646294,-21.094154774057706,-21.106696778449372
76,76,0.0007761459084726946,0.0007792616593896559,-21.10230495258294,-21.076103714883317
77,77,0.00077723828444411,0.0007743889122809234,-21.086560526251553,-21.10334554336597
78,78,0.0007772491122691979,0.0007712340141695581,-21.089087615898098,-21.12107505190486
79,79,0.0007742232350229295,0.0007749569056996782,-21.10711551556443,-21.10016127790747
80,80,0.0007751961478713862,0.0007726288504751498,-21.106359734008286,-21.11322759486225
81,81,0.0007768066752385156,0.0007770344443423184,-21.104751542485467,-21.088534098318554
82,82,0.0007779121515341103,0.0007723614506080354,-21.088322627145082,-21.114730908997327
83,83,0.000775858897898231,0.0007759384951848341,-21.110122119040568,-21.09466382200455
84,84,0.000778023136141182,0.0007743340898550263,-21.093954743675496,-21.103653010576426
85,85,0.0007773500779576446,0.0007700379876615969,-21.097081384698214,-21.127815300430267
86,86,0.0007731470281795896,0.0007724883065460936,-21.11596698685025,-21.114017663793202
87,87,0.0007738317590994165,0.0007724400278867075,-21.120278930043185,-21.114289095870728
88,88,0.0007757546401765082,0.0007703468926545037,-21.09956563823018,-21.126073453475463
89,89,0.0007738095969825829,0.0007690058402275961,-21.115103675304884,-21.133640423720156
90,90,0.0007735757264020594,0.0007709067676363414,-21.115755430339526,-21.122918221703728
91,91,0.0007744358460054032,0.000770306689542179,-21.113005231469803,-21.126300110396183
92,92,0.0007720095376704925,0.0007706466590446469,-21.130254198078365,-21.12438380473426
93,93,0.0007694954077770799,0.0007730473237308232,-21.128829055319812,-21.11087599453048
94,94,0.0007762487494079492,0.0007674139771169346,-21.100097788019294,-21.14263975586205
95,95,0.000771955908012106,0.0007711527930376562,-21.1262810061598,-21.121532445462257
96,96,0.0007714063022765763,0.0007663866884908394,-21.1300605953626,-21.148457276461052
97,97,0.000772500061430037,0.0007641486590728164,-21.130902814555675,-21.161158250938747
98,98,0.0007725068621251002,0.0007695529248418385,-21.125075841561745,-21.130551872999735
99,99,0.0007720458694522452,0.0007668399729913002,-21.12504351619707,-21.14588937221097
100,100,0.000770786973964615,0.0007704476102892505,-21.13915903585592,-21.125505679992635
101,101,0.0007706919586593189,0.0007655235638498868,-21.130388825690815,-21.153351170314867
102,102,0.0007712214323451992,0.0007681815891134503,-21.12598058345322,-21.138297861558257
103,103,0.0007696264218202955,0.0007655050568772774,-21.141630516756656,-21.15345616477379
104,104,0.0007715244380248346,0.0007649451880225618,-21.1298491223781,-21.15663363448702
105,105,0.0007679036994867949,0.0007646533440014249,-21.142380111669485,-21.158290883063565
106,106,0.0007678978703195978,0.000767797678954115,-21.14743244661444,-21.140468855277827
107,107,0.000768640424249713,0.0007675166339858583,-21.145804236870006,-21.14205883954639
108,108,0.0007662723577802175,0.0007685296525443462,-21.15526502454586,-21.13633051693452
109,109,0.000766199254358821,0.0007645907493210153,-21.155732277258522,-21.15864641197399
110,110,0.0007668434991501272,0.000766388532754622,-21.158212484190372,-21.148446825436366
111,111,0.0007631141625191133,0.0007643048486084138,-21.168581571815345,-21.16027065765133
112,112,0.0007679351922316649,0.0007631875831927908,-21.150508220475672,-21.16662384515336
113,113,0.0007667191417830199,0.0007632293517848378,-21.15239988040352,-21.166386166068023
114,114,0.0007670077395663818,0.0007616911346926109,-21.15896153337519,-21.17514779564317
115,115,0.00076489828673393,0.0007624557168271981,-21.160461748920945,-21.17079055369453
116,116,0.0007662650698210238,0.0007621876828029359,-21.159598519645044,-21.172317542876744
117,117,0.0007619844298310501,0.000760554556587809,-21.174986340311108,-21.18163307845554
118,118,0.0007664504282166893,0.0007608797597257714,-21.158128782218803,-21.179776489196954
119,119,0.0007688071399917538,0.0007655540738548888,-21.144335214345507,-21.15317808533876
120,120,0.000765981493498554,0.0007626075561060325,-21.16062114087927,-21.169925763855023
121,121,0.0007661049525474303,0.0007602519747850142,-21.158964450593295,-21.183361235276298
122,122,0.0007648573487459385,0.0007640339440274003,-21.166092547661528,-21.161810268717357
123,123,0.0007647972304335574,0.000762085016743329,-21.161404741895744,-21.172902573406343
124,124,0.0007639362515171164,0.0007612639333513615,-21.168094441404747,-21.177584258726363
125,125,0.0007670646000499885,0.000758679102689616,-21.156226070539322,-21.192355585659367
126,126,0.0007623544907360577,0.000759564474911282,-21.17864949016466,-21.187290360032073
127,127,0.000764743987826112,0.0007608990417793393,-21.161378526169365,-21.17966643260455
128,128,0.0007651772070436057,0.0007623122686422185,-21.165522592843647,-21.17160771087455
129,129,0.0007679244982241892,0.0007604494274250771,-21.15611033863901,-21.18223343211423
130,130,0.0007627304108122114,0.0007613655026560943,-21.170170612320778,-21.177004853289972
131,131,0.0007574616789760202,0.0007624687124533873,-21.19508367433944,-21.170716531288765
132,132,0.0007608277067906924,0.0007591737238200087,-21.18703509666455,-21.189525123688163
133,133,0.0007608782538433665,0.0007640954235715693,-21.179793842583486,-21.16146081889507
134,134,0.0007639929853840588,0.000758690600234427,-21.172536670592812,-21.192289770185955
135,135,0.0007655780165955501,0.0007592205289065054,-21.155396824543633,-21.189257377801212
136,136,0.0007648614172814126,0.0007618746603839099,-21.168511221138182,-21.174101510728377
137,137,0.0007589882366916107,0.0007583676886401678,-21.193199676475167,-21.19413859467313
138,138,0.000762001171434471,0.0007607508021847982,-21.185301001296946,-21.180512614640023
139,139,0.0007635863520656281,0.0007596468142429856,-21.173515247820713,-21.186819595791533
140,140,0.000762131392773356,0.0007585135417206115,-21.181433155018347,-21.19330341803659
141,141,0.0007618362601299185,0.0007565046697364826,-21.179713274600584,-21.204820672710753
142,142,0.0007637832925856574,0.000756933663260976,-21.17763855793274,-21.20235860311218
143,143,0.000762572721458165,0.0007581271194411736,-21.183179942218192,-21.19551648104582
144,144,0.0007625514396571929,0.0007614238328594519,-21.18258055349861,-21.176672141668366
145,145,0.0007620585263831561,0.0007576165739201793,-21.180752152666166,-21.198442135454076
146,146,0.0007597745717839175,0.0007594779783271646,-21.192756890569147,-21.18778494777906
147,147,0.0007595008013520352,0.0007565124205460674,-21.20069125415924,-21.204776177062232
148,148,0.0007610515224478525,0.0007553944995283688,-21.187706278510483,-21.211198622931406
149,149,0.0007589190229821528,0.0007576968913015566,-21.19472376587344,-21.197981750241826
150,150,0.0007584211008488824,0.0007573775947093964,-21.202636926024905,-21.19981227080565
151,151,0.0007574509687664121,0.0007592174867903324,-21.20325012686719,-21.18927477955556
152,152,0.0007592922853085107,0.0007568490477033743,-21.193875067796228,-21.202844116251175
153,153,0.000760395903759588,0.0007575461181419852,-21.19336511107867,-21.19884603340999
154,154,0.0007597813316736102,0.0007596221862752971,-21.190692780760166,-21.18696039759115
155,155,0.0007623394905618325,0.000756826677580217,-21.187879899395156,-21.202972482200167
156,156,0.0007605508225489908,0.0007574278922555478,-21.18683138864408,-21.199523864842735
157,157,0.0007608193842953397,0.0007586931613715071,-21.191285052782938,-21.192275109587506
158,158,0.0007580549578595254,0.0007599086629373854,-21.194081819200118,-21.185322849593
159,159,0.0007592353066093451,0.000760202872027692,-21.198223523894058,-21.183641744185895
160,160,0.0007576364381766887,0.0007591446628794074,-21.20133412584805,-21.189691373484703
161,161,0.0007622574465637354,0.000757338828407228,-21.178787150149155,-21.200034569723947
162,162,0.0007585245988706185,0.0007533820554319965,-21.209819193662014,-21.222784087745588
163,163,0.0007600482594049008,0.0007615884563787595,-21.19136915808289,-21.175733277460765
164,164,0.0007567687353752938,0.0007567595764014282,-21.20389766290674,-21.203357550069537
165,165,0.0007583814206264299,0.0007555392558539385,-21.197408857098388,-21.210366463700282
166,166,0.0007582392799187951,0.0007571054616403815,-21.202299897466883,-21.201373013145993
167,167,0.0007620127643602565,0.0007525820064505464,-21.18077331640582,-21.22739849919641
168,168,0.0007586093492249085,0.0007568774499783391,-21.20250396345872,-21.20268114161459
169,169,0.0007605498474206507,0.0007576285555076442,-21.187470391238094,-21.19837345300502
170,170,0.0007609306809434801,0.0007582283517541854,-21.190128552603863,-21.194936608636855
171,171,0.000753972963814038,0.0007576525646359905,-21.214905964674287,-21.19823582795554
172,172,0.000761087913637424,0.0007588796495263906,-21.1866189225135,-21.191207737051144
173,173,0.0007566644254466999,0.0007560577145532557,-21.206600528701934,-21.20738731296836
174,174,0.0007591241815837926,0.0007558719647165976,-21.195564137157064,-21.208454427802963
175,175,0.000759999153141854,0.0007575910330112828,-21.193974554381448,-21.198588548074326
176,176,0.0007568550543360336,0.0007499608358270244,-21.204874068549238,-21.242550960219994
177,177,0.0007593553020023578,0.0007558744860273835,-21.195438553947486,-21.208439941360993
178,178,0.0007585070189568646,0.0007563033937721661,-21.20215599504003,-21.205976312256404
179,179,0.0007548761624871686,0.0007584365146038564,-21.213138028148997,-21.193744466858902
180,180,0.0007590917227117671,0.0007567268269332615,-21.208342750201115,-21.203545499076295
181,181,0.0007552091703154915,0.0007556411039427315,-21.214234131753553,-21.209781066163377
182,182,0.0007576530969692106,0.000751014299519164,-21.204326145465995,-21.23645474273136
183,183,0.00075372102605563,0.0007528201799447599,-21.223153656455835,-21.226024282577484
184,184,0.0007546035478073988,0.0007565201774827744,-21.223166133969784,-21.204731646695695
185,185,0.0007550453583556275,0.0007506109510646447,-21.214980022192478,-21.238787841648374
186,186,0.0007591839974563684,0.000754840650571216,-21.200844687431246,-21.214384001799942
187,187,0.0007566501921734091,0.0007531498405641239,-21.204533088089743,-21.224122919492856
188,188,0.0007539795394794843,0.0007545446033442491,-21.219771810403838,-21.216087631517667
189,189,0.0007577199877729428,0.0007566307873563155,-21.203853059680675,-21.20409671655423
190,190,0.0007572136075264707,0.000750790956724239,-21.204960539216096,-21.237746475380725
191,191,0.0007531878096771609,0.0007542165878571962,-21.228309590455435,-21.217976006153506
192,192,0.0007562145660391327,0.0007528386195190251,-21.21237985445091,-21.225917907808444
193,193,0.0007577506248051896,0.0007522460134503873,-21.210660048554875,-21.229337855806236
194,194,0.0007574732100936709,0.0007554676083504761,-21.20964317970964,-21.210778323052565
195,195,0.0007515828240393978,0.0007552747387978199,-21.240816955872653,-21.211887210786582
196,196,0.0007585360063719995,0.0007536239725978751,-21.20378775006515,-21.22138975634721
197,197,0.0007577382565773639,0.0007556003371351643,-21.19952150531441,-21.210015374184508
198,198,0.0007587619181050314,0.0007575522483277478,-21.20478169832358,-21.198810889740002
199,199,0.0007572555914521217,0.0007538304688703073,-21.20864525975401,-21.220199933427928
200,200,0.0007599787840610082,0.0007551870964418509,-21.199090826586392,-21.21239119692821
201,201,0.0007576222313068731,0.0007586579457366545,-21.208096799807503,-21.192476697154472
202,202,0.0007605271068276818,0.0007557124358994004,-21.194193312465526,-21.2093711147606
203,203,0.0007509053912801072,0.0007530961700372005,-21.240349662416293,-21.22443241493423
204,204,0.0007543880258418005,0.0007557728278793787,-21.227021680500926,-21.209024066670903
205,205,0.0007553193010101767,0.0007571648181367077,-21.225325508777924,-21.201032542898677
206,206,0.0007554926266221656,0.0007551918541522403,-21.211208332504302,-21.21236383627984
207,207,0.0007573707748118058,0.000754072968112795,-21.211614333494527,-21.218803078945033
208,208,0.0007544076208207641,0.00075570667334097,-21.216221696502476,-21.20940423128417
209,209,0.0007549841214960307,0.0007493858697432044,-21.22271529975199,-21.24588180569819
210,210,0.0007583710146568639,0.0007548117397451087,-21.206853248562297,-21.21455034224133
211,211,0.0007549477309065382,0.0007563175903143067,-21.21980718593765,-21.205894791770056
212,212,0.0007554474706790343,0.0007544942996709755,-21.21416822681259,-21.216377174851328
213,213,0.0007550836241919279,0.0007522700164516113,-21.22242910430395,-21.22919928139726
214,214,0.000755957572015252,0.0007539927610196173,-21.217032459428037,-21.21926504154171
215,215,0.0007587233120239503,0.0007501039837830161,-21.199459099085246,-21.24172208447064
216,216,0.0007558701027031104,0.0007552630084223653,-21.21770154014036,-21.211954662756455
217,217,0.0007542963535764936,0.0007501082237515794,-21.217108943956372,-21.24169753601088
218,218,0.0007538758050266307,0.0007529145621351505,-21.221735038312243,-21.225479835227166
219,219,0.0007537732953349724,0.0007598077369804837,-21.226721939564484,-21.18589968861678
220,220,0.0007545430100398119,0.0007546363263636044,-21.224490240665617,-21.21555973190756
221,221,0.0007544112002918708,0.0007494993409828135,-21.223587780425262,-21.24522425123093
222,222,0.0007549459288693657,0.0007512050307061719,-21.220932960441992,-21.235351927705317
223,223,0.0007560120141805755,0.0007507130013484703,-21.216371639981332,-21.238197431095887
224,224,0.0007512394714495647,0.0007493028472373752,-21.23811947887306,-21.246362975880942
225,225,0.0007575546516124735,0.0007563661692026807,-21.21785313628301,-21.205615849882406
226,226,0.0007566745337770926,0.0007506353002482731,-21.217435206729938,-21.238646962481077
227,227,0.0007507792546788288,0.0007514281192255256,-21.23973967019409,-21.234062376577718
228,228,0.0007549357215259416,0.0007510032370000294,-21.224868739676126,-21.23651871523367
229,229,0.0007550379419795324,0.0007518300094249609,-21.228193059207943,-21.231740237794263
230,230,0.0007571820793769409,0.0007521245616341108,-21.21151838933756,-21.230039090656398
231,231,0.0007584947041360681,0.0007539922279599858,-21.209644499558426,-21.21926811192846
232,232,0.0007522745026736377,0.0007486258002341186,-21.235209281490448,-21.250288901164815
233,233,0.000753135082537558,0.0007473321686694888,-21.229402749439082,-21.257800037197434
234,234,0.0007560683988015523,0.0007528587440518956,-21.221014875280947,-21.225801815773103
235,235,0.0007511562050905885,0.0007495586852248954,-21.24452973948115,-21.24488039693801
236,236,0.0007531267276379405,0.000751359627189997,-21.2252140809966,-21.234458250355313
237,237,0.0007552944745426786,0.0007491475032446416,-21.222052966805496,-21.247263440004577
238,238,0.0007526992817802989,0.0007479998840656327,-21.23447979419702,-21.25392149890528
239,239,0.0007520521314065788,0.0007526027865854925,-21.233716496215077,-21.227278584379533
240,240,0.0007526147024485177,0.000751420769742445,-21.235196360938584,-21.234104853768475
241,241,0.0007508676475125182,0.000751468803316943,-21.241102435737144,-21.233827245662972
242,242,0.0007510528840921512,0.000750435194564297,-21.24104761976788,-21.239804866725596
243,243,0.000754463557182744,0.0007506694803994737,-21.220629607738633,-21.23844921114836
244,244,0.0007514695249277062,0.0007509567076340318,-21.2471031625711,-21.236787796269795
245,245,0.0007510684387393526,0.0007488484230921849,-21.24033435134393,-21.24899760842655
246,246,0.000755399996630809,0.0007498111532952048,-21.22532088229978,-21.243417842630038
247,247,0.0007525027661161862,0.00074727130183754,-21.24180542402709,-21.258153764855404
248,248,0.0007540307664216409,0.0007490233953208907,-21.236633437289786,-21.247982975894914
249,249,0.0007512703599149035,0.0007476877500793259,-21.242632492622274,-21.255734151049232
250,250,0.0007499851695665149,0.000752195084810649,-21.248955251500938,-21.22963189227257
251,251,0.0007506241408637581,0.0007495280128511551,-21.247612683075875,-21.245058116381202
252,252,0.0007540150809572222,0.0007503105045639371,-21.230548055414104,-21.240526537016052
253,253,0.0007520794446013638,0.0007496757408309924,-21.242648714127807,-21.244202229427664
254,254,0.000752812676304548,0.0007453679634062084,-21.243926674385456,-21.269229579959482
255,255,0.0007509705226522745,0.0007487515747351082,-21.237894863107094,-21.249559316588666
256,256,0.0007533607206345757,0.0007479952121349541,-21.230502310405942,-21.2539486245786
257,257,0.0007491006033456663,0.0007458389215906592,-21.254328072617568,-21.26648637176252
258,258,0.0007521893370646945,0.0007483959136726824,-21.237061867642556,-21.251622729057257
259,259,0.0007482720622984865,0.0007490438844175323,-21.255405160263187,-21.24786417880574
260,260,0.0007496127515512797,0.0007475408645787914,-21.246324581239428,-21.25658741939808
261,261,0.0007515994126226791,0.0007465390525268097,-21.238439722309472,-21.262411492211086
262,262,0.0007483645770746792,0.0007507260459916372,-21.256893482389692,-21.238121967272615
263,263,0.0007504557058954439,0.0007466223997701155,-21.25017329534358,-21.26192665183657
264,264,0.0007519109208213607,0.0007473954802231962,-21.241074387616106,-21.25743213260354
265,265,0.0007521294959888016,0.0007451092456712535,-21.237242641480986,-21.27073728078316
266,266,0.0007520011408955397,0.0007516100733099799,-21.238035448644933,-21.233010884265454
267,267,0.000752222409817515,0.0007514101299947422,-21.23602718547761,-21.234166348161715
268,268,0.000749439726578859,0.0007483452393085157,-21.24834290653738,-21.251916802574193
269,269,0.0007487908329757065,0.000748714851828194,-21.253111293580893,-21.249772323779382
270,270,0.0007506577062814199,0.0007438157550304344,-21.25051223174961,-21.278283073737914
271,271,0.0007488527425238383,0.00074667178743862,-21.254300194282564,-21.261639383700164
272,272,0.0007484245267648672,0.0007454837690793762,-21.256623369390528,-21.268554881546017
273,273,0.0007511538047746746,0.000746199027880242,-21.243281565212854,-21.26439001519791
274,274,0.0007507931369059172,0.0007460148894767228,-21.243336680148232,-21.265461849363646
275,275,0.0007482397492456529,0.0007479669599744835,-21.258785813940886,-21.254112662916263
276,276,0.0007470102678293112,0.0007449984519840463,-21.260043234321785,-21.271383101043643
277,277,0.000749082311738244,0.0007463745086600906,-21.247885338755136,-21.26336882149651
278,278,0.0007498867650151483,0.0007520345572725331,-21.253038145659914,-21.23055882819129
279,279,0.0007521343134228409,0.0007497581199889904,-21.241618032236822,-21.243725025134587
280,280,0.0007485205790066381,0.00074880045385247,-21.254393139222042,-21.249275814839773
281,281,0.0007493463140845145,0.0007471654895006827,-21.254569640192198,-21.258768761948055
282,282,0.0007481170931024497,0.0007489973734329013,-21.262530044058508,-21.24813385714569
283,283,0.0007503880169866703,0.0007487480026228647,-21.240415009448594,-21.249580035774965
284,284,0.0007486211954491193,0.0007485982312477733,-21.252555088896816,-21.250448837933007
285,285,0.00075014387005364,0.0007463146681211105,-21.2484826236291,-21.263717030839636
286,286,0.0007487267481412777,0.0007449244853648308,-21.253738597370663,-21.271814308508024
287,287,0.0007484968554843025,0.0007466563715991613,-21.254525614742782,-21.26172904937707
288,288,0.0007452174496702542,0.0007435435514995142,-21.277592543454745,-21.279872689538667
289,289,0.000753177068863525,0.0007442106940097323,-21.236982656971502,-21.27597774074419
290,290,0.0007511825689604294,0.0007493672157196622,-21.25077309306154,-21.245989913425454
291,291,0.000750865421219508,0.0007497965462358767,-21.247915835366324,-21.243502448294112
292,292,0.0007538604376040707,0.0007454255062743629,-21.227107351372627,-21.26889431487236
293,293,0.0007530771605142383,0.0007486795534771916,-21.239800706131085,-21.24997707783762
294,294,0.0007473520338103252,0.0007449042260352718,-21.258972505641633,-21.27193242295927
295,295,0.0007465731108935608,0.000746551625381567,-21.26695669905,-21.26233835102115
296,296,0.0007519925879698593,0.0007477271107123478,-21.247006086973975,-21.2555055308024
297,297,0.0007504462768544548,0.0007495808899157533,-21.24594005830492,-21.244751744811516
298,298,0.0007492451791737959,0.0007483141533540268,-21.25206533084772,-21.252097210468833
299,299,0.0007470312933965595,0.0007477529028332547,-21.271376278801796,-21.255355727719962
300,300,0.000749600524942093,0.0007475115217905687,-21.254494122798206,-21.25675789383933
301,301,0.0007538316158107338,0.000747615594024721,-21.228194557492554,-21.256153289767788
302,302,0.0007496335634904116,0.0007472858782612571,-21.252972278406894,-21.25806905132994
303,303,0.0007455957418586099,0.0007464735505269154,-21.269660591543,-21.262792562766926
304,304,0.0007485551333544564,0.0007462554525485949,-21.250921129793298,-21.26406163101679
305,305,0.0007477288011979964,0.0007464892083877011,-21.26131614806855,-21.2627014670916
306,306,0.0007502521471043607,0.0007474336031775333,-21.251043951005908,-21.25721061445287
307,307,0.0007504803937446979,0.0007476375750756185,-21.24842860986782,-21.25602560237265
308,308,0.0007531615940268276,0.0007488309607939108,-21.234087581539704,-21.249098882168628
309,309,0.0007509940025425449,0.0007459405889293473,-21.244116616251205,-21.265894413447782
310,310,0.0007460343641872259,0.0007460789025859221,-21.267873459470152,-21.265089211393303
311,311,0.0007494734072116847,0.0007495183411887602,-21.253379696589242,-21.245114156671058
312,312,0.0007485348962909859,0.0007435714666682639,-21.24863374606269,-21.27970964359262
313,313,0.000747968614960723,0.0007473311056137869,-21.26124673970565,-21.25780621489957
314,314,0.0007508179249683607,0.0007482282112744686,-21.254002819162952,-21.25259601587306
315,315,0.0007514270117323961,0.0007475988822989166,-21.247791362035745,-21.256250370292555
316,316,0.00075069620134789,0.0007478187847147254,-21.252814977891866,-21.254973102963998
317,317,0.000751032746641791,0.0007471104158627751,-21.24772684334041,-21.25908889261424
318,318,0.000747320125810802,0.00074703372267418,-21.257311894456024,-21.259534732179198
319,319,0.000751322427567709,0.0007510709570181605,-21.252400661640767,-21.236127117663777
320,320,0.0007478618489088702,0.0007471350070677305,-21.26044582972089,-21.25894594655662
321,321,0.0007515598332134949,0.0007465025838954668,-21.24065988458898,-21.262623651403054
322,322,0.0007477581294579912,0.0007443475340934176,-21.260157212036994,-21.275179264845928
323,323,0.0007485048029302936,0.0007485179935189846,-21.25553093679362,-21.250914356939617
324,324,0.000751351050734904,0.0007480796132432787,-21.241267253323915,-21.253458609840983
325,325,0.000744312177124174,0.0007471109213503567,-21.273001862417267,-21.259085954221355
326,326,0.0007516222876333392,0.0007480206642005788,-21.24285087861233,-21.25380084952047
327,327,0.0007512343713783266,0.0007440672151891416,-21.24059280406503,-21.276815112042392
328,328,0.0007521435384369772,0.000748210945044105,-21.23547007370846,-21.252696235498277
329,329,0.0007467326868959155,0.0007499662920293447,-21.259002318688474,-21.24251936403754
330,330,0.0007490318258936258,0.0007469395916957996,-21.259768395867702,-21.260082005201383
331,331,0.0007492824038730684,0.000746009935698423,-21.248213784161052,-21.265490688006864
332,332,0.0007496659161484579,0.000744842207304349,-21.251019689180012,-21.27229401996702
333,333,0.0007469521015738473,0.0007457304255742775,-21.2654096016658,-21.267118179078693
334,334,0.0007495132776591735,0.0007476244722247907,-21.252554061823666,-21.256101716065523
335,335,0.0007524305712143631,0.0007472452278690119,-21.246689837495648,-21.25830530256582
336,336,0.0007466324545039805,0.0007458960049246487,-21.260504642323323,-21.26615399398505
337,337,0.0007482635489780187,0.0007470584976928015,-21.257082735134777,-21.259390702865204
338,338,0.0007508665607694882,0.0007445335565870138,-21.24567241150382,-21.27409403992898
339,339,0.0007503733576573047,0.0007454211070006224,-21.24676498160155,-21.2689199456823
340,340,0.0007479372914381249,0.0007455831264929944,-21.256083248651795,-21.26797609629282
341,341,0.0007492193391729031,0.0007439497460022961,-21.253820219523377,-21.277500806104722
342,342,0.0007485063019275819,0.000748080930574552,-21.253076144665574,-21.253450962136263
343,343,0.0007476114839574648,0.0007488011645986454,-21.26478992152216,-21.249271692606758
344,344,0.0007514006778665041,0.0007423674044395355,-21.248665042145895,-21.286747856353863
345,345,0.0007462643666586541,0.0007461918499565831,-21.269410700633614,-21.264431791553996
346,346,0.0007537537429616163,0.0007454871267423426,-21.23482201698621,-21.26853532094289
347,347,0.0007490162646455556,0.0007519747044793085,-21.253506514623737,-21.230904487470106
348,348,0.0007507805154447627,0.0007445111987181008,-21.244773994180484,-21.27422445775641
349,349,0.0007505402696251715,0.0007477839520250104,-21.246672890380008,-21.255175397925946
350,350,0.0007502433739496951,0.0007497549767753011,-21.253461251522886,-21.24374323211609
351,351,0.0007459654145125184,0.0007445322423193016,-21.260726171617325,-21.274101706201556
352,352,0.0007479119711056275,0.0007426078756045746,-21.25688191791166,-21.285341296899986
353,353,0.0007503398156427231,0.0007491414588385899,-21.25252759504013,-21.247298480671116
354,354,0.0007462744353838341,0.0007492243986282693,-21.260547043128483,-21.246817686306436
355,355,0.0007536024054435571,0.0007459109152765258,-21.223709453169132,-21.266067180021984
356,356,0.0007497089244089252,0.0007467329085461403,-21.25805112660728,-21.261283893191663
357,357,0.0007479912703424769,0.0007435735805254234,-21.263176047111976,-21.279697297298604
358,358,0.0007470838699163389,0.0007468580948433986,-21.258182351110637,-21.260555879724613
359,359,0.0007523959130528815,0.0007459573037187127,-21.240820679101347,-21.26579709927067
360,360,0.0007488173576667137,0.000748917328708462,-21.25857739028578,-21.24859800883754
361,361,0.0007496728788648453,0.0007445757816496648,-21.25012445876727,-21.27384774355246
362,362,0.0007472237585275673,0.0007469536105513965,-21.266281629458256,-21.260000495872347
363,363,0.0007529451257366803,0.000746281891080894,-21.242429258158797,-21.26390777076348
364,364,0.0007476530562289367,0.0007473226348673435,-21.261897184138476,-21.257855440995733
365,365,0.0007545921775109144,0.0007442989797135325,-21.234102607667506,-21.275462567820384
366,366,0.0007484918382239633,0.0007482151758219851,-21.259006603302062,-21.252671678275412
367,367,0.0007479875240494142,0.0007444813963957131,-21.260783394090325,-21.274398306628527
368,368,0.0007517331084188496,0.0007448699570407993,-21.238359388198692,-21.27213222283997
369,369,0.0007489516601427315,0.0007494026458037919,-21.257142454937984,-21.245784583835782
370,370,0.0007507792192741691,0.0007478114444223282,-21.24839110059869,-21.255015731795936
371,371,0.0007496007835761327,0.0007514017726000594,-21.244254163853068,-21.234214651883395
372,372,0.0007470296731833176,0.0007492561585662004,-21.260305307646963,-21.246633590947642
373,373,0.000751495331324176,0.0007471064301697831,-21.242484147443133,-21.259112061466574
374,374,0.0007503628844788932,0.0007447931964538599,-21.246316921429298,-21.272579796498306
375,375,0.0007474923124728897,0.0007483031214705031,-21.26080565283209,-21.252161236004554
376,376,0.0007495005853886995,0.0007477379189559111,-21.250296265393413,-21.255442754870554
377,377,0.0007506541106081807,0.0007491715981526987,-21.249386603401142,-21.247123759670767
378,378,0.0007518513833854309,0.000750632588996699,-21.24452808077208,-21.238662648976554
379,379,0.0007489371316305833,0.0007457704601907416,-21.258911923561197,-21.266885033886687
380,380,0.0007485310353828382,0.000744840378358372,-21.261840049884057,-21.272304683999117
381,381,0.000745304161682725,0.0007495000670467945,-21.263815355849168,-21.245220044083432
382,382,0.000751220354133468,0.0007487420531872072,-21.251568390849872,-21.24961454427893
383,383,0.0007518800767618663,0.0007455689881585146,-21.250403442241335,-21.268058451413907
384,384,0.0007472416912877606,0.0007482079059914931,-21.25498807635222,-21.252713875529725
385,385,0.00075093304651991,0.000747086562976045,-21.251717052356852,-21.259227551401963
386,386,0.0007512693715848259,0.000747708254493773,-21.239194074975046,-21.255615052776633
387,387,0.0007501662788029338,0.0007470159417655515,-21.246896646699952,-21.259638104251557
388,388,0.0007484689884166204,0.000746322409740012,-21.254026338865263,-21.263671981143098
389,389,0.0007536691642299141,0.0007467807092899946,-21.23818638922711,-21.26100589640548
390,390,0.0007480697522717576,0.0007497998089284489,-21.25501746070224,-21.24348355028365
391,391,0.0007522343567898977,0.0007434632157367703,-21.23893409965636,-21.280341946024404
392,392,0.0007543485208424096,0.0007503062063877128,-21.2285064993514,-21.240551415776935
393,393,0.0007494422349089891,0.0007444412668088549,-21.253611743512288,-21.27463240956172
394,394,0.0007464371047933231,0.0007430129825431658,-21.268533849812865,-21.282972782599625
395,395,0.0007513551180702203,0.0007472676071828525,-21.24469830089659,-21.258175237272532
396,396,0.0007479317821130233,0.000748115698929484,-21.25847002171706,-21.253249120955807
397,397,0.000747107329403924,0.0007455396331160477,-21.259496203423094,-21.26822944811769
398,398,0.0007508427772392548,0.0007473402993606502,-21.245246444009368,-21.25775278785845
399,399,0.0007511267574148771,0.0007465780240875718,-21.243947647651122,-21.26218478348129
400,400,0.0007489070868762882,0.0007465809957418395,-21.25944311920516,-21.262167497002977
401,401,0.0007496164924436316,0.0007478746610056413,-21.254060134672635,-21.254648614481482
402,402,0.0007493509544952552,0.0007459763927679313,-21.25599705007545,-21.265685964724135
403,403,0.0007492135292082333,0.0007489942057107232,-21.25211883858267,-21.248152224729075
404,404,0.0007488342660920906,0.000747973335245134,-21.254672317632203,-21.254075646133266
405,405,0.0007485815116261929,0.0007458472023963144,-21.257506936413847,-21.266438153734022
406,406,0.000751642822335983,0.0007466952022361127,-21.24609105628061,-21.2615031959122
407,407,0.0007463017305762498,0.0007467848726695305,-21.266785414381125,-21.260981684107332
408,408,0.0007515246979892254,0.0007446810578633295,-21.237289480582035,-21.27323373423542
409,409,0.0007485072242489719,0.0007460828698975476,-21.25673152558744,-21.265066117629896
410,410,0.0007498270517560778,0.0007467634277418256,-21.254527314014027,-21.26110639937453
411,411,0.0007514632156973263,0.0007489761582722789,-21.25078072722392,-21.248256871698302
412,412,0.0007548016590815153,0.0007469504826555127,-21.23470380930695,-21.260018682152555
413,413,0.0007533509957546502,0.0007445236183948031,-21.236724751673684,-21.274152010866693
414,414,0.0007483273709778549,0.0007455378623777314,-21.26196469417983,-21.268239763099732
415,415,0.0007486161511852262,0.000743121224283976,-21.25586923155973,-21.282340150760422
416,416,0.0007503123932335641,0.0007466110584669208,-21.25351958956912,-21.26199262230312
417,417,0.000749241043429476,0.0007453142162902575,-21.259178044803683,-21.269542753031565
418,418,0.0007501538247638143,0.0007454282634793536,-21.24411773837702,-21.26887825107137
419,419,0.0007492083433257012,0.0007476490052220853,-21.25416693979495,-21.255959206410786
420,420,0.0007507290976774908,0.0007459553215946807,-21.252374455363757,-21.265808639162685
421,421,0.0007491795095307849,0.0007457215718826966,-21.250409891292342,-21.267169741038515
422,422,0.0007492966653500713,0.0007444268159911429,-21.249625539648402,-21.274716714013728
423,423,0.0007511245791281852,0.00074765742388799,-21.244442581995308,-21.255910304325212
424,424,0.0007514231832285133,0.0007444133026231276,-21.24696851268756,-21.27479555096993
425,425,0.0007479784142504417,0.0007453907593643587,-21.2601133462182,-21.26909675955489
426,426,0.0007493311734918083,0.0007501892028621545,-21.25742989612442,-21.241228711892642
427,427,0.0007495278757804832,0.0007475595523015057,-21.253360164302556,-21.256478851775956
428,428,0.0007499105659476721,0.0007488747360184789,-21.248545554631487,-21.248845009348088
429,429,0.0007499804577463758,0.0007442912840480475,-21.245812929873637,-21.27550747184987
430,430,0.0007457480503044562,0.000747029249874973,-21.263428241400707,-21.25956073526006
431,431,0.0007470336487065501,0.0007444784492499343,-21.268741108532776,-21.27441549888731
432,432,0.0007529982039224856,0.0007483265301408736,-21.236616369995403,-21.252025380666385
433,433,0.0007475327505950921,0.0007498125870417999,-21.26557437998241,-21.243409538303855
434,434,0.0007503424715922819,0.0007441973123748444,-21.2460423237261,-21.27605583183435
435,435,0.0007481882402663762,0.0007454904598968202,-21.261343669852582,-21.268515903205024
436,436,0.0007498142832755735,0.0007458837476166847,-21.25331951492236,-21.26622536217734
437,437,0.0007486408024296625,0.0007468331574560388,-21.261266825534978,-21.260700891884355
438,438,0.0007481309699288272,0.0007454807300267643,-21.260319181401563,-21.268572586109475
439,439,0.0007497502680503062,0.0007474968595871408,-21.251821045042213,-21.25684308017167
440,440,0.0007480027018470171,0.0007493323585214583,-21.257987023635728,-21.246191932417084
441,441,0.0007506159473853858,0.0007431717546607711,-21.246677200664376,-21.282044851460352
442,442,0.0007502003866919921,0.0007460650246541359,-21.253285228362166,-21.265169995948803
443,443,0.0007490713843000457,0.0007467657499211399,-21.24836096732698,-21.261092894319823
444,444,0.0007523712750101826,0.0007456304064314617,-21.2370546383289,-21.267700704258953
445,445,0.0007521979019919545,0.0007470926809075632,-21.237532289575512,-21.259191986941946
446,446,0.0007474703477820401,0.0007481667072218107,-21.262308073258218,-21.252953018832223
447,447,0.0007455905805793159,0.0007438329753073814,-21.267078607126678,-21.278182530227838
448,448,0.0007520228169484006,0.0007491468231340772,-21.241471035922554,-21.24726738273145
449,449,0.0007523918049121948,0.0007465859832193114,-21.245127393973707,-21.26213848438784
450,450,0.0007488167665889199,0.0007490968840245746,-21.257103806872326,-21.247556898777372
451,451,0.0007503511745377069,0.0007454049620336216,-21.251620644327566,-21.26901400990917
452,452,0.0007526839857671372,0.0007461136127331931,-21.242280792946048,-21.264887167417427
453,453,0.0007518248676956084,0.0007502388846325246,-21.23704077667268,-21.240941107056255
454,454,0.0007478187710392414,0.0007478819124547666,-21.255838266915884,-21.25460650516508
455,455,0.0007500347012855573,0.0007471380859466368,-21.249795132286593,-21.258928049692575
456,456,0.0007467059005704737,0.0007447544577237414,-21.265275122440272,-21.272805690804987
457,457,0.000745641711508836,0.0007469974133480145,-21.2697497026644,-21.25974582470088
458,458,0.0007498515295776894,0.0007447372987180164,-21.256264773484595,-21.272905752607535
459,459,0.0007492765369008958,0.0007462047506123781,-21.256025765282534,-21.264356708514768
460,460,0.0007495576258959997,0.0007452103156155269,-21.254080001197117,-21.270148224311086
461,461,0.0007482043373849743,0.0007468222818141313,-21.257972658940506,-21.260764135804525
462,462,0.0007520076787560103,0.0007482308735090651,-21.242178445192135,-21.252580563478713
463,463,0.0007504399142170459,0.0007466585007741264,-21.249483036819207,-21.261716664997117
464,464,0.0007499196721461707,0.0007484269077203384,-21.24996475380125,-21.251442874184946
465,465,0.000747200950125674,0.0007474934988606133,-21.2613151320696,-21.25686260598303
466,466,0.000749503862420001,0.0007475100972346569,-21.244827358590577,-21.25676617033197
467,467,0.0007488083732842477,0.0007486606696865669,-21.25946379434098,-21.25008662042439
468,468,0.0007464972567101268,0.0007479660286519088,-21.272870897545204,-21.2541180704881
469,469,0.0007456540491326337,0.0007462406157221841,-21.266953542833264,-21.264147976997542
470,470,0.0007491519821078046,0.0007466288546933548,-21.25656309353351,-21.26188910507362
471,471,0.0007468340426356983,0.0007458693550066336,-21.26945063346451,-21.26630916466603
472,472,0.0007523398170698934,0.0007473257505089828,-21.24572591900563,-21.257837334985187
473,473,0.0007502575310129557,0.0007482493559731857,-21.252017277864145,-21.252473287324687
474,474,0.0007481278549188498,0.0007416230509988964,-21.253061572459625,-21.291104604307076
475,475,0.0007490029374915223,0.0007442246577212293,-21.259537875117367,-21.275896254331723
476,476,0.0007501489419211662,0.0007494951102049335,-21.254488687625567,-21.24524876637821
477,477,0.0007508818399804385,0.0007472490695746321,-21.23859856757403,-21.258282974858645
478,478,0.0007473363105409308,0.0007487871120438763,-21.263760192882927,-21.249353196276196
479,479,0.0007511376914539442,0.000746615966291804,-21.241215779201383,-21.261964074182444
480,480,0.0007498169314241056,0.0007460291197180356,-21.24616727386664,-21.265379008438842
481,481,0.0007472173064783907,0.0007460060970563637,-21.26758931398149,-21.26551303496598
482,482,0.000749214237901507,0.0007493603135165023,-21.257003642169646,-21.246029915209455
483,483,0.0007483405097070889,0.0007509328271752517,-21.251565343488256,-21.236925904316145
484,484,0.0007490131442348674,0.0007481219608483738,-21.26130086564196,-21.253212769553983
485,485,0.0007468500767460035,0.0007479667853515007,-21.274318597877297,-21.25411367683547
486,486,0.0007508738367271024,0.0007515497732368347,-21.24576075449582,-21.233359323443093
487,487,0.0007484461014043808,0.0007464786881188813,-21.25633962129462,-21.26276267262331
488,488,0.0007506715813075605,0.0007467489707969913,-21.247696192619138,-21.261190477302144
489,489,0.0007448025040578135,0.0007477985713385829,-21.269028744669395,-21.25509049338721
490,490,0.0007486360810082598,0.000744619164738412,-21.260294498831392,-21.273594707022866
491,491,0.0007492720687128219,0.0007462451344748077,-21.251901174304997,-21.264121679000002
492,492,0.0007499330137020995,0.000744832927777775,-21.24713422357456,-21.27234812635694
493,493,0.0007464542274468953,0.000746247030819129,-21.26953589132006,-21.264110642803047
494,494,0.0007497015584394643,0.0007477056014498597,-21.25420717035245,-21.255630462588805
495,495,0.0007498378519775326,0.0007516939597400395,-21.253601983229306,-21.232526199691762
496,496,0.0007482487258270921,0.0007469177975221292,-21.261761320214873,-21.260208725321146
497,497,0.0007536770972740097,0.000746355873017915,-21.23233016859773,-21.263477258447526
498,498,0.0007506615707900413,0.0007464604139769156,-21.24552752248723,-21.262868991213352
499,499,0.0007496145655900316,0.000745593852020408,-21.250471894072152,-21.26791362165113
500,500,0.0007476437874090349,0.0007471618775621449,-21.258189556701947,-21.25878975661108
501,501,0.0007518847897821634,0.00074691462673639,-21.244595447659083,-21.260227161856964
502,502,0.0007465369183301311,0.0007464216752467971,-21.255721413375667,-21.26309438097255
503,503,0.000752304340400685,0.0007465106073619896,-21.241307732064215,-21.26257697335283
504,504,0.0007488333959775718,0.0007471177684094169,-21.247983544489657,-21.259046152549928
505,505,0.000748810679987841,0.0007455086268141473,-21.255885430035264,-21.268410070920897
506,506,0.0007466935143402787,0.0007532747572680053,-21.266499939326412,-21.223402662595888
507,507,0.0007491586447847028,0.0007444505708439177,-21.253990106573518,-21.274578131729243
508,508,0.0007453224814938593,0.0007461847547490738,-21.2745264762923,-21.264473086887353
509,509,0.0007501376376333694,0.00074600619815388,-21.25724555021148,-21.2655124464173
510,510,0.0007474681514929788,0.0007471487042494118,-21.258869329713814,-21.258866328337174
511,511,0.0007479766926238525,0.0007484455954430526,-21.25686887544202,-21.251334435091604
512,512,0.0007492376619844323,0.0007463062800908167,-21.246967102473583,-21.26376584263308
513,513,0.000751520245403205,0.0007449024828690055,-21.245356365353885,-21.27194258598896
514,514,0.0007505694304631313,0.0007480229465535989,-21.245597869168957,-21.253787598391757
515,515,0.0007520002569792044,0.000746336342815898,-21.241859778824356,-21.263590903563067
516,516,0.0007456293630836167,0.0007487780010131629,-21.26484500397264,-21.249406040327234
517,517,0.0007474216855774374,0.0007473551116785721,-21.26694640681645,-21.257666711352286
518,518,0.0007459683320965118,0.0007469614685856198,-21.268785041936738,-21.25995480785501
519,519,0.0007503479785170675,0.0007520508370362222,-21.250389438239313,-21.23046481475875
520,520,0.0007500942897282003,0.0007483641077813349,-21.248627156584305,-21.251807302708453
521,521,0.0007503741713643996,0.0007486013959063904,-21.24832500977398,-21.250430478407
522,522,0.0007505653343240241,0.0007467297592053288,-21.249734460832958,-21.261302209569642
523,523,0.000749247321455749,0.0007477825152148542,-21.251550433642358,-21.255183742573088
524,524,0.0007449354023490217,0.0007444724998142766,-21.265495222168568,-21.27445020529692
525,525,0.0007511686957345257,0.0007473951953120137,-21.240868481695628,-21.25743378815781
526,526,0.0007484945925864746,0.0007491689420452243,-21.258515377391795,-21.247139157142684
527,527,0.0007485454486798227,0.0007485573204528345,-21.25044194761496,-21.250686185782083
528,528,0.0007531176634449704,0.0007469812591903304,-21.233767491675856,-21.259839743866813
529,529,0.0007498720762819128,0.000748733833652774,-21.248270232358294,-21.249662220484996
530,530,0.0007495528108622763,0.0007463205838575959,-21.243382043217437,-21.2636826061976
531,531,0.0007483317233506859,0.0007501832136002026,-21.25501631560795,-21.24126338466305
532,532,0.0007473662712841688,0.0007489679295471625,-21.260318749369663,-21.248304586295134
533,533,0.0007487134083855859,0.0007449819332625913,-21.25933574698073,-21.271479397473414
534,534,0.0007535454759508679,0.0007483343023953861,-21.235251569605573,-21.25198027429127
535,535,0.0007494253480864555,0.0007483698060049823,-21.256099457120136,-21.251774234611798
536,536,0.0007500559848867664,0.0007507387168803497,-21.244490112205373,-21.23804866689042
537,537,0.0007490257122889929,0.0007495750783403453,-21.25959627808713,-21.24478541622642
538,538,0.000753769230399972,0.000749438820333269,-21.239216015131856,-21.245574949943272
539,539,0.0007477695879660854,0.0007449438317531818,-21.254409684193316,-21.27170151961776
540,540,0.0007514584060643137,0.0007443890545370156,-21.244497028614386,-21.274937017833487
541,541,0.0007531808187570615,0.0007481548941302064,-21.228630038652064,-21.253021591798
542,542,0.0007541078285640586,0.0007456131769638313,-21.230525163776967,-21.267801058926715
543,543,0.0007516869161393225,0.0007487032501223055,-21.24257298260623,-21.249839620372647
544,544,0.0007492112915137226,0.0007474749765701984,-21.258169459284552,-21.256970222011752
545,545,0.000748659369473336,0.0007485230698397285,-21.252433310916615,-21.25088490393206
546,546,0.0007514248508479946,0.0007443643806159104,-21.243527256809283,-21.27508097381076
547,547,0.0007487674196942028,0.0007445647589568244,-21.25358456148942,-21.27391203694245
548,548,0.0007524716226172816,0.0007471568349405731,-21.241648946712516,-21.258819067396047
549,549,0.0007496544084338875,0.0007448792947750343,-21.250857249724334,-21.272077779765787
550,550,0.0007523613431030097,0.0007484879614295144,-21.241980161711837,-21.251088608360536
551,551,0.0007495646396191003,0.0007487308466807008,-21.245975922215422,-21.249679546108847
552,552,0.0007494898301731679,0.0007453136158322817,-21.2531357275453,-21.2695462519007
553,553,0.0007477355214824766,0.0007471260522786332,-21.26035867118556,-21.258997999248045
554,554,0.000748954602930042,0.0007490239896517443,-21.251914880364197,-21.24797952988095
555,555,0.00075056787445834,0.0007472870148424255,-21.2440923341373,-21.258062445952156
556,556,0.0007497857759236215,0.0007483676890842617,-21.25068387368359,-21.251786519558095
557,557,0.0007525572196830102,0.0007422530447672072,-21.237547747224603,-21.28741692668452
558,558,0.0007485795205641422,0.000750522530564156,-21.260203003228128,-21.23929946217998
559,559,0.0007543258138538636,0.0007489107206071678,-21.22872169358533,-21.2486363291498
560,560,0.0007507202885180866,0.0007504200207461652,-21.24393652300234,-21.239892682064703
561,561,0.000751654095419673,0.0007492816841572916,-21.236230459259154,-21.246485638416274
562,562,0.0007474746617498164,0.0007476313407287785,-21.254707754583745,-21.256061817161868
563,563,0.0007536407036841223,0.0007501853397116065,-21.22708855021882,-21.241251076241248
564,564,0.000753305309341702,0.0007516233109574961,-21.225562065394232,-21.232934395313976
565,565,0.0007522724101982396,0.0007501821474809395,-21.237671590313788,-21.241269556622562
566,566,0.0007521706908105959,0.0007511821550954329,-21.23496471361853,-21.235484180584052
567,567,0.0007562289943380915,0.000751159981040186,-21.215178078798047,-21.235612381339447
568,568,0.00074899161880183,0.0007481868623902923,-21.253315788886912,-21.252836024043937
569,569,0.0007553430647378039,0.0007500129224928586,-21.224615830490002,-21.242249342255867
570,570,0.0007532487650997169,0.0007482123205830392,-21.23772573713633,-21.252688251273728
571,571,0.0007552303116979826,0.0007509029972808142,-21.226053609699818,-21.237098425950542
572,572,0.0007511645443881526,0.0007474097288458756,-21.23749285565208,-21.257349337893338
573,573,0.0007561076553682461,0.0007520098282073281,-21.214486124600796,-21.23070163909056
574,574,0.0007541335983557108,0.0007505136002835474,-21.226211526783402,-21.23935113810583
575,575,0.0007522724864082699,0.0007535658905429667,-21.229834934197577,-21.221724481474734
576,576,0.0007556954647183956,0.0007486512492361822,-21.223975925034146,-21.25014126835135
577,577,0.0007502276224765888,0.0007502795013255979,-21.240395110944903,-21.240705993566884
578,578,0.000753417704134373,0.000749288635377429,-21.225885732506722,-21.24644534832766
579,579,0.0007495064469601613,0.0007523917194798981,-21.247385184246426,-21.22849673208044
580,580,0.0007571518083928709,0.0007518915931302074,-21.202860610396904,-21.23138451419046
581,581,0.0007564429614990566,0.00075369320601519,-21.211889458303048,-21.220990799955672
582,582,0.0007558633176101007,0.0007562224361065187,-21.221460814671577,-21.206441222895247
583,583,0.000752443545521957,0.0007541376613325587,-21.233099737862556,-21.21843050620448
584,584,0.000753120631435598,0.0007506511174142361,-21.23392813732099,-21.238555450191132
585,585,0.0007569366812792405,0.000745851482191172,-21.212019690388285,-21.266413233268384
586,586,0.0007558118344342202,0.0007528558857493886,-21.213217405673234,-21.22581830422293
587,587,0.0007511859912108438,0.0007577179318391963,-21.23361779253509,-21.19786115237972
588,588,0.0007546230977804391,0.0007547648304975347,-21.2281774275729,-21.21482025140367
589,589,0.00075758942438904,0.000749432947486639,-21.21018839677054,-21.245608982806377
590,590,0.0007563573044254301,0.0007507069783873464,-21.217532707195808,-21.238232274628224
591,591,0.0007541499769113497,0.0007508071966616338,-21.221914081649675,-21.237652536597153
592,592,0.0007556555852697222,0.0007530145567694777,-21.217446371383495,-21.224903086727828
593,593,0.0007554509859416902,0.000750383325411301,-21.217976674004074,-21.240105056077425
594,594,0.0007502024383620196,0.0007526954868808389,-21.245508860232643,-21.226743684054462
595,595,0.0007542143671859786,0.0007558038096727902,-21.223772330991643,-21.208846037696574
596,596,0.0007541254144786022,0.0007510652802394409,-21.22079932386682,-21.23615994283119
597,597,0.0007540349027660397,0.000754190694638773,-21.22067304389502,-21.21812510755353
598,598,0.0007541318113205128,0.0007545466314216977,-21.22646840220102,-21.216075958494535
599,599,0.0007576489726263914,0.0007532809517885509,-21.205389336120323,-21.223366948734466
600,600,0.0007556211023313022,0.0007518053018046837,-21.2152622612426,-21.231882963667594
601,601,0.0007562690166055618,0.0007558724732677403,-21.212246330569076,-21.208451505867885
602,602,0.0007512770603967773,0.0007530948680237328,-21.230266991791243,-21.224439923374398
603,603,0.0007537576482756083,0.000754915297300996,-21.222333773859738,-21.21395454612656
604,604,0.000757023704732701,0.0007533491098959195,-21.209848991197635,-21.222974009675305
605,605,0.0007603924785087788,0.0007518708558851167,-21.193810761938572,-21.231504294693284
606,606,0.0007586077848190115,0.0007556641817485031,-21.20959956854433,-21.20964843162823
607,607,0.0007580625584598669,0.0007593400813148994,-21.20618451033871,-21.188573559835415
608,608,0.0007576957595841863,0.0007545453018361801,-21.213384483671614,-21.216083611198002
609,609,0.00076074000884846,0.0007564894377106899,-21.192824503036647,-21.20490811766137
610,610,0.000755160921565305,0.0007551466819438103,-21.212164430225727,-21.212623619638254
611,611,0.0007570199380369531,0.0007576990082222773,-21.208789491142333,-21.197969616554676
612,612,0.000759222341903015,0.0007608362663488247,-21.198916999043323,-21.18002474752228
613,613,0.0007569521447144372,0.0007533660728337342,-21.204174145800202,-21.222876221979597
614,614,0.0007582849201256621,0.0007531511548318361,-21.206011637468485,-21.224115340938283
615,615,0.0007531313278433896,0.0007579321053957468,-21.22287888260375,-21.19663376621387
616,616,0.0007562718867833159,0.000756088445134657,-21.21062016326908,-21.207210794027457
617,617,0.0007602791307906899,0.0007567314651647681,-21.1931808082591,-21.203518879798317
618,618,0.0007554363818195908,0.0007582079760093046,-21.214852184039778,-21.195053317441634
619,619,0.0007605900035057333,0.0007549411598838082,-21.184563736313695,-21.21380576407578
