,epoch,train_loss,test_loss,train_dbs,test_dbs
0,0,0.00013325481620658016,0.0001262625798852624,-11.66002707687082,-11.903034274375337
1,1,0.00011712582531377923,0.00011315532135899718,-12.219313777971903,-12.379031039760676
2,2,0.00010695385572034866,0.00010572764509369766,-12.616528680822999,-12.673895271958248
3,3,0.00010205264923045143,0.00010332040409067351,-12.816746548311118,-12.773919902783176
4,4,0.00010060153629441179,0.00010202131057954638,-12.879888225170772,-12.828871880912372
5,5,9.943358660147515e-05,0.00010030647191390591,-12.934149684610093,-12.90249131115826
6,6,9.846908986069185e-05,0.00010030052286119347,-12.973436034407158,-12.902748893479277
7,7,9.770193156731056e-05,9.960075495703342e-05,-13.009097406980723,-12.93315456012283
8,8,9.718436494856094e-05,9.832862231537307e-05,-13.030704251145963,-12.988981320332476
9,9,9.658377590293986e-05,9.8573930460445e-05,-13.058963611147224,-12.978160127068378
10,10,9.599339090030852e-05,9.808658720239212e-05,-13.085223534453931,-12.999684622531632
11,11,9.58516517955301e-05,9.711042328394557e-05,-13.09219781455939,-13.043122392030375
12,12,9.547856934284599e-05,9.761583427653501e-05,-13.10895951485958,-13.020578159853937
13,13,9.505362934000867e-05,9.687388917786608e-05,-13.12919298738058,-13.05371350701896
14,14,9.49548396129478e-05,9.654776543979288e-05,-13.132851791369918,-13.068358596717708
15,15,9.451988076649548e-05,9.642455782006054e-05,-13.151096363963363,-13.07390430355744
16,16,9.427645505338754e-05,9.584467969896076e-05,-13.164634301047332,-13.100100759631456
17,17,9.379947035076558e-05,9.547925238669115e-05,-13.182950509620937,-13.116690765545778
18,18,9.364357208245022e-05,9.554160964111553e-05,-13.192296230479474,-13.11385532525118
19,19,9.34203328761589e-05,9.513520222083714e-05,-13.202757123649008,-13.132368406687757
20,20,9.332619458628992e-05,9.510053304869583e-05,-13.206508386518085,-13.133951351164354
21,21,9.327646319096734e-05,9.483549863369645e-05,-13.208580327804668,-13.14607154317165
22,22,9.276472806472081e-05,9.437773252629038e-05,-13.23425884124114,-13.167085473445512
23,23,9.252234603897621e-05,9.445632665454851e-05,-13.24528633722032,-13.163470341902876
24,24,9.241068266757006e-05,9.401524853034828e-05,-13.249340522598052,-13.183797878822919
25,25,9.200893969277458e-05,9.3917329841612e-05,-13.269733909371492,-13.188323496510915
26,26,9.214094431636394e-05,9.363474428506666e-05,-13.262744611847385,-13.201410575532936
27,27,9.185772849134045e-05,9.374649035683098e-05,-13.276442839144217,-13.196230685648283
28,28,9.185317186662716e-05,9.332544792222937e-05,-13.275266018795309,-13.21578003296775
29,29,9.140083015735559e-05,9.298220730239624e-05,-13.298289872453381,-13.231782346520955
30,30,9.126524096198821e-05,9.32824964126523e-05,-13.304675571987637,-13.217779262314028
31,31,9.112256955950684e-05,9.279133863808391e-05,-13.310913602667789,-13.240706462861304
32,32,9.066846151776208e-05,9.217176021162519e-05,-13.332428618715358,-13.269802050016066
33,33,9.078345210207434e-05,9.24652738735619e-05,-13.325346944920252,-13.255994259856216
34,34,9.054699285584742e-05,9.228788028275104e-05,-13.33782303558499,-13.264334153336375
35,35,9.031412838274114e-05,9.196468798970607e-05,-13.35062627356687,-13.279569845813475
36,36,9.041231368025092e-05,9.201108677141172e-05,-13.346056912842798,-13.277379260089328
37,37,8.998167675262144e-05,9.194465306599771e-05,-13.364161816110611,-13.280516079082146
38,38,8.995589323416257e-05,9.14308597872916e-05,-13.367408456299968,-13.304852825708938
39,39,8.947659087650594e-05,9.105536140084855e-05,-13.390452991292905,-13.322725638932113
40,40,8.936317669967016e-05,9.09471307654473e-05,-13.39676716403994,-13.327890839991595
41,41,8.942966912597053e-05,9.071069277859734e-05,-13.393087033204605,-13.33919602564028
42,42,8.93234093907558e-05,9.096243516787102e-05,-13.396892170805717,-13.327160079352039
43,43,8.916983515331426e-05,9.022931312517215e-05,-13.40691142013366,-13.362304350344871
44,44,8.878046820737115e-05,9.099161443851986e-05,-13.423965500914646,-13.325767156648222
45,45,8.88603939266741e-05,9.052308259446076e-05,-13.420666554407063,-13.348187517061321
46,46,8.87669163987703e-05,9.060975035505467e-05,-13.425721404676471,-13.344031524749568
47,47,8.840088847455732e-05,9.019263578872931e-05,-13.441288538152804,-13.364070073988067
48,48,8.81892358182123e-05,9.020293050286312e-05,-13.45248840459986,-13.363574392454666
49,49,8.798413909971714e-05,8.992534467803412e-05,-13.46326417587015,-13.37695975211441
50,50,8.783219767717606e-05,8.961676940089092e-05,-13.472687053233889,-13.391888023707303
51,51,8.78063170959424e-05,8.988224343690825e-05,-13.472794409969598,-13.379041825706398
52,52,8.753415705100873e-05,8.928314108695639e-05,-13.485206212942325,-13.408086254698432
53,53,8.74715422600575e-05,8.928090889974938e-05,-13.48985560592701,-13.408194834962682
54,54,8.731516842915167e-05,8.887034154644138e-05,-13.49575298103888,-13.428212370760999
55,55,8.712590997018516e-05,8.888014455901851e-05,-13.5068898089954,-13.427733340366668
56,56,8.711494577714943e-05,8.840879423874675e-05,-13.505765369005085,-13.45082618832921
57,57,8.674758470247586e-05,8.838718579346805e-05,-13.524666380543554,-13.451887799412457
58,58,8.667934147074589e-05,8.828693037350221e-05,-13.526057341133573,-13.45681669123772
59,59,8.663487704362739e-05,8.80612205946818e-05,-13.527803900835512,-13.4679338551481
60,60,8.643550545363639e-05,8.805541935879247e-05,-13.540809783801347,-13.46821996607283
61,61,8.639549166228161e-05,8.804628037308391e-05,-13.542957462506171,-13.468670729588801
62,62,8.618215038369112e-05,8.821091576369087e-05,-13.552154389724238,-13.460557555882673
63,63,8.586494165974352e-05,8.72881723089928e-05,-13.567428938681328,-13.50622686252738
64,64,8.587123363785272e-05,8.706060562920022e-05,-13.570327366652577,-13.517564023658316
65,65,8.552465839887557e-05,8.719568493114294e-05,-13.585656342012964,-13.510830928742221
66,66,8.546297695576549e-05,8.70831928822506e-05,-13.589533452294493,-13.516437423744911
67,67,8.548176115301928e-05,8.686573480525495e-05,-13.58954608384025,-13.52729588586226
68,68,8.485665820603806e-05,8.718481082101597e-05,-13.619762300316083,-13.511372567990293
69,69,8.483398137146069e-05,8.667518207068114e-05,-13.620349487659844,-13.536833237155019
70,70,8.480662977162115e-05,8.654932102409045e-05,-13.6224470918562,-13.543144211256617
71,71,8.483056557189539e-05,8.616565977909456e-05,-13.622901108961418,-13.562438685298018
72,72,8.453163120309947e-05,8.634844944983917e-05,-13.635871241378318,-13.553235429353814
73,73,8.428349539507948e-05,8.585667896305064e-05,-13.64989654306088,-13.57804000879013
74,74,8.436130943645713e-05,8.582133465863176e-05,-13.645312179529387,-13.57982822106832
75,75,8.417690329112055e-05,8.607421018256757e-05,-13.656836680962607,-13.567050400214523
76,76,8.410882965671186e-05,8.584807878115068e-05,-13.65879537784539,-13.578475059233078
77,77,8.369297499962861e-05,8.560888703581632e-05,-13.679661159532836,-13.590592353156946
78,78,8.367210357766791e-05,8.525975250737055e-05,-13.680656462806377,-13.608340186880962
79,79,8.367751231453065e-05,8.507021342857594e-05,-13.681003836244097,-13.618005639410073
80,80,8.338264760635698e-05,8.540410252814916e-05,-13.69754581526201,-13.600993530798062
81,81,8.344991177172861e-05,8.522869259315102e-05,-13.690959464550565,-13.609922599049158
82,82,8.329802060580198e-05,8.466827114860185e-05,-13.698217765329584,-13.638573943758328
83,83,8.303268964716819e-05,8.454876392773401e-05,-13.7152672626557,-13.644708235755115
84,84,8.279735757429248e-05,8.434611395626377e-05,-13.727252916416148,-13.6551300801242
85,85,8.276240788694212e-05,8.471054254761456e-05,-13.727618125552176,-13.636406230416371
86,86,8.266428308489435e-05,8.428260978115232e-05,-13.73242794272953,-13.658401114088194
87,87,8.262330271632497e-05,8.419857170481823e-05,-13.73624742915434,-13.662733618825708
88,88,8.256337612917762e-05,8.408963568447354e-05,-13.742942956534742,-13.668356154101133
89,89,8.244938287612761e-05,8.382413905469308e-05,-13.74383967745609,-13.682089847783434
90,90,8.219958252403117e-05,8.373323247437121e-05,-13.758580042971642,-13.686802291015965
91,91,8.195703506401318e-05,8.377229364429552e-05,-13.773840085404949,-13.684776799528562
92,92,8.193499030012484e-05,8.312067802762613e-05,-13.7737801446344,-13.71869009160168
93,93,8.175962400705477e-05,8.314123988384381e-05,-13.783123789281838,-13.717615894834228
94,94,8.174359781029106e-05,8.347814429343041e-05,-13.78203925419918,-13.700053001280336
95,95,8.12516603396831e-05,8.305041793439733e-05,-13.809193686289083,-13.722362640359812
96,96,8.135909255421193e-05,8.257289070905627e-05,-13.80105801366829,-13.747405976988023
97,97,8.118829184953488e-05,8.259611748048643e-05,-13.811303962052804,-13.746184530078388
98,98,8.09368520816692e-05,8.233429099690463e-05,-13.826629393207117,-13.759973363030099
99,99,8.10404933722613e-05,8.260532807693572e-05,-13.821381546181819,-13.745700259350171
100,100,8.086423607442298e-05,8.260120720431012e-05,-13.831057242939721,-13.745916918120873
101,101,8.087353069772079e-05,8.233402216941805e-05,-13.828936056658668,-13.759987543085966
102,102,8.067729129496788e-05,8.193957259400601e-05,-13.839531832207616,-13.780843920335194
103,103,8.046961491195408e-05,8.181228737444861e-05,-13.852199121610774,-13.787595511385895
104,104,8.044634767467175e-05,8.169870086835305e-05,-13.851496130777761,-13.793629356729397
105,105,8.021426960506678e-05,8.147116750478745e-05,-13.86376459288095,-13.805741464103221
106,106,8.02430592191684e-05,8.1504634995087e-05,-13.864941662155886,-13.803957794829424
107,107,8.000683565396029e-05,8.19784430572518e-05,-13.875469140419415,-13.778784204330698
108,108,7.997873718082214e-05,8.138090082579048e-05,-13.878646796003423,-13.810555934684372
109,109,7.956540368055714e-05,8.094405692597655e-05,-13.89941440288496,-13.833931188345677
110,110,7.944009376308142e-05,8.114637067161599e-05,-13.908227513864833,-13.82308985856773
111,111,7.95908225760267e-05,8.099747662383474e-05,-13.897780807980642,-13.831065971456876
112,112,7.942306228400899e-05,8.079600765516883e-05,-13.910283726580953,-13.84188184664245
113,113,7.908037563182231e-05,8.08845932050118e-05,-13.927016735641152,-13.837122807015152
114,114,7.912966698172896e-05,8.057211456808115e-05,-13.92409620589076,-13.853933247292572
115,115,7.905095094663677e-05,8.053951406557309e-05,-13.927377071175396,-13.85569081360356
116,116,7.877937646627128e-05,8.008252227323522e-05,-13.94231081322101,-13.880403431341044
117,117,7.88369070130674e-05,8.037369269387502e-05,-13.941940113885208,-13.864641642892497
118,118,7.855430266852298e-05,7.95520850500141e-05,-13.955317008372337,-13.909265193930453
119,119,7.838898762333273e-05,8.023315527488624e-05,-13.961275294350724,-13.87224214584958
120,120,7.831823347363209e-05,7.97431268055286e-05,-13.969291788434381,-13.898848255587534
121,121,7.836637942278853e-05,7.984766316918754e-05,-13.965925170378313,-13.893158757791884
122,122,7.805667738682235e-05,7.971491332251677e-05,-13.982522407712006,-13.900385081213303
123,123,7.790783454709657e-05,7.915685273474082e-05,-13.990617173256574,-13.930895679373553
124,124,7.78843309537066e-05,7.961245826568062e-05,-13.993446451634115,-13.905970520992623
125,125,7.79007300620505e-05,7.928208881486698e-05,-13.991174772857146,-13.924030025093188
126,126,7.784983691382557e-05,7.947799818602537e-05,-13.997562855294774,-13.913311663363757
127,127,7.758161301194143e-05,7.874940446957848e-05,-14.008829329685122,-13.95330808139921
128,128,7.738058850440418e-05,7.879072922821108e-05,-14.020535058798547,-13.951029663242453
129,129,7.764795084289496e-05,7.84454578503133e-05,-14.007513608800071,-13.970102842003595
130,130,7.743122673157804e-05,7.865580999733586e-05,-14.016250277790478,-13.958472785473306
131,131,7.70856479612496e-05,7.845227810321376e-05,-14.03664339871742,-13.969725271456293
132,132,7.703215545841454e-05,7.837877906001125e-05,-14.040848416698585,-13.973795923252222
133,133,7.71452292779547e-05,7.832523796854443e-05,-14.03348948978243,-13.976763632941465
134,134,7.703691948542477e-05,7.848591600409954e-05,-14.042025275819604,-13.967863550663044
135,135,7.687136380856416e-05,7.813203908306987e-05,-14.049528235439803,-13.987489276912694
136,136,7.674861626583152e-05,7.8041090761728e-05,-14.055689340709845,-13.992547555324803
137,137,7.655385954571965e-05,7.781143090381335e-05,-14.06857215277115,-14.005346845337371
138,138,7.641233001852447e-05,7.755968583392372e-05,-14.076632501804598,-14.019420450866082
139,139,7.617529019588586e-05,7.771638660127984e-05,-14.088422738254483,-14.010654863147584
140,140,7.615995637774852e-05,7.775855345626999e-05,-14.091758729257064,-14.008299135223371
141,141,7.623869604095049e-05,7.749544602120295e-05,-14.087072581022104,-14.02301904156677
142,142,7.584056227867607e-05,7.744862102155916e-05,-14.106562952667645,-14.025643968092531
143,143,7.578902760851822e-05,7.731718467671032e-05,-14.112268740403366,-14.0330205449475
144,144,7.590509225919209e-05,7.723572075759109e-05,-14.105636508569134,-14.03759882624538
145,145,7.55965927814988e-05,7.713160486769324e-05,-14.120131748211877,-14.043457185601476
146,146,7.539238016686363e-05,7.69260330248232e-05,-14.134370100214554,-14.05504749312582
147,147,7.548475549970369e-05,7.722089733426018e-05,-14.130492643757846,-14.038432423543421
148,148,7.534238432423624e-05,7.630652965561144e-05,-14.138769313272688,-14.090163836014733
149,149,7.517027252200107e-05,7.644720378601433e-05,-14.146822527770343,-14.082164815044806
150,150,7.514086715185765e-05,7.66291973138179e-05,-14.14995683241572,-14.071838099556363
151,151,7.496373467633414e-05,7.663348629935889e-05,-14.157405951037935,-14.071595028939303
152,152,7.486138854370231e-05,7.638018149392385e-05,-14.165904382223069,-14.08597400322559
153,153,7.461988705884876e-05,7.654722331177541e-05,-14.17843866414289,-14.07648644686724
154,154,7.476096821453221e-05,7.626820335740616e-05,-14.17165167807366,-14.092345704512056
155,155,7.459651799566477e-05,7.622044205690097e-05,-14.180714918755491,-14.095066230998452
156,156,7.43365817470476e-05,7.656964474958123e-05,-14.196447243198836,-14.07521454169986
157,157,7.451634395617953e-05,7.614852840656807e-05,-14.184947190737871,-14.09916571447427
158,158,7.426212008438822e-05,7.554742172176607e-05,-14.199667907303704,-14.133584389779868
159,159,7.398314010435908e-05,7.575696508865803e-05,-14.214493682829538,-14.121555183216838
160,160,7.416214295104866e-05,7.584785060699735e-05,-14.205048621796912,-14.1163480816288
161,161,7.39114053505977e-05,7.569429228744029e-05,-14.220052651322943,-14.125149534793643
162,162,7.392688348772936e-05,7.566362527493191e-05,-14.220603907642344,-14.12690940500137
163,163,7.373856430238392e-05,7.54822272268173e-05,-14.23298021096485,-14.137333800754792
164,164,7.378019564413014e-05,7.49313219689372e-05,-14.228603527316114,-14.169146916618265
165,165,7.36935058720866e-05,7.559221443156467e-05,-14.23388322520884,-14.131010183865433
166,166,7.32261242333574e-05,7.481684358361618e-05,-14.260498361547363,-14.175787043466418
167,167,7.3206647807497e-05,7.508054305186593e-05,-14.26133559584276,-14.160506811481856
168,168,7.33226663270994e-05,7.486612441042732e-05,-14.255188084071337,-14.172927347108464
169,169,7.301403922010838e-05,7.496636183197169e-05,-14.273654512675382,-14.1671165157403
170,170,7.319297121997356e-05,7.413170877905366e-05,-14.263704709511074,-14.215740753500455
171,171,7.301172107750953e-05,7.428420519174419e-05,-14.275258155646773,-14.206816053705623
172,172,7.28651449236102e-05,7.463233870160031e-05,-14.283743904783394,-14.186510353106303
173,173,7.291071533379097e-05,7.46687609965815e-05,-14.279966200048095,-14.18439141331626
174,174,7.270176363292813e-05,7.431300687848737e-05,-14.293920334838202,-14.20513252093883
175,175,7.279521599501976e-05,7.412322233185957e-05,-14.284872347314131,-14.216237953447028
176,176,7.256477359069041e-05,7.368351553419703e-05,-14.30059862542775,-14.242077479029124
177,177,7.260675852897471e-05,7.376654914543523e-05,-14.296277345892523,-14.23718619016283
178,178,7.226724190650671e-05,7.417166144525828e-05,-14.319039803262626,-14.21340079010468
179,179,7.209016756363424e-05,7.372764038767568e-05,-14.327447843475213,-14.239477515568684
180,180,7.219316136900855e-05,7.374492231878991e-05,-14.32030046424633,-14.238459638450912
181,181,7.203679256376417e-05,7.363802548130287e-05,-14.32983868463623,-14.244759514452474
182,182,7.19967226650249e-05,7.28271165586959e-05,-14.335672158143183,-14.292849710383887
183,183,7.1655206916945e-05,7.308084183789201e-05,-14.35430198356736,-14.277745448634873
184,184,7.172744648714703e-05,7.346968777710572e-05,-14.350625717395399,-14.254698920935043
185,185,7.17380541957646e-05,7.279161218320951e-05,-14.348775792067556,-14.294967481194815
186,186,7.175171274341374e-05,7.299891876755282e-05,-14.348781364228927,-14.282616587658016
187,187,7.155595449148677e-05,7.311820885852764e-05,-14.362015634703988,-14.275525421740952
188,188,7.152925791535719e-05,7.277632386448156e-05,-14.36331536357218,-14.295879719516773
189,189,7.130479679824592e-05,7.314356786848389e-05,-14.375112799612818,-14.274019453681854
190,190,7.126797317676054e-05,7.347121840882067e-05,-14.376457670531098,-14.254608443079025
191,191,7.115103184820403e-05,7.268132972776105e-05,-14.385201638638499,-14.30155222065194
192,192,7.09734841180274e-05,7.266813228948434e-05,-14.39758999774911,-14.302340881931457
193,193,7.068020669376171e-05,7.269733760040253e-05,-14.412522340136267,-14.300595803742766
194,194,7.102943555699162e-05,7.246434956629712e-05,-14.391875432535244,-14.314536879576835
195,195,7.074072822171129e-05,7.197991592539965e-05,-14.410939014728939,-14.343667512790466
196,196,7.062227589428694e-05,7.230796511162465e-05,-14.417637369696017,-14.323919465230336
197,197,7.057591146710281e-05,7.219767920966995e-05,-14.41874071014276,-14.330548489054973
198,198,7.045817792177987e-05,7.235506353409667e-05,-14.428971736441518,-14.321091571206528
199,199,7.036713495179675e-05,7.166708651072297e-05,-14.432938818981654,-14.362583369167147
200,200,7.03670730686521e-05,7.197377769778923e-05,-14.433772520445496,-14.344037881665955
201,201,7.023584742258667e-05,7.15402416780738e-05,-14.441951217413497,-14.370276833737774
202,202,6.998856552695309e-05,7.163212630027709e-05,-14.458167384578946,-14.364702435488061
203,203,7.014552833537629e-05,7.171710412397883e-05,-14.447817723751166,-14.359553415276146
204,204,7.005150736094759e-05,7.14843584941455e-05,-14.45200799970487,-14.373670621885699
205,205,6.968122783966708e-05,7.149996389144737e-05,-14.474663619798669,-14.372722638519416
206,206,6.975591606964578e-05,7.113720091997253e-05,-14.471103270793893,-14.394813135990711
207,207,6.968987096471894e-05,7.129712742569514e-05,-14.476272481439363,-14.385060539276214
208,208,6.953811072852444e-05,7.123262433819228e-05,-14.484463571548947,-14.388991414975356
209,209,6.957096722788302e-05,7.090904163257954e-05,-14.483120002794097,-14.408764705978719
210,210,6.967780367650102e-05,7.114253783488254e-05,-14.475895863303839,-14.394487328153676
211,211,6.923898137156545e-05,7.078109832180321e-05,-14.503198362833945,-14.41660788956038
212,212,6.927738488848638e-05,7.093806217246885e-05,-14.50088285511804,-14.406987657287058
213,213,6.924685046974493e-05,7.049967864172926e-05,-14.502886200664083,-14.433909489739333
214,214,6.910338985089203e-05,7.080812773844962e-05,-14.513668065565422,-14.414949751159906
215,215,6.910464986672712e-05,7.044225065711591e-05,-14.512652649644195,-14.437448629345086
216,216,6.8963305351382e-05,7.000907364846698e-05,-14.518958421340052,-14.464237551695685
217,217,6.879040557043819e-05,7.070598401601034e-05,-14.533558983816485,-14.421219155980406
218,218,6.869365952485336e-05,7.059498066634038e-05,-14.538888499311835,-14.428042627038774
219,219,6.903169443980867e-05,7.083618612868074e-05,-14.516810127549238,-14.413229159083151
220,220,6.867256112301904e-05,7.025379301538985e-05,-14.539157926207245,-14.449083094776583
221,221,6.865895834520997e-05,6.995574777216749e-05,-14.539976549704718,-14.467546831085322
222,222,6.855834437805449e-05,7.001014474601681e-05,-14.547237976937435,-14.464171107708806
223,223,6.838782353521103e-05,6.997329527573464e-05,-14.55742130534125,-14.4664575955922
224,224,6.824038986845143e-05,6.96175099476118e-05,-14.566238618238,-14.488596007802146
225,225,6.80772677368782e-05,6.930473816617833e-05,-14.575768627407335,-14.50815159232901
226,226,6.819231889166236e-05,6.94676112432621e-05,-14.570037265261211,-14.497957211184884
227,227,6.805621629122395e-05,6.977170223284415e-05,-14.580767363815815,-14.478987676584051
228,228,6.796892028939238e-05,6.907846909598447e-05,-14.583223818754867,-14.522353820782625
229,229,6.801780201038633e-05,6.963749968379393e-05,-14.579756052239613,-14.487349168323808
230,230,6.807705392123719e-05,6.938530465336761e-05,-14.578708585523454,-14.503105868203887
231,231,6.788871084524741e-05,6.981401135195291e-05,-14.58841256134594,-14.476354940460283
232,232,6.77349621723478e-05,6.956586500899376e-05,-14.59984442323628,-14.491818966420071
233,233,6.780142628242137e-05,6.930590806357366e-05,-14.591482613811241,-14.508078281945284
234,234,6.760306946348792e-05,6.903378878058375e-05,-14.607046756216878,-14.525163769067229
235,235,6.755125245617069e-05,6.827168181189336e-05,-14.608754217810123,-14.573374848878068
236,236,6.746507830198941e-05,6.888737717465694e-05,-14.616076798028427,-14.534384366353422
237,237,6.743053010498058e-05,6.91992783303201e-05,-14.61816751407296,-14.514765210444263
238,238,6.73372047721077e-05,6.855473207236316e-05,-14.6261175315696,-14.555406484716888
239,239,6.72435047274177e-05,6.872176967781822e-05,-14.631569279214895,-14.54483751694788
240,240,6.69728805096196e-05,6.900812992458476e-05,-14.647038148696952,-14.526778278602475
241,241,6.695886832792744e-05,6.836684272122129e-05,-14.650670854460268,-14.567325623063166
242,242,6.690685783264457e-05,6.879656594767431e-05,-14.652733494120405,-14.540113258132372
243,243,6.733059685241632e-05,6.833745283074677e-05,-14.62831490074172,-14.569192991956283
244,244,6.674056435867991e-05,6.837015787727738e-05,-14.662191396028266,-14.567115035734819
245,245,6.659931919391066e-05,6.81176111117422e-05,-14.670542950123542,-14.583186775008944
246,246,6.666956830214105e-05,6.769819657692049e-05,-14.670279504716062,-14.61000986728742
247,247,6.684078493656005e-05,6.797301389987727e-05,-14.657469845636504,-14.592415595118693
248,248,6.644106846597987e-05,6.749734797937747e-05,-14.683967612178414,-14.62291376912371
249,249,6.664451612993719e-05,6.79772578893646e-05,-14.668846976232487,-14.592144445794467
250,250,6.624472033641705e-05,6.795644462966409e-05,-14.695742059476384,-14.593474371153887
251,251,6.647539009566938e-05,6.769613077937577e-05,-14.681194966827995,-14.610142393441507
252,252,6.609403746701854e-05,6.755046821413806e-05,-14.705209910711554,-14.61949722723892
253,253,6.59355135531328e-05,6.757624846374568e-05,-14.71538345966404,-14.617840083402708
254,254,6.631561843006267e-05,6.793394870902902e-05,-14.691756188533201,-14.594912273281677
255,255,6.612434273060008e-05,6.741917623960609e-05,-14.704161356033069,-14.627946445323918
256,256,6.622216846828695e-05,6.716903168891899e-05,-14.697350920015413,-14.644089987882921
257,257,6.573928345160406e-05,6.761071697263488e-05,-14.728668340031932,-14.615625449249766
258,258,6.576454246353079e-05,6.678561552881117e-05,-14.726750296406287,-14.66895153330946
259,259,6.596509778431675e-05,6.743755224497842e-05,-14.712867533250279,-14.626762878456816
260,260,6.568506702849132e-05,6.726932923284996e-05,-14.73507311682672,-14.637609891330058
261,261,6.559476853149088e-05,6.689324072794989e-05,-14.738029876275842,-14.661958499181619
262,262,6.568567142053747e-05,6.695717112099948e-05,-14.731482085237095,-14.657809894981586
263,263,6.559747830063306e-05,6.662760968442614e-05,-14.739783789199807,-14.67923853421195
264,264,6.542133738061163e-05,6.710097908293584e-05,-14.74854494726927,-14.648492292406237
265,265,6.524210609135593e-05,6.717395942694948e-05,-14.762203977784129,-14.643771387051112
266,266,6.522877818722394e-05,6.675382878472049e-05,-14.763374793144203,-14.67101905843478
267,267,6.546007979213567e-05,6.666652284605477e-05,-14.747386127758485,-14.676702822920236
