,epoch,train_loss,test_loss,train_dbs,test_dbs
0,0,0.0010190311874522223,0.0010133763793610821,-19.917951050021724,-19.949494367951687
1,1,0.0009966238519445677,0.0009825569608150737,-20.020990823208603,-20.083624772553602
2,2,0.0009753439064166442,0.0009641456816002334,-20.115746194564395,-20.165775535711283
3,3,0.000951031203136885,0.0009445987831752159,-20.21653082437007,-20.254728321761988
4,4,0.0009313710928011263,0.0009275688605971242,-20.306863560517918,-20.333740534465456
5,5,0.0009232523782687626,0.0009139347331304299,-20.35219006398482,-20.398050314161548
6,6,0.0009079432185768083,0.0009072154153775619,-20.42206541716862,-20.430097928319295
7,7,0.0008975781875988949,0.0009000711265559259,-20.473513247404796,-20.46443383800691
8,8,0.0008926141020582663,0.0008875964221691614,-20.496758011704998,-20.525046710056177
9,9,0.0008833070361228256,0.0008881482369217434,-20.53322187902399,-20.522347559493433
10,10,0.0008815171625513161,0.0008823759976382318,-20.55336761458566,-20.550665280333398
11,11,0.0008736614872384624,0.0008793962188065052,-20.587697424444656,-20.56535620037215
12,12,0.0008684465386808763,0.0008723364199364656,-20.61510439651589,-20.600362093678175
13,13,0.0008691522447613173,0.000867278802233111,-20.610863096226506,-20.625614823371667
14,14,0.0008648907448904416,0.0008690437534824014,-20.635040168044306,-20.61678571670747
15,15,0.0008639704997737691,0.0008646281785331666,-20.640416374624916,-20.638908287259312
16,16,0.0008634348326727518,0.0008612803281529954,-20.645062935481263,-20.655756860220173
17,17,0.0008578120836431218,0.0008552424566771247,-20.669369782197844,-20.68630961608676
18,18,0.0008565655125775518,0.0008551021180066623,-20.67786730151441,-20.68702231820794
19,19,0.0008530709628476618,0.0008571265681989883,-20.69186272617969,-20.67675256903023
20,20,0.0008502874539003314,0.0008495805576737774,-20.712015837717153,-20.715156487745272
21,21,0.0008454313387700654,0.0008504912042745241,-20.722687236838947,-20.710503874363354
22,22,0.0008396437246419643,0.000846878610134713,-20.761789629001328,-20.728990500624498
23,23,0.0008382127601077262,0.0008424273293808495,-20.756462162695897,-20.75187766508251
24,24,0.000839007490304942,0.0008464743671203522,-20.768101803797144,-20.731064025945894
25,25,0.0008388516143895686,0.0008374680979422441,-20.762498217657953,-20.77751941718109
26,26,0.0008362807662312671,0.0008370078469038402,-20.77695571585778,-20.779906844625696
27,27,0.0008351207223538425,0.0008392525058680851,-20.78977717296066,-20.768275673095612
28,28,0.0008291341928457937,0.000832299677360999,-20.81484126569284,-20.80440487682724
29,29,0.0008300735408766675,0.0008351252426540381,-20.811417819685293,-20.789686030120716
30,30,0.0008265533023657873,0.0008360078270351025,-20.82331111437387,-20.785098704681463
31,31,0.0008270585040571456,0.0008286427259200105,-20.825813386799776,-20.82352891622323
32,32,0.0008277858645876044,0.0008278267985013755,-20.82456745910131,-20.82780732640803
33,33,0.000827407285561497,0.0008271742998132188,-20.817375619940606,-20.83123181470217
34,34,0.0008240664616640005,0.000829155832578085,-20.841299077423507,-20.82084053896288
35,35,0.0008251114842030651,0.0008279970191468141,-20.840621333229908,-20.826914406684416
36,36,0.0008238703558538301,0.0008291946448336699,-20.830257987673075,-20.82063725324417
37,37,0.0008214794749816515,0.0008223755591499962,-20.852854120561783,-20.856500192714158
38,38,0.0008217116533394557,0.0008251255035008255,-20.856945621624064,-20.842002031913957
39,39,0.0008181903034823073,0.0008275271760986039,-20.868338535057887,-20.82937948994038
40,40,0.0008205160211781328,0.0008271608844791588,-20.852218546316834,-20.831302250314142
41,41,0.0008197999691360237,0.0008232527577906455,-20.858659876206605,-20.851870197455476
42,42,0.0008206275284539946,0.0008220747787211286,-20.85444360956638,-20.858088897206713
43,43,0.0008216840443057344,0.0008226657856108719,-20.855837146802557,-20.854967784399072
44,44,0.0008158835554831498,0.0008184947012188403,-20.88599858858779,-20.87704341746425
45,45,0.0008177944805866741,0.0008213669122931989,-20.879782325666845,-20.861830100855943
46,46,0.0008136242053221873,0.0008221456909699267,-20.900190902489495,-20.857714290529096
47,47,0.0008175239091758261,0.0008179564488512513,-20.877428442771304,-20.879900331849196
48,48,0.000816095035916828,0.0008179920474312416,-20.885394458820134,-20.879711325081676
49,49,0.0008109556805083202,0.0008168404670677295,-20.90040022490112,-20.88582968981474
50,50,0.000815076550670429,0.0008198741094307288,-20.888183093802397,-20.869730417944552
51,51,0.0008129467335577632,0.0008162457226334434,-20.89623160776479,-20.888992955036155
52,52,0.0008126646886368465,0.00081746698063063,-20.90040637893043,-20.882499944277363
53,53,0.0008130855054220127,0.0008173417636977607,-20.89602839121647,-20.88316523339184
54,54,0.0008128424956386467,0.0008147002050751134,-20.895572645882705,-20.897223883318645
55,55,0.0008086197092629893,0.0008154768974667317,-20.918578234973655,-20.893085520133276
56,56,0.0008131311816336183,0.0008153840899467468,-20.90092615295311,-20.893579808661396
57,57,0.000812321934925834,0.0008135682315026459,-20.902297852203994,-20.903262321997897
58,58,0.0008151515137365798,0.0008159499449998533,-20.892611097542062,-20.890566964796037
59,59,0.0008130701343989788,0.0008160347443711208,-20.90354345463168,-20.890115638269712
60,60,0.0008110636923241324,0.0008133817157757125,-20.90978784894301,-20.90425808405543
61,61,0.0008093043615724699,0.0008124856884885384,-20.910062762993974,-20.909044941148824
62,62,0.0008109967427126603,0.0008101764220842405,-20.904982103844596,-20.921406138555977
63,63,0.0008115409549383312,0.0008156397747562119,-20.9116372860616,-20.892218179255842
64,64,0.0008053025230765343,0.000808351572088309,-20.93557964308781,-20.931199266907242
65,65,0.0008100900317772685,0.0008106886770723289,-20.919432792605388,-20.91866106714717
66,66,0.0008134931204696521,0.0008103823761063579,-20.900956705343383,-20.920302263819522
67,67,0.0008054379903058493,0.0008101642321746208,-20.93963824179431,-20.921471482969434
68,68,0.0008077049728713392,0.0008108884304467784,-20.931541265870393,-20.917591099048813
69,69,0.0008062428036301406,0.0008050505604938065,-20.938328699597903,-20.94897057254338
70,70,0.000808489100873163,0.0008061728133869014,-20.926792786350454,-20.94292065636801
71,71,0.000804535757159795,0.0008047906571607056,-20.9456996897092,-20.950372879592507
72,72,0.0008035902721212082,0.0008066591322667113,-20.947779132381136,-20.94030159102872
73,73,0.0008032302205335617,0.0008075194261772068,-20.947415519185807,-20.935672351821403
74,74,0.0008041326775090749,0.0008086503213761668,-20.94589427566843,-20.92959450479546
75,75,0.0008034385229489699,0.0008100606010932671,-20.945949364707698,-20.922027040518273
76,76,0.0008041050366711678,0.0008072381636961118,-20.942608640912567,-20.937185281632136
77,77,0.0008018845464246943,0.000808193326903213,-20.958665371226843,-20.93204953727013
78,78,0.0008036453617717495,0.0008086213707237652,-20.94955650459226,-20.929749990217587
79,79,0.0008051723749472846,0.0008087561122680965,-20.942362373581368,-20.929026380424112
80,80,0.0008019532620686001,0.0008085704206390993,-20.957627795003383,-20.930023641626757
81,81,0.0008019099885732243,0.0008036354372866059,-20.961333839955252,-20.95661134718151
82,82,0.0008018673871663044,0.0008030261623820192,-20.965459170491812,-20.95990519252844
83,83,0.0008030775046340891,0.0008014669629598135,-20.9560066605312,-20.968345888318396
84,84,0.0008005502816174448,0.0008034369277179634,-20.96400311199464,-20.95768424984081
85,85,0.0008029018153110039,0.0007998513327421326,-20.964882516817795,-20.977109411826547
86,86,0.0008004075054261718,0.0007998964436793406,-20.96981754781867,-20.97686448032676
87,87,0.0007987430291586392,0.000802021568616558,-20.97870810500728,-20.96534166120709
88,88,0.0007944098522540988,0.0007981038192826274,-20.990285415294704,-20.986608248563012
89,89,0.0007942751003189262,0.0007996785050061973,-21.008473853300433,-20.97804791426092
90,90,0.0007930333790916604,0.0007947596666207047,-21.014699468556728,-21.00484395042228
91,91,0.0007877947682197945,0.0007999253453147647,-21.026986948802403,-20.97670756508944
92,92,0.0007895070461786745,0.0007931247206502839,-21.021187061450036,-21.013787274883132
93,93,0.0007837100558165345,0.0007937119103428957,-21.061199516187873,-21.01057316638588
94,94,0.0007905810399307418,0.000793640556941299,-21.022925979275342,-21.01096360756688
95,95,0.000792224047172661,0.0007927291781494492,-21.014093283050173,-21.01595370306624
96,96,0.000789096728975395,0.0007893372369979165,-21.02992930739561,-21.03457622824083
97,97,0.0007920250543825252,0.0007938682009760095,-21.020026277695095,-21.00971807681566
98,98,0.0007901552022847626,0.0007932818200635282,-21.029168188153655,-21.01292712451493
99,99,0.0007869670438801044,0.0007905259048321137,-21.03654249753113,-21.028041080164392
100,100,0.0007860527209428706,0.0007916082027613333,-21.04229095866905,-21.022099281811165
101,101,0.0007884699206789667,0.0007900126480595454,-21.03508972473684,-21.030861695853314
102,102,0.0007868475843576196,0.000793707906268537,-21.043554690813266,-21.01059507549122
103,103,0.0007889849486635978,0.0007907487635843848,-21.03056251690333,-21.02681692437503
104,104,0.0007863037273787038,0.0007923371464896359,-21.046670590982053,-21.018101968882167
105,105,0.0007840775081782227,0.0007894772019139246,-21.046011150422874,-21.033806207529807
106,106,0.0007840212507739893,0.0007935671141910318,-21.05086711457533,-21.011365518189912
107,107,0.0007863650542501476,0.0007875018606060429,-21.046657082105096,-21.044686254056217
108,108,0.000785884991067356,0.0007892015151140329,-21.050494910542987,-21.035323036202445
109,109,0.0007863880192726543,0.0007903485491528715,-21.040838885850977,-21.029015535700168
110,110,0.0007828086321770223,0.0007889456097281686,-21.054450984376306,-21.03673150181626
111,111,0.0007852202409772759,0.0007893307177398942,-21.051094562661852,-21.034612097440263
112,112,0.0007854452849961049,0.0007888429007787062,-21.048359689582902,-21.037296925252413
113,113,0.0007858560114532479,0.000788762981660272,-21.047072573436232,-21.037736939232463
114,114,0.000783540680524461,0.0007900905819903864,-21.052615691471857,-21.030433289968165
115,115,0.0007830113562582464,0.0007889477603480612,-21.065319664522775,-21.036719663217156
116,116,0.0007841082316218424,0.000787122009665166,-21.057114000544352,-21.046781575661374
117,117,0.0007843102710129521,0.0007916682209868572,-21.05456100044799,-21.021770020492294
118,118,0.0007848598869498243,0.0007848201815872208,-21.0560030836563,-21.05950051599666
119,119,0.0007865315995697585,0.0007904236829888664,-21.044447725481366,-21.028602696839034
120,120,0.0007849689405027431,0.000788120056600555,-21.048931103061772,-21.041278341028406
121,121,0.0007846485949409453,0.0007859934335819593,-21.052173463317697,-21.053012961304898
122,122,0.0007827711674461583,0.0007866928200727623,-21.059064225328225,-21.049150274605747
123,123,0.0007829584664972403,0.0007876330576101808,-21.060724429472817,-21.043962784156438
124,124,0.0007846370068157918,0.0007849726672774475,-21.048891356303482,-21.058656790735828
125,125,0.0007846978248202617,0.0007862264817384513,-21.055641557227773,-21.051725462932218
126,126,0.0007858576634706757,0.000785980529862603,-21.0485761635234,-21.053084260375275
127,127,0.0007826744119118247,0.0007870569028646538,-21.063555083420525,-21.047140817218835
128,128,0.0007826423592932676,0.0007837928224992203,-21.058983518273106,-21.0651893180847
129,129,0.0007842263151632296,0.0007825712183196293,-21.058085947533435,-21.071963427397797
130,130,0.0007853432439661287,0.0007843785661909925,-21.04933957208912,-21.0619449626933
131,131,0.0007835355012427977,0.000784977547530281,-21.056470393800424,-21.0586297903016
132,132,0.0007843318594542821,0.0007874080727465058,-21.059308891060773,-21.045203509666234
133,133,0.0007848298547971878,0.0007880969787947834,-21.054982848519312,-21.04140551340983
134,134,0.0007819353162368625,0.0007895308571230424,-21.070299445694527,-21.033511058165356
135,135,0.0007803720030837606,0.0007839832228216293,-21.06875280210259,-21.06413445045831
136,136,0.0007780463537969387,0.0007827512729962013,-21.082679575958526,-21.070964313755024
137,137,0.0007750714460589452,0.0007837504840848085,-21.093949599906033,-21.06542391880901
138,138,0.0007833545510273081,0.0007821367563385712,-21.06491922335559,-21.074375180247213
139,139,0.0007816264909912937,0.0007844814436363155,-21.062904058782024,-21.061375388523516
140,140,0.0007813712011917119,0.0007863184896689889,-21.067784682957587,-21.051217260784796
141,141,0.0007836075989318263,0.0007870383101123336,-21.06094139259499,-21.047243412407106
142,142,0.0007786209390201059,0.0007850370633317844,-21.088797990955026,-21.058300527325162
143,143,0.0007818198340378471,0.0007818004998721575,-21.071750809938322,-21.076242701844237
144,144,0.000774183581804031,0.000784527060061105,-21.099766028464686,-21.061122860107908
145,145,0.0007791630629709317,0.000782257059319435,-21.0860717007526,-21.073707229245034
146,146,0.0007807573383990867,0.0007827543151123743,-21.082503385633004,-21.07094743519161
147,147,0.0007788967449198832,0.0007815552679331679,-21.08181177733835,-21.077605192468013
148,148,0.0007779294968169835,0.0007761912267213981,-21.084371491594716,-21.107514843552053
149,149,0.0007826142791975482,0.0007810782132621266,-21.0704442183877,-21.08025689832392
150,150,0.0007782372335192853,0.00078158149201619,-21.085501942556157,-21.077459472978298
151,151,0.0007768878803262007,0.0007807661803733362,-21.092326143318335,-21.081992207732835
152,152,0.0007792460502931829,0.000778669325977956,-21.086444488842055,-21.09367147036837
153,153,0.0007806749595569197,0.0007796379167733616,-21.084274057252422,-21.088272616017974
154,154,0.0007783533187976741,0.00078354291250243,-21.083049008460346,-21.066574273854854
155,155,0.0007807474905029707,0.0007802570440904482,-21.076028556009835,-21.084825158358687
156,156,0.0007758697629282155,0.0007788202737605101,-21.097909430892734,-21.092829656859827
157,157,0.0007777541885440497,0.0007793840486556292,-21.09263006940504,-21.08968700947851
158,158,0.0007760150948558579,0.0007825165980887648,-21.098707262511347,-21.072266557543283
159,159,0.0007738671289545667,0.0007814245610988062,-21.11597602309246,-21.078331564696093
160,160,0.0007784573142848833,0.000781796348746866,-21.08831356189929,-21.076265761634993
161,161,0.0007752886374442617,0.0007789485052375025,-21.097242363413883,-21.092114656999247
162,162,0.0007759376204591821,0.0007760403524643104,-21.106231246586805,-21.108359097185332
163,163,0.0007749910888828567,0.000778835995956079,-21.105262518731344,-21.09274198587731
164,164,0.000777008775237602,0.0007789412752333048,-21.101525624009337,-21.092154967308314
165,165,0.0007740933323259821,0.000775498803704977,-21.109110718861164,-21.11139081760922
166,166,0.0007768686489950981,0.0007763780702493692,-21.10183842431934,-21.106469542531002
167,167,0.000776961046155811,0.0007773957944377081,-21.097224096612127,-21.10078027110806
168,168,0.0007767520032429434,0.0007773760559135361,-21.096859957637623,-21.100890542362677
169,169,0.0007785004053562495,0.0007753042828928875,-21.095261697251672,-21.1124803088087
170,170,0.0007743770856717505,0.000777502415554696,-21.107809762583877,-21.100184669897164
171,171,0.0007733147232505234,0.0007741143007909781,-21.113550555315946,-21.11915123385733
172,172,0.0007708763503277502,0.0007816274239877729,-21.12527153315139,-21.077204254349454
173,173,0.0007774029233128063,0.0007795105185849886,-21.093532529681397,-21.088982341007373
174,174,0.00077221043871178,0.0007758931943068379,-21.115886903514863,-21.10918271461511
175,175,0.0007744582061482997,0.0007792146306631988,-21.110875655979164,-21.090631156301086
176,176,0.000772410766077564,0.0007792838426355861,-21.12132068265337,-21.090245421207673
177,177,0.0007773305333853152,0.0007739101083164936,-21.096599359726852,-21.120296947903018
178,178,0.0007747077405903988,0.000775057712177697,-21.112114208856745,-21.113861719114805
179,179,0.0007733753234263241,0.0007757591114281432,-21.115027255648833,-21.109933288107182
180,180,0.0007718976967507185,0.00077872770213473,-21.118420635729134,-21.09334589580625
181,181,0.0007744312512006649,0.0007767426524017202,-21.116012952215396,-21.10443060225333
182,182,0.0007722907454812343,0.0007790155941620469,-21.118912543236643,-21.091740625919122
183,183,0.0007753378757246837,0.0007782270059626745,-21.10491179777749,-21.096139163857007
184,184,0.000774704973626229,0.0007777188622735833,-21.110222859711037,-21.09897581791467
185,185,0.00077004631148344,0.0007737172173189098,-21.128779160157997,-21.121379527602997
186,186,0.0007731282487079578,0.0007752694226311226,-21.11667664152092,-21.112675586456852
187,187,0.0007747910741582205,0.0007797544240020216,-21.11275093839587,-21.08762366520194
188,188,0.0007721388582908309,0.0007780226940093072,-21.125389095740864,-21.09727948927452
189,189,0.0007740878500044346,0.0007744484158281825,-21.108702886105167,-21.11727718229102
190,190,0.0007713338433400027,0.0007796098269816292,-21.126339195836344,-21.088429092005796
191,191,0.0007739414793400804,0.0007762733730487525,-21.10752351169024,-21.107055242776394
192,192,0.0007761685110474984,0.0007762431387642497,-21.102780387393196,-21.107224395024705
193,193,0.0007709582365050758,0.0007729994923513578,-21.124085194399814,-21.125410052564106
194,194,0.0007730609312480719,0.0007782433071712914,-21.116179865100353,-21.09604819488842
195,195,0.0007729790762748531,0.000778485953464712,-21.11405153683124,-21.094694331377216
196,196,0.0007752590145454886,0.0007767200371936747,-21.109176545434472,-21.10455705086556
197,197,0.0007763997580827281,0.0007757799528343113,-21.105934957806095,-21.109816612892192
198,198,0.0007655759445228374,0.0007759323833804382,-21.15084601176065,-21.108963365241525
199,199,0.0007724543870186683,0.0007762835685800957,-21.12335392824985,-21.10699820315506
200,200,0.0007764642761741794,0.0007799634967293395,-21.100024518440776,-21.08645936323262
201,201,0.0007697702415489121,0.0007733549144560177,-21.12714742161083,-21.12341364267464
202,202,0.0007773200146009013,0.000775985367669675,-21.098347156786062,-21.108666818798433
203,203,0.0007689248976902556,0.0007722703709365114,-21.135904235703848,-21.129508410244245
204,204,0.0007761663555638077,0.0007786110019017207,-21.10835557894555,-21.093996778844044
205,205,0.0007731587723252777,0.0007747175435437576,-21.11239378570161,-21.115768232494258
206,206,0.0007737175466675196,0.0007753948295047801,-21.11404967831213,-21.111973132482483
207,207,0.0007732135307322227,0.0007744527752756289,-21.1155076434086,-21.11725273548988
208,208,0.0007720127570942121,0.0007758025864237233,-21.116765523197493,-21.10968990815378
209,209,0.0007717315174792846,0.0007739882352516839,-21.12046773101113,-21.119858545768786
210,210,0.0007739629891710644,0.0007752156601973662,-21.10799685442412,-21.11297676611452
211,211,0.0007727376747031495,0.0007734054693413016,-21.117118944572493,-21.123129749862933
212,212,0.0007734286476445106,0.0007742001907899976,-21.11267184493544,-21.11866939954181
213,213,0.0007747866269729109,0.0007766550621262899,-21.112346942565964,-21.104920367018302
214,214,0.0007701397401799169,0.0007794070774444231,-21.12992935958473,-21.089558688554284
215,215,0.0007736700378147137,0.0007795641125228844,-21.106951593579524,-21.08868375938676
216,216,0.0007763771957132159,0.0007772070790739044,-21.109907962621335,-21.101834663106807
217,217,0.0007729163926248391,0.0007731709506754813,-21.116896555732293,-21.124446854687907
218,218,0.0007746937065433289,0.0007747794856856528,-21.111451523255237,-21.115421008460533
219,219,0.000773697532833429,0.0007755547228857482,-21.11124741115166,-21.111077670561286
220,220,0.0007718225686628487,0.000773854418902805,-21.1275326315046,-21.12060947095999
221,221,0.0007736535530450955,0.0007747174424462413,-21.113683943009,-21.11576879923109
222,222,0.0007709081113079237,0.0007745583578454037,-21.126553399616558,-21.116660694199428
223,223,0.0007721975664176123,0.0007773755749344433,-21.117505936036128,-21.1008932294358
224,224,0.0007779124317709933,0.0007777197384520581,-21.09244623520729,-21.098970925153534
225,225,0.0007739429849382374,0.000777497121721114,-21.11294051915006,-21.10021424010162
226,226,0.0007774726824940557,0.0007779736157604738,-21.093644331322782,-21.09755345409723
227,227,0.0007780723462178919,0.000776885163137003,-21.095749045720858,-21.103633865409414
228,228,0.0007741168482209911,0.0007776731723233274,-21.105403435426553,-21.09923096764977
229,229,0.0007734796393557077,0.0007776380792309187,-21.11564408114591,-21.09942695075442
230,230,0.0007717216131757445,0.0007779312773460621,-21.113393414840395,-21.097789809671887
231,231,0.0007744460539489062,0.0007787164833739792,-21.105756167069526,-21.09340846300363
232,232,0.0007774807037497611,0.0007778090351310215,-21.092012379466745,-21.098472303004883
233,233,0.0007752123686062537,0.000780807425096435,-21.10867321118111,-21.081762793562532
234,234,0.0007763853243830585,0.0007748150444393488,-21.10326855633574,-21.115221692185003
235,235,0.000777038098696965,0.0007756741282432095,-21.102288856556743,-21.11040907691155
236,236,0.0007760671901122964,0.0007769060995135652,-21.101355626421835,-21.10351682841698
237,237,0.0007759617286321428,0.0007758923273190464,-21.10741466854701,-21.109187567450874
238,238,0.0007760847130185473,0.0007770013486917474,-21.0948849708916,-21.102984413277458
239,239,0.0007757020732579925,0.0007792156508290454,-21.106195942816314,-21.090625470420832
240,240,0.0007741518190236206,0.0007768616166063829,-21.10737442426383,-21.103765497261534
241,241,0.0007752058853529701,0.0007767286549910511,-21.102550824946803,-21.104508865664904
242,242,0.0007762406699445829,0.0007747781285280851,-21.10463845672761,-21.115428615871025
243,243,0.0007748687609828548,0.0007788481797385765,-21.11395823036579,-21.092674047207968
244,244,0.0007770764839489819,0.0007767563495834015,-21.097821431301597,-21.104354018870733
245,245,0.0007717713801257466,0.0007784772069977695,-21.12370057066187,-21.094743125625218
246,246,0.0007749439616802811,0.0007813647848946092,-21.106005713822565,-21.07866379726104
247,247,0.0007774712885105886,0.0007770001293944293,-21.09448707521271,-21.10299122838162
248,248,0.000772931986877253,0.0007804768423451797,-21.109684954828044,-21.083601923947974
249,249,0.0007759799572312724,0.0007807892765604743,-21.100866784004268,-21.08186373907572
250,250,0.0007750831013929445,0.0007789867415436005,-21.1061293677512,-21.09190147975989
251,251,0.0007727547493504034,0.0007785323909238765,-21.11967055977623,-21.094435278138086
252,252,0.0007757523808791542,0.0007778182564499346,-21.106418748224975,-21.098420815506028
253,253,0.0007805861790722102,0.0007782002978369986,-21.07769547591756,-21.096288212792036
254,254,0.0007793185602364697,0.0007760626766340513,-21.091327893359747,-21.1082341665132
255,255,0.0007758661384511855,0.0007803323402951815,-21.09655670835182,-21.08440607661205
256,256,0.0007772433827151113,0.0007784228471695984,-21.094315498970623,-21.09504639715968
257,257,0.0007799970539353942,0.000778907606696808,-21.083038887828124,-21.09234268846389
258,258,0.0007748063959747783,0.0007787403178793427,-21.10795080767778,-21.093275538685596
259,259,0.0007758699357509613,0.0007829017949437624,-21.095179108012218,-21.07012925198085
260,260,0.0007775910426718518,0.000780785796355064,-21.090092353896857,-21.081883096889918
261,261,0.0007761568299101032,0.0007768400736447228,-21.101904921501312,-21.103885932084154
262,262,0.0007764109069500695,0.0007793320998500445,-21.101123636691646,-21.089976492328056
263,263,0.0007783740329239325,0.00077801663428545,-21.088761079271006,-21.09731331495727
264,264,0.0007749032823263293,0.0007775146360999267,-21.11323819982703,-21.10011640935489
265,265,0.000777507236841874,0.0007778876491724269,-21.096223135592883,-21.098033378826976
266,266,0.0007747606909593817,0.0007795314702793563,-21.102215023026215,-21.0888656128459
267,267,0.0007719711260150004,0.0007806175180073632,-21.11434396995303,-21.082819208110397
268,268,0.0007742926323565549,0.0007795736463250298,-21.11094789906401,-21.088630646983574
269,269,0.0007750209698155906,0.0007810489256180039,-21.109270795006772,-21.080419746301082
270,270,0.0007787931556861425,0.0007758387885252504,-21.093062227874235,-21.1094872534272
271,271,0.0007749241404715426,0.0007745245851478295,-21.100563251041574,-21.11685006167344
272,272,0.0007779881815406849,0.0007814293586354898,-21.091469850525122,-21.078304901376093
273,273,0.0007699393966120005,0.0007833602660531668,-21.125046269710246,-21.06758674669299
274,274,0.0007756975438618629,0.000779340086553834,-21.100867086776756,-21.089931985453365
275,275,0.0007718532609023614,0.0007783927936352006,-21.11225632705333,-21.095214073842907
276,276,0.0007736858294931115,0.000777725148700962,-21.112792985139993,-21.098940713331
277,277,0.0007762890783157776,0.0007804047628796022,-21.104880569961427,-21.084003026941
278,278,0.0007788017050113491,0.0007788786100909898,-21.09731496134888,-21.09250436746408
279,279,0.0007758441797611256,0.000777351014365099,-21.10277861542388,-21.101030443526216
280,280,0.0007820703754124721,0.0007795947695788192,-21.076014612089104,-21.088512972555748
281,281,0.0007762469791749627,0.0007791611990940414,-21.09844495851403,-21.090928966819064
282,282,0.0007763229491736394,0.0007777997127145921,-21.100333656753172,-21.098524355605115
283,283,0.0007777892103533923,0.0007755544379745659,-21.09840943015086,-21.111079266004825
284,284,0.000776588430114513,0.0007787514049069662,-21.10169001779549,-21.093213708053078
285,285,0.0007768026595099916,0.0007787586410382861,-21.103260604580278,-21.0931733537464
286,286,0.0007754636780819712,0.0007786441006158528,-21.106076679432913,-21.093812164404383
287,287,0.0007743761381470435,0.000778928288797799,-21.105688016454277,-21.092227373078476
288,288,0.0007762104619688057,0.0007807455442257618,-21.100743873227692,-21.08210699604827
289,289,0.0007758310800370251,0.0007789726859252704,-21.103112135933785,-21.09197984223035
290,290,0.0007760114829804864,0.000778879130896377,-21.10029290474637,-21.092501463509254
291,291,0.0007750527175940266,0.0007781987507386427,-21.108326517149077,-21.09629684677674
292,292,0.0007766750149102401,0.0007727566009730493,-21.095911132088837,-21.126774904194
293,293,0.0007749251023981452,0.0007799867123953606,-21.10295363388247,-21.086330097111325
294,294,0.0007762068476931183,0.0007790308261878396,-21.09776029677454,-21.091655709517866
295,295,0.0007749274199031601,0.0007808887595800977,-21.11144968003792,-21.081310424941513
296,296,0.0007755424204455285,0.0007776765116049271,-21.108684809102005,-21.09921231934724
297,297,0.0007746781861006292,0.0007760307451366986,-21.105855140381617,-21.108412862884265
298,298,0.0007758439487307189,0.0007794259581714869,-21.10393178607698,-21.08945348427145
299,299,0.0007721823490147968,0.000781283863991695,-21.11998004837129,-21.079113591290714
300,300,0.0007748609629565293,0.000779115650067596,-21.10779793509948,-21.09118285868504
301,301,0.0007749465282180721,0.0007809851851657425,-21.10331755042562,-21.080774183205058
302,302,0.000776442220871404,0.0007772111413559239,-21.103142667244764,-21.101811963595928
303,303,0.0007721980188771622,0.0007772207027301192,-21.121261472341114,-21.10175853633158
304,304,0.0007733162312489963,0.0007770020012302618,-21.11551622768662,-21.102980766002485
305,305,0.0007716562969792519,0.0007759327448806481,-21.12121851272789,-21.108961341901434
306,306,0.0007735907253761267,0.0007752777034367778,-21.110800753451247,-21.11262919885416
307,307,0.0007735164037944039,0.0007789865607934955,-21.1147022724874,-21.091902487463592
308,308,0.0007751195831944417,0.0007759726906538402,-21.10945168441898,-21.108737768628487
309,309,0.000770794168911567,0.0007738051813487944,-21.133418128489087,-21.120885805601187
310,310,0.0007731313025098794,0.0007761322501066484,-21.11760581574025,-21.107844842018764
311,311,0.0007731441616023094,0.0007731665667195461,-21.114154250072993,-21.12447147968536
312,312,0.0007713358115990521,0.0007772747745835467,-21.121620673027554,-21.101456404766424
313,313,0.0007754033719448699,0.0007750434911270675,-21.108651082035603,-21.113941405832062
314,314,0.000776601176992174,0.0007740100661880876,-21.099180281006763,-21.119736051380947
315,315,0.0007729026010096765,0.0007779653686539907,-21.117446339924633,-21.09759949282848
316,316,0.0007716305181864149,0.0007801341462733322,-21.121517192565705,-21.085509266859827
317,317,0.0007751120750062628,0.0007771686160642849,-21.107342273139956,-21.10204959535119
318,318,0.0007748807235572909,0.0007732247100456765,-21.114565998177092,-21.12414489577236
319,319,0.0007719295357411593,0.0007771259467852744,-21.125355804947077,-21.102288044778582
320,320,0.0007718153809168443,0.0007750763171842616,-21.123102375089818,-21.11375746939789
321,321,0.0007733113826108501,0.0007766751223243773,-21.11166250730338,-21.104808194687873
322,322,0.0007740029928360864,0.0007758354798792617,-21.11172583013711,-21.10950577441095
323,323,0.000772510382188388,0.000776279104971572,-21.115495768072364,-21.10702317503651
324,324,0.0007747186584273334,0.0007773629745076361,-21.10873322016419,-21.10096362449784
325,325,0.0007719313977862295,0.0007728306901347088,-21.122179460221766,-21.126358538010255
326,326,0.0007740939798111998,0.0007776002319970805,-21.117288112674917,-21.099638324724516
327,327,0.0007726226107591821,0.0007721696870009366,-21.117709233420904,-21.130074654009725
328,328,0.0007743745449373556,0.0007747629148836591,-21.112451236276655,-21.11551389533945
329,329,0.0007763926009407517,0.0007726564347793005,-21.105293823010435,-21.127337881524628
330,330,0.000773497737737699,0.0007742414416402186,-21.10666698027428,-21.118438005393607
331,331,0.0007740087998003612,0.0007769360458233246,-21.11579423329861,-21.1033494302405
332,332,0.0007764592013062583,0.0007745350563996716,-21.108832436583175,-21.11679134725378
333,333,0.0007746820674114621,0.0007727698355570043,-21.11635482398553,-21.12670052556616
334,334,0.0007749823403314294,0.0007784460383271309,-21.112256931850283,-21.094917011932193
335,335,0.0007729745930848047,0.0007727209656303259,-21.118300559312253,-21.126975181869234
336,336,0.0007725329349566367,0.0007781754064030553,-21.12189334892814,-21.09642712799586
337,337,0.0007715965513159166,0.0007782712621663354,-21.126531708137136,-21.095892196347453
338,338,0.000774904378670623,0.0007760973500185891,-21.10369271218677,-21.108040134205737
339,339,0.0007756695021711982,0.0007744029403272036,-21.107104464973126,-21.117532206881524
340,340,0.0007711542252998453,0.0007737891405428711,-21.12225710118013,-21.120975834795523
341,341,0.0007747770749157314,0.0007746520660523521,-21.10779259333192,-21.116135304535003
342,342,0.0007726718742429212,0.0007748404597422402,-21.115432492203347,-21.115079238255436
343,343,0.0007692454376776424,0.0007754860010831372,-21.129049798071602,-21.11146251538475
344,344,0.0007707640509476367,0.0007761931567648915,-21.131466489622643,-21.107504044586953
345,345,0.0007722688720023893,0.0007767380448058248,-21.127932471292617,-21.10445636444627
346,346,0.0007754520365497885,0.0007753706580076955,-21.1111264604334,-21.112108517850405
347,347,0.0007729419985949301,0.0007743557859947415,-21.117242592006292,-21.117796662100332
348,348,0.0007712592721254248,0.000776720986897616,-21.12241102481198,-21.104551740703474
349,349,0.0007716592379663255,0.0007783697250201122,-21.12346786035379,-21.09534278419042
350,350,0.0007748060587303925,0.0007790360832586884,-21.10580804530398,-21.091626402472752
351,351,0.0007710900594547545,0.0007756963574425562,-21.116418400881457,-21.110284618973193
352,352,0.0007730797197208883,0.000776832414741971,-21.113936661897192,-21.103928749592058
353,353,0.000776592697276129,0.0007723234501961423,-21.104590670582773,-21.129209923622653
354,354,0.0007688209874142614,0.0007749844593682179,-21.132988322967705,-21.11427220202357
355,355,0.0007756042489829982,0.0007729026807570144,-21.1078272804474,-21.125954003429747
356,356,0.0007745673215093533,0.000776869560420317,-21.113071100914013,-21.103721088619835
357,357,0.0007762099302988307,0.0007779657546626894,-21.112285921191006,-21.097597337958703
358,358,0.0007705683561915666,0.0007768477080389857,-21.128288625284164,-21.103843252012386
359,359,0.0007733972641140146,0.0007748442524308828,-21.11031594079803,-21.115057980463625
360,360,0.0007788412700186378,0.0007763410563041505,-21.089967618966003,-21.10667659803628
361,361,0.0007755299202003277,0.0007739668148324677,-21.111659310460738,-21.11997874008406
362,362,0.0007754235880055762,0.0007778704380861631,-21.098461768142116,-21.09812946934199
363,363,0.0007723422922654865,0.0007766500378860847,-21.119816041180634,-21.104948461946943
364,364,0.0007724980511654591,0.0007757666263435232,-21.124084434054634,-21.109891217438268
365,365,0.0007725831183614497,0.0007741279367014373,-21.130147551198792,-21.119074734191777
366,366,0.0007721939125367123,0.0007728226176512084,-21.121883195409,-21.126403901805894
367,367,0.000771533658838418,0.0007755146974599675,-21.124534516638036,-21.11130181038802
368,368,0.0007726846343223198,0.0007730649759698855,-21.11880559067988,-21.12504216138258
369,369,0.0007726666967614947,0.0007747467576624139,-21.12537873512943,-21.11560446582319
370,370,0.0007795911011065251,0.0007761496572608227,-21.093370487347933,-21.107747439208513
371,371,0.0007749648000228882,0.0007713431535337708,-21.112642380078917,-21.134725848982416
372,372,0.000774315980829529,0.0007767344788207035,-21.110987241685677,-21.104476302844116
373,373,0.0007714998035826097,0.0007733411069861368,-21.123737580726946,-21.123491182254437
374,374,0.0007714112115226994,0.0007772514363750815,-21.121094574736098,-21.101586806622414
375,375,0.000771650269185913,0.0007751617108863828,-21.123894555412672,-21.113279013664172
376,376,0.0007737171116102603,0.0007744894614198098,-21.116709026116606,-21.117047013293075
377,377,0.0007733821265217032,0.0007728919552296008,-21.1200963929314,-21.12601427065105
378,378,0.0007720768203257976,0.0007782141359424905,-21.12105392172301,-21.096210986409076
379,379,0.0007725287704085259,0.0007786910006727435,-21.119242378244124,-21.093550583760656
380,380,0.0007721613510511816,0.0007752652439337812,-21.122313279309193,-21.11269899496536
381,381,0.0007747131040963085,0.0007730370393562081,-21.114128824080346,-21.12519910726382
382,382,0.0007672779173254199,0.0007746735477427903,-21.13992749661751,-21.116014873044854
383,383,0.0007756076994371245,0.0007755919941700995,-21.112584949183677,-21.110868964151347
384,384,0.0007755942768705337,0.0007751300275374792,-21.10932822915936,-21.113456527396043
385,385,0.0007749438134607734,0.000771749081506737,-21.10794748497741,-21.132440926814155
386,386,0.0007701099594603724,0.000772032779518907,-21.13185416750301,-21.130844736501132
387,387,0.0007712754616561855,0.0007722911817070685,-21.127817491489402,-21.12939138023269
388,388,0.0007700102491371487,0.0007749669756250162,-21.13013830442985,-21.114370180489534
389,389,0.0007734790398768082,0.0007729068625179169,-21.119350710252533,-21.12593050615361
390,390,0.0007707475643777816,0.0007741687525259821,-21.122443980180556,-21.118845758860346
391,391,0.0007695142718598477,0.0007738157291896641,-21.131748130309575,-21.12082660674887
392,392,0.0007714141339073246,0.0007753047393634915,-21.123673367706765,-21.112477751843514
393,393,0.0007705245300234516,0.0007751664073255501,-21.13484974832111,-21.113252701329497
394,394,0.0007674008993115084,0.0007721783936415848,-21.151179996248224,-21.13002568517897
395,395,0.0007731608185945943,0.0007734821809112633,-21.11791287869423,-21.12269900867039
396,396,0.0007687183511059385,0.0007742870335565193,-21.142308795818217,-21.11818227464029
397,397,0.0007712137555348274,0.0007729307919936744,-21.129541616756683,-21.12579604909407
398,398,0.0007728850787035046,0.0007732794558825461,-21.118735621590375,-21.12383741758519
399,399,0.000774524954733314,0.0007756978616510567,-21.11557021217431,-21.110276197265243
400,400,0.0007695266994954922,0.0007756590065056164,-21.142596129743808,-21.110493743280713
401,401,0.0007730540423413988,0.0007726973608920449,-21.11957000390014,-21.127107850253026
402,402,0.0007715377981832117,0.0007751624522681691,-21.127303516191432,-21.113274859977782
403,403,0.0007689190049146869,0.0007802678553975726,-21.146846786265584,-21.084764982567478
404,404,0.00077309644332194,0.0007756738739676381,-21.119167786635316,-21.1104105005828
405,405,0.0007709943438572905,0.0007734363469736357,-21.125162140158675,-21.122956364514835
406,406,0.0007709707337498819,0.0007725438427817272,-21.13008868385819,-21.12797078437935
407,407,0.0007709459984943885,0.0007718355505188045,-21.127456036050955,-21.13195435790103
408,408,0.0007710157588757959,0.0007695642171280557,-21.121105074539518,-21.14475348104653
409,409,0.0007724355397381119,0.0007748180252842998,-21.124423430474565,-21.11520498417149
410,410,0.0007686164366926268,0.0007776490498432203,-21.141376409421323,-21.099365682628466
411,411,0.0007746504654522179,0.0007717093072929664,-21.109929160270188,-21.132664758200754
412,412,0.0007712974179459294,0.0007781500768798747,-21.128465686253975,-21.096568492668816
413,413,0.0007735161583621017,0.0007705713475221082,-21.12305598637053,-21.139073575393045
414,414,0.000771061228660233,0.000774328149610052,-21.130113502975668,-21.117951662473175
415,415,0.000770256207108536,0.000774374844408349,-21.13648542964946,-21.11768977503164
416,416,0.0007714109588894493,0.0007732050358562878,-21.1239659334353,-21.124255400525787
417,417,0.0007715437407653357,0.0007748853562301711,-21.12726685409582,-21.114827602814252
418,418,0.0007709928436598443,0.0007761877465159877,-21.132320279764233,-21.10753431603953
419,419,0.0007679003774495699,0.0007726671541795918,-21.14286180157339,-21.127277630371676
420,420,0.0007699363176067619,0.000773741560375416,-21.13234502825122,-21.121242889971462
421,421,0.0007718068111889525,0.0007761837363145069,-21.127477094263313,-21.107556754075706
422,422,0.0007704175047374801,0.0007749231850826426,-21.131685312896465,-21.114615591311537
423,423,0.0007695691430816407,0.0007736997979104911,-21.13445768668397,-21.12147730542087
424,424,0.0007660844058432069,0.0007748984774623654,-21.1473828665471,-21.114754063800433
425,425,0.0007693665456170812,0.0007770710232618608,-21.134364257718147,-21.10259499407285
426,426,0.0007735357725435926,0.0007794021328568066,-21.11577862343328,-21.089586240445854
427,427,0.0007739944411105639,0.000776537249820601,-21.11775236512285,-21.105579206673454
428,428,0.0007724872269408451,0.0007733945232374888,-21.120595319233164,-21.123191216536156
429,429,0.0007747198639860012,0.0007727125408372989,-21.112662693581846,-21.127022532222487
430,430,0.000769754568086073,0.0007788216186638333,-21.1359628617693,-21.092822157265793
431,431,0.0007694859019259817,0.0007805484837215198,-21.134172950614566,-21.083203295509048
432,432,0.0007745057870105831,0.0007784931130070044,-21.10803673807126,-21.094654390574185
433,433,0.0007718071490334174,0.0007745820575540787,-21.12022359417688,-21.116527812084946
434,434,0.0007714926482408701,0.0007731095324025342,-21.124935061832645,-21.124791858292813
435,435,0.000769271169664319,0.000773280151310916,-21.13092278001964,-21.123833511874707
436,436,0.0007687507325677758,0.000773708859924227,-21.1437183034467,-21.12142643866967
437,437,0.0007755189279535997,0.0007747654453851283,-21.11057411611569,-21.115499710599725
438,438,0.000770000337632661,0.0007774162375809331,-21.134124624115813,-21.100666066379606
439,439,0.0007743731365519931,0.0007752351168739168,-21.107861140134496,-21.1128677664947
440,440,0.0007714930532941806,0.0007714049884510276,-21.12833177985442,-21.134377709676496
441,441,0.0007709396664610075,0.0007712750566976243,-21.124492870127227,-21.13510927606757
442,442,0.0007705279606749717,0.0007751723873968187,-21.133748259734062,-21.113219197530686
443,443,0.0007655496304595517,0.0007751381429108349,-21.153406212660066,-21.113411058335473
444,444,0.0007730962957025112,0.0007739776935379364,-21.123142701740303,-21.119917697046283
445,445,0.0007720739159435418,0.0007787586471654082,-21.124845244115996,-21.093173319576948
446,446,0.0007729251651794256,0.0007727090391869608,-21.115025899265234,-21.127042212903007
447,447,0.0007717881925384869,0.0007709514649928009,-21.128542625725515,-21.136931759235644
448,448,0.0007708573182228684,0.000771923450213906,-21.126136376455552,-21.13145979427333
449,449,0.0007726081506560374,0.0007733033179599596,-21.1201850757013,-21.123703403826294
450,450,0.0007717065775968595,0.0007755802086505451,-21.118123351999365,-21.110934957934624
451,451,0.0007715007763106338,0.0007724639175361709,-21.128422748827656,-21.128420116661456
452,452,0.0007680725467093673,0.0007744266002095843,-21.139128236341527,-21.117399521442714
453,453,0.000771006212219327,0.0007732531429562522,-21.12158325737446,-21.1239852005508
454,454,0.0007732845962854083,0.0007731516196049357,-21.11624662301303,-21.12455543975843
455,455,0.0007733333389005941,0.0007715728624086631,-21.124879595199925,-21.13343269632192
456,456,0.0007747936598985389,0.0007737840519678828,-21.11307545865152,-21.12100439486685
457,457,0.0007708771706357138,0.0007721857400611043,-21.127551629902026,-21.12998436708061
458,458,0.0007705262300471977,0.0007765372528841621,-21.131351213728394,-21.105579189539853
459,459,0.0007718000410979172,0.0007743042078800499,-21.12615138651188,-21.118085945618915
460,460,0.0007689048868565599,0.0007732714753058788,-21.143396397790085,-21.123882238875446
461,461,0.0007716122973883121,0.0007713974674085254,-21.122123857495833,-21.13442005271587
462,462,0.0007746382904498233,0.0007740340569350673,-21.112754689213666,-21.119601442181178
463,463,0.0007718307651416159,0.0007773689760238325,-21.12064500775513,-21.100930095562305
464,464,0.0007743282248410061,0.0007737126464857475,-21.121727880183656,-21.121405184179316
465,465,0.0007683570513540169,0.0007763683832691688,-21.140418368001548,-21.106523730412583
466,466,0.0007698449453809442,0.0007768895042030827,-21.13041447526598,-21.103609598041903
467,467,0.0007747633109042017,0.0007702367116795166,-21.110474102032452,-21.14095999468196
468,468,0.0007722807229621356,0.0007751525508386916,-21.125004571000275,-21.113330334332044
469,469,0.0007707557998616825,0.0007745845727377424,-21.126829476783,-21.11651370991718
470,470,0.000771561807343141,0.0007735026485629772,-21.124460885398854,-21.122584088497575
471,471,0.0007725480425449991,0.0007753359110976913,-21.12928108349721,-21.11230314385614
472,472,0.0007738775493260281,0.0007729176125538192,-21.115011794883483,-21.125870102383995
473,473,0.000773729308215498,0.0007743248685361131,-21.114431981021085,-21.117970064946675
474,474,0.0007740477053208527,0.000773185729294231,-21.117285585549915,-21.12436384314656
475,475,0.000768854362006808,0.0007741651926679831,-21.139267982832024,-21.118865729057216
476,476,0.0007709470540333117,0.000770062539040258,-21.12779062100654,-21.14194217027434
477,477,0.0007700371392762538,0.0007731689379158381,-21.12988502560718,-21.124458160487013
478,478,0.0007695152349866082,0.0007730289576820245,-21.13074132177635,-21.12524451058437
479,479,0.0007735267755594681,0.0007728368448289601,-21.116509792754854,-21.126323951662403
480,480,0.000769575943176625,0.0007752791678189839,-21.134668335722168,-21.11262099569666
481,481,0.0007734971742635381,0.0007742763509189612,-21.118549289924125,-21.118242193537903
482,482,0.0007704271060011359,0.0007728574595316068,-21.126120223428604,-21.126208109201436
483,483,0.0007701075243398777,0.0007752591780828018,-21.139487115149915,-21.11273297528287
484,484,0.0007729913934959655,0.0007782660449217809,-21.119334104433378,-21.095921309951223
485,485,0.0007710432586951431,0.0007741427490193592,-21.13100142259729,-21.11899163621676
486,486,0.0007718434736142223,0.0007750750948233824,-21.12834397479808,-21.113764318594434
487,487,0.0007720137580259482,0.0007763260356640737,-21.12138039963344,-21.106760626108155
488,488,0.0007714285394032821,0.0007729619085837744,-21.12360771812396,-21.125621214665102
489,489,0.0007696137367507693,0.0007728160248677197,-21.134650572027375,-21.12644095069185
490,490,0.0007717284138708078,0.0007742878515273333,-21.12369582466155,-21.118177686677328
491,491,0.0007691650150929453,0.0007759655556200366,-21.14261698371969,-21.10877770199331
492,492,0.0007692312866151717,0.0007736626338507784,-21.13536193907205,-21.12168592036111
493,493,0.0007714442728740192,0.0007731303094739193,-21.126712662059997,-21.124675144608315
494,494,0.0007667593416738679,0.0007692854177500857,-21.14824820825454,-21.14632713749731
495,495,0.0007712575006922803,0.0007750630397104511,-21.127924402773782,-21.113831867013616
496,496,0.0007706857172378636,0.0007725425285140151,-21.123498463227822,-21.127978172694014
497,497,0.0007720267581369382,0.0007740163311705386,-21.123747629790913,-21.119700898914395
498,498,0.0007746091242111528,0.0007800820534803757,-21.113922487492793,-21.08579927298257
499,499,0.0007706593509677068,0.0007755915928435953,-21.127178318589305,-21.11087121138872
