,epoch,train_loss,test_loss,train_dbs,test_dbs
0,0,0.0010507585656032274,0.0010609480576883805,-19.77877979493023,-19.75194498292086
1,1,0.0010455051045768808,0.00105707673355937,-19.80465278692264,-19.76782106318354
2,2,0.0010443860544947926,0.0010561421574828657,-19.814329874298252,-19.771662418767924
3,3,0.0010380554535022947,0.0010483316942363193,-19.83926103354545,-19.803899043239767
4,4,0.0010376264336374925,0.0010441412144389592,-19.837266842858675,-19.82129381741284
5,5,0.0010309325088266783,0.001037910163990761,-19.85646575921352,-19.84728855446218
6,6,0.0010273306289706955,0.001037995514803027,-19.881374524583386,-19.84693143431754
7,7,0.0010283508712483436,0.0010380307641370517,-19.88188174539888,-19.846783954573045
8,8,0.0010174648559018585,0.0010366311456125818,-19.92009880435587,-19.852643672643776
9,9,0.0010172882346561197,0.0010295515622649539,-19.92632059465121,-19.88240518407946
10,10,0.0010135300822325588,0.0010253645504187596,-19.9398576140121,-19.900103217061858
11,11,0.0010105099309399032,0.0010200453689321876,-19.95183286576061,-19.922691318875742
12,12,0.0010082147332609237,0.0010143678672121543,-19.956315765056765,-19.94693137026115
13,13,0.0010072366489318305,0.0010171194566952948,-19.970041253106743,-19.93516658250484
14,14,0.0010004415292023997,0.001014161974461259,-19.995403190214375,-19.94781297509681
15,15,0.0010019936292797096,0.0010109647838888985,-19.99657354004664,-19.961525927839837
16,16,0.0009983797976507124,0.0010088484636262844,-20.002120705450942,-19.97062683406935
17,17,0.0009963153969477286,0.0009972692136407683,-20.028211281845284,-20.020762080643586
18,18,0.0009902908782397886,0.0009968280455244607,-20.044615694714018,-20.022683720932186
19,19,0.0009927953048561192,0.0009960175467360961,-20.03707371561365,-20.026216309429262
20,20,0.0009870183547315448,0.0009963566247422836,-20.058511492418436,-20.024738075967377
21,21,0.0009813794281727337,0.0009923202910852667,-20.078628346240933,-20.042367484017788
22,22,0.0009781701535889016,0.0009879789891113575,-20.100350065188568,-20.061409116065896
23,23,0.0009760680817278851,0.000985853493483247,-20.11073510982994,-20.07076240604908
24,24,0.0009768168128710048,0.0009874067036435008,-20.10319974295657,-20.06392548974045
25,25,0.000969849459673326,0.000979579920806971,-20.131365054675754,-20.09848745873777
26,26,0.0009652428783850802,0.0009738681623467097,-20.15340216840823,-20.123884522236523
27,27,0.0009616501263304393,0.0009761450959271506,-20.1665080232385,-20.113742435921402
28,28,0.000961534446105361,0.0009697559871710837,-20.16903276733613,-20.1422615078546
29,29,0.0009592378214385706,0.0009668701585676325,-20.18806630562224,-20.15520463958505
30,30,0.0009559186513910128,0.0009623324976449734,-20.19529374155759,-20.175634683336856
31,31,0.0009512480932825542,0.0009633549642258961,-20.219883426477125,-20.171022806855895
32,32,0.0009484191901607381,0.0009589420790833078,-20.23416569135533,-20.190962441471342
33,33,0.0009488401887698349,0.0009559304484068171,-20.23286952627888,-20.20462325329016
34,34,0.000944754722067299,0.0009521455810356297,-20.24083034637334,-20.2218526418948
35,35,0.000939444250537601,0.0009467927218218776,-20.264686221214806,-20.246337095896166
36,36,0.0009339736989392064,0.0009499749897881166,-20.29034997041994,-20.231764486863078
37,37,0.0009378059761185852,0.0009418122905404552,-20.27971230844361,-20.269242667181338
38,38,0.000931470135236447,0.0009420267949616047,-20.306477930548944,-20.268253643356864
39,39,0.0009286057566455805,0.0009376475048300467,-20.32316121448514,-20.288490180933657
40,40,0.0009276391356252134,0.0009414126673762343,-20.325782920278463,-20.27108582603432
41,41,0.0009265126373628442,0.0009281650234601999,-20.332532708695066,-20.332634217143635
42,42,0.0009198996806085186,0.0009280252546121023,-20.35623144861791,-20.333288253966288
43,43,0.0009202009478593533,0.0009304401035861749,-20.364921443332427,-20.322001993830447
44,44,0.0009146241954835036,0.0009218666022398362,-20.379683638505554,-20.362205388911214
45,45,0.0009210931872900998,0.0009284964885170522,-20.363095601604385,-20.3310835473448
46,46,0.0009147095597185886,0.0009247736031140544,-20.393808250959378,-20.34853195672035
47,47,0.0009085675929528997,0.0009189929941816157,-20.416084529845662,-20.375764197404305
48,48,0.0009105632780119777,0.0009211217770107874,-20.41020233822821,-20.365715704095084
49,49,0.0009081180041809519,0.0009134468824700697,-20.42677188116855,-20.402053224377028
50,50,0.0009000270294995268,0.0009115983848460019,-20.45931725774359,-20.410850733204235
51,51,0.0009037099632232921,0.0009143338201714581,-20.43969806643478,-20.397838362285725
52,52,0.0009018502098546584,0.0009076194163705958,-20.44886018546261,-20.429848423386446
53,53,0.0008972708307465865,0.0009068123518342251,-20.467591865700268,-20.433711932656323
54,54,0.0008959538032079942,0.000904915149715778,-20.47921206466991,-20.44280761301186
55,55,0.0008935188147306596,0.0009025531195986428,-20.492203377592016,-20.45415848701978
56,56,0.0008923655937512204,0.0009032225291440753,-20.504762265259757,-20.450938586638085
57,57,0.0008916771891478871,0.0008979390044451544,-20.502734351442196,-20.476417836117324
58,58,0.0008885441101924277,0.0008981074359709103,-20.509812018359757,-20.475603281651665
59,59,0.0008859363793798713,0.0008991215727292001,-20.524943037329923,-20.470702024854287
60,60,0.0008862227892752775,0.0008974903857482499,-20.533551368820998,-20.478588154033062
61,61,0.0008816868588856431,0.0008930625657452957,-20.54447567875397,-20.500067348069813
62,62,0.0008827331007851922,0.000891311541444769,-20.541769063690076,-20.508590901874292
63,63,0.000876323249162242,0.0008851605908651101,-20.57391976308663,-20.538665503347872
64,64,0.0008755918458997051,0.0008896336290299109,-20.57551074959965,-20.516774290454478
65,65,0.0008738184739000251,0.0008859232797189371,-20.580034246572176,-20.534925064099312
66,66,0.0008756907977231001,0.00088455556511977,-20.575056634835573,-20.541635011785246
67,67,0.0008708448755343627,0.0008816135079158764,-20.599311031560674,-20.556103846172906
68,68,0.000872793991464315,0.0008777740815850464,-20.590615462694903,-20.575058672568414
69,69,0.0008712304694837286,0.0008786627900247511,-20.601448695867358,-20.570663852457777
70,70,0.0008688179827679295,0.0008787401020526886,-20.61008828133897,-20.570281741021734
71,71,0.0008672658892914883,0.0008762842595675274,-20.61948267447109,-20.58243609692923
72,72,0.0008666172873267194,0.0008761044009588659,-20.62411131399888,-20.58332758411239
73,73,0.0008615704832992219,0.0008766551618464291,-20.64497628265981,-20.580598260281956
74,74,0.0008674657659979595,0.0008744473085052481,-20.623318792785557,-20.591549749955043
75,75,0.0008591612040055628,0.0008733732209197784,-20.65875474479921,-20.596887487581043
76,76,0.000856301965691226,0.0008702418509576665,-20.669595505167226,-20.61248655161002
77,77,0.00085525176267034,0.000867186359276897,-20.671690221316723,-20.62776182499013
78,78,0.0008561369961790126,0.0008660139375072168,-20.677754493031713,-20.633637388058563
79,79,0.0008537552623107031,0.0008668307625492545,-20.675064782029327,-20.629543049602262
80,80,0.0008548008417230599,0.0008664969140418658,-20.676776937271942,-20.631216000058217
81,81,0.0008559187636566684,0.000863167512426643,-20.67811126982364,-20.647935341836067
82,82,0.0008523334813851517,0.0008680005894826824,-20.699910783609873,-20.623686002363883
83,83,0.0008493140711900347,0.0008663664829280032,-20.706656366063108,-20.631869779383525
84,84,0.0008469886049273011,0.0008614810373585083,-20.71642186609506,-20.656428980142884
85,85,0.0008509836949350447,0.0008589954630128647,-20.69929546623683,-20.668977503455483
86,86,0.000846021395229456,0.000855827501876966,-20.727551803365778,-20.685023819997266
87,87,0.00084710926040719,0.0008605707491944102,-20.728166864505397,-20.66102040029086
88,88,0.0008437591712902655,0.0008548796544537732,-20.73712747649217,-20.68983639059042
89,89,0.0008456496499027557,0.0008573516265881297,-20.730489356213738,-20.677296442101717
90,90,0.0008412958632856992,0.0008551077090056711,-20.753440320092125,-20.68867798631018
91,91,0.0008415343076681968,0.0008545285335888988,-20.74732158124547,-20.691620515146592
92,92,0.0008421718447766814,0.0008520912133941525,-20.748721074501034,-20.70402533388541
93,93,0.0008422908284365363,0.0008547862648571792,-20.74249021619604,-20.69031085271837
94,94,0.0008405889666485648,0.0008511026175447592,-20.757566413436095,-20.70906694174754
95,95,0.0008389724090877805,0.0008512205401386478,-20.76400243307145,-20.708465256554362
96,96,0.0008378908117349769,0.0008479933603666723,-20.774309560955167,-20.72496168530659
97,97,0.0008330687960926635,0.0008479788390870549,-20.787136702179268,-20.725036055766317
98,98,0.0008366345817981692,0.0008470347598440161,-20.77222126323629,-20.729873874747682
99,99,0.0008344610561328681,0.0008450567379201713,-20.78495916146779,-20.740027514772983
100,100,0.0008361486000364128,0.0008473296306635204,-20.781110758905626,-20.728362266361728
101,101,0.0008323094675547837,0.0008430918525463264,-20.789403948271552,-20.75013727958398
102,102,0.0008357895433797126,0.0008447423828520665,-20.78497985352125,-20.741643359772937
103,103,0.0008272460485405298,0.0008435276471764633,-20.816628185597995,-20.747892989068497
104,104,0.000831396590207809,0.0008446417264885417,-20.804196799642078,-20.742160879773948
105,105,0.0008327713099394724,0.0008420616872363576,-20.79254933867865,-20.75544712411432
106,106,0.0008330376333912316,0.0008402650710195303,-20.801052463366,-20.76472309623879
107,107,0.0008324485154553634,0.000844780086098533,-20.799765063308552,-20.74144952616381
108,108,0.0008317150071157699,0.0008422046789507332,-20.802287253750997,-20.754709704975554
109,109,0.0008318200869456932,0.0008431134200164754,-20.805715379923114,-20.750026182395196
110,110,0.0008259535036241808,0.0008388550302601958,-20.828179912614118,-20.772017071988532
111,111,0.0008283073818263089,0.000839471495342686,-20.823944327523144,-20.768826663071465
112,112,0.0008252964033409185,0.0008423004489343025,-20.832956660624138,-20.75421588189657
113,113,0.0008281604656901633,0.0008395428732527714,-20.82191805369368,-20.76845741033512
114,114,0.0008243537668772426,0.0008384145361273305,-20.83838109349104,-20.77429821008877
115,115,0.0008243919823069087,0.0008422207534558287,-20.83307105683832,-20.754626815359565
116,116,0.0008256708706258653,0.0008348317871997623,-20.83247584271374,-20.79289643373935
117,117,0.0008228553306628211,0.0008356461276937472,-20.84928162952883,-20.78866215314467
118,118,0.0008232560183987329,0.0008327942586650974,-20.839794398201366,-20.803508978942137
119,119,0.0008205360788179888,0.0008313983593038038,-20.8580086966036,-20.810794572274666
120,120,0.0008248887858929631,0.0008348049657223256,-20.844433294996556,-20.793035966121206
121,121,0.0008196052015019753,0.0008327668244754406,-20.861105703326075,-20.803652048053266
122,122,0.0008204623897195093,0.000830103205149307,-20.860532702184,-20.81756529616049
123,123,0.0008189358152017074,0.0008309971492149328,-20.86166571178157,-20.81289086440455
124,124,0.000816811956873298,0.000826060294026607,-20.876010072707544,-20.838768727826515
125,125,0.0008127072612399754,0.0008261212190662167,-20.899657996421507,-20.838448431196703
126,126,0.0008161883571991677,0.000825624649510964,-20.89053058411195,-20.841059697594602
127,127,0.0008148793785199139,0.0008256986835285237,-20.885186537101017,-20.84067028184933
128,128,0.0008131545331069873,0.0008230661593475624,-20.896112817887314,-20.854538744677782
129,129,0.0008082139880646058,0.0008226884620901393,-20.924855752005264,-20.856532138291538
130,130,0.0008114980888965818,0.0008217349041890549,-20.90798232884026,-20.861568858025947
131,131,0.0008173429343570984,0.0008240190493923269,-20.88178221938986,-20.849513686687153
132,132,0.0008104334623773688,0.0008213955994793459,-20.909388202984136,-20.86336248506745
133,133,0.0008108322460626819,0.0008233688728834846,-20.910750073846334,-20.852941757038966
134,134,0.0008126195506960845,0.0008231086846392014,-20.905479455920247,-20.854314363901082
135,135,0.0008122294777572231,0.000821755684324001,-20.90441614849808,-20.861459034483254
136,136,0.0008100055838627837,0.0008197807688511124,-20.918311338174718,-20.871908943216724
137,137,0.0008114125908438846,0.0008224773612853728,-20.904301982859586,-20.857646675365377
138,138,0.000810361594518589,0.0008178576122430202,-20.913070640884122,-20.88210920105532
139,139,0.0008096367897244996,0.0008180744296528007,-20.92175449599099,-20.880958021143346
140,140,0.0008098360531502547,0.0008218953030576047,-20.919929746372183,-20.860721217925043
141,141,0.0008044781501779391,0.0008213294541316205,-20.931855303105955,-20.863712227825353
142,142,0.0008109889986934428,0.0008187695026495739,-20.917964749703653,-20.87726962569885
143,143,0.0008082932242931626,0.0008227401504930304,-20.923130305264984,-20.8562592855164
144,144,0.0008082801647743536,0.0008200994711124191,-20.921783155044533,-20.870220885371708
145,145,0.0008122167632838269,0.0008205869541454472,-20.90555770976945,-20.867640121683575
146,146,0.0008166716146023618,0.0008200645311980656,-20.892376479789764,-20.870405918234063
147,147,0.0008087268899694162,0.0008202950641708938,-20.92417483463805,-20.869185220053765
148,148,0.0008064614622085595,0.0008191401598435876,-20.926134509735167,-20.875304018187375
149,149,0.0008076643139200727,0.0008182135030725284,-20.927393359407013,-20.880219779203102
150,150,0.000805487430212808,0.0008196989472612346,-20.937619869646028,-20.87234243031223
151,151,0.0008083167689919626,0.0008191875531338155,-20.921276905698658,-20.8750527541177
152,152,0.0008103519764527218,0.0008165393527107019,-20.912192073791275,-20.889115001690417
153,153,0.0008096217763485367,0.0008168376179559058,-20.92039035069064,-20.887528901801637
154,154,0.0008097205739516343,0.0008174214377313069,-20.920914361779953,-20.884425970026086
155,155,0.000805301471138085,0.0008195763772451564,-20.93299443547189,-20.872991881700088
156,156,0.0008056441588404099,0.0008215426902384742,-20.941345901317856,-20.86258484532774
157,157,0.0008071781587354915,0.0008190321049800044,-20.93364295575921,-20.875876944882236
158,158,0.0008049725090422351,0.0008192022398457324,-20.93490775330413,-20.874974892817903
159,159,0.0008064012142791192,0.0008170797679524281,-20.943190831111856,-20.886241634661214
160,160,0.0008057731038113077,0.0008207382879367,-20.944115708573893,-20.866839263584673
161,161,0.0008044399413491416,0.0008154832696738211,-20.93867034061596,-20.894735648035343
162,162,0.0008060280377640552,0.0008141198838864895,-20.937214435750555,-20.90200258368163
163,163,0.0008019902743399143,0.0008197880478722876,-20.956034957570026,-20.871870381386344
164,164,0.0008054045124997184,0.0008156911200402599,-20.93632713719254,-20.893628859352745
165,165,0.0008060522677530487,0.0008200219048089103,-20.937807351258616,-20.870631667379858
166,166,0.0008034775736885741,0.0008189591003189746,-20.942179648931855,-20.876264071764933
167,167,0.0008044871357605629,0.0008156799319151201,-20.946585047466407,-20.893688428155382
168,168,0.0008044816330363302,0.0008150064723419124,-20.944996617016294,-20.897275626678578
169,169,0.000803751186899764,0.000817292342330084,-20.948219458072828,-20.88511190564602
170,170,0.0008030894234027598,0.0008197633310613272,-20.95824704928298,-20.872001324213137
171,171,0.0008075608056969941,0.0008153652122832442,-20.934200701433944,-20.89536442101987
172,172,0.0008056702838788173,0.0008194821758048707,-20.933362560985486,-20.873491084924673
173,173,0.0008100751666208133,0.00081480723977285,-20.921654285194794,-20.898337411901604
174,174,0.0008071583867332293,0.0008168439166375288,-20.933935076953087,-20.887495413234692
175,175,0.0008020017040442176,0.0008179886407512976,-20.961502718726877,-20.881413476036737
176,176,0.0008066461443152163,0.0008151344617975777,-20.927139321207804,-20.89659365969907
177,177,0.0008035697944260673,0.0008151617121735686,-20.948319555141754,-20.89644847518459
178,178,0.0008081007525612859,0.0008156400290317833,-20.933106422026633,-20.893900889260053
179,179,0.0008060536605363577,0.0008141832444571742,-20.940064828518196,-20.90166459813393
180,180,0.0008056742996073415,0.0008189849690289089,-20.934660200997193,-20.87612689201393
181,181,0.0008031315219434957,0.0008143688778785107,-20.95317010966209,-20.90067452149117
182,182,0.0008077083195118022,0.0008144905839703585,-20.939866610315285,-20.90002552401238
183,183,0.0008046265641112149,0.0008182088433960942,-20.939466065174624,-20.880244512081717
184,184,0.0008050685252792673,0.0008165219210480389,-20.942697142465377,-20.889207716826427
185,185,0.0008043979976287822,0.0008161771723902539,-20.947757708834583,-20.89104176502975
186,186,0.00080182189817934,0.0008171773668819744,-20.950802868610413,-20.88572290751983
187,187,0.0008010217840735292,0.000815110134058877,-20.95748448664587,-20.896723277091485
188,188,0.0008032679252960172,0.0008157754047332626,-20.949860710893308,-20.893180129617175
189,189,0.0008042339282350365,0.0008156216568558624,-20.946666495217286,-20.89399871457762
190,190,0.0008029646321785511,0.0008128713938946787,-20.949508758683365,-20.908667799752365
191,191,0.0008021479426911965,0.0008154825436098403,-20.96100318846628,-20.894739514769746
192,192,0.0008042465989026673,0.0008140139244986992,-20.94864857325203,-20.902567863724965
193,193,0.0008044286718659257,0.0008116756002173611,-20.944879245966117,-20.91506129518498
194,194,0.0008021237475067838,0.0008186323745911451,-20.95284896319979,-20.877997045888804
195,195,0.0008040868608789883,0.0008142383916205482,-20.946838354735885,-20.901370446935932
196,196,0.0008036575043698792,0.0008161613184615577,-20.95022596108681,-20.891126125887357
197,197,0.0008019205109581121,0.0008138583599295663,-20.95466029747643,-20.903397914519566
198,198,0.0008042996554856294,0.0008142608352691719,-20.950266651672575,-20.90125073975289
199,199,0.0007996097598320891,0.0008160587228638562,-20.96608922965339,-20.891672090290193
200,200,0.0008054964457993809,0.0008171775629498848,-20.94162754501424,-20.885721865503683
201,201,0.0008084867095584338,0.0008142314005741163,-20.929261670263067,-20.901407735596766
202,202,0.0008014851698613505,0.0008132656711447788,-20.96256148871762,-20.90656179723763
203,203,0.0008012452888897783,0.0008163001008429809,-20.95888901389669,-20.890387702034026
204,204,0.0008046736475080252,0.0008151060779039797,-20.95527763776875,-20.89674488852777
205,205,0.0008020928356383648,0.0008141901803595063,-20.95471247128721,-20.901627601409913
206,206,0.0008047468865472708,0.0008156306606619374,-20.946934771628534,-20.893950772229864
207,207,0.0008023772154665869,0.0008139278353682082,-20.95998313191407,-20.903027192618428
208,208,0.0008032736566503407,0.0008149229412849404,-20.950158896445608,-20.897720763465966
209,209,0.0008114152311913899,0.000812478498310635,-20.915872232194673,-20.910767438584056
210,210,0.0008060604984363177,0.0008131391797704916,-20.941147909036168,-20.907237330219978
211,211,0.0008045609940813144,0.0008176772267018494,-20.948309255324098,-20.883067180593244
212,212,0.0007983352664915711,0.0008177639591801716,-20.9686515028815,-20.88260654113892
213,213,0.0008043502373428843,0.0008141075346716924,-20.946047248531407,-20.90206846140585
214,214,0.000803618537041253,0.0008147867537397696,-20.95541230310889,-20.898446604389534
215,215,0.0008036915606521454,0.0008137046334970938,-20.95811956958525,-20.904218313383556
216,216,0.000802264843476917,0.0008158753534141732,-20.9537612262478,-20.89264806525928
217,217,0.0008088279624719211,0.0008161262039242214,-20.930704997530007,-20.89131298083286
218,218,0.0008069931393844489,0.0008181041768310886,-20.93454016320265,-20.880800103965687
219,219,0.0008027234826400184,0.0008123741044025673,-20.952438478313617,-20.911325491643208
220,220,0.0008050100109779957,0.0008128598595871345,-20.94168236449464,-20.908729424773213
221,221,0.0008030554523317085,0.0008161111403942892,-20.952786500808863,-20.891393140840844
222,222,0.0008063719064218097,0.0008147325930430701,-20.938193043973538,-20.898735299234033
223,223,0.0008036313853322615,0.0008150402021496312,-20.95050027523672,-20.8970958935507
224,224,0.000804684029474432,0.0008142938512671543,-20.94136345507608,-20.901074649065134
225,225,0.0008033892924695747,0.000816446937326538,-20.95184878836873,-20.88960656113183
226,226,0.0008042586652907668,0.0008146760060059789,-20.946200911887367,-20.899036947795114
227,227,0.0008067105777955317,0.0008131477853136236,-20.93411532074683,-20.90719136859111
228,228,0.0008069863122859106,0.0008135285614499528,-20.93584744539129,-20.905158155552783
229,229,0.000803749149631632,0.0008164211298878255,-20.953889275177712,-20.889743841398996
230,230,0.0008032543329070754,0.0008179804304075477,-20.950312923032293,-20.88145706741078
231,231,0.0008026524308886495,0.0008124266965559831,-20.957979062644082,-20.911044343553982
232,232,0.000806724680851684,0.0008136863961178614,-20.93568498306223,-20.90431565192139
233,233,0.0008061086427727618,0.0008172198370295135,-20.939289357455564,-20.885497202890846
234,234,0.0008029761386929636,0.0008133911852430748,-20.954696575099323,-20.90589158728911
235,235,0.0008058446458272022,0.0008121735912649647,-20.93135154108129,-20.912397565425763
236,236,0.0008037132427057962,0.0008166644348468827,-20.953496571859063,-20.888449775684354
237,237,0.0008019742606322944,0.0008129729356273616,-20.957304909545776,-20.90812532451727
238,238,0.0008035084339502008,0.0008147911285050213,-20.944934696975356,-20.89842328624771
239,239,0.0008064027492811461,0.0008164871098032515,-20.938566175852547,-20.889392876017048
240,240,0.0008049348084803325,0.0008170084727584923,-20.94831038976858,-20.886620599622354
241,241,0.0008038359006492363,0.0008129452349078891,-20.94055505119396,-20.908273305760492
242,242,0.0008083444116301066,0.0008132433285936713,-20.93376494212945,-20.906681111015295
243,243,0.0008027482016933794,0.0008139362142078186,-20.95880013807061,-20.90298248515273
244,244,0.0008017639311500968,0.0008132278300380628,-20.949201647718752,-20.906763878387377
245,245,0.0008023138591280379,0.0008127652323118559,-20.95257942669374,-20.90923502847904
246,246,0.0008070509413919729,0.0008136250605610641,-20.933785835492202,-20.90464303478058
247,247,0.000805122318159136,0.0008146197957869031,-20.948088962000327,-20.899336608396382
248,248,0.0008064166549113148,0.0008148636889496917,-20.937250691319022,-20.898036546670617
249,249,0.0008025203157005083,0.0008158327239614568,-20.957753463994663,-20.892874989870883
250,250,0.0008071195790256114,0.0008121300151718682,-20.934706971680576,-20.912630586601168
251,251,0.0008038958701420307,0.0008156960462465099,-20.950367318937882,-20.893602631070024
252,252,0.0008058742507236059,0.0008162173509940897,-20.939901694060936,-20.890827976687657
253,253,0.0008042134259366574,0.0008156271927107714,-20.95030603768704,-20.893969237882636
254,254,0.000805762157770661,0.0008140541827551237,-20.942595887718632,-20.902353082309595
255,255,0.0008011089161412848,0.0008158678139903044,-20.955602763479956,-20.89268819817049
256,256,0.0008000193059338813,0.0008135134611572875,-20.966304894930943,-20.905238767776552
257,257,0.0008040076954597511,0.0008136853912698203,-20.939969568888877,-20.90432101516982
258,258,0.0008015807372393067,0.0008149726843265327,-20.958206700285796,-20.89745567743047
259,259,0.0008038706824269876,0.0008168145278958898,-20.94830378828288,-20.887651668275247
260,260,0.0008080279245761406,0.0008171969889908245,-20.93313070990549,-20.88561862573681
261,261,0.000800644316993769,0.0008154869214386532,-20.96111560799947,-20.89471620020823
262,262,0.0008040482079917469,0.0008116086123903331,-20.95411622455739,-20.91541973449491
263,263,0.0008017093707692147,0.0008177249539202373,-20.96546424036171,-20.882813693495894
264,264,0.0008041936743370805,0.00081355655320773,-20.94561084710942,-20.905008726788022
265,265,0.0008067186152533695,0.0008160613513992805,-20.93622308252722,-20.891658101632764
266,266,0.00080327548989162,0.0008132049452366406,-20.95275057458597,-20.906886093619743
267,267,0.000808100721957258,0.0008148553284914478,-20.93111717297581,-20.898081105282778
268,268,0.0008010138204254056,0.0008128402681138955,-20.962384668776508,-20.908834099289443
269,269,0.0008034312733948307,0.0008127062189343729,-20.952027888182204,-20.909550373103404
270,270,0.0008023993451791556,0.0008139420472281543,-20.951000022401377,-20.9029513618359
271,271,0.0008013530834770003,0.000816485725073634,-20.956553580003128,-20.889400241484726
272,272,0.000804237511306617,0.0008163996267524597,-20.950691593011257,-20.889858228639547
273,273,0.0008018558710506282,0.0008186199947407371,-20.960816350041238,-20.878062723005172
274,274,0.0008013615889964414,0.0008167892228811979,-20.961610860103495,-20.887786215324873
275,275,0.0008025375535692443,0.0008178940839379242,-20.95084344132044,-20.881915535282186
276,276,0.0008086291635072953,0.0008137435682951228,-20.93626042045338,-20.904010513615518
277,277,0.000801691283188645,0.0008162099647482759,-20.962808809117032,-20.890867277742817
278,278,0.0008011800579045006,0.0008179053272071638,-20.94886485208303,-20.881855834933155
279,279,0.0008041615671113364,0.000814792546933811,-20.94737551327265,-20.89841572584065
280,280,0.0008034878740442398,0.0008167198393493891,-20.95287756270848,-20.888155149733798
281,281,0.0008061757130001086,0.0008185789767211597,-20.931640740894082,-20.878280337355967
282,282,0.0008028527510534856,0.0008144245152116606,-20.95631232344072,-20.900377823495134
283,283,0.0008045735627355188,0.0008115944434202424,-20.939483882925607,-20.9154955537894
284,284,0.0008027755718956673,0.0008145017690319372,-20.95514834435576,-20.899965884560856
285,285,0.0008025518390494063,0.0008167341890695848,-20.955958427999903,-20.888078845115615
286,286,0.0008014674933348811,0.000814842314483892,-20.96138455759605,-20.89815046675843
287,287,0.0008054181732976637,0.0008165242616087198,-20.93819414599664,-20.889195267789784
288,288,0.0008029461041400113,0.000816368605132754,-20.953007050573017,-20.89002325534691
289,289,0.0008032145218674055,0.0008132561832960499,-20.94957588651926,-20.906612463883604
290,290,0.0008000682777792369,0.0008147310214362255,-20.9665740373531,-20.898743676716958
291,291,0.0008051932666969207,0.0008133718480454071,-20.943889500118807,-20.905994835741048
292,292,0.000801607371744767,0.0008147724530365514,-20.964190368078555,-20.89852283011327
293,293,0.0008042707154767338,0.0008183894924035197,-20.949421080026767,-20.879285756769693
294,294,0.0008049559354609282,0.0008152384237435303,-20.94337065093722,-20.89603979745177
295,295,0.000801770791252979,0.0008174649801252311,-20.955956237609534,-20.88419463626237
296,296,0.000804223117812239,0.0008162695540752458,-20.95242802132381,-20.890550222421798
297,297,0.0008000437951569935,0.0008154102956484023,-20.965691086603808,-20.895124296531566
298,298,0.0008042728427567126,0.0008160130084051113,-20.948293995535813,-20.891915382748497
299,299,0.0008002149988897145,0.0008167679066230592,-20.962121617491356,-20.8878995573454
300,300,0.0008008697078582476,0.0008114030443769144,-20.957548071946228,-20.916519875137634
301,301,0.000802172617338713,0.00081507131567617,-20.956810016510232,-20.89693010817047
302,302,0.0007991546173291953,0.0008154399662376626,-20.97077536447361,-20.894966271316214
303,303,0.0008054613123753483,0.0008175866800899568,-20.944075302648418,-20.883548129188476
304,304,0.0008043459509787409,0.0008144687836695658,-20.944117718373523,-20.900141766940553
305,305,0.0008073979892681554,0.0008162215327549921,-20.932522644474002,-20.890805726351637
306,306,0.0008056105796209316,0.0008174373866303971,-20.937459032803957,-20.88434123464999
307,307,0.0008008701663185871,0.0008128147057600712,-20.960261029409565,-20.908970679183575
308,308,0.0008056504422673936,0.0008153440798387715,-20.94044261041576,-20.89547698190449
309,309,0.0008054920190167566,0.0008153274630833613,-20.944090502345997,-20.895565492251205
310,310,0.0008012990595667248,0.0008131585629215758,-20.95585140623115,-20.907133806795734
311,311,0.0007997655709389329,0.000815327484528289,-20.96853084128687,-20.895565378022084
312,312,0.000800467672945029,0.0008172780538811104,-20.96116230679682,-20.88518783256307
313,313,0.000799939140783066,0.0008129990065323287,-20.961561432238245,-20.90798605458434
314,314,0.0008034340523605802,0.0008154516721046285,-20.947387993307803,-20.89490392758583
315,315,0.0008020343681432537,0.0008163716135497548,-20.955549670564043,-20.89000725109972
316,316,0.0008010818717818823,0.0008177167251951209,-20.96062911357373,-20.88285739655124
317,317,0.0007987707294043653,0.0008159420011859191,-20.96380751090658,-20.892293310366703
318,318,0.0008040487162586417,0.0008139375499204585,-20.950131664472174,-20.902975358155025
319,319,0.0008029807581009401,0.0008141999592465398,-20.954040351250782,-20.901575440486376
320,320,0.0008043513012829131,0.0008147842845095223,-20.94990971518591,-20.89845976580497
321,321,0.0008078094964280494,0.00081444922895906,-20.930962589867683,-20.90024603864487
322,322,0.0008036866664079969,0.0008127325287971058,-20.947151260588047,-20.909409780562203
323,323,0.0008026799523108399,0.0008162395097315311,-20.957803123903908,-20.89071007565604
324,324,0.0008062561193826733,0.0008135895385701014,-20.940090885562206,-20.90483264719768
325,325,0.0008035350720561349,0.0008173359919486469,-20.956010624619907,-20.884879965600863
326,326,0.0007983527047866859,0.0008148421184159815,-20.96939907475666,-20.898151511760883
327,327,0.0008073602845057,0.000816114782968438,-20.935589427562533,-20.89137375688388
328,328,0.0008069748483771055,0.0008128651319757888,-20.92967144274002,-20.90870125556488
329,329,0.0008071186945091971,0.0008151863186963295,-20.935572861197464,-20.896317380757484
330,330,0.0008000162605330656,0.0008156172116287053,-20.964736499025168,-20.894022384165964
331,331,0.000804808311231588,0.0008139596198146281,-20.940943835758794,-20.902857600922783
332,332,0.0008026653889941109,0.0008180991434002001,-20.960535030490078,-20.880826824254456
333,333,0.0008015620615813381,0.0008160158513898128,-20.961328754528235,-20.89190025197969
334,334,0.0008067642326572353,0.0008155010352646442,-20.935033174690474,-20.89464103648036
335,335,0.0008073146983059411,0.0008148819018204353,-20.938099775823122,-20.897939479382217
336,336,0.000805436046049959,0.0008140698865693258,-20.94549730738471,-20.902269303929536
337,337,0.0008053455133346322,0.0008162790174154859,-20.938146216787715,-20.890499873212978
338,338,0.0008027728577384475,0.0008161027952538509,-20.9484910562321,-20.891437549828712
339,339,0.0008039097361669866,0.0008149823774338552,-20.945754851066802,-20.897404023699373
340,340,0.0008021621519613281,0.0008166691435402946,-20.95270838437632,-20.8884247353669
341,341,0.0008061872093131785,0.0008167124408493308,-20.937239907686994,-20.8881944917719
342,342,0.0008043646230362356,0.0008142742996202095,-20.94200313137851,-20.901178926830557
343,343,0.0008071893790122314,0.0008145283484880469,-20.940383129905587,-20.899824164515323
344,344,0.0008030805428339572,0.00081596596742441,-20.95355426563472,-20.892165749188877
345,345,0.0008020464633351442,0.0008167216560411218,-20.949455609568865,-20.88814548940379
346,346,0.0008061525997580941,0.0008153428881135034,-20.94143808969218,-20.89548332965507
347,347,0.0008051303190121561,0.0008163309539668262,-20.947312448373975,-20.890223557888934
348,348,0.000805944660390468,0.0008156250849807341,-20.939192338832548,-20.8939804608619
349,349,0.0008032364601547801,0.000814880887781711,-20.952146383236485,-20.897944883744437
350,350,0.0008033522976005508,0.0008136699080320174,-20.95084349749655,-20.9044036558168
351,351,0.0008062099739093065,0.0008138390104776542,-20.936837431430835,-20.903501169096813
352,352,0.0008044772686619196,0.000812963365062483,-20.94457514944554,-20.90817645128667
353,353,0.0008009676149441409,0.0008157315713010336,-20.96252041749559,-20.89341349199961
354,354,0.0008071876423836676,0.0008177298801264873,-20.9364429068633,-20.882787530447587
355,355,0.0008034719611498882,0.0008175132281490063,-20.95107259877796,-20.883938316632076
356,356,0.0008018937474356714,0.0008145936084666142,-20.95825996885543,-20.899476221889234
357,357,0.0008032871932319375,0.000813267656332372,-20.947609893015052,-20.906551196089747
358,358,0.0008055028954482416,0.000813010972801988,-20.938821538045296,-20.90792213265338
359,359,0.0008023521963737367,0.0008141173503214592,-20.95492214131781,-20.902016099074707
360,360,0.0008009441194518172,0.0008161027247919456,-20.965106341615346,-20.8914379247964
361,361,0.0008023672781587031,0.000816222987946515,-20.945822696765227,-20.890797983587454
362,362,0.0008043752576358924,0.0008166616990868198,-20.94877474401001,-20.888464324223982
363,363,0.0008013185069262597,0.0008144124754165348,-20.96104487905787,-20.900442026562924
364,364,0.0008035681244062702,0.0008138226510613764,-20.949700069565345,-20.903588469847143
365,365,0.000807099337161509,0.0008147931596460311,-20.92864352497175,-20.898412460010135
366,366,0.0008040305050618025,0.0008141311332828513,-20.95264847867795,-20.901942573883222
367,367,0.0008016097732608389,0.0008153237194116963,-20.955270904330213,-20.895585433437446
368,368,0.0008009145355581777,0.0008164239698089659,-20.95787972459078,-20.889728734490443
369,369,0.0008032814588772191,0.0008127954175793811,-20.946771607954673,-20.909073738955655
370,370,0.0008011791151804254,0.0008142570762797014,-20.9609803470582,-20.901270788760307
371,371,0.0008055779047204738,0.0008170242409074777,-20.94031955821114,-20.886536782205027
372,372,0.0008014513800141507,0.000813937595873875,-20.95933374211636,-20.902975112960362
373,373,0.0008017525212483999,0.0008124948822354016,-20.961980765172218,-20.91067986240338
374,374,0.0008030892367781975,0.0008167427854220334,-20.948451011950283,-20.88803313466495
375,375,0.0008078649635282681,0.0008138814346717769,-20.9272972194786,-20.903274783866284
376,376,0.000801747551994379,0.0008127205441460797,-20.96019773263955,-20.909473822617862
377,377,0.0008021525488974354,0.0008129995212105936,-20.949103746541248,-20.907983305234616
378,378,0.0008024738389835453,0.0008163117791378969,-20.953622188485816,-20.890325570683615
379,379,0.0008013528938520431,0.0008152140592420963,-20.960403570314035,-20.896169594163275
380,380,0.0008010626098467517,0.0008153595263138413,-20.954238342149146,-20.895394706758196
381,381,0.0008033374582474917,0.0008147477147806631,-20.955032315345644,-20.89865469332352
382,382,0.0008069514056917318,0.0008153114958029045,-20.934981125952355,-20.89565054482223
383,383,0.0008022402444393518,0.000813760273893805,-20.954294376433943,-20.90392135684505
384,384,0.0008035791088519714,0.0008134541107880834,-20.950120523038976,-20.905555621514758
385,385,0.0008007358122357772,0.0008147135285023404,-20.9580651806301,-20.898836924255313
386,386,0.0008053237628719779,0.0008149184041509503,-20.935343889722446,-20.89774494314776
387,387,0.0008036541451277576,0.0008125996958513401,-20.950995854635256,-20.91011964916155
388,388,0.0008068274071718537,0.0008131730351842156,-20.935330004325657,-20.90705651353263
389,389,0.0008070019281411678,0.0008145923738514906,-20.93539934779933,-20.899482804152292
390,390,0.0007988360233979357,0.0008135266436607038,-20.96374442043174,-20.905168393500286
391,391,0.0008017120993283298,0.000813334824909505,-20.957759869444757,-20.90619252280898
392,392,0.0008014416995400697,0.0008152331023378984,-20.960136597926933,-20.896068145780028
393,393,0.0008028400821860918,0.000816005361756604,-20.95566627592243,-20.891956079560643
394,394,0.0008041508443000697,0.0008155954205185959,-20.95000455771007,-20.894138417584163
395,395,0.0008049897025051268,0.0008144775607721194,-20.94589618774144,-20.9000949655561
396,396,0.0008050817774234282,0.0008134019873595159,-20.94287086236512,-20.905833911861865
397,397,0.0008023340697880335,0.0008174621984117517,-20.96116751166383,-20.88420941469202
398,398,0.0008011965168707227,0.0008123231941441956,-20.958793091558043,-20.911597665965278
399,399,0.0008069950824401812,0.0008172164027775196,-20.930843094672227,-20.885515453546994
400,400,0.0008010653258042084,0.0008168979272197344,-20.965275119187595,-20.887208262631148
401,401,0.0008038771152736369,0.0008155923263218842,-20.955159567914947,-20.894154893830507
402,402,0.0008022800884833655,0.0008140767887724858,-20.95429472316153,-20.902232481832478
403,403,0.0008020651719974566,0.0008190209137913035,-20.95499015204895,-20.875936286935797
404,404,0.0008024506579326062,0.0008170678598904296,-20.958948903232017,-20.886304928889082
405,405,0.0008045803718316878,0.0008151266466532098,-20.95161425052702,-20.896635298109715
406,406,0.0008075597039519896,0.000813882960325205,-20.93193302542008,-20.903266642849474
407,407,0.0008029125435229813,0.0008165827786893045,-20.955649793680188,-20.888884037177476
408,408,0.0008020143987150075,0.0008141757785587719,-20.96119877379584,-20.901704422256657
409,409,0.0008016539120701017,0.0008177922971203531,-20.960696640388203,-20.882456047861744
410,410,0.0008000629586791716,0.0008125526242350277,-20.962517526950077,-20.910371231034482
411,411,0.0008026212795887181,0.0008146009702039393,-20.954829708456522,-20.899436973515357
412,412,0.0008051820992271311,0.0008121514202732788,-20.940518750605932,-20.9125161222328
413,413,0.0008028267736345069,0.0008160090656019747,-20.951959276303633,-20.891936366994635
414,414,0.0008045059518370125,0.0008129521003483157,-20.949782936936483,-20.908236629116423
415,415,0.0008023013822859173,0.0008096792704523786,-20.95238703531661,-20.925755998174512
416,416,0.0008055017090921011,0.0008135570985216059,-20.947013567826165,-20.905005815782918
417,417,0.000804362043896786,0.0008168545747665982,-20.95365032399321,-20.8874387471281
418,418,0.0008061727612116135,0.0008164671752111692,-20.940843841002632,-20.88949891062463
419,419,0.0007994373295379361,0.0008170130374645325,-20.961472873828026,-20.88659633523376
420,420,0.0008013686711285455,0.0008172712619661501,-20.96690474678672,-20.8852239243611
421,421,0.0008039479677987852,0.0008126775991465701,-20.94782977724437,-20.909703314405995
422,422,0.0008006703124151172,0.0008132202109616054,-20.962049244070364,-20.906804567333836
423,423,0.0007992467480548418,0.0008135679037016081,-20.973637448755493,-20.90494813576393
424,424,0.0008004991866926634,0.0008153553537436222,-20.959173917535182,-20.895416931663892
425,425,0.0008015322256545277,0.0008127850014716387,-20.95767311424622,-20.909129394868614
426,426,0.0008020992306800387,0.0008117880757996126,-20.958956056390704,-20.914459525948992
427,427,0.0008067030666069579,0.0008133727977493484,-20.935029391256865,-20.905989764863055
428,428,0.0008006425749644945,0.0008141461202237559,-20.963197220934802,-20.901862627477023
429,429,0.0008018816216397531,0.0008130160889490263,-20.965123785439346,-20.90789480328747
430,430,0.0007999732720752045,0.000815262019291128,-20.972733698644227,-20.895914100876052
431,431,0.0008009147581874786,0.0008144865370061444,-20.962735133253567,-20.90004710288177
432,432,0.0008021113882801428,0.000813192880933026,-20.95264857831873,-20.906950523864346
433,433,0.0008036089807835206,0.0008143143618087235,-20.951574196040514,-20.900965259772445
434,434,0.0008015112594950982,0.0008164383593554559,-20.957941139858494,-20.889652190368793
435,435,0.0008009340993330343,0.0008146930179607711,-20.966652386006814,-20.898946259952346
436,436,0.0008055703179219488,0.0008118498126829141,-20.94266631664794,-20.91412925541329
437,437,0.0008030101439685167,0.0008113151324275685,-20.95457208308572,-20.916990439590258
438,438,0.0008033531671149906,0.000813075368856325,-20.95230629911688,-20.907578155210693
439,439,0.0008023094323454137,0.0008139734395387533,-20.962290186763205,-20.90278386533648
440,440,0.0008012231513761829,0.0008110923410736417,-20.959264288720224,-20.918183198595806
441,441,0.0007972723621990263,0.0008140213689521739,-20.979307658886114,-20.902528146096266
442,442,0.0007991847640969167,0.0008145804443445645,-20.968617893115177,-20.89954640598719
443,443,0.0008000707213008373,0.0008147354482820159,-20.9589942203799,-20.89872007936488
444,444,0.0008030786477845431,0.0008137138394982015,-20.948192958653365,-20.90416917893476
445,445,0.0008019293225178323,0.0008167205409048812,-20.956702979250274,-20.88815141918223
446,446,0.0007994548026376317,0.0008146069625294522,-20.97063463887971,-20.899405026286864
447,447,0.0008016639063854885,0.000814319637260939,-20.959706903528016,-20.900937124540242
448,448,0.0008048026944923493,0.0008168788504247603,-20.949769817970967,-20.8873096834238
449,449,0.000806137902023674,0.0008148179836816302,-20.943126220494356,-20.898280146952214
450,450,0.0007996009170682621,0.000813155101097532,-20.97136047115218,-20.9071522958623
451,451,0.0008010016220199309,0.0008151178542328509,-20.954946577001277,-20.8966821438392
452,452,0.0008018073486644275,0.0008165647128694936,-20.95701285503803,-20.88898012018156
453,453,0.0007991375582839948,0.0008127984903311651,-20.970738125537842,-20.90905732059757
454,454,0.0008040457920737795,0.0008123243705516583,-20.947335374856166,-20.91159137651173
455,455,0.0008007394547151766,0.0008191917594032068,-20.963824639728678,-20.875030454524783
456,456,0.0008037446262362922,0.0008148359759759746,-20.956045179452957,-20.898184249855724
457,457,0.0008035351974726415,0.0008126112179046398,-20.946751304353903,-20.910058069902814
458,458,0.0008002614035972001,0.0008128047124237606,-20.961563400829476,-20.909024074840232
459,459,0.0008039763221305978,0.0008141591526126783,-20.951265589507464,-20.901793108638145
