,epoch,train_loss,test_loss,train_dbs,test_dbs
0,0,0.00010855121690463082,9.995371051206205e-05,-12.550509258614632,-12.917791655625411
1,1,8.645571161303957e-05,7.793510112127191e-05,-13.53790352107406,-13.998449830860352
2,2,6.805175309130663e-05,6.378047060264323e-05,-14.58009996117549,-14.86890366977879
3,3,5.9968635844025936e-05,6.0365023321202515e-05,-15.125747683788997,-15.107927135757857
4,4,5.539766613024374e-05,5.4832025182948106e-05,-15.471019668815016,-15.52543799781664
5,5,5.26059004337138e-05,5.296013018539126e-05,-15.699136146579331,-15.676290423220555
6,6,5.161095523550271e-05,5.272500895539691e-05,-15.779016300066807,-15.695614241509661
7,7,5.0831965184902544e-05,5.2245306793146916e-05,-15.846759904717224,-15.735308025568921
8,8,5.0981695766467124e-05,5.192393999957283e-05,-15.83252549236785,-15.762104469278533
9,9,5.027969119819505e-05,5.1870857676380854e-05,-15.894079393507361,-15.766546572847286
10,10,5.010582408993793e-05,5.219167973049671e-05,-15.908754771814383,-15.739768119681525
11,11,5.0133043559887396e-05,5.093684280597556e-05,-15.906953115763615,-15.84546063533714
12,12,4.991020741914495e-05,5.1374256336681644e-05,-15.926124796414506,-15.808325379880282
13,13,4.9600021682017163e-05,5.095010591934337e-05,-15.954061361621328,-15.844329951367682
14,14,4.959673294917555e-05,5.070256884209812e-05,-15.953492142316055,-15.865481229376037
15,15,4.900014155469931e-05,5.014234882669131e-05,-16.004354668621865,-15.91373412497871
16,16,4.860725139505374e-05,4.970037748295765e-05,-16.041656104685792,-15.952183990403439
17,17,4.7924914265281914e-05,4.8891649624381804e-05,-16.09934092430826,-16.023433955422426
18,18,4.783025791972981e-05,4.958300154325307e-05,-16.110048720095026,-15.962452727662587
19,19,4.729850046452466e-05,4.8547294059780576e-05,-16.158697505689645,-16.054130582147558
20,20,4.725586164643095e-05,4.820428761089907e-05,-16.161987099623893,-16.084924173226536
21,21,4.741153372247636e-05,4.815041220832714e-05,-16.14746098552023,-16.089780769226422
22,22,4.6763072776267325e-05,4.8095009812019076e-05,-16.209057192420524,-16.09478068655305
23,23,4.666132017800263e-05,4.8290672375036304e-05,-16.21818248104521,-16.07714833987461
24,24,4.6258907908868986e-05,4.745989779047178e-05,-16.254608551597396,-16.152512877411436
25,25,4.635194030943802e-05,4.75014800797094e-05,-16.24735498287085,-16.14870944483283
26,26,4.6487144047824054e-05,4.7690039010424366e-05,-16.23394254052002,-16.13150408641212
27,27,4.625051550431532e-05,4.740923376582367e-05,-16.25643407943807,-16.157151500758463
28,28,4.685408427960902e-05,4.7535990329618615e-05,-16.198733053956737,-16.145555402180207
29,29,4.5956536812753386e-05,4.7635763813128794e-05,-16.284318337836766,-16.136449530465796
30,30,4.583344639989442e-05,4.7197072777443715e-05,-16.29590447167066,-16.176630223553353
31,31,4.560507961249425e-05,4.736558529609618e-05,-16.317040999441893,-16.16115178080627
32,32,4.522725721096893e-05,4.703050408830964e-05,-16.352988575321348,-16.191984526466747
33,33,4.582555753661358e-05,4.708987839158477e-05,-16.29433630043905,-16.18650517438161
34,34,4.534054223955705e-05,4.663028927385121e-05,-16.34169625487398,-16.229099766926332
35,35,4.545356126438548e-05,4.677885647795751e-05,-16.332504066326603,-16.21528485173302
36,36,4.528262917991708e-05,4.664283876895512e-05,-16.349016396799307,-16.22793111811578
37,37,4.531387941787e-05,4.7786219319708546e-05,-16.343390186759873,-16.122754143242986
38,38,4.571345725145369e-05,4.650276816008907e-05,-16.30726398276048,-16.240992805159802
39,39,4.495293183729878e-05,4.621295393965403e-05,-16.379967061844823,-16.26814356746835
40,40,4.476516056156564e-05,4.5893997977193644e-05,-16.39895168632398,-16.298221941637216
41,41,4.487405511230763e-05,4.602953585593863e-05,-16.387950102741442,-16.285414906696225
42,42,4.474114765114266e-05,4.616640983026867e-05,-16.399473884572952,-16.272519837396327
43,43,4.4668334236664977e-05,4.5531370759770075e-05,-16.409093486399225,-16.33267361026416
44,44,4.4537928148464434e-05,4.6331956821775654e-05,-16.419839708498404,-16.256974433888395
45,45,4.4519772590198026e-05,4.549632534403109e-05,-16.422219523542665,-16.33601765434632
46,46,4.499623456777232e-05,4.66671527216309e-05,-16.376471018977764,-16.225667820145077
47,47,4.447571152866789e-05,4.616767086860675e-05,-16.424625790184493,-16.27240121121029
48,48,4.422809182607434e-05,4.6152596424738144e-05,-16.4496621720821,-16.273819480034682
49,49,4.4792058501697445e-05,4.706625756960804e-05,-16.395297848215215,-16.18868419176651
50,50,4.6023326859474616e-05,4.678466690453015e-05,-16.27944445789731,-16.214745445752996
51,51,4.49448240014482e-05,4.701315361001578e-05,-16.38125518581137,-16.19358701987275
52,52,4.4614675905754716e-05,4.6261113886047446e-05,-16.412204326743222,-16.263620007220563
53,53,4.447047422686832e-05,4.6354033991902775e-05,-16.427805837475816,-16.254905514247056
54,54,4.4522076087119296e-05,4.577879008138552e-05,-16.42089586682237,-16.30913776100337
55,55,4.451024517376149e-05,4.6414257476020505e-05,-16.42376321442676,-16.249266792202345
56,56,4.452628622247991e-05,4.607962661171577e-05,-16.420527338423348,-16.280691350344153
57,57,4.419859451257993e-05,4.570595602241443e-05,-16.453155704236806,-16.316052889029816
58,58,4.4388966399338574e-05,4.584824024564832e-05,-16.432463047456597,-16.302554151608838
59,59,4.427256885485138e-05,4.538201085922896e-05,-16.443384313945355,-16.346943509332213
60,60,4.405541368055076e-05,4.557902272943849e-05,-16.467738707425006,-16.328130771939517
61,61,4.429101762670865e-05,4.555089426024719e-05,-16.44471168010971,-16.330811788173406
62,62,4.405242508096073e-05,4.543281867977624e-05,-16.4666294394025,-16.342084047828976
63,63,4.398566893870179e-05,4.520467777374985e-05,-16.47247571894257,-16.36394708458685
64,64,4.408363327588022e-05,4.4965550554671176e-05,-16.46603057829848,-16.386981710782837
65,65,4.374801889199946e-05,4.4970480207427355e-05,-16.496985914234614,-16.38650561216614
66,66,4.35792228449124e-05,4.518072800189992e-05,-16.5145188073723,-16.366248618537256
67,67,4.3697460325309987e-05,4.45211095977452e-05,-16.503718728723694,-16.430121066271674
68,68,4.327424766856471e-05,4.550545284138551e-05,-16.54432628255307,-16.335146457798967
69,69,4.339798693557164e-05,4.548810408634477e-05,-16.531352135212178,-16.33680250223283
70,70,4.342607426974375e-05,4.582671509093703e-05,-16.529239430247983,-16.304593586708794
71,71,4.344484601535873e-05,4.492623472623037e-05,-16.52904211121141,-16.390780644885364
72,72,4.313441709622491e-05,4.528063800535165e-05,-16.55782440249191,-16.35665548884138
73,73,4.3122219047047073e-05,4.4549579271054094e-05,-16.56031091301927,-16.427344794391953
74,74,4.3495523641468026e-05,4.4240560543441555e-05,-16.522299664188875,-16.45757465332726
75,75,4.386209808761067e-05,4.5432983154712835e-05,-16.48787211168598,-16.342068325619753
76,76,4.350760506904689e-05,4.639538057840822e-05,-16.5215595009129,-16.251033447638868
77,77,4.512746139524322e-05,4.530739610536808e-05,-16.362142184110894,-16.35408983088547
78,78,4.3550643127185975e-05,4.4657698660892875e-05,-16.516517611177825,-16.416817474542245
79,79,4.359982906946956e-05,4.486458170791402e-05,-16.512243573620694,-16.3967446333908
80,80,4.347064303559462e-05,4.492416950310335e-05,-16.52634197964317,-16.39098029117874
81,81,4.350062680686344e-05,4.516307920934387e-05,-16.52026313496162,-16.367945419580614
82,82,4.3382973165806985e-05,4.5293693753927456e-05,-16.53137145802561,-16.355403469755462
83,83,4.3421098433606585e-05,4.479136202318937e-05,-16.530750266513145,-16.403838175835123
84,84,4.3208499227682865e-05,4.452056524123212e-05,-16.55172586304585,-16.430174167480796
85,85,4.354104553901389e-05,4.516360307829209e-05,-16.516960766601194,-16.367895043902532
86,86,4.322041638364137e-05,4.481860205966146e-05,-16.548717513618534,-16.401197800289356
87,87,4.326746053153591e-05,4.457371592013116e-05,-16.545658878476544,-16.424992454582345
88,88,4.3232556862742206e-05,4.459250780392291e-05,-16.552708178278035,-16.42316189336414
89,89,4.3202105779968895e-05,4.439430210224696e-05,-16.550664611525487,-16.44250853248104
90,90,4.3223248306360603e-05,4.448881200484098e-05,-16.550102143438615,-16.4332727749217
91,91,4.295328861977377e-05,4.525221830638322e-05,-16.579738270092243,-16.359382127400593
92,92,4.595527606557205e-05,4.5734157634127004e-05,-16.285120417262736,-16.31337401993263
93,93,4.477399138007049e-05,4.531774270856802e-05,-16.398254531909433,-16.353098169464694
94,94,4.4205064751650684e-05,4.538927283934563e-05,-16.451856429136317,-16.346248611613337
95,95,4.333469201135569e-05,4.513497237655285e-05,-16.539158986852577,-16.370649053283614
96,96,4.3480111719301145e-05,4.478988576968397e-05,-16.52221246059928,-16.403981314888693
97,97,4.364903181396454e-05,4.439657105218717e-05,-16.50649185430514,-16.442286574434238
98,98,4.34584718211986e-05,4.4375208074741655e-05,-16.527347977967125,-16.4443768385907
99,99,4.3579834419153826e-05,4.496028793111787e-05,-16.51554655132327,-16.38749002483598
100,100,4.331078070180476e-05,4.539184220974628e-05,-16.542662002026365,-16.346002775596304
101,101,4.323409527771837e-05,4.4327710431963696e-05,-16.54873633891143,-16.44902786168682
102,102,4.325335665027486e-05,4.4442638586348804e-05,-16.54684675491399,-16.437782509673657
103,103,4.31354384306463e-05,4.47090332224769e-05,-16.560176185868766,-16.411828074390947
104,104,4.324224427523639e-05,4.434750601496106e-05,-16.547477188833145,-16.44708885032624
105,105,4.2907340216093945e-05,4.377751764351208e-05,-16.580964987747283,-16.50326954593657
106,106,4.3245035148803e-05,4.442029526935106e-05,-16.549653893328703,-16.43996645275611
107,107,4.2915187711430206e-05,4.551711486113307e-05,-16.580629915603293,-16.334033601728265
108,108,4.300174754762244e-05,4.4334404312968745e-05,-16.57353116959243,-16.44837208766273
109,109,4.295673357942694e-05,4.435069499059433e-05,-16.5763446054122,-16.446776565633797
110,110,4.512595425938381e-05,4.532683401760694e-05,-16.364361006198266,-16.35222700750339
111,111,4.3288488611614943e-05,4.480817867596144e-05,-16.54268651004405,-16.40220794882017
112,112,4.3273467134585913e-05,4.487295480334739e-05,-16.54753307718622,-16.39593418342859
113,113,4.312180195465209e-05,4.4752333978019456e-05,-16.560734964474126,-16.407623962325292
114,114,4.3268800432885005e-05,4.4615079930640366e-05,-16.545741034291236,-16.420964109400607
115,115,4.332860267241653e-05,4.459999189221937e-05,-16.538701223182063,-16.422433065655994
116,116,4.303877905896894e-05,4.401971876321017e-05,-16.567836777995517,-16.479308227578752
117,117,4.322565854233018e-05,4.459401507598446e-05,-16.55181970305864,-16.423015099898493
118,118,4.3071652079251904e-05,4.3855257038223116e-05,-16.56510148439345,-16.49556425550649
119,119,4.2840635980666645e-05,4.424288482895415e-05,-16.585266756747433,-16.45734649214559
120,120,4.28102691527324e-05,4.393926715956217e-05,-16.59244103613273,-16.487252770572592
121,121,4.288171836266236e-05,4.4105176991587014e-05,-16.584501194372553,-16.4708851711125
122,122,4.311482744296225e-05,4.477382045527185e-05,-16.56035649360239,-16.405539329349715
123,123,4.294896105645805e-05,4.389261314492231e-05,-16.576901879732233,-16.491866490090395
124,124,4.280605762968915e-05,4.3759333685126255e-05,-16.592895068775107,-16.50507385869853
125,125,4.294706608205386e-05,4.366774718571258e-05,-16.577255045906696,-16.514172990332824
126,126,4.2869740729994315e-05,4.465233857780205e-05,-16.588631356709236,-16.41733877194255
127,127,4.269738499565439e-05,4.3575897028571684e-05,-16.602404603702396,-16.523317503152157
128,128,4.392710914394276e-05,4.488618651521392e-05,-16.4795291107033,-16.39465376576706
129,129,4.487921916696689e-05,4.4347718549512426e-05,-16.38836067687071,-16.447068036898386
130,130,4.3512232521832104e-05,4.442526589723696e-05,-16.519298009531312,-16.439480504727563
131,131,4.3255467728121186e-05,4.4796372668842145e-05,-16.545968547178635,-16.403352373673133
132,132,4.320700075546371e-05,4.4164379352495366e-05,-16.552027713184753,-16.465059547063092
133,133,4.342639679344222e-05,4.4161329577419615e-05,-16.52904226833582,-16.465359459852472
134,134,4.329576366911066e-05,4.458308582175768e-05,-16.544560313728773,-16.42407961416908
135,135,4.307362513893317e-05,4.423901899779019e-05,-16.56505985534427,-16.457725984238532
136,136,4.3013710815899945e-05,4.433737960521524e-05,-16.570325772185853,-16.448080641399198
137,137,4.3084432467573427e-05,4.4070978650492374e-05,-16.565039297423137,-16.47425391665696
138,138,4.293699334384561e-05,4.400126463702978e-05,-16.579950631158354,-16.481129276373327
139,139,4.2873439448045506e-05,4.411518066741624e-05,-16.584680657658815,-16.469900241704984
140,140,4.2943159417884145e-05,4.4362135093634657e-05,-16.58008566323383,-16.445656463018285
141,141,4.2880395019742586e-05,4.4077285756908457e-05,-16.586239403003958,-16.47363243158601
142,142,4.249688478837212e-05,4.42998580662166e-05,-16.622007439592085,-16.451757515530446
143,143,4.2713484345796064e-05,4.433453374842525e-05,-16.602682086628636,-16.448359408339904
144,144,4.301975424879725e-05,4.4273628813435174e-05,-16.571666381826365,-16.454329666742215
145,145,4.296458323129702e-05,4.3885281085845474e-05,-16.574047932825597,-16.49259201964049
146,146,4.277091106017644e-05,4.3884785171892295e-05,-16.59615963164768,-16.492641096211248
147,147,4.269855409952423e-05,4.4263064601660806e-05,-16.60495348286687,-16.45536606842474
148,148,4.251048044024333e-05,4.348249977307492e-05,-16.624202780646225,-16.53263582964071
149,149,4.2587369253598486e-05,4.390016750365152e-05,-16.61447564253923,-16.49111909006632
150,150,4.2570815999966986e-05,4.3360208732529394e-05,-16.617599110681745,-16.54486722134072
151,151,4.243841346775748e-05,4.444362294682498e-05,-16.628326702569918,-16.437686318807792
152,152,4.2506693698106976e-05,4.374608340042055e-05,-16.623909909395863,-16.506389097404195
153,153,4.208229633543842e-05,4.42869078190262e-05,-16.665990235350158,-16.453027281025992
154,154,4.243062963705035e-05,4.3702674462876624e-05,-16.631606086109077,-16.510700711210884
155,155,4.3844642727749816e-05,4.4185257904341835e-05,-16.488735123554108,-16.46300692063306
156,156,4.28499523193225e-05,4.4437053714462215e-05,-16.588969681729814,-16.438328298927175
157,157,4.256540810696531e-05,4.431887550469439e-05,-16.61689456088132,-16.44989353747867
158,158,4.245298976119435e-05,4.368480069005225e-05,-16.628258533832064,-16.51247727724694
159,159,4.2367833247198246e-05,4.4097288896170395e-05,-16.63545874521431,-16.47166196488733
160,160,4.2515515027862984e-05,4.4109789757241836e-05,-16.621396882110577,-16.470430985446313
161,161,4.2192454539994306e-05,4.413414487651991e-05,-16.65481934023512,-16.468033700189025
162,162,4.247720953009269e-05,4.3731730808136295e-05,-16.627068101783795,-16.507814201984687
163,163,4.2380424048067504e-05,4.357227475051523e-05,-16.638274008496204,-16.52367852859667
164,164,4.246559338875177e-05,4.375082272944335e-05,-16.62762958215583,-16.50591862032436
165,165,4.238824785903658e-05,4.4094381768158395e-05,-16.63572075382834,-16.471948284365062
166,166,4.234168906252082e-05,4.3348668680808166e-05,-16.639477056645024,-16.546023223116432
167,167,4.2549212162860565e-05,4.4274580815047225e-05,-16.617925570521432,-16.45423628279947
168,168,4.255608957427069e-05,4.389039072281632e-05,-16.617953434525138,-16.492086392717276
169,169,4.2234786042641156e-05,4.371354838153102e-05,-16.651015276098594,-16.509620252060632
170,170,4.238568636565949e-05,4.3395512444763686e-05,-16.63620628135983,-16.541332651389066
171,171,4.220692555707539e-05,4.3585049417360046e-05,-16.655346832190446,-16.522405435965254
172,172,4.231928826427356e-05,4.355367567960026e-05,-16.643558684759967,-16.525532734823337
173,173,4.321150834247297e-05,4.3923596278641764e-05,-16.551885530897938,-16.488801952312443
174,174,4.47255375153882e-05,4.501063813222572e-05,-16.403814111270613,-16.382629161945395
175,175,4.3251498318193285e-05,4.458016203563219e-05,-16.545889168365584,-16.424364436494766
176,176,4.2912079939905544e-05,4.4230916070151385e-05,-16.582061418914186,-16.458521521562698
177,177,4.299576961709614e-05,4.444180816981794e-05,-16.571790558940073,-16.437863658925345
178,178,4.267969447984384e-05,4.4703408141350864e-05,-16.606241585349732,-16.412374517740275
179,179,4.250687270916725e-05,4.382590831435089e-05,-16.621616648475232,-16.49847160493629
180,180,4.259025812756328e-05,4.4211834679835625e-05,-16.612158343747573,-16.460395489203794
181,181,4.263563281823473e-05,4.446374575644242e-05,-16.60765522720225,-16.43572040181937
182,182,4.242674176285365e-05,4.3349174934280055e-05,-16.632402627148192,-16.545972503725935
183,183,4.2273709077937724e-05,4.368028978780402e-05,-16.64607598477959,-16.51292575385146
184,184,4.2431093929407486e-05,4.4247671834646575e-05,-16.63063713277326,-16.45687661824323
185,185,4.2382715655924016e-05,4.335563598464145e-05,-16.634383915010776,-16.545325250477884
186,186,4.249863233087229e-05,4.346985894555569e-05,-16.623354547101595,-16.533898553678995
187,187,4.245546561204972e-05,4.37103664903828e-05,-16.62913734478266,-16.50993638472761
188,188,4.2367659430571633e-05,4.368292942863742e-05,-16.637807834182688,-16.512663313557066
189,189,4.220070260680117e-05,4.3878661687669686e-05,-16.653103448785163,-16.49324713335026
190,190,4.224313979835811e-05,4.452919184634658e-05,-16.647839844673324,-16.42933273070814
191,191,4.2347195837286674e-05,4.34746564822394e-05,-16.638767092239593,-16.533419272449965
192,192,4.2257085558808335e-05,4.3599691707640886e-05,-16.64955584457853,-16.5209466793413
193,193,4.1943211511249136e-05,4.355174601905195e-05,-16.678883643820278,-16.52572515474666
194,194,4.214060782876764e-05,4.374699193775948e-05,-16.65925111266713,-16.50629890220843
195,195,4.2028612294894425e-05,4.3397029864871384e-05,-16.672183770426322,-16.541180793369467
196,196,4.1983788983041864e-05,4.340823101014585e-05,-16.67623815589827,-16.540059986735937
197,197,4.216103112299869e-05,4.321119319540326e-05,-16.65619342876414,-16.559818276300323
198,198,4.1751540753541555e-05,4.38274446902429e-05,-16.70156074748475,-16.4983193598597
199,199,4.231869227333311e-05,4.3725992375249534e-05,-16.64131511951752,-16.508384116144434
200,200,4.364835413727314e-05,4.421321443116636e-05,-16.507788666221323,-16.46025995783674
201,201,4.2312431161786366e-05,4.323538364827216e-05,-16.6428596898616,-16.55738769296122
202,202,4.2233641748286585e-05,4.320306030230744e-05,-16.651852991912346,-16.560635750376854
203,203,4.233363178332418e-05,4.3735828321108495e-05,-16.640962350456167,-16.50740730203404
204,204,4.228017826687026e-05,4.3151383579242975e-05,-16.644814750308065,-16.565833611040414
205,205,4.191353781203999e-05,4.364849299140348e-05,-16.682278366256902,-16.516088324859485
206,206,4.194524122213647e-05,4.350880925286267e-05,-16.68008677224251,-16.53000888624375
207,207,4.1861642813208015e-05,4.326113393242275e-05,-16.689806408035835,-16.55480187633942
208,208,4.1895582942686945e-05,4.3784215545441074e-05,-16.685010067243184,-16.502605131985902
209,209,4.200852885164234e-05,4.3280411773594096e-05,-16.674025688558824,-16.552867022942962
210,210,4.219009043509621e-05,4.357863001228237e-05,-16.654735827908176,-16.52304513181693
211,211,4.169243492441703e-05,4.2946917969139144e-05,-16.70613246727488,-16.586460836326122
212,212,4.183732433131771e-05,4.331818012073391e-05,-16.69115869069997,-16.549078835298197
213,213,4.158049414775061e-05,4.295034523238428e-05,-16.717989991526057,-16.586114273127084
214,214,4.184483625123772e-05,4.299841030411986e-05,-16.692242859685408,-16.581256867694552
215,215,4.188303191580248e-05,4.285755130695179e-05,-16.687344230791314,-16.595507326005542
216,216,4.189656791607273e-05,4.34273916701051e-05,-16.68335462928224,-16.538143407164526
217,217,4.207217009643875e-05,4.332705429987982e-05,-16.66888854679073,-16.54818922906105
218,218,4.1734461418170596e-05,4.3294453797371766e-05,-16.70310689823792,-16.55145821371071
219,219,4.220977066277968e-05,4.373731108468124e-05,-16.653165538696932,-16.507260066884587
220,220,4.192842151468605e-05,4.309989966905529e-05,-16.681905244377354,-16.571018271468585
221,221,4.18873444958962e-05,4.3306870793458074e-05,-16.68612036684863,-16.550212821000024
222,222,4.199819449775194e-05,4.3207965829519946e-05,-16.675534984361718,-16.56014265510953
223,223,4.1848006318461335e-05,4.301907871482208e-05,-16.690461403318018,-16.57916980912244
224,224,4.1730586408167e-05,4.252562824771494e-05,-16.702108736210246,-16.629273479938604
225,225,4.181451801094827e-05,4.294925154107133e-05,-16.692518847641495,-16.58622486365835
226,226,4.277609604259007e-05,4.345439140850335e-05,-16.595380392926366,-16.535444144474198
227,227,4.190437888160117e-05,4.3623343356701204e-05,-16.686851286179515,-16.518591388466824
228,228,4.177505918013378e-05,4.321397423872871e-05,-16.6971567912547,-16.559538776287436
229,229,4.192382644741321e-05,4.2976857290149816e-05,-16.681372843960794,-16.583434320697858
230,230,4.195146597264762e-05,4.3391701087545554e-05,-16.681244700297768,-16.541714101914344
231,231,4.188895122611357e-05,4.331820616100327e-05,-16.685393309027027,-16.54907622458328
232,232,4.180451086887336e-05,4.346453447636266e-05,-16.695741885631957,-16.534430538202372
233,233,4.1706911379713854e-05,4.338566213846207e-05,-16.701790620344468,-16.54231856422345
234,234,4.1566970074050055e-05,4.282560468326617e-05,-16.719227220147314,-16.598745825536675
235,235,4.1778445275789655e-05,4.229914166468294e-05,-16.695565530869935,-16.652465315786788
236,236,4.179960953629187e-05,4.309578875300327e-05,-16.695144836468785,-16.57143252610034
237,237,4.18000466938277e-05,4.3317122330527603e-05,-16.69496558387341,-16.54918488732009
238,238,4.1381634875187486e-05,4.287942551615599e-05,-16.740591931733654,-16.593291281327616
239,239,4.152199783009602e-05,4.249543512981434e-05,-16.72529027267625,-16.632358057930457
240,240,4.128009076686288e-05,4.3069892279546416e-05,-16.74862149703333,-16.57404300761152
241,241,4.126014526676598e-05,4.23019882873632e-05,-16.753444377973935,-16.65217305668262
242,242,4.1595162253271187e-05,4.4072265729099804e-05,-16.717011611440924,-16.474127084217116
243,243,4.636682569980621e-05,4.349541230016927e-05,-16.248365895073132,-16.53134634379953
244,244,4.183323897487969e-05,4.317880168520404e-05,-16.69087522824213,-16.56307500870752
245,245,4.1678450852674526e-05,4.334933366503959e-05,-16.70612516375964,-16.545956601285607
246,246,4.16197931887846e-05,4.2711291921717164e-05,-16.716556756227135,-16.610353782588653
247,247,4.1673723055432625e-05,4.3047235043272134e-05,-16.709262246208613,-16.57632824708061
248,248,4.1521378867382174e-05,4.312680233086116e-05,-16.725616017233882,-16.568308280786134
249,249,4.1803669014323947e-05,4.290774651101521e-05,-16.694347162510685,-16.5904238008068
