,epoch,train_loss,test_loss,train_dbs,test_dbs
0,0,0.00024525014417769254,0.00021269962216090215,-9.010836914987504,-9.6381136790412
1,1,0.0001589223143456206,8.9766651064182e-05,-10.896304167496627,-13.384630631214215
2,2,6.253909710140601e-05,5.6640167856944334e-05,-14.946917962747822,-15.384535545833533
3,3,5.1272885703491336e-05,5.162346056558339e-05,-15.807706538735635,-15.787309723237566
4,4,4.998121461464985e-05,5.1473957826505955e-05,-15.92039113687099,-15.799905239426872
5,5,4.8666302842020834e-05,4.712337651749534e-05,-16.03472975669966,-16.18341685058595
6,6,4.8514538780322836e-05,5.138701798339178e-05,-16.04887963673316,-15.807246702565044
7,7,5.0124910651986995e-05,4.9466930872049965e-05,-15.906264543266136,-15.972631205094947
8,8,4.721404593041858e-05,4.7141763245331515e-05,-16.167324254928563,-16.181722639011902
9,9,4.588892760196912e-05,4.67969916108383e-05,-16.29118201574012,-16.2136015139064
10,10,4.609005164760693e-05,5.0471366481169276e-05,-16.269728099387333,-15.885330231793207
11,11,4.7518517227949016e-05,4.5933232429792713e-05,-16.13593935413835,-16.294510775085502
12,12,4.641207960583077e-05,4.65864169726908e-05,-16.23842355946208,-16.23318776798889
13,13,4.7047071816872557e-05,5.16824551787546e-05,-16.180473657861846,-15.7823494966014
14,14,4.739916793247157e-05,4.5426314548086866e-05,-16.14906549209048,-16.34270582538875
15,15,4.4940197898840686e-05,4.5173318396432716e-05,-16.38188132308979,-16.36696091663634
16,16,4.4629219569897124e-05,4.516025039361251e-05,-16.411271033029657,-16.36821745097455
17,17,4.4940146479573215e-05,4.670694799738397e-05,-16.379847623842615,-16.221965965009936
18,18,4.6477833259898746e-05,4.7438851508655045e-05,-16.23402027110672,-16.154439200840343
19,19,4.449053711741539e-05,4.424312416966515e-05,-16.42335029079984,-16.457322998182814
20,20,4.342818849800471e-05,4.37779991970226e-05,-16.52912856281311,-16.503221773725315
21,21,4.404459669438944e-05,4.450554172906681e-05,-16.46780945783307,-16.431639946164417
22,22,4.3822436730140945e-05,4.364536538272851e-05,-16.492153712268134,-16.516399527323202
23,23,4.325320927462824e-05,4.387028725192833e-05,-16.5458758798519,-16.49407608259387
24,24,4.3658820621053614e-05,4.36253982403095e-05,-16.508163845406663,-16.518386818269967
25,25,4.346337187861227e-05,4.3555842574661306e-05,-16.525503355158712,-16.52531666875227
26,26,4.378096731595657e-05,4.353993407628303e-05,-16.496430493599213,-16.52690319186592
27,27,4.289967681373681e-05,4.3364787799012115e-05,-16.583513575792843,-16.544408607702877
28,28,4.3152001660590817e-05,4.3343174758391746e-05,-16.5568065171654,-16.54657367402346
29,29,4.285458164735452e-05,4.240439605047485e-05,-16.586364962206627,-16.641672042281012
30,30,4.298244047530125e-05,4.336342221665147e-05,-16.575857626078744,-16.54454537171167
31,31,4.292587084247438e-05,4.337006937834973e-05,-16.58000540382178,-16.543879694451725
32,32,4.352705128468122e-05,4.38862970392955e-05,-16.520040033976947,-16.49249148072193
33,33,4.326135690321608e-05,4.358851947472431e-05,-16.544609434000204,-16.52205968282353
34,34,4.367391448260943e-05,4.358999285614118e-05,-16.504997270607902,-16.521912884856455
35,35,4.2611293633619666e-05,4.230347947572897e-05,-16.609843651287687,-16.65201996613282
36,36,4.321924313547608e-05,4.263791637832152e-05,-16.55234022113135,-16.617821128118617
37,37,4.231782710946587e-05,4.2406294309521876e-05,-16.643355683716475,-16.641477632018347
38,38,4.210985323729848e-05,4.374233417605099e-05,-16.662197627042165,-16.506761322094327
39,39,4.2497825787220265e-05,4.191702617773492e-05,-16.625931990910733,-16.6918762247653
40,40,4.311330712411778e-05,4.215820674864134e-05,-16.560189003400325,-16.66695956982314
41,41,4.252204675627656e-05,4.811861435882747e-05,-16.62046545110708,-16.092649735823205
42,42,4.421749589400673e-05,4.290244147628791e-05,-16.45203307365144,-16.590960787699697
43,43,4.2785279257475045e-05,4.268231542051868e-05,-16.597299401128677,-16.613301154283104
44,44,4.234790753095516e-05,4.274343978307259e-05,-16.63803705237099,-16.607086171966806
45,45,4.20695904319201e-05,4.199623263526806e-05,-16.667614201396844,-16.683677535275603
46,46,4.236631986676696e-05,4.26028625377895e-05,-16.636751265761355,-16.62139305473973
47,47,4.1808311262806474e-05,4.208741608492442e-05,-16.69252055914159,-16.674258228394216
48,48,4.207650711099838e-05,4.25563959747945e-05,-16.666994415978124,-16.626132451079467
49,49,4.789544528676677e-05,4.524409661443267e-05,-16.103204811074377,-16.360161652182438
50,50,4.334167968727812e-05,4.353612587836228e-05,-16.537410206182003,-16.527283061911692
51,51,4.283285213120704e-05,4.353867820770431e-05,-16.590038709536778,-16.527028461844267
52,52,4.295889598277839e-05,4.3026582907738264e-05,-16.57317206243321,-16.578412297466084
53,53,4.244203048130526e-05,4.249970937196753e-05,-16.629800999600224,-16.631921261265447
54,54,4.1848735301905386e-05,4.240390932720498e-05,-16.690462304809266,-16.6417218914625
55,55,4.1834436788778154e-05,4.244459485466665e-05,-16.691967812742835,-16.637556938504392
56,56,4.156331707451603e-05,4.177496770065964e-05,-16.718454579562817,-16.706619635477264
57,57,4.1663193150805114e-05,4.1821645074952884e-05,-16.707499304986207,-16.70176974323428
58,58,4.161195045657523e-05,4.209604211562117e-05,-16.71518302426537,-16.673368210895404
59,59,4.1302177104972945e-05,4.1452663744597596e-05,-16.746948488587805,-16.74025642818899
60,60,4.2908910097711545e-05,4.196542450747649e-05,-16.58182113396287,-16.686864656862635
61,61,4.199223237555623e-05,4.231540802529229e-05,-16.677299792200184,-16.650795534226475
62,62,4.1411535873062206e-05,4.197499871033391e-05,-16.73624297771181,-16.685873948613082
63,63,4.323925190640028e-05,4.530901615477265e-05,-16.549209180550033,-16.353934543669975
64,64,4.353650464762132e-05,4.3960711512849424e-05,-16.516926602942206,-16.485133733770525
65,65,4.1945617377893646e-05,4.236719752569977e-05,-16.680555537253905,-16.64548348769572
66,66,4.147311164601466e-05,4.2199279720845974e-05,-16.73077146762936,-16.66273048065988
67,67,4.1244298437359433e-05,4.1603760780019096e-05,-16.751886198831027,-16.72445495792773
68,68,4.178288794175443e-05,4.1952271490835734e-05,-16.697584803473728,-16.688226058060863
69,69,4.114003373971857e-05,4.170992868143673e-05,-16.76314253583857,-16.713386390685777
70,70,4.144295912128561e-05,4.226963650772201e-05,-16.732974875625715,-16.655495731420704
71,71,4.138658033232637e-05,4.136961165625651e-05,-16.737807526730624,-16.74896642211088
72,72,4.1176975089198547e-05,4.1951828806256676e-05,-16.759545295698622,-16.688271885492235
73,73,4.10884626522677e-05,4.1064050923236404e-05,-16.771063238997183,-16.78116296509333
74,74,4.209056067938758e-05,4.1600747193258846e-05,-16.66237009663655,-16.72476955244506
75,75,4.2070199062024035e-05,4.2459008622436635e-05,-16.669141224700898,-16.636082367435623
76,76,4.117945585320056e-05,4.198237318058474e-05,-16.759967356635727,-16.685111015788245
77,77,4.3394643614295457e-05,4.406472783701151e-05,-16.53327007637962,-16.474869942536795
78,78,4.174363323155498e-05,4.194840786160632e-05,-16.701749389067867,-16.688626043583888
79,79,4.1655499463212034e-05,4.156478605995959e-05,-16.71046203867389,-16.728525368614882
80,80,4.254698798887926e-05,4.203653224976733e-05,-16.616847034195732,-16.679512040646088
81,81,4.124514933059847e-05,4.196676519840319e-05,-16.754567551422692,-16.686725912794714
82,82,4.132285845191722e-05,4.1527058017795514e-05,-16.74711671754507,-16.73246921697515
83,83,4.1553915337120546e-05,4.2930268567655925e-05,-16.719490890210384,-16.588144809351636
84,84,4.098406794376566e-05,4.0862571232106636e-05,-16.7812770414869,-16.802523956716126
85,85,4.5020064847908685e-05,4.2832711474865824e-05,-16.370960563613664,-16.59802518555184
86,86,4.135204621842107e-05,4.168356578080229e-05,-16.74282859690287,-16.71613223140818
87,87,4.149102359096827e-05,4.148338829461289e-05,-16.73090765302299,-16.73703864706415
88,88,4.10214362681913e-05,4.129742534898565e-05,-16.777607606192998,-16.75655109528187
89,89,4.204260109225888e-05,4.0968954157219027e-05,-16.668442131341735,-16.79123208768324
90,90,4.0697502159092276e-05,4.11713197919246e-05,-16.810259282829392,-16.769832973200973
91,91,4.064801248308324e-05,4.1381547098832304e-05,-16.817134713154616,-16.74771363073885
92,92,4.085360619823986e-05,4.0988720827858504e-05,-16.79508223602064,-16.789137212211884
93,93,4.071753228907761e-05,4.052559578619701e-05,-16.810128724915156,-16.838486779891515
94,94,4.084557462867695e-05,4.138270972027002e-05,-16.795264940035825,-16.747591616696948
95,95,4.122376229077549e-05,4.0837646290463836e-05,-16.758262771159437,-16.80517383092241
96,96,4.06328296410664e-05,4.088394876146738e-05,-16.817156126313925,-16.80025250999265
97,97,4.2762130629553305e-05,4.503198464303032e-05,-16.597844853729747,-16.380569987803582
98,98,4.1550786825366194e-05,4.0586892857007974e-05,-16.71781196270063,-16.831922812955476
99,99,4.0382626861005006e-05,4.1281012416124884e-05,-16.845019869602847,-16.758277465133386
100,100,4.056274692348526e-05,4.107172763293707e-05,-16.82390082349691,-16.780351150137534
101,101,4.0492234005533956e-05,4.0228453623345364e-05,-16.833750572139156,-16.870447476605428
102,102,4.037931991951689e-05,4.0912448304497e-05,-16.84516903667962,-16.797226167703908
103,103,4.098798655325753e-05,4.086910829707784e-05,-16.776985263341984,-16.80182924170054
104,104,4.074198053804701e-05,4.332235824365757e-05,-16.80732313954773,-16.548659970003467
105,105,4.1183270217722386e-05,4.0836367828122e-05,-16.759453975867174,-16.80530979317342
106,106,4.1452030027639265e-05,4.266201779644593e-05,-16.7293184174159,-16.6153669379068
107,107,4.081556711678355e-05,4.125944408434933e-05,-16.796573576452364,-16.760547141867516
108,108,4.108795536050127e-05,4.533338774069163e-05,-16.771436830751558,-16.351599114537468
109,109,4.1969158176180295e-05,4.159020385199447e-05,-16.67972395563407,-16.725870372882603
110,110,4.264856907707092e-05,4.245213973550371e-05,-16.606943023973912,-16.63678501243713
111,111,4.1447669910038966e-05,4.1545182428212445e-05,-16.73305850578159,-16.73057415997068
112,112,4.176911333508036e-05,4.145871341614494e-05,-16.699025241621417,-16.73962265775483
113,113,4.097360221008391e-05,4.105009965745634e-05,-16.781323099720588,-16.782638705330378
114,114,4.1235985186973526e-05,4.1578500186963206e-05,-16.754781632585775,-16.72709266851253
115,115,4.27872498043256e-05,4.146630702675075e-05,-16.593957115758023,-16.738827273400283
116,116,4.093636597804341e-05,4.147082156697778e-05,-16.78703986735546,-16.738354471907364
117,117,4.167017726375861e-05,4.092940492371685e-05,-16.70930541859758,-16.7954265588305
118,118,4.086473813210254e-05,4.134498062500681e-05,-16.793451081482914,-16.751552935802472
119,119,4.0645395107351284e-05,4.0402911460995184e-05,-16.81794926499802,-16.851654245369208
120,120,4.046857291016459e-05,4.037363530522654e-05,-16.836535721676178,-16.85480230602973
121,121,4.041330873040295e-05,4.041672448358057e-05,-16.842619223671832,-16.850169725060365
122,122,4.0929948433407956e-05,4.077033966160869e-05,-16.786891569701186,-16.812337567116636
123,123,4.300339011380631e-05,4.0249398328964357e-05,-16.57174015910359,-16.868186936578546
124,124,4.014529241834042e-05,4.0135341566239825e-05,-16.873034253427615,-16.88051122996582
125,125,4.083567641968911e-05,4.173186607658863e-05,-16.796928911349564,-16.711102813274973
126,126,4.1014817528325836e-05,4.309294213032301e-05,-16.779744541693734,-16.571719401776516
127,127,4.0543322779505857e-05,4.0232312082815425e-05,-16.82667320695545,-16.870030948713087
128,128,4.034856163381153e-05,4.060544903806754e-05,-16.84876240886609,-16.82993768800611
129,129,4.0494205508760375e-05,4.104059055527231e-05,-16.831825544700788,-16.783644848807587
130,130,4.0326290433871146e-05,4.219340227887427e-05,-16.85193859518702,-16.663335400555695
131,131,4.0436328022552355e-05,4.0740552657026506e-05,-16.839058353972597,-16.815511702972678
132,132,4.014402773314079e-05,4.166497302848209e-05,-16.87234693193245,-16.71806981303477
133,133,4.073293382237718e-05,4.050300460795896e-05,-16.808604462815406,-16.84090844934032
134,134,4.095565416662925e-05,4.0412298786625465e-05,-16.783001811416707,-16.850645310608808
135,135,4.089832535888472e-05,4.0560153138358146e-05,-16.79037213152656,-16.83478500283193
136,136,4.0117833348106324e-05,4.026799921886873e-05,-16.87484265370668,-16.866180348130907
137,137,4.0277879268558666e-05,3.985964547992855e-05,-16.857570464159476,-16.9104465465269
138,138,4.001332094911462e-05,4.1043444645382756e-05,-16.88402765422151,-16.783342837440017
139,139,4.0248189217197356e-05,4.016228395860373e-05,-16.860528723808038,-16.877596839236197
140,140,4.054440174026165e-05,4.137508336785495e-05,-16.827966390538435,-16.748392044706613
141,141,4.127664348190367e-05,4.602406950557212e-05,-16.75056699325483,-16.285930694381843
142,142,4.193129639930965e-05,4.159110176260583e-05,-16.68017208578903,-16.725776612001862
143,143,4.0532518470012966e-05,4.041104196068389e-05,-16.829529316220857,-16.850780378663686
144,144,4.020746470730243e-05,4.0605818484389024e-05,-16.86530801785579,-16.829898174154476
145,145,4.0503858660495376e-05,4.058340192913372e-05,-16.831924028893688,-16.83229637097136
146,146,4.1365163382316805e-05,4.155074968462271e-05,-16.74031721614365,-16.72999222324274
147,147,4.032504984559299e-05,4.026676738009739e-05,-16.8539431838683,-16.86631320523191
148,148,4.0062652541817764e-05,4.1430344840352374e-05,-16.880413471872146,-16.742595382181033
149,149,4.090749820365484e-05,4.143935190146103e-05,-16.78961873961278,-16.74165131767812
150,150,4.0683834647763396e-05,4.0044991213730295e-05,-16.813738030162213,-16.890298836173088
151,151,4.054065171545779e-05,4.173908708157557e-05,-16.82733246369102,-16.710351403950224
152,152,4.052831347282861e-05,4.0752063221972144e-05,-16.829583291506978,-16.814284849516373
153,153,3.988593625857077e-05,4.065375029121673e-05,-16.898488249422723,-16.824774710680366
154,154,4.026966120570072e-05,4.12011558134844e-05,-16.85648944726845,-16.766686868875034
155,155,4.026466041002855e-05,4.016780286819037e-05,-16.856902350627564,-16.877000093464332
156,156,4.0256423500940183e-05,4.208092612220513e-05,-16.859809997876745,-16.674927970705497
157,157,4.033884378606166e-05,4.021594069950209e-05,-16.848982186351837,-16.871798544971888
158,158,4.0169668170268234e-05,3.988221961710798e-05,-16.866800629686352,-16.907987656592304
159,159,4.007150740098669e-05,4.0451930257595926e-05,-16.8786505492003,-16.846388365174793
160,160,4.0623115393790396e-05,4.1269057730555925e-05,-16.819462584277016,-16.75953533299529
161,161,3.981524667361771e-05,4.01472157375936e-05,-16.90777388611152,-16.87922654564412
162,162,3.985687801536393e-05,4.0233016701868586e-05,-16.902353246645323,-16.869954888086415
163,163,3.994148382563e-05,4.171828502302034e-05,-16.89240085348176,-16.71251639410077
164,164,3.995296283017186e-05,4.0010534384667774e-05,-16.891191121262615,-16.894037344299278
165,165,4.029353673554256e-05,4.141580058402676e-05,-16.85467166322081,-16.744120254653527
166,166,4.142344775957718e-05,4.242009584375314e-05,-16.734785253690042,-16.640064409034203
167,167,4.081827465438202e-05,4.046470731784786e-05,-16.79778335952825,-16.845016828498345
168,168,3.998937834169447e-05,4.053166757282605e-05,-16.888535423426084,-16.837836142718746
169,169,4.065153712197327e-05,4.069321441516207e-05,-16.81527391832033,-16.82056089577798
170,170,3.993455175077543e-05,3.999870750703849e-05,-16.892875749569125,-16.8953212829065
171,171,4.008004596227655e-05,4.0048860491400485e-05,-16.87460462770713,-16.889879226950494
172,172,3.963239276382626e-05,4.030191619102353e-05,-16.92524219370503,-16.862523907722633
173,173,4.005309322743302e-05,4.079366207358697e-05,-16.881222403586015,-16.809853923625045
174,174,3.9769711949383675e-05,4.05542218925946e-05,-16.911887286998397,-16.83542013250149
175,175,3.982477727797381e-05,4.042021454982827e-05,-16.90983751926012,-16.849794719145514
176,176,4.09001754586328e-05,3.9922312249760385e-05,-16.78949025363413,-16.903623991977412
177,177,4.003936203272255e-05,4.0175501118555025e-05,-16.881606833232148,-16.876167838006065
178,178,4.09405509288394e-05,4.080553174533538e-05,-16.78625978344646,-16.808590447176947
179,179,3.975297265251638e-05,4.058226563517421e-05,-16.912260321033507,-16.832417970709592
180,180,4.05194088446094e-05,4.0461435051647164e-05,-16.830636151113005,-16.845368044338723
181,181,4.0783525843469705e-05,4.286382107621696e-05,-16.802931073579618,-16.59487202908394
182,182,4.030695768942116e-05,3.983395464801058e-05,-16.851817997012503,-16.913246617525342
183,183,3.977466706404362e-05,3.966997686994115e-05,-16.91418025769445,-16.931161390742755
184,184,3.980391161302081e-05,4.018124079601349e-05,-16.909919684473625,-16.87554742702549
185,185,3.9604048877138375e-05,3.981440060765875e-05,-16.932713071872353,-16.915379043729768
186,186,4.691712197622035e-05,4.177612036552378e-05,-16.193909051707788,-16.706499805562032
187,187,4.04240505004148e-05,4.048878978018796e-05,-16.841135042547887,-16.84243290533544
188,188,3.994048932599043e-05,4.013232395855563e-05,-16.89347646152961,-16.880837770013507
189,189,3.9783056205667834e-05,4.0253341515046104e-05,-16.91312052122531,-16.867761484237143
190,190,3.991299674509588e-05,4.019420186140403e-05,-16.898656584321476,-16.874146770546
191,191,3.950943352448149e-05,4.000480858897055e-05,-16.940866748606915,-16.894658895463756
192,192,3.942398820372452e-05,3.9898083502377725e-05,-16.950268084538433,-16.906260514013095
193,193,3.9232997523024244e-05,4.1192410495377295e-05,-16.96883871958977,-16.767608796054745
194,194,3.95183789205663e-05,4.033114352128714e-05,-16.939176413910147,-16.859375504609705
195,195,3.923002394416115e-05,3.961494650483426e-05,-16.9700905099115,-16.937190125267207
196,196,3.963013558550114e-05,4.051042790371483e-05,-16.924622185658208,-16.840112557525003
197,197,3.9642571022172374e-05,3.982298154656555e-05,-16.927590726222757,-16.914443137920113
198,198,3.987797831119753e-05,4.169228544158518e-05,-16.89984531195169,-16.71522383874523
199,199,3.99136362792672e-05,3.915536370569546e-05,-16.897186332557133,-16.987868239382344
200,200,3.9530952975481564e-05,4.0057247564331387e-05,-16.93697792739053,-16.888969818268706
201,201,3.9682568236345365e-05,4.042948431130131e-05,-16.92280676895656,-16.84879884499121
202,202,3.9598394126646923e-05,3.932191410919921e-05,-16.930931559567078,-16.96943436098841
203,203,3.9811110929297956e-05,4.051295515015035e-05,-16.906210793718582,-16.839841630999757
204,204,3.956213574205434e-05,3.997879799786269e-05,-16.935067329715704,-16.897483538429846
205,205,4.101744369896532e-05,4.037807450099775e-05,-16.778529845884155,-16.854324813173147
206,206,3.9608688293998224e-05,4.008979416731132e-05,-16.929645814722857,-16.88544259866073
207,207,3.940870723004222e-05,3.9836459396419265e-05,-16.949585156148515,-16.912973542902634
208,208,3.931555260088626e-05,4.314393721104256e-05,-16.96089200341885,-16.566583110920146
209,209,3.948608025087562e-05,3.971247152596908e-05,-16.94417606183074,-16.92651169883753
210,210,3.96770050166506e-05,4.046891569343739e-05,-16.91951500676124,-16.84456518078261
211,211,3.964771321145385e-05,3.986881912217206e-05,-16.92630887118886,-16.909447138788956
212,212,3.9508903504723744e-05,3.959192728966867e-05,-16.943824708912096,-16.939714431031767
213,213,3.904327209009765e-05,3.952197096767026e-05,-16.991073273801444,-16.94739491529706
