,epoch,train_loss,test_loss,train_dbs,test_dbs
0,0,5.7491979870186715e-05,5.1997308458483437e-05,-32.40375315950616,-32.84739350171551
1,1,4.664064436303644e-05,4.288302481750419e-05,-33.3186581735889,-33.68434802594479
2,2,4.068496962214134e-05,3.845461201547694e-05,-33.91298398400775,-34.157717800264564
3,3,3.675827464735683e-05,3.6658431590216135e-05,-34.34492730356461,-34.36546333976912
4,4,3.47720779995818e-05,3.602658752673673e-05,-34.58578465401276,-34.44097086685724
5,5,3.497131995376099e-05,3.541229278581388e-05,-34.56827416868624,-34.51566167690344
6,6,3.3918434842375645e-05,3.525454447203389e-05,-34.69829427316308,-34.535051064814006
7,7,3.341024261992305e-05,3.491957690321693e-05,-34.76543985391772,-34.5765124094817
8,8,3.4019282559045715e-05,3.441520388342293e-05,-34.686143945457175,-34.63969867206728
9,9,3.2487887925601605e-05,3.428522742117486e-05,-34.87712399508483,-34.65613179384249
10,10,3.3502264975056476e-05,3.390160533231928e-05,-34.75493364386708,-34.70499950259076
11,11,3.244686802682952e-05,3.3655130736358265e-05,-34.88940151641468,-34.73668932010769
12,12,3.20747679596906e-05,3.335064636638364e-05,-34.9409000499701,-34.776159585994606
13,13,3.198100335025301e-05,3.274616804111773e-05,-34.95290080898225,-34.855597278321085
14,14,3.126872593618584e-05,3.242453519640932e-05,-35.05355080592375,-34.89846454744722
15,15,3.103906607234937e-05,3.2028335753191064e-05,-35.08631905841494,-34.951858413924285
16,16,3.098425971534338e-05,3.155091355055399e-05,-35.09594734198479,-35.01708275288169
17,17,2.9790471596721338e-05,3.081192890500748e-05,-35.262517595434765,-35.120013268568684
18,18,2.9534887964717237e-05,3.0131314097640204e-05,-35.302119870270346,-35.21702141269911
19,19,2.9216037668466578e-05,2.9618899995847115e-05,-35.34550116351892,-35.29151288562046
20,20,2.8022602752580778e-05,2.9379664594767075e-05,-35.5325888452537,-35.32673380488951
21,21,2.8357234488381792e-05,2.9242197438418915e-05,-35.4668319163746,-35.34710208894114
22,22,2.689518567553323e-05,2.9059133961900923e-05,-35.70599462530636,-35.374375469176144
23,23,2.7252965139137514e-05,2.8792744591268466e-05,-35.63586723393585,-35.41437149152789
24,24,2.7043804742057435e-05,2.8715925222250487e-05,-35.68508226781266,-35.42597400225159
25,25,2.7677754522151236e-05,2.829107085601304e-05,-35.578041132519964,-35.49070827549828
26,26,2.7285783064669267e-05,2.807802966823434e-05,-35.64111258114214,-35.52353585370681
27,27,2.7078152943994208e-05,2.7814697923052957e-05,-35.68107940613526,-35.56445866243731
28,28,2.5078856740890972e-05,2.739660177260368e-05,-36.00801217435172,-35.63023516942544
29,29,2.5999955732444994e-05,2.724864019623247e-05,-35.852857440951205,-35.65375379643682
30,30,2.5348615588544696e-05,2.698154381313974e-05,-35.95647731439953,-35.69653418724958
31,31,2.5295740229434085e-05,2.6760575373804097e-05,-35.97070177535127,-35.73224767087102
32,32,2.534544338353972e-05,2.6409917489601004e-05,-35.96474858943415,-35.78953169585047
33,33,2.6232522847664966e-05,2.628215665218273e-05,-35.80616842868504,-35.81059214425083
34,34,2.5157834991744296e-05,2.616525652181161e-05,-35.994188827796066,-35.82995217082047
35,35,2.527358334453911e-05,2.6017242960637976e-05,-35.979079436319175,-35.85458941353411
36,36,2.5338534974299862e-05,2.591413029126431e-05,-35.9510317411447,-35.87183575976697
37,37,2.447095993346986e-05,2.5900754400553477e-05,-36.11231122975195,-35.87407800181376
38,38,2.491545125952509e-05,2.5757660248353587e-05,-36.03945250890589,-35.89813803542533
39,39,2.3830013832565848e-05,2.5728923566547517e-05,-36.2256388735741,-35.90298597160901
40,40,2.5021227687380045e-05,2.5778708349159723e-05,-36.01000305121685,-35.89459060870837
41,41,2.4716724304376728e-05,2.554921124292856e-05,-36.06582971859809,-35.93342716855005
42,42,2.4206565979408514e-05,2.554790090040402e-05,-36.15657259094554,-35.9336499108946
43,43,2.4883889580582336e-05,2.532730746009436e-05,-36.043703029393455,-35.97131191458863
44,44,2.341233444782382e-05,2.522459745753287e-05,-36.30783319235015,-35.988959696131765
45,45,2.4499706229370222e-05,2.5254312755638047e-05,-36.11461530813155,-35.983846593875256
46,46,2.357178257709878e-05,2.5232357457800964e-05,-36.280505240491415,-35.98762385439172
47,47,2.4143642804119736e-05,2.5126217894323515e-05,-36.174405098436424,-36.005930923114335
48,48,2.3703234040384786e-05,2.5022590259476074e-05,-36.25472577388304,-36.0238794948556
49,49,2.3945282909781527e-05,2.501707718980278e-05,-36.19817170216877,-36.024836453951934
50,50,2.3931763533574228e-05,2.4865602953420756e-05,-36.210420052826905,-36.05121219279469
51,51,2.343803160179097e-05,2.4887372235657256e-05,-36.29764115680856,-36.04741170459565
52,52,2.3712964564803077e-05,2.4764841184246745e-05,-36.2496617506353,-36.06884666745009
53,53,2.2921521356449338e-05,2.467816528606866e-05,-36.39495618825944,-36.08407345301234
54,54,2.3448364783652107e-05,2.4570050108626385e-05,-36.294511034068435,-36.10314171773085
55,55,2.2785550417089307e-05,2.4591575263337673e-05,-36.41942622058992,-36.09933864716926
56,56,2.3628320236967577e-05,2.4441744723222464e-05,-36.2682038257072,-36.12588010075141
57,57,2.317954935391491e-05,2.447654792616193e-05,-36.3485297740118,-36.119700473163945
58,58,2.420026831930148e-05,2.421974769324726e-05,-36.16679267898747,-36.16550599350373
59,59,2.3502289793410903e-05,2.4403868577026417e-05,-36.29372177360877,-36.13261536456498
60,60,2.3550496556821336e-05,2.431290043827367e-05,-36.28033676757445,-36.14883442317868
61,61,2.3131300116164284e-05,2.4501394459787806e-05,-36.34918113854767,-36.115294116813246
62,62,2.3608833272220116e-05,2.425592576496695e-05,-36.26442795141111,-36.15902359162667
63,63,2.3363103105815023e-05,2.4083947209874168e-05,-36.31943644665203,-36.18992547365809
64,64,2.2208458851553624e-05,2.4068327069184498e-05,-36.52998602206015,-36.192743093904525
65,65,2.2877840463704544e-05,2.395874779674494e-05,-36.410615402775484,-36.21256098040492
66,66,2.3286938250242474e-05,2.4042170575979215e-05,-36.333371635264,-36.19746539874037
67,67,2.1932659796427108e-05,2.394697501011634e-05,-36.58904632202123,-36.214695529712515
68,68,2.2570149236137875e-05,2.392697120070041e-05,-36.46872452650455,-36.21832487103053
69,69,2.234791307123534e-05,2.374528948597512e-05,-36.51061747814899,-36.25142745397346
70,70,2.2568794098408464e-05,2.38066122141103e-05,-36.468450938910344,-36.24022616180394
71,71,2.2206395048679323e-05,2.370443306924579e-05,-36.536372582340945,-36.25890641054705
72,72,2.2024616405407458e-05,2.3612726708004056e-05,-36.56904230781545,-36.27574073310511
73,73,2.1740046811584725e-05,2.3644498230025517e-05,-36.623211169217676,-36.26990111861542
74,74,2.2543795661401898e-05,2.3511456579159896e-05,-36.46890099143439,-36.294406786403314
75,75,2.231308077433514e-05,2.3632862729228738e-05,-36.50988050139325,-36.27203881572444
76,76,2.2336715850655047e-05,2.341873148811589e-05,-36.50554327000001,-36.311568468226994
77,77,2.251857998642888e-05,2.3421488022952536e-05,-36.47437380553786,-36.311057305861574
78,78,2.2570221208110354e-05,2.3380122672135355e-05,-36.464842774160864,-36.318734284500984
79,79,2.2666313467648112e-05,2.3330173031641416e-05,-36.4474421278587,-36.328022541482184
80,80,2.1824175540310423e-05,2.3386059374867107e-05,-36.60973991598589,-36.31763165985296
81,81,2.1794212349875322e-05,2.3181930182066647e-05,-36.619178289784884,-36.35570620448722
82,82,2.237767039707588e-05,2.3163632871920097e-05,-36.50833594854496,-36.35913540923501
83,83,2.2283905646994772e-05,2.307071908465954e-05,-36.52366815980642,-36.37659082829649
84,84,2.286944654020097e-05,2.3195110196339603e-05,-36.405332713918106,-36.3532377383766
85,85,2.2247452855565627e-05,2.3178426042585143e-05,-36.53870396378327,-36.35636272594972
86,86,2.253406914063554e-05,2.289338762669726e-05,-36.47453284630829,-36.41010152230517
87,87,2.1939502318870375e-05,2.301579240194865e-05,-36.59051119774744,-36.38694282315815
88,88,2.2632048770451686e-05,2.283851082259054e-05,-36.44349292837535,-36.42052431490957
89,89,2.117143729677635e-05,2.2768444882546502e-05,-36.75067990807815,-36.43386845270606
90,90,2.1861845620076135e-05,2.264249355663962e-05,-36.61074591029047,-36.45795961134573
91,91,2.1711047966820524e-05,2.2750542580309374e-05,-36.62431000348286,-36.43728455306733
92,92,2.1266121124070422e-05,2.2635990956730796e-05,-36.717864333593525,-36.459207022034576
93,93,2.0395809469940188e-05,2.263563524856612e-05,-36.90734424576138,-36.45927526879576
94,94,2.1467439623425963e-05,2.2551929520743312e-05,-36.684587424828486,-36.47536508353281
95,95,2.2530911543803197e-05,2.249354589653912e-05,-36.4747858661257,-36.48662290678308
96,96,2.1569296907343705e-05,2.2639697291244948e-05,-36.66287185183837,-36.458495982316144
97,97,2.2387683221148616e-05,2.2444446298514347e-05,-36.50732394608467,-36.49611318079382
98,98,2.1946632054114724e-05,2.242187302296148e-05,-36.592613400577164,-36.5004832517007
99,99,2.1257655678653594e-05,2.2342180033631036e-05,-36.72095427097506,-36.51594666920395
100,100,2.135131061428164e-05,2.242964709646338e-05,-36.7025623261243,-36.49897773427404
101,101,2.1301686304928037e-05,2.218869059633059e-05,-36.71880117720115,-36.54588539651469
102,102,2.139003446086228e-05,2.2289234230380605e-05,-36.70034600692291,-36.52625065860567
103,103,2.13968280206114e-05,2.21057498971564e-05,-36.69775574013127,-36.562149618242714
104,104,2.1147165189739606e-05,2.209126605042624e-05,-36.7500523572577,-36.56499607961662
105,105,2.078454315441255e-05,2.2060266689406587e-05,-36.81219627904007,-36.57109455584616
106,106,2.1154086472548798e-05,2.2101093571492176e-05,-36.74020270479091,-36.563064506703746
107,107,2.097285924560076e-05,2.195845105521393e-05,-36.786322713961454,-36.5911851215067
108,108,2.1072031091703655e-05,2.2009759576528603e-05,-36.76702087276907,-36.58104915396281
109,109,2.0856824064430465e-05,2.197908839949186e-05,-36.80472599214892,-36.58710538217156
110,110,2.086479023476095e-05,2.1770801427728177e-05,-36.79686681628559,-36.628457973589754
111,111,2.0283978292073444e-05,2.180711965736823e-05,-36.92947805249868,-36.62121907371376
112,112,2.099833568301863e-05,2.1770158654314736e-05,-36.77767031797819,-36.6285861990336
113,113,2.1009520395702714e-05,2.1606213809527137e-05,-36.77634098555893,-36.66141544519944
114,114,2.0592618385148618e-05,2.1851656464078634e-05,-36.856115472199455,-36.61235849729658
115,115,2.0526034746843525e-05,2.1636943912246926e-05,-36.879949675135094,-36.65524294670986
116,116,2.0358846255082435e-05,2.1631868309525186e-05,-36.91334250488123,-36.65626183590571
117,117,2.0695595200786838e-05,2.157572386127676e-05,-36.84066081307992,-36.66754838836661
118,118,2.0628494266273583e-05,2.1429715305107255e-05,-36.85924913141106,-36.69703812507313
119,119,2.08917582903709e-05,2.141275983472281e-05,-36.80185955431236,-36.70047567978324
120,120,2.078159333492651e-05,2.1414985224653622e-05,-36.82066741244349,-36.700024348728306
121,121,2.046240695694296e-05,2.1300371420358333e-05,-36.889358300536216,-36.723330375469445
122,122,2.009470515930065e-05,2.1248806038592622e-05,-36.96459604667848,-36.73385681713491
123,123,2.0222908498214667e-05,2.1261701428892066e-05,-36.939675508215444,-36.73122198760477
124,124,2.0568574973836314e-05,2.1183900475750162e-05,-36.86353719010201,-36.74714286560407
125,125,2.0502708279890773e-05,2.1186126392230537e-05,-36.88455372033375,-36.74668655093214
126,126,2.060733799432277e-05,2.1203599221495862e-05,-36.86179614698422,-36.74310627120489
127,127,2.0120888517883885e-05,2.1067549057893064e-05,-36.96289489133439,-36.771062000699246
128,128,1.981483566532447e-05,2.1009176539097863e-05,-37.024712266809864,-36.7831118352389
129,129,1.9990671267036887e-05,2.097710986211161e-05,-36.99422628418558,-36.78974561248835
130,130,2.056013736645835e-05,2.101156831869096e-05,-36.86967457271968,-36.78261744291728
131,131,2.0026865855733067e-05,2.0947847827444905e-05,-36.98092729266141,-36.79580803589865
132,132,2.0441581394142932e-05,2.096864916797801e-05,-36.89916254964522,-36.79149760501875
133,133,2.033437737839815e-05,2.076629569178055e-05,-36.92042920816989,-36.83361180311173
134,134,2.0021792056702662e-05,2.092809752771006e-05,-36.98697826578624,-36.799904634437034
135,135,1.9605406742277747e-05,2.075722534898791e-05,-37.068011035103474,-36.83550913733953
136,136,1.927050668678724e-05,2.0725880140640872e-05,-37.14380295514707,-36.842072316951736
137,137,1.9201697186778718e-05,2.07111239241816e-05,-37.153970810618915,-36.84516546704671
138,138,1.995792244435e-05,2.064430459301404e-05,-37.003349625671255,-36.85919955790422
139,139,1.9665292420915985e-05,2.0727798982989043e-05,-37.055892672970316,-36.84167025727372
140,140,1.94939175156664e-05,2.0692068143321912e-05,-37.097367446849184,-36.849163140002254
141,141,1.9751126302187765e-05,2.0636802841373108e-05,-37.04600911932191,-36.860777989094956
142,142,1.978178089612089e-05,2.0577747004848023e-05,-37.03940490586215,-36.87322390519774
143,143,1.9651259283340758e-05,2.0524307298106387e-05,-37.06891379003704,-36.88451705500431
144,144,1.8533146524617025e-05,2.0593882111011464e-05,-37.30871400473808,-36.86981991653811
145,145,1.9138256190212675e-05,2.053788806446583e-05,-37.18333162379652,-36.881644314249506
146,146,1.9590348097856984e-05,2.0459133147118048e-05,-37.08724260477821,-36.89832985241205
147,147,1.940634473678224e-05,2.0443514011659364e-05,-37.11717324645355,-36.901646657138734
148,148,1.9339437759046313e-05,2.0526762120042757e-05,-37.129335441273156,-36.88399764557727
149,149,1.9675049958264543e-05,2.0464771679192046e-05,-37.06676345621213,-36.89713310279021
150,150,1.9434407758379485e-05,2.0443023650410685e-05,-37.11090888812024,-36.90175082892565
151,151,1.950156020592255e-05,2.0355949537157646e-05,-37.09521602597058,-36.92028848385367
152,152,1.9484497100812714e-05,2.0438335636036325e-05,-37.10629857525784,-36.90274687153203
153,153,2.008249849336373e-05,2.0376369177124854e-05,-36.980799121007585,-36.91593413429389
154,154,1.910935123905614e-05,2.0418153134845563e-05,-37.18235739333558,-36.907037572899085
155,155,2.005818150229464e-05,2.032729877866682e-05,-36.97821895751836,-36.926405433156894
156,156,1.894177955936235e-05,2.022241786012034e-05,-37.22158991959307,-36.948871338978385
157,157,1.9718864293572177e-05,2.0217375812966277e-05,-37.05223467422745,-36.949954298642105
158,158,1.910371019661885e-05,2.0284192319913447e-05,-37.18623174131805,-36.93562494403678
159,159,1.8788117363469282e-05,2.026870831622019e-05,-37.26380737698505,-36.938941410964205
160,160,1.9287914180973323e-05,2.0293500471636532e-05,-37.14780894724542,-36.93363248033426
161,161,1.900539970763217e-05,2.0274618930814443e-05,-37.20310647581065,-36.937675137327865
162,162,1.9353768920220467e-05,2.0151688659098e-05,-37.136843819510645,-36.96408769212408
163,163,1.9227801044273537e-05,2.0262199684925452e-05,-37.15893341032311,-36.94033622929902
164,164,1.9496983094137887e-05,2.010269327001879e-05,-37.106110708744936,-36.97465967788248
165,165,1.887538552726199e-05,2.030704193825123e-05,-37.23808567752173,-36.93073548236495
166,166,1.9381506230199673e-05,2.0242444981321522e-05,-37.131439128745555,-36.944572464189
167,167,1.9402554722340208e-05,2.018701209300688e-05,-37.12262738169687,-36.95648170776485
168,168,2.025559163100588e-05,2.0168617227586527e-05,-36.934234450374305,-36.960440902174746
169,169,1.9166510440103145e-05,2.0115436152417188e-05,-37.18241962719092,-36.97190760374386
170,170,1.927393022174563e-05,2.0245358475796438e-05,-37.14763187333587,-36.94394742925618
171,171,1.8714578941070774e-05,2.014419011462259e-05,-37.27531274005937,-36.96570402442637
172,172,1.876094392145271e-05,2.0089713200975796e-05,-37.262571901954004,-36.97746477120782
173,173,1.9938225264435385e-05,2.009272726641747e-05,-37.003129239682366,-36.976813246822225
174,174,1.928403243883369e-05,2.0050866288855967e-05,-37.14126505091216,-36.98587073098921
175,175,1.930620249733749e-05,2.0076175563812476e-05,-37.14388694432582,-36.98039229081288
176,176,1.8819434097674003e-05,2.011524180775986e-05,-37.253738267253105,-36.9719495631721
177,177,1.9531378289759662e-05,2.0108898034346855e-05,-37.09532771361995,-36.97331942008955
178,178,1.9222508563336642e-05,2.009118155623774e-05,-37.1653925313473,-36.97714735737626
179,179,1.8939324655013816e-05,1.987757858794219e-05,-37.22528547494784,-37.02356734803791
180,180,1.9014050774354266e-05,2.0099340633207346e-05,-37.20327159324737,-36.97538403509978
181,181,1.9412732268092534e-05,1.992754254101065e-05,-37.12497500300208,-37.012664690343435
182,182,1.8942349962560104e-05,2.005717770340485e-05,-37.222382289519956,-36.98450391662412
183,183,1.8698492736409217e-05,2.0049326274985153e-05,-37.281755798358006,-36.98620430521103
184,184,1.8954786477498255e-05,2.0049764555695122e-05,-37.22439733593477,-36.98610936894693
185,185,1.8748497223924395e-05,1.994483830601798e-05,-37.26428298140754,-37.00889694153359
186,186,1.8730947389129368e-05,1.9952470737687117e-05,-37.273594620163124,-37.007235314182125
187,187,1.947163829904592e-05,1.9968491917672126e-05,-37.110572091034214,-37.00374947117043
188,188,1.8858069366971678e-05,1.9888426849272372e-05,-37.247370897745625,-37.021197816525245
189,189,1.912439109350389e-05,2.000401965281191e-05,-37.18072923053456,-36.99602941417002
190,190,1.8480774341106114e-05,1.996708751424816e-05,-37.33156142510069,-37.004054925437686
191,191,1.9043818076507826e-05,1.9914977249419807e-05,-37.19706450380178,-37.01540399348542
192,192,1.912314953947363e-05,1.999049489217884e-05,-37.18674637137978,-36.99896668154417
193,193,1.862163529593315e-05,1.9970273139111477e-05,-37.29421555255347,-37.00336209081875
194,194,1.9378872389800742e-05,1.9908866067309743e-05,-37.12503209180261,-37.016736889794814
195,195,1.9341215952455557e-05,2.00034098126803e-05,-37.13089117838359,-36.9961618146804
196,196,1.9581764933821797e-05,1.9881728564398242e-05,-37.08512646521411,-37.022660736725726
197,197,1.9457929897960395e-05,1.9818721212734664e-05,-37.11582252770392,-37.03644585416141
198,198,1.794831779389102e-05,1.987723384158208e-05,-37.45049129442566,-37.02364267046189
199,199,1.889711743434915e-05,1.9903497367953316e-05,-37.23812674883047,-37.01790818248806
200,200,1.9479960878784696e-05,1.98208617803175e-05,-37.10535850845234,-37.03597680952467
201,201,1.861931485615697e-05,1.9872002140848627e-05,-37.29112163910975,-37.02478588678616
202,202,1.9246968307568976e-05,1.9717519918278987e-05,-37.1607223463867,-37.058679257478275
203,203,1.8643134231733148e-05,1.9820033469984894e-05,-37.28955420568916,-37.03615830421823
204,204,1.9111644553387243e-05,1.9806322502278673e-05,-37.19492311749097,-37.03916367663157
205,205,1.878845617368628e-05,1.9716260172380746e-05,-37.25616970284599,-37.058956735666335
206,206,1.8743406753949868e-05,1.985573606744813e-05,-37.27138883912769,-37.02834222632796
207,207,1.9077813685163566e-05,1.9850223284983688e-05,-37.19321606502391,-37.02954817679921
208,208,1.893533247958967e-05,1.9783770863126082e-05,-37.22028094031761,-37.04411140606012
209,209,1.8696079856341648e-05,1.977483962515467e-05,-37.277624558947565,-37.04607243926405
210,210,1.8642711316696824e-05,1.9776030297323717e-05,-37.29010804150314,-37.0458109520432
211,211,1.847706959413643e-05,1.9778847146019535e-05,-37.3311088658813,-37.04519239780863
212,212,1.8948051847380073e-05,1.9734569641035416e-05,-37.221228742968925,-37.0549255394599
213,213,1.8419732516553475e-05,1.9779329226079617e-05,-37.3513349105931,-37.045086546260784
214,214,1.838144698078545e-05,1.9881860345393714e-05,-37.351827741710785,-37.022631950712835
215,215,1.9346191263523615e-05,1.9824971020984538e-05,-37.126554604169925,-37.03507652799352
216,216,1.879714459532478e-05,1.979252460602622e-05,-37.269716845622106,-37.04219020436377
217,217,1.87755900490807e-05,1.9734849382458425e-05,-37.262285796312355,-37.05486397779551
218,218,1.9114221236263474e-05,1.972812261603969e-05,-37.18918571771107,-37.05634455435478
219,219,1.8273052624000727e-05,1.975117701428979e-05,-37.378848481626285,-37.051272327048075
220,220,1.8937472661266455e-05,1.9728580570556102e-05,-37.22948717777815,-37.05624374151266
221,221,1.899188561962087e-05,1.9692902720922384e-05,-37.21346832659355,-37.06410478384739
222,222,1.8273154674932004e-05,1.9716414068457916e-05,-37.37844424832457,-37.05892283676478
223,223,1.8524123821482565e-05,1.9610556017524733e-05,-37.317413469116055,-37.08230306581305
224,224,1.8993961508460846e-05,1.9695906734054197e-05,-37.21559781934112,-37.063442348832325
225,225,1.8791422589106568e-05,1.9618121721003645e-05,-37.260433607917,-37.08062789167884
226,226,1.9161086916919322e-05,1.9640998480578053e-05,-37.176294307097876,-37.075566519177116
227,227,1.918162007248461e-05,1.950046187534769e-05,-37.17709599993016,-37.10675316059482
228,228,1.8591515250478814e-05,1.9545944604416083e-05,-37.30032076083657,-37.09663550369831
229,229,1.87146227187075e-05,1.9680713481456653e-05,-37.278322178864286,-37.066793751800176
230,230,1.861319843865391e-05,1.958507441725631e-05,-37.28978997485023,-37.08794987890061
231,231,1.8950335194774396e-05,1.966440681587157e-05,-37.21949891744414,-37.070393636733215
232,232,1.8902961941065085e-05,1.969350442346982e-05,-37.23360997114982,-37.06397209030408
233,233,1.820912392262115e-05,1.9589669806775516e-05,-37.399989629153815,-37.08693098146601
234,234,1.8798122452148934e-05,1.950443919141483e-05,-37.262896988837,-37.10586746347498
235,235,1.877507050257637e-05,1.9524751463139085e-05,-37.27089622221516,-37.10134699652536
236,236,1.8765803707941176e-05,1.9600499255925808e-05,-37.26667716492803,-37.08453080293133
237,237,1.818224451930404e-05,1.9585734040255804e-05,-37.40934274746395,-37.08780361149377
238,238,1.8437459562171836e-05,1.9585850072632494e-05,-37.3369654525453,-37.087777882526176
239,239,1.8395087572946405e-05,1.949392691657474e-05,-37.35612686783206,-37.10820880416255
240,240,1.8480318543617013e-05,1.9442988033054126e-05,-37.32854128170253,-37.11957205093071
241,241,1.849815108124455e-05,1.9442201224400808e-05,-37.32543821539579,-37.11974780250246
242,242,1.8299903326665445e-05,1.9387867340762904e-05,-37.38011443390375,-37.131901745112884
243,243,1.8234101750665302e-05,1.9466739152113932e-05,-37.39739601660031,-37.11427004447933
244,244,1.8493171138316874e-05,1.9372404734129207e-05,-37.33234520875723,-37.135366800817394
245,245,1.8039384110696908e-05,1.94678183393798e-05,-37.436370204524366,-37.114029289168464
246,246,1.829111666084668e-05,1.9485342626897984e-05,-37.37630650317784,-37.11012167207496
247,247,1.849442317497679e-05,1.9440801224845927e-05,-37.33092276720173,-37.12006054176811
248,248,1.8282464919035737e-05,1.9322002931164062e-05,-37.37075027157459,-37.14668070306117
249,249,1.8782425445586097e-05,1.945442512040149e-05,-37.261855087818326,-37.11701812064874
250,250,1.8618634188446916e-05,1.9486658043445603e-05,-37.300133859708,-37.10982849844341
251,251,1.7987795058381624e-05,1.9308016721640198e-05,-37.450308080488554,-37.14982547696445
252,252,1.846281834660499e-05,1.940529278056745e-05,-37.34066995242245,-37.12800014347116
253,253,1.8711687498017856e-05,1.941110315927194e-05,-37.280774493060335,-37.12669996329375
254,254,1.8427575745703244e-05,1.9316360904715685e-05,-37.35379603824744,-37.14794902849085
255,255,1.8072912970422192e-05,1.93419824714319e-05,-37.424143116999645,-37.14219228585779
256,256,1.8970106906373385e-05,1.9344539491851864e-05,-37.21918804767358,-37.14161818417908
257,257,1.7999855080018176e-05,1.932575483614959e-05,-37.45127842600832,-37.1458374812387
258,258,1.841452123380336e-05,1.9302483212270187e-05,-37.34827845952444,-37.151070305498415
259,259,1.80523075615974e-05,1.9389708062303007e-05,-37.42774110389251,-37.13148943712308
260,260,1.9129823280327963e-05,1.9239577819749493e-05,-37.180495264845526,-37.165246760197675
261,261,1.8016823532045385e-05,1.915319166743613e-05,-37.44461750811627,-37.18479059257935
262,262,1.8366613178456937e-05,1.9248782145472144e-05,-37.36174911998971,-37.1631695670147
263,263,1.8168836335856204e-05,1.914978733303111e-05,-37.40737334247819,-37.18556258665872
264,264,1.7966774216755268e-05,1.9164282859587967e-05,-37.461012102738344,-37.18227641660963
265,265,1.8394253875720604e-05,1.9256692691047456e-05,-37.35644577300014,-37.16138514214778
266,266,1.7639340803350596e-05,1.9306632327099675e-05,-37.529067289476956,-37.15013687946314
267,267,1.8130197784876616e-05,1.9167777999858738e-05,-37.40632911846103,-37.18148443198723
268,268,1.810704693478741e-05,1.9096059412205297e-05,-37.421522894222946,-37.197764567722835
269,269,1.8012479682211144e-05,1.9174216887270296e-05,-37.44667028967687,-37.18002578420067
270,270,1.8389567249522368e-05,1.9071724445415096e-05,-37.36156839545374,-37.2033025068737
271,271,1.8626504993100997e-05,1.9044986737227238e-05,-37.291841422014244,-37.20939539404526
272,272,1.8275831664759982e-05,1.895874040775724e-05,-37.38242835504541,-37.22910733920986
273,273,1.7666609639172277e-05,1.900702146055042e-05,-37.51807956358953,-37.21806148890679
274,274,1.8042145045948235e-05,1.8925217007467598e-05,-37.43490955075742,-37.236793458904785
275,275,1.8215469832828547e-05,1.8933945715329365e-05,-37.38319998488408,-37.23479086325657
276,276,1.7971512027815124e-05,1.892113715783987e-05,-37.45259323204757,-37.23772980071432
277,277,1.796969767027119e-05,1.8896691950718186e-05,-37.459707626545715,-37.24334430598381
278,278,1.8025289558788725e-05,1.8820064772291134e-05,-37.452761398071075,-37.26099100174096
279,279,1.8206563826302936e-05,1.878468619428244e-05,-37.398243800614495,-37.26916269565993
280,280,1.813308063929915e-05,1.870561046464565e-05,-37.42375703567601,-37.28748327832915
281,281,1.778174641772567e-05,1.862125004424199e-05,-37.49870006390313,-37.30711382156357
282,282,1.7640505022202504e-05,1.8605427277706393e-05,-37.53564776172354,-37.31080565822642
283,283,1.7973357664475808e-05,1.8503987839243275e-05,-37.46073640521756,-37.33454879616649
284,284,1.7949807133658226e-05,1.8346711936158643e-05,-37.463001312168956,-37.37161971855866
285,285,1.6968596805641355e-05,1.8341429399458176e-05,-37.70990833809891,-37.37287035512503
286,286,1.7202112936389575e-05,1.8282801073311067e-05,-37.64587334067337,-37.38677480032414
287,287,1.8013748671102203e-05,1.82945571060899e-05,-37.439166645272294,-37.38398313870895
288,288,1.7836642758449726e-05,1.8151437296565793e-05,-37.487407651743695,-37.41809194218272
289,289,1.7906647850189254e-05,1.8197078229844154e-05,-37.47064094262972,-37.40718551830163
290,290,1.7396387239883908e-05,1.809971792298663e-05,-37.59438371821511,-37.4304840734992
291,291,1.7351788573222685e-05,1.809514225514201e-05,-37.608196478212015,-37.4315821229442
292,292,1.738855462463107e-05,1.8002737162628602e-05,-37.595669636608086,-37.45381673067358
293,293,1.746337411251008e-05,1.7988133166861525e-05,-37.57426934888211,-37.45734119955439
294,294,1.7144572047607316e-05,1.7892576914547182e-05,-37.656268504509825,-37.48047321177425
295,295,1.6800450362800982e-05,1.7794567228472596e-05,-37.750850723360465,-37.50432783722739
296,296,1.717862210405412e-05,1.7884894843614586e-05,-37.6548571248627,-37.48233822956503
297,297,1.711585548374509e-05,1.777487819995976e-05,-37.66308230127323,-37.50913580496909
298,298,1.6981044609565288e-05,1.7818947334920888e-05,-37.70203152885601,-37.49838169712719
299,299,1.6981747386435207e-05,1.7772257706383243e-05,-37.69735498682435,-37.50977611866705
300,300,1.7122532637548613e-05,1.781633359075242e-05,-37.66435572752528,-37.49901878186009
301,301,1.7001032349596535e-05,1.7783097255711543e-05,-37.691281982608956,-37.507128103137205
302,302,1.7151158739504833e-05,1.7717754608862667e-05,-37.661299433785025,-37.523115315564596
303,303,1.6574372417268286e-05,1.7764601053434154e-05,-37.80417737331975,-37.51164755147971
304,304,1.6545132537655647e-05,1.7695474669285193e-05,-37.81238498012499,-37.52857997173379
305,305,1.643799654648882e-05,1.771244966987165e-05,-37.83696870932183,-37.52441584757945
306,306,1.7124217340528256e-05,1.7719911116536852e-05,-37.65980598407816,-37.52258674836636
307,307,1.6669066361518883e-05,1.7789813060325716e-05,-37.78028479801432,-37.505488295264186
308,308,1.7011760552197732e-05,1.762483550823833e-05,-37.69564616601927,-37.54595141530119
309,309,1.6691554161841795e-05,1.7713624641290055e-05,-37.77783457376343,-37.52412776394979
310,310,1.6677263599761027e-05,1.770494365796606e-05,-37.778890456552745,-37.52625664911463
311,311,1.654760944802547e-05,1.763375109332724e-05,-37.80940643417344,-37.543755076841386
312,312,1.6805135010613833e-05,1.7751439947077368e-05,-37.73963556675022,-37.51486626390773
313,313,1.6978667106028745e-05,1.770123737132005e-05,-37.704892000917816,-37.527165880100746
314,314,1.6972303165323293e-05,1.7663587354227755e-05,-37.703752918276216,-37.53641303513187
315,315,1.66267433068589e-05,1.7691784897148243e-05,-37.79062210850415,-37.52948563535624
316,316,1.637859111855805e-05,1.7651824954986007e-05,-37.85284573875681,-37.539306018642186
317,317,1.6772249444929723e-05,1.770213303212873e-05,-37.75507417053781,-37.52694613800132
318,318,1.6896230121834452e-05,1.7677135857459353e-05,-37.72901641188838,-37.533083142619745
319,319,1.6508077304437037e-05,1.77128417578244e-05,-37.824167448803784,-37.5243197119501
320,320,1.6283322898725038e-05,1.7598031742014236e-05,-37.88080631519766,-37.5525611724965
321,321,1.6859196932142068e-05,1.756971448087011e-05,-37.72683769792384,-37.55955509973734
322,322,1.7120642088726882e-05,1.7682729393479684e-05,-37.663951746560414,-37.531709131813436
323,323,1.6380798255922106e-05,1.7629186865968605e-05,-37.85118840033316,-37.54487932733314
324,324,1.710114767924959e-05,1.763371581450644e-05,-37.66992080303223,-37.54376376552733
325,325,1.65152914164115e-05,1.7641323929159337e-05,-37.81910410616193,-37.5418903942786
326,326,1.6941225918888393e-05,1.766297138697394e-05,-37.71577667187556,-37.53656448559233
327,327,1.6716918572015368e-05,1.7593626676228413e-05,-37.765821099212005,-37.5536484163828
328,328,1.6642876645848972e-05,1.7575579429256705e-05,-37.78967797856889,-37.55810562274556
329,329,1.7451077153439365e-05,1.7545886006892513e-05,-37.58788531595947,-37.56544910479792
330,330,1.6454822536016043e-05,1.7627343798889533e-05,-37.828325430526704,-37.54533339008285
331,331,1.6543581905446528e-05,1.756820065087308e-05,-37.81695775660555,-37.55992930976783
332,332,1.68845758473497e-05,1.7503080686621713e-05,-37.735117291976906,-37.57605719136157
333,333,1.6883784343177074e-05,1.7560972609269237e-05,-37.73289189025846,-37.56171648454964
334,334,1.6508177798913466e-05,1.748734901316072e-05,-37.82818361718188,-37.57996236171483
335,335,1.670013809472817e-05,1.7393778810066196e-05,-37.772752128743974,-37.603262709430766
336,336,1.6421208558838152e-05,1.7497015170719304e-05,-37.84701221493866,-37.5775624558748
337,337,1.6633261917921062e-05,1.7476314879834382e-05,-37.790660224407105,-37.58270352945398
338,338,1.6998834579090287e-05,1.7354016371858672e-05,-37.69198238481255,-37.61320211131088
339,339,1.6842728224012897e-05,1.732964454659898e-05,-37.73974721770854,-37.61930559098173
340,340,1.638508698287643e-05,1.7327341418805237e-05,-37.84918201382046,-37.619882811224954
341,341,1.666295852326997e-05,1.740204415431148e-05,-37.78203907823019,-37.6011994770319
342,342,1.6399340461951576e-05,1.727060120365901e-05,-37.847119709275745,-37.634127579881266
343,343,1.5767321661000678e-05,1.728767026514489e-05,-38.012119814437405,-37.62983743485818
344,344,1.6167968544660773e-05,1.7275093341595493e-05,-37.91412644002525,-37.63299811309564
345,345,1.67973742360662e-05,1.7242581778095644e-05,-37.75320378965268,-37.64117919525278
346,346,1.685700234017916e-05,1.7176319632103276e-05,-37.738872398288436,-37.657901007243694
347,347,1.6840895920357015e-05,1.7123375360633392e-05,-37.735059731250914,-37.67130837032041
348,348,1.626711634072336e-05,1.71026147558893e-05,-37.88130927959297,-37.67657700807577
349,349,1.667123278727474e-05,1.7161560639291756e-05,-37.77804629992661,-37.66163434749682
350,350,1.6828713698262234e-05,1.714475485258797e-05,-37.737228906604734,-37.665889343061735
351,351,1.610116378662834e-05,1.70901308401402e-05,-37.918896766971216,-37.6797482631878
352,352,1.6050489535963297e-05,1.71040542466615e-05,-37.941296639010574,-37.676211487013525
353,353,1.6403846923812753e-05,1.7032788970314677e-05,-37.85706661462372,-37.69434448251906
354,354,1.582351472551608e-05,1.697263245372788e-05,-37.99821107024925,-37.7097100738649
355,355,1.6806269591189946e-05,1.7018827891565468e-05,-37.74951581820032,-37.697905676001604
356,356,1.6077907922717902e-05,1.6944927569726898e-05,-37.941367433735834,-37.71680497155864
357,357,1.631510332520792e-05,1.6914462943723745e-05,-37.88617958061424,-37.72462001036234
358,358,1.5758261921741766e-05,1.6932956273912598e-05,-38.02131718319608,-37.71987427066467
359,359,1.6500312985672937e-05,1.7027667031231287e-05,-37.81942043313286,-37.69565064817769
360,360,1.678751379454907e-05,1.6824663314190203e-05,-37.75459335640704,-37.74773831839262
361,361,1.6259454851117963e-05,1.6821154962312185e-05,-37.89658508316844,-37.748644022545335
362,362,1.6570124889486325e-05,1.6905613656011776e-05,-37.800594029905625,-37.726892741412165
363,363,1.6292178845537117e-05,1.6696394643651346e-05,-37.87812252041186,-37.78097512599943
364,364,1.5649234491010968e-05,1.6591288840572815e-05,-38.058127377318925,-37.8084008986653
365,365,1.5659295724580044e-05,1.660874060785557e-05,-38.06187743500096,-37.80383511540886
366,366,1.5928453733780322e-05,1.6648221533518825e-05,-37.97741074758598,-37.79352367677656
367,367,1.583475424228812e-05,1.659901796588919e-05,-38.001970015111596,-37.806378189712895
368,368,1.6171265294182487e-05,1.6792821378131568e-05,-37.91138833082192,-37.75596545459003
369,369,1.5438545036436292e-05,1.6586628063171366e-05,-38.11923698306891,-37.80962107769342
370,370,1.6321836502009826e-05,1.6794908094054433e-05,-37.88434898657998,-37.75542582346522
371,371,1.5331144494826056e-05,1.6310790957313177e-05,-38.14971637851178,-37.88245192219102
372,372,1.5477744876914155e-05,1.6709050358162802e-05,-38.10309262961632,-37.77768446051689
373,373,1.554530034312491e-05,1.6173997784407173e-05,-38.0811046065315,-37.91902834679644
374,374,1.569107378825195e-05,1.6651874447186282e-05,-38.03742739285162,-37.79257086255288
375,375,1.5110078418297939e-05,1.6212615025180737e-05,-38.20543249318368,-37.90867143629072
376,376,1.5599810120472012e-05,1.611175469550194e-05,-38.071337922865276,-37.93577372917835
377,377,1.5439942489109918e-05,1.6041163498333556e-05,-38.11758091916778,-37.95484348606584
378,378,1.4784367775383103e-05,1.67855714129186e-05,-38.299631487137965,-37.757840839129436
379,379,1.534568126743645e-05,1.667181507065451e-05,-38.13852726573091,-37.78737329655889
380,380,1.535707537017909e-05,1.5930114434587794e-05,-38.13630872319505,-37.98501318379078
381,381,1.528419139016403e-05,1.592416308420453e-05,-38.16311317100373,-37.98663597285569
382,382,1.4677578695499478e-05,1.6584810701284657e-05,-38.32291031236662,-37.810096951076794
383,383,1.5418135365873296e-05,1.6653359316957283e-05,-38.128687522697476,-37.792183613658075
384,384,1.5321203905260357e-05,1.639968204950779e-05,-38.152745261573095,-37.85884785761293
385,385,1.57220648858485e-05,1.6357408496428672e-05,-38.035553797499,-37.87005714434671
386,386,1.4869624821360573e-05,1.5691677857064763e-05,-38.274381458140866,-38.05050830279592
387,387,1.4728229786866445e-05,1.6217156993853248e-05,-38.318407122076444,-37.907454929469026
388,388,1.4766146620983359e-05,1.5604441087864535e-05,-38.302431598325924,-38.074719960270194
389,389,1.4867847499941096e-05,1.558969827448508e-05,-38.281355226182214,-38.07882504097191
390,390,1.4737390301888809e-05,1.561520960086981e-05,-38.30735973580456,-38.07172395880394
391,391,1.4864886813399804e-05,1.617687686168785e-05,-38.272298852725456,-37.91825534304124
392,392,1.4839709224689454e-05,1.5692276878996237e-05,-38.28229537266199,-38.0503425162202
393,393,1.4636780150860582e-05,1.5538258738065213e-05,-38.34825894444549,-38.09317865058737
394,394,1.4386566091189642e-05,1.559331265429807e-05,-38.42183158254465,-38.07781827147239
395,395,1.4533639598047342e-05,1.6585444523355508e-05,-38.37686738625774,-37.80993097983175
396,396,1.4395511084096387e-05,1.626940631563469e-05,-38.41771040147587,-37.89348508508597
397,397,1.4606741650513681e-05,1.549020386224392e-05,-38.35575580843948,-38.10663080537357
398,398,1.4800978570962901e-05,1.535893007760598e-05,-38.29698055212437,-38.143592507133285
399,399,1.4656602550380786e-05,1.5565882677037735e-05,-38.34559125193937,-38.08546461195936
400,400,1.4004518196032354e-05,1.541738842398014e-05,-38.542151335019206,-38.12709399852626
401,401,1.4496642675628218e-05,1.538982838897745e-05,-38.38899421632119,-38.134864368948485
402,402,1.4558395349988282e-05,1.529189237197371e-05,-38.3697404996296,-38.162589812740265
403,403,1.4354335239799766e-05,1.5368305196859995e-05,-38.43582189072159,-38.140942374344455
404,404,1.4838564545909284e-05,1.538377627615486e-05,-38.287585637748855,-38.13657258562651
405,405,1.4858982645706682e-05,1.5412454510959306e-05,-38.27578330546335,-38.128484061538884
406,406,1.4526875376534532e-05,1.541204155249656e-05,-38.37874550006414,-38.12860042716008
407,407,1.4251156178793327e-05,1.5417088194992272e-05,-38.45919462678664,-38.127178571255904
408,408,1.433113034509756e-05,1.5545020926909176e-05,-38.4289331615389,-38.09128902929997
409,409,1.4716442857422511e-05,1.5905001945563862e-05,-38.32501742044771,-37.99186487394442
410,410,1.4375415695522139e-05,1.5361626250715315e-05,-38.42226896375359,-38.14283019469718
411,411,1.4766638263815189e-05,1.524691355083824e-05,-38.308170660263066,-38.175382760831205
412,412,1.4404945516419962e-05,1.5877264271885476e-05,-38.415568261181015,-37.99944540429137
413,413,1.5089243441758936e-05,1.5235993104349626e-05,-38.221075236908256,-38.17849446530642
414,414,1.42650118242582e-05,1.5339029041091346e-05,-38.458280803240946,-38.14922344274033
415,415,1.4479441186680205e-05,1.563918766279178e-05,-38.395319485192026,-38.06506022957911
416,416,1.4281200239247014e-05,1.568602218819586e-05,-38.44917689114674,-38.05207388969635
417,417,1.4882800614847753e-05,1.5098520060219974e-05,-38.27402574215191,-38.2178583363479
418,418,1.4451669456545845e-05,1.5305023225664627e-05,-38.40364355253562,-38.158862209784644
419,419,1.4276003030224189e-05,1.5489178478769883e-05,-38.449844297501315,-38.10691829876505
420,420,1.4378626568116291e-05,1.5235915270750411e-05,-38.41971903786928,-38.178516651447325
421,421,1.4555125454000855e-05,1.5755060686435746e-05,-38.37240363248168,-38.033001336036214
422,422,1.481891041228514e-05,1.5641314300745235e-05,-38.29078400654462,-38.06446971020018
423,423,1.448800580452446e-05,1.5149969026663856e-05,-38.38684803117811,-38.203084690160814
424,424,1.3956658709578255e-05,1.5708572151963478e-05,-38.54233450163799,-38.04583502805701
425,425,1.4667270398163477e-05,1.5075760003176248e-05,-38.33220425232049,-38.22440998830827
426,426,1.4858127186241676e-05,1.5157620414117301e-05,-38.280941933967746,-38.20089186949652
427,427,1.4552708298370563e-05,1.5107329904582767e-05,-38.37569253847811,-38.21532500793229
428,428,1.4183686748906111e-05,1.5057363414502776e-05,-38.48161707858662,-38.22971281591669
429,429,1.4406840368933117e-05,1.5066285078845746e-05,-38.418422167554354,-38.22714033223651
430,430,1.44903239471233e-05,1.5389719536822094e-05,-38.38870466357436,-38.13489508667737
431,431,1.4089229517060058e-05,1.566144879018937e-05,-38.50730718459252,-38.05888279198338
432,432,1.4529268463372046e-05,1.5053729600224056e-05,-38.37584592427464,-38.230761031268024
433,433,1.4311811571236286e-05,1.5047202874771565e-05,-38.438365467274046,-38.23264437551039
434,434,1.4437295549120705e-05,1.5000459059496949e-05,-38.403394509891015,-38.24615663976412
435,435,1.4508347966202377e-05,1.5071592554848298e-05,-38.375537713952944,-38.22561069063892
436,436,1.363540689725568e-05,1.5175995174917931e-05,-38.65489270631083,-38.19563034162185
437,437,1.4626992890850123e-05,1.5040430442145167e-05,-38.35494763327125,-38.23459948453302
438,438,1.4175703382562395e-05,1.5015711381381966e-05,-38.483587607086804,-38.24174301890331
439,439,1.4830281421363344e-05,1.5120164885286757e-05,-38.28587000315005,-38.21163686793338
440,440,1.4300696027030708e-05,1.4973899708006924e-05,-38.448080224510036,-38.25385293972716
441,441,1.4430963703264366e-05,1.4988826717997558e-05,-38.4017434426666,-38.249525750996476
442,442,1.396264051248922e-05,1.4998953319215952e-05,-38.55195672203344,-38.24659260476738
443,443,1.3623275297448476e-05,1.5079964309973692e-05,-38.65032439576424,-38.223199002801685
444,444,1.4059718739293568e-05,1.4897651214452803e-05,-38.52571229691742,-38.27602411658292
445,445,1.4326824459634941e-05,1.4907414831548904e-05,-38.439934650336184,-38.27317877131619
446,446,1.4248708165976814e-05,1.4954128920707214e-05,-38.45864545787508,-38.25959093549208
447,447,1.4654685673093874e-05,1.4975521049851331e-05,-38.34375884923513,-38.2533827204046
448,448,1.4412616954209671e-05,1.5001783570991584e-05,-38.40844792939828,-38.24577318307337
449,449,1.4487594150345216e-05,1.4804177369928526e-05,-38.38981521682658,-38.30335934194377
450,450,1.4249028167468328e-05,1.4804325234619778e-05,-38.45479292166605,-38.30331596466101
451,451,1.4397657801008294e-05,1.482870510172736e-05,-38.418867951078525,-38.296169855050806
452,452,1.376649205920649e-05,1.4912274022399766e-05,-38.60491777400602,-38.27176338445413
453,453,1.404893507626803e-05,1.4835810170073896e-05,-38.51572797518145,-38.294089462361306
454,454,1.464888097786767e-05,1.4800449829827381e-05,-38.34159571107564,-38.30445298861909
455,455,1.4261438419574934e-05,1.4845405961463448e-05,-38.466913618194724,-38.29128135680613
456,456,1.4750640973981023e-05,1.4810378831354779e-05,-38.31682711568981,-38.30154046578151
457,457,1.4055835450075318e-05,1.532938203078964e-05,-38.51883683027272,-38.15195566350603
458,458,1.4018723368749729e-05,1.4776856484164263e-05,-38.53214082912887,-38.31138158576423
459,459,1.4136719467378216e-05,1.4789114127205194e-05,-38.4977129617756,-38.30778053568623
460,460,1.401240594354134e-05,1.4785614439460915e-05,-38.53699550428934,-38.308808369351304
461,461,1.4153988596478588e-05,1.4750612966676463e-05,-38.48732684873104,-38.31910146020232
462,462,1.4514435101726535e-05,1.4699995278390002e-05,-38.38574291461299,-38.33403018708824
463,463,1.4366930100578364e-05,1.4711766198161058e-05,-38.422226075209956,-38.33055399557859
464,464,1.3911336178896762e-05,1.4792739660295315e-05,-38.577290321018815,-38.30671599859927
465,465,1.3925214514848008e-05,1.4723345310286325e-05,-38.55803023919543,-38.3271371613945
466,466,1.4099197719635e-05,1.5078934666235e-05,-38.50250309278193,-38.223495544525285
467,467,1.458234134222892e-05,1.4680612558119097e-05,-38.363891966743225,-38.339760367842814
468,468,1.4185456681853165e-05,1.4864541634252467e-05,-38.48432329682719,-38.28568692199793
469,469,1.397949892503375e-05,1.4690031955404648e-05,-38.541081440828265,-38.336974734451395
470,470,1.3920948572142396e-05,1.4614515605085456e-05,-38.56147981202931,-38.35935788625829
471,471,1.3714857804066905e-05,1.4711651889037488e-05,-38.636622956238796,-38.33058774000723
472,472,1.4197675808805123e-05,1.468336966737345e-05,-38.47956171948656,-38.33894481269808
473,473,1.4099737856349279e-05,1.461079567601892e-05,-38.508212076943884,-38.360463465363914
474,474,1.4473154243608678e-05,1.488802646283722e-05,-38.39933095553838,-38.2788308189901
475,475,1.4233420863336542e-05,1.4517398420522162e-05,-38.46461589854798,-38.388314180421006
476,476,1.3906588532167401e-05,1.4531621002932202e-05,-38.56583010390945,-38.38406151394535
477,477,1.3501455608083861e-05,1.4486546445512335e-05,-38.691195816514735,-38.39755350811801
478,478,1.3793927041895341e-05,1.4409231354013747e-05,-38.59603430050634,-38.42079399533902
479,479,1.4220953322439959e-05,1.4355445752076584e-05,-38.47197619698855,-38.437035316084206
480,480,1.366435364766356e-05,1.4566479014894484e-05,-38.64129223354106,-38.37365626447697
481,481,1.3968023952272524e-05,1.4427126619633973e-05,-38.55178689380655,-38.41540370568048
482,482,1.403088284410073e-05,1.4661852602378195e-05,-38.52258578201688,-38.345313647926524
483,483,1.3652243613194646e-05,1.4280686292821835e-05,-38.65296048895589,-38.45971134952044
484,484,1.3856616552055635e-05,1.4217459848671416e-05,-38.58450869848,-38.478982035214834
485,485,1.3740692760545722e-05,1.4201924530329721e-05,-38.62170257724034,-38.483730135041675
486,486,1.3669293910368783e-05,1.4148952734678077e-05,-38.64617552182534,-38.499959181574525
487,487,1.4023253580611727e-05,1.415422148535359e-05,-38.52914292517555,-38.49834226797074
488,488,1.354877014781562e-05,1.4225768848662387e-05,-38.677565984741115,-38.476444662972554
489,489,1.351653705550581e-05,1.4124586749331732e-05,-38.68872428613253,-38.507444636734995
490,490,1.332973425098654e-05,1.4053499303133177e-05,-38.7501258191197,-38.52935737492169
491,491,1.3062851581876718e-05,1.3973323180643523e-05,-38.842432283316775,-38.55420510254567
492,492,1.3729862319488563e-05,1.3965935881730585e-05,-38.61926951472499,-38.55650170119323
493,493,1.3674330476373817e-05,1.3926391243570068e-05,-38.6406975386945,-38.5688162202161
494,494,1.3021791674713987e-05,1.3829141655725452e-05,-38.84813153526017,-38.59924988715812
495,495,1.337602437151591e-05,1.3977824940076588e-05,-38.736647895798605,-38.552806169457774
496,496,1.3625625216104473e-05,1.3752002240308733e-05,-38.648707176595224,-38.62354279533506
497,497,1.3504513479290967e-05,1.3713191085691123e-05,-38.695281733640066,-38.63581686259249
498,498,1.4185221882200363e-05,1.3711336625994208e-05,-38.486387237085864,-38.63640420661021
499,499,1.3006300401478434e-05,1.3716793737809272e-05,-38.85426503726745,-38.63467605850223
