,epoch,train_loss,test_loss,train_dbs,test_dbs
0,0,0.00018183604667692917,0.00016885865203987218,-10.310056415402016,-10.640547682506723
1,1,0.0001565737110627431,0.0001483831790545465,-10.958651966968098,-11.201934148851349
2,2,0.00014022006582739983,0.0001362120490643735,-11.440391470667477,-11.57362560170191
3,3,0.00013046173524944418,0.00012911319821509287,-11.750157873723698,-11.806074473223852
4,4,0.000124317747867815,0.00012338107856186596,-11.960603015570214,-12.003295239259831
5,5,0.00011851376793575329,0.00011737554373930355,-12.171792673319848,-12.220004691905856
6,6,0.00011340837947275374,0.00011329868414721109,-12.359983825225756,-12.373532203384585
7,7,0.0001094557726563713,0.00010976554844283352,-12.5157421946823,-12.511120346378979
8,8,0.0001061880423539779,0.00010696542985418713,-12.645912118547347,-12.623346455532063
9,9,0.00010371922322407307,0.00010486510674175071,-12.749412854916262,-12.709470830764209
10,10,0.00010173096766781792,0.00010300801467995993,-12.833105110052998,-12.787070694298162
11,11,0.0001000613968797777,0.00010118529539077396,-12.90552821419783,-12.864606824668723
12,12,9.835925815535767e-05,9.970168206277059e-05,-12.979866098267488,-12.928756009909561
13,13,9.665474469339014e-05,9.801895028335581e-05,-13.056648244902217,-13.0026803912643
14,14,9.544056146549657e-05,9.686977558119811e-05,-13.110692981153157,-13.053897927225544
15,15,9.439908179272082e-05,9.593751019565389e-05,-13.15665031515695,-13.095896430164062
16,16,9.34378169272959e-05,9.47166339947695e-05,-13.203439910218982,-13.151518304738515
17,17,9.219482428269442e-05,9.383192886353324e-05,-13.257888961381397,-13.19227442301177
18,18,9.112608849764657e-05,9.270107425675776e-05,-13.31064865787943,-13.244933193777664
19,19,9.026018863354243e-05,9.159275175893287e-05,-13.352208859901573,-13.297169794247466
20,20,8.922299930043326e-05,9.048315443674495e-05,-13.401775780089128,-13.350103537098445
21,21,8.837688801577315e-05,8.968635244711645e-05,-13.442913983155439,-13.388517247536164
22,22,8.749574712074372e-05,8.885863682831099e-05,-13.488218160103301,-13.428784398412326
23,23,8.679567743212792e-05,8.769878063743051e-05,-13.522771729963527,-13.485845313439956
24,24,8.585942625884236e-05,8.708472351396554e-05,-13.568682487361572,-13.516361089949182
25,25,8.508401267895398e-05,8.62866903557197e-05,-13.609554532382148,-13.556342749793657
26,26,8.423069572093004e-05,8.555143186209821e-05,-13.652567321860001,-13.593508036651867
27,27,8.362514462223583e-05,8.49400588011026e-05,-13.684231038050871,-13.624655290258536
28,28,8.282821348534667e-05,8.421178331206504e-05,-13.724424656043585,-13.662052220329095
29,29,8.207304244464955e-05,8.32857741012336e-05,-13.765785945189348,-13.710072596743814
30,30,8.165104035348104e-05,8.285393414553255e-05,-13.78811239322572,-13.732649515190218
31,31,8.113348311096545e-05,8.25729439384304e-05,-13.815171972421048,-13.74740317737476
32,32,8.053441144005137e-05,8.202331388785846e-05,-13.847176193320479,-13.776407747519489
33,33,8.014936153728937e-05,8.141289436025545e-05,-13.866413204012211,-13.808848914384523
34,34,7.968861977245716e-05,8.114647866214479e-05,-13.892600303542885,-13.82308407893037
35,35,7.930496910385326e-05,8.067986881973124e-05,-13.915179220192758,-13.848129029214054
36,36,7.887263965346495e-05,8.023977563042488e-05,-13.939068986772556,-13.871883807048878
37,37,7.847268356384767e-05,7.975851775355343e-05,-13.958517587068505,-13.898010119549795
38,38,7.835886883429376e-05,7.95948627024987e-05,-13.966823079347188,-13.906930483886356
39,39,7.762594654683274e-05,7.946574585634823e-05,-14.007478190622052,-13.913981223428777
40,40,7.729161074373045e-05,7.858537719585001e-05,-14.027029571573609,-13.96236344282868
41,41,7.723115661215114e-05,7.834850380037863e-05,-14.029977883906566,-13.975473790451884
42,42,7.675892584771158e-05,7.824249960800731e-05,-14.055256197518155,-13.981353699493367
43,43,7.641689054375111e-05,7.783136626178595e-05,-14.077197438151059,-14.00423432151137
44,44,7.611767402532049e-05,7.803539445280636e-05,-14.092284723405237,-13.992864563428821
45,45,7.571500306588972e-05,7.722661853461575e-05,-14.11592945348411,-14.038110672075755
46,46,7.566784405912819e-05,7.732627732605722e-05,-14.119119138567434,-14.032509836329023
47,47,7.516515051037524e-05,7.68184346318441e-05,-14.145689523055546,-14.061126332471904
48,48,7.490746163254239e-05,7.685947601107488e-05,-14.161393393000063,-14.058806669889455
49,49,7.462333106212606e-05,7.680332553144054e-05,-14.178561752039357,-14.061980612353345
50,50,7.431131969722104e-05,7.640071730987217e-05,-14.198674808066848,-14.084806502357186
51,51,7.434015442976085e-05,7.622736417320802e-05,-14.195817437649739,-14.094671835435584
52,52,7.403842388044985e-05,7.588682829488167e-05,-14.212410101843563,-14.114116845465734
53,53,7.380246056199372e-05,7.518118754409155e-05,-14.2278150310476,-14.154689048839227
54,54,7.367805777640879e-05,7.529654249083251e-05,-14.233268252657219,-14.148030518486358
55,55,7.325856169006432e-05,7.511364827606533e-05,-14.25977920173487,-14.158592301167218
56,56,7.325784163279507e-05,7.493784084401436e-05,-14.258150884739262,-14.168769105543205
57,57,7.301316160460233e-05,7.50458145232283e-05,-14.273228751015495,-14.162516106700178
58,58,7.283173248858297e-05,7.449977075386989e-05,-14.282006964272622,-14.194231499618823
59,59,7.274982845890768e-05,7.46873028171984e-05,-14.28641179833155,-14.18331310283939
60,60,7.234714714811452e-05,7.428063193066536e-05,-14.313517440300046,-14.2070249655315
61,61,7.223134848244786e-05,7.383602228640627e-05,-14.32061103971959,-14.233097941062617
62,62,7.210947536730168e-05,7.383974834259501e-05,-14.326404293462963,-14.232878784509653
63,63,7.18867131487884e-05,7.409894131246562e-05,-14.339101460778998,-14.217660832802295
64,64,7.185667214498702e-05,7.344128971453756e-05,-14.344133386283715,-14.256377913510585
65,65,7.15621164024774e-05,7.341246964642778e-05,-14.359738063516506,-14.258082520428827
66,66,7.135391119986379e-05,7.309344647709575e-05,-14.373135783143171,-14.27699646256773
67,67,7.131756119071218e-05,7.301531150005758e-05,-14.376315861803759,-14.28164143978551
68,68,7.102595382374856e-05,7.316657597824048e-05,-14.392450798982175,-14.272653547678898
69,69,7.076063092867604e-05,7.282120580049722e-05,-14.408131016734114,-14.293202204615111
70,70,7.081166006979945e-05,7.257020019766826e-05,-14.405697379407322,-14.308197651669092
71,71,7.069598021977053e-05,7.263074995104322e-05,-14.414477529091748,-14.304575578222785
72,72,7.046564586716224e-05,7.230405715649555e-05,-14.426289368585758,-14.324154190299787
73,73,7.021801607574086e-05,7.206076942996955e-05,-14.442836377819855,-14.338791913305695
74,74,7.01169553497859e-05,7.21387849281248e-05,-14.44851480390432,-14.334092633365698
75,75,6.993826716951066e-05,7.197922279470061e-05,-14.46161745152336,-14.343709333384906
76,76,6.983594417742443e-05,7.123190727342214e-05,-14.466421185996168,-14.389035133544365
77,77,6.964141334954304e-05,7.128118273900135e-05,-14.477875453746877,-14.386031891716517
78,78,6.95468416151269e-05,7.121967064449564e-05,-14.48368922060995,-14.389781253806511
79,79,6.958383430886447e-05,7.139524486295781e-05,-14.48200787816097,-14.379087989011044
80,80,6.926519469659266e-05,7.11360162791894e-05,-14.50315203154072,-14.394885459224176
81,81,6.929563685319117e-05,7.093757334300072e-05,-14.498159378557421,-14.407017584334056
82,82,6.894249686270414e-05,7.092902715636515e-05,-14.51969449983994,-14.407540831058597
83,83,6.91685339747376e-05,7.066011331564943e-05,-14.508672614409235,-14.424037567625486
84,84,6.85703675604675e-05,7.074263665249179e-05,-14.546052909742198,-14.4189684393524
85,85,6.864936116959218e-05,7.097943460777108e-05,-14.539584299058678,-14.40445550709116
86,86,6.842328606505839e-05,7.034299683015745e-05,-14.553567703280581,-14.443572196589056
87,87,6.835921150698211e-05,7.004721326091768e-05,-14.55930249350962,-14.461872242147042
88,88,6.828364041080632e-05,6.984289862693434e-05,-14.567650725600732,-14.47455831123478
89,89,6.808105419772754e-05,7.0023598183118e-05,-14.57545105155424,-14.463336629762072
90,90,6.813834778833702e-05,6.992553780468083e-05,-14.573360175126366,-14.469422710668187
91,91,6.779686298182944e-05,6.967973106503977e-05,-14.597606480487006,-14.484716205222057
92,92,6.761794362112774e-05,6.93453992808875e-05,-14.607854621137903,-14.505604332214075
93,93,6.756821462612109e-05,6.941280681578639e-05,-14.611088209152951,-14.50138480191433
94,94,6.75851670447881e-05,6.957754406979994e-05,-14.60806282433444,-14.491089912603233
95,95,6.714488110971906e-05,6.881434781366567e-05,-14.637387037967862,-14.538990881118822
96,96,6.724587076382001e-05,6.896420535141308e-05,-14.62846275748854,-14.529543499667223
97,97,6.696641225831045e-05,6.896444277739839e-05,-14.64766768296959,-14.529528548053229
98,98,6.690516714762762e-05,6.870332933766277e-05,-14.653495884420254,-14.54600303010077
99,99,6.67397951699443e-05,6.893509290469075e-05,-14.66455361516681,-14.531377210978873
100,100,6.688132042157675e-05,6.82313170967207e-05,-14.655573737260802,-14.575943316049367
101,101,6.663413210075887e-05,6.866879630251788e-05,-14.670032637206699,-14.548186516285151
102,102,6.650247694816459e-05,6.796377419959754e-05,-14.678666704411327,-14.593005979945083
103,103,6.633189167184083e-05,6.817107274209296e-05,-14.691294523638465,-14.57977958204336
104,104,6.626464389612629e-05,6.788661879622133e-05,-14.693740762330613,-14.597939078598563
105,105,6.606555175541459e-05,6.77806913843501e-05,-14.706530262430498,-14.60472091863728
106,106,6.611189307955804e-05,6.739814604148513e-05,-14.706220506289414,-14.629301360095525
107,107,6.591726406375379e-05,6.770662596528909e-05,-14.716748346277356,-14.609469142549514
108,108,6.581325792514278e-05,6.72394690857465e-05,-14.725258321635348,-14.639538106806071
109,109,6.551955943295885e-05,6.695489527804679e-05,-14.742947423548864,-14.657957512154962
110,110,6.533578408314348e-05,6.747688166797161e-05,-14.757113921129488,-14.624230821452857
111,111,6.533991971494841e-05,6.691670722303618e-05,-14.754624774737843,-14.66043523882824
112,112,6.522708693963293e-05,6.717115435381665e-05,-14.765470173918382,-14.6439527450103
113,113,6.525710679065033e-05,6.674241529636722e-05,-14.761425819132166,-14.671761673338635
114,114,6.497603523534166e-05,6.686416446954306e-05,-14.779957509300903,-14.663846642684513
115,115,6.499624870820739e-05,6.662564804795885e-05,-14.777565139427193,-14.679366400188032
116,116,6.471383020062163e-05,6.64736940770557e-05,-14.796465153384023,-14.689282722640755
117,117,6.453178604115425e-05,6.65857053383278e-05,-14.811499035652538,-14.681970817674069
118,118,6.465769641265782e-05,6.593759098905139e-05,-14.800814507958078,-14.724450100550488
119,119,6.432385548718812e-05,6.64886028971523e-05,-14.820105175399561,-14.688308789657627
120,120,6.443211573569738e-05,6.620104135148914e-05,-14.816896695497231,-14.707132653224736
121,121,6.431665101398224e-05,6.577132482657601e-05,-14.823988770904958,-14.735414964212168
122,122,6.404462831212477e-05,6.580781432842884e-05,-14.84179592104317,-14.73300619488747
123,123,6.397593513367573e-05,6.573707670261348e-05,-14.846262079307508,-14.737676990275258
124,124,6.398753458532006e-05,6.598256425748237e-05,-14.846993614226815,-14.721488969549256
125,125,6.379176125640875e-05,6.567716206374921e-05,-14.85894412099362,-14.74163707848049
126,126,6.37691469800649e-05,6.532819698852683e-05,-14.864033850344892,-14.764774141894657
127,127,6.359818961726953e-05,6.540123132780489e-05,-14.87196984593246,-14.75992161339418
128,128,6.347985738065075e-05,6.54529580252098e-05,-14.880495918673631,-14.756488078628314
129,129,6.345466208961053e-05,6.521664717614553e-05,-14.884178241737466,-14.772196186032136
130,130,6.315869856181737e-05,6.515081986435689e-05,-14.901079951360675,-14.776582010401814
131,131,6.305694977030369e-05,6.482718814176654e-05,-14.909049082314642,-14.798209016985538
132,132,6.294888691027342e-05,6.477173768584372e-05,-14.917688366902027,-14.80192537934611
133,133,6.309849158776732e-05,6.452736565016064e-05,-14.906390458291538,-14.818341510665757
134,134,6.293727455693105e-05,6.492752455462898e-05,-14.919935034452244,-14.791492411750928
135,135,6.275363287470813e-05,6.450435390242522e-05,-14.930785370389865,-14.819890567781488
136,136,6.254950187081405e-05,6.407218174181732e-05,-14.944156327803428,-14.849085737875383
137,137,6.258295631136975e-05,6.41928764755568e-05,-14.943682316697355,-14.840912495207883
138,138,6.247599485879956e-05,6.41739603260679e-05,-14.951135123818062,-14.842192448754457
139,139,6.238507524255144e-05,6.428112254453529e-05,-14.95575687980125,-14.834946340635506
140,140,6.200020656364096e-05,6.387894379593873e-05,-14.98509423128252,-14.86220359628286
141,141,6.219128329941724e-05,6.334887458299483e-05,-14.97153199331531,-14.898391824475741
142,142,6.194364323164336e-05,6.393890783472575e-05,-14.985610945334113,-14.858128726812579
143,143,6.18278667688989e-05,6.354353402122414e-05,-14.996489466333626,-14.885067215522476
144,144,6.18683220683621e-05,6.332885191353086e-05,-14.993662256523566,-14.899764715381519
145,145,6.174091281208508e-05,6.328380588552376e-05,-14.99942350605884,-14.902854966002687
146,146,6.146283576339388e-05,6.32231720756911e-05,-15.021518705980286,-14.907018045615828
147,147,6.164063113866393e-05,6.297734465701261e-05,-15.010414402413478,-14.923937410009474
148,148,6.134818081075527e-05,6.314364681633091e-05,-15.031146024250821,-14.912484256789664
149,149,6.121662354604437e-05,6.329412127869498e-05,-15.038590054681059,-14.902147114571843
150,150,6.10111026467213e-05,6.28337812055466e-05,-15.05463011889793,-14.933848908918497
151,151,6.113782875058626e-05,6.287694007991569e-05,-15.042817988498099,-14.930866878185016
152,152,6.08951702384523e-05,6.250751309715652e-05,-15.06265467532154,-14.956458657751908
153,153,6.0729565392620384e-05,6.283367819330459e-05,-15.072982806598176,-14.933856028923707
154,154,6.060019117772829e-05,6.260554571207122e-05,-15.08366090758863,-14.9496528082551
155,155,6.0535017800032514e-05,6.232681832778708e-05,-15.087833734427496,-14.969031288238519
156,156,6.0512761470799324e-05,6.1984872062519e-05,-15.090003389727348,-14.99292377175335
157,157,6.0522262146216383e-05,6.232957687308571e-05,-15.088311054285068,-14.96883907651933
158,158,6.036256717820412e-05,6.206707736342459e-05,-15.099664325851087,-14.98716790673752
159,159,6.0060114283822766e-05,6.180142334319259e-05,-15.1199597438727,-15.005796089255155
160,160,6.0317759805949425e-05,6.166644322404049e-05,-15.102419291283624,-15.015291862673525
161,161,6.009168878945369e-05,6.218840223338798e-05,-15.119023157604698,-14.978686874197374
162,162,5.9898602539198184e-05,6.204495366546325e-05,-15.13446098706594,-14.988716217560574
163,163,5.9889628508094624e-05,6.160326742438453e-05,-15.136410795005942,-15.019743386642919
164,164,5.9838656561998845e-05,6.165320059823755e-05,-15.138183206314775,-15.016224593121974
165,165,5.987319043212205e-05,6.15495901959213e-05,-15.135851397361382,-15.023529206322962
166,166,5.9391149426522406e-05,6.16490199861705e-05,-15.169941537633079,-15.016519091752052
167,167,5.9261160768261273e-05,6.125843605044985e-05,-15.17913926292903,-15.044121814075808
168,168,5.939270884426282e-05,6.096020756797914e-05,-15.170239243154155,-15.065316492319704
169,169,5.917870039036305e-05,6.122608790878745e-05,-15.186064025505619,-15.046415756085183
170,170,5.93105191019839e-05,6.08087542978434e-05,-15.177081232479255,-15.076119795952419
171,171,5.9131951987642566e-05,6.095827312061661e-05,-15.190961859802648,-15.065454308967421
172,172,5.915600210296221e-05,6.0929605273199026e-05,-15.188954077892793,-15.06749721730829
173,173,5.910668318692748e-05,6.0868029609800466e-05,-15.191513898719615,-15.071888431166837
174,174,5.895559398905067e-05,6.069956361898221e-05,-15.204119604603987,-15.083925174692297
175,175,5.900089653897743e-05,6.073180874840258e-05,-15.19731462778546,-15.081618706136162
176,176,5.886283801861357e-05,6.061111631233392e-05,-15.20944509715765,-15.090258035747024
177,177,5.874360420083454e-05,6.054930284000492e-05,-15.21644194001209,-15.094689392531144
178,178,5.873388937223204e-05,6.0416858966499077e-05,-15.219566995463774,-15.104199434934868
179,179,5.839420889069797e-05,5.990639826785283e-05,-15.24251040222887,-15.141048768930311
180,180,5.83739073187372e-05,6.0130824031626905e-05,-15.243073423531005,-15.124809308785636
181,181,5.820990839676653e-05,5.9945414250250906e-05,-15.255413202426913,-15.138221206108513
182,182,5.83501225883458e-05,5.953992379210448e-05,-15.248381705484464,-15.167698118903433
183,183,5.788893380217955e-05,5.959995312303746e-05,-15.28082401989957,-15.16332168171754
184,184,5.7838733520145175e-05,5.969569304541341e-05,-15.285291671150652,-15.156350877627379
185,185,5.781560670134381e-05,5.942476778536251e-05,-15.285820846446637,-15.176105930203256
186,186,5.7798914004359683e-05,5.962635106315199e-05,-15.287907302945392,-15.16139853564823
187,187,5.775732065511378e-05,5.950995699478019e-05,-15.292403044217487,-15.169884499084091
188,188,5.760506497871265e-05,5.941770627702537e-05,-15.303545849636773,-15.176622037618984
189,189,5.7600697791431886e-05,5.9163912450649626e-05,-15.302022819209395,-15.19521200591496
190,190,5.750158739716688e-05,5.951315401226135e-05,-15.308603408700701,-15.169651191949164
191,191,5.724584663823276e-05,5.892279468274577e-05,-15.329573838075731,-15.212947492687448
192,192,5.726507800684032e-05,5.902247415322467e-05,-15.329652685710048,-15.205606756645729
193,193,5.715560646140804e-05,5.903555019789277e-05,-15.33491207596887,-15.204644712075035
194,194,5.715063506960581e-05,5.9002897231900866e-05,-15.33604846044052,-15.20704748907161
195,195,5.7048319841041374e-05,5.898901451330044e-05,-15.345205693884287,-15.208069455411612
196,196,5.6941679655754286e-05,5.868049533761989e-05,-15.352751723813201,-15.230843151462699
197,197,5.7059782062124306e-05,5.840356415750361e-05,-15.342004581033448,-15.251387349910715
198,198,5.683578405596469e-05,5.832252454159683e-05,-15.362067260832859,-15.257417717937425
199,199,5.674050670367973e-05,5.821127304347771e-05,-15.36770540864511,-15.26570989195324
200,200,5.661650679611899e-05,5.858911658594336e-05,-15.378036687372967,-15.237611366177058
201,201,5.666863816981108e-05,5.822540908028666e-05,-15.374111724252014,-15.264655378427038
202,202,5.635699555343833e-05,5.814636250234846e-05,-15.3989599845018,-15.270555348398245
203,203,5.6297568194496146e-05,5.847043997307896e-05,-15.402921273879766,-15.246417245384388
204,204,5.6284343503948456e-05,5.802669635924854e-05,-15.402306799169647,-15.279502407984882
205,205,5.6257547239698564e-05,5.8088295765245625e-05,-15.404013631340685,-15.27489451297783
206,206,5.631009611833994e-05,5.773802982539086e-05,-15.401051048811421,-15.301161258091238
207,207,5.6120746072319326e-05,5.802352710528985e-05,-15.416734726107016,-15.279739613819608
208,208,5.58536653208892e-05,5.7816387676499095e-05,-15.436175660026553,-15.295271325312935
209,209,5.5926415033232824e-05,5.780449991059293e-05,-15.4312306027211,-15.296164380410701
210,210,5.601068416168702e-05,5.748852900548005e-05,-15.424131615506312,-15.319968901010208
211,211,5.563423976652593e-05,5.726745822405639e-05,-15.453283484338865,-15.336701786425671
212,212,5.564191012604873e-05,5.7492598371984636e-05,-15.452777404704259,-15.319661493445363
213,213,5.5673028384131316e-05,5.775410988319077e-05,-15.450437996022895,-15.29995191511189
