,epoch,train_loss,test_loss,train_dbs,test_dbs
0,0,0.0010856725431537045,0.001075573424857698,-19.646714015367753,-19.674433645136876
1,1,0.0010795576603526307,0.0010715574455006343,-19.66906772699676,-19.690679694524455
2,2,0.0010737119453776743,0.0010695823799132516,-19.691619262265064,-19.698691878680783
3,3,0.0010725091650755597,0.0010640732882740466,-19.696787588441634,-19.721118865862927
4,4,0.0010687351951702046,0.0010616472664926398,-19.712457901235013,-19.731031818228377
5,5,0.0010606069261803455,0.0010531573176482006,-19.754048723349747,-19.765901779930687
6,6,0.0010535579868448303,0.0010508470739679116,-19.767166647411834,-19.775439084029678
7,7,0.0010513967591981143,0.0010551520267893608,-19.78253405922405,-19.75768390209623
8,8,0.0010444758707158191,0.0010421956264364876,-19.81077582794181,-19.81134181378161
9,9,0.0010441547180477953,0.0010384847164938325,-19.812460939646094,-19.826833183469642
10,10,0.0010388288262885871,0.0010380580237037257,-19.831018999228313,-19.828617980124505
11,11,0.001033406129788569,0.0010271562557471426,-19.853759870106416,-19.87446912197626
12,12,0.00103309463179123,0.001029698797011454,-19.85762179102801,-19.863732223408324
13,13,0.0010316906510084176,0.0010250283307150791,-19.867810131444948,-19.883475586956383
14,14,0.0010222087064565917,0.0010195976968756632,-19.89604658771841,-19.906545819106242
15,15,0.001017587089589461,0.0010175286044709776,-19.923191742969486,-19.91536800870062
16,16,0.0010155513918641763,0.0010155328843546542,-19.92908943077406,-19.92389436677785
17,17,0.0010144768538404756,0.0010121384770364354,-19.936674793328034,-19.93843492569473
18,18,0.0010106216986500419,0.0010103826092458085,-19.954070136242837,-19.945975651862422
19,19,0.0010068109439033055,0.0010051182164859615,-19.96873909816406,-19.968662836072617
20,20,0.0010048159015288135,0.001004617887941238,-19.976925332470895,-19.970825208835116
21,21,0.0010027682436294085,0.0009992722679223669,-19.988859270617926,-19.993995927815963
22,22,0.0009992998243386368,0.001002509872992768,-20.001412590416198,-19.979947693355783
23,23,0.0009969665942540795,0.0009893681026848131,-20.0156603889504,-20.03725523138947
24,24,0.0009938866978981677,0.000986587283765211,-20.031217099736036,-20.04947914208652
25,25,0.0009885776509559645,0.000984068815964029,-20.046718539701324,-20.060579579798734
26,26,0.0009859300130911019,0.00098220689994234,-20.061873110721752,-20.06880447002276
27,27,0.000983370190183872,0.0009767970860641646,-20.075917820123625,-20.092790723287116
28,28,0.0009806780714647287,0.0009737809550164169,-20.09159958285988,-20.106221512387737
29,29,0.0009789375063828816,0.000980601547972152,-20.093330340686002,-20.075908532147267
30,30,0.0009742110143127592,0.0009695299913322455,-20.107490739154855,-20.12522179660866
31,31,0.0009690318568657661,0.0009683498187529805,-20.129693277390352,-20.13051152097201
32,32,0.0009712861261580178,0.0009643469330560612,-20.134458618312188,-20.148501240817897
33,33,0.0009666265824992094,0.0009621602244135973,-20.148709022741663,-20.158360284435926
34,34,0.0009672993064387558,0.0009598624800625993,-20.15416585602224,-20.16874411773332
35,35,0.000963252780661371,0.0009565818105138055,-20.166079535288056,-20.1836130923311
36,36,0.0009572262666908276,0.0009554775744235437,-20.190830783317534,-20.188629293164727
37,37,0.0009553226145445226,0.0009480890952736923,-20.19470486043451,-20.22234276261388
38,38,0.000952746158048088,0.0009539810064444808,-20.20697990121348,-20.1954369961932
39,39,0.0009544605356833139,0.00094579657123081,-20.21112500010976,-20.23285692453353
40,40,0.0009485007534955734,0.000943048339410636,-20.228061060187894,-20.245494730316302
41,41,0.0009443184376463832,0.0009462644535999157,-20.2435597700582,-20.230709015638865
42,42,0.0009421916845369816,0.000942531412491869,-20.255978155989055,-20.24787594504631
43,43,0.0009423941937899313,0.0009344966046659178,-20.25820408719218,-20.285056999175175
44,44,0.000936148825615222,0.0009340249939429525,-20.28516816202124,-20.28724929857479
45,45,0.0009344108726771683,0.0009316644036995345,-20.2866021836088,-20.29823925076213
46,46,0.0009325164791494224,0.0009268995490856469,-20.303536106296157,-20.320507568153555
47,47,0.0009314000178080474,0.0009306677874471797,-20.31385321389777,-20.30288745458256
48,48,0.0009271048277030824,0.0009247403634761117,-20.328877125829187,-20.3306361338028
49,49,0.0009204402245513941,0.0009209641629192782,-20.354235399836025,-20.348406966882493
50,50,0.0009218272993091456,0.000925418586886831,-20.34781706126605,-20.327452097124127
51,51,0.0009148666963998958,0.0009188762357409455,-20.383309238850376,-20.3582640788591
52,52,0.0009189306112659193,0.0009146872448342803,-20.366163665920034,-20.37810804739336
53,53,0.0009120334547070652,0.0009132731571107319,-20.392296010945156,-20.384827346313806
54,54,0.0009097735074675191,0.0009067665607864527,-20.404895707007938,-20.415879316115884
55,55,0.0009146535705496586,0.0009078938471104362,-20.39626404149653,-20.410483548501443
56,56,0.0009065129423331585,0.000906488043256104,-20.416467771263545,-20.417213476550117
57,57,0.0009045818767788791,0.0009019489363326054,-20.430955047772198,-20.439014769618073
58,58,0.0009009135693801355,0.0009023628755178498,-20.446887849615262,-20.43702208181358
59,59,0.0008996959047190385,0.0008943588840530106,-20.451522869799213,-20.475716023182002
60,60,0.0008979525918755488,0.0008919024717454848,-20.46484436262741,-20.487660602058455
61,61,0.0008940634434111416,0.0008970675285366413,-20.485046067414633,-20.462582910475252
62,62,0.0008961079977020698,0.0008917573079662887,-20.47268171382326,-20.488367506246497
63,63,0.0008913173157836973,0.0008920884697305921,-20.49490884832155,-20.48675501563431
64,64,0.000891029150657279,0.0008853312281548584,-20.501232416441752,-20.519776444067382
65,65,0.0008859040135200875,0.0008799845757158963,-20.525181061384956,-20.546083677548637
66,66,0.0008880079678288594,0.0008820221777760276,-20.524874816705605,-20.53603922427127
67,67,0.0008807827096874106,0.0008782862599841074,-20.557105615714143,-20.55447339050122
68,68,0.0008813277914275214,0.0008751627664375855,-20.555913512791875,-20.569945952587723
69,69,0.0008741522444287295,0.0008753750099506425,-20.586254349817313,-20.568892834074823
70,70,0.0008716898611458691,0.0008704947540536523,-20.594859882455275,-20.593172694696964
71,71,0.0008739400805050949,0.0008686948782078138,-20.585822440657438,-20.602161667636064
72,72,0.0008709813682986519,0.000869098284869994,-20.604357389831772,-20.600145348384533
73,73,0.0008663094228075951,0.0008653851078921243,-20.625017430830678,-20.618740103942244
74,74,0.000866312130964025,0.0008621978984018298,-20.625315703672904,-20.634764677692846
75,75,0.0008637743405565696,0.0008618033454312306,-20.6355822455814,-20.636752520585123
76,76,0.0008633721880278713,0.0008595893373957983,-20.63746312222014,-20.647924079665998
77,77,0.0008557534689016486,0.0008543170866017279,-20.67454708773908,-20.674643352286495
78,78,0.0008558181280116598,0.0008516299728255131,-20.681443158347324,-20.688324898193194
79,79,0.0008538976358489815,0.0008489789324812591,-20.687373291455987,-20.70186514394679
80,80,0.0008508478580570789,0.0008465059493717394,-20.707229585305242,-20.714534129573508
81,81,0.000843689554327734,0.0008435928979643473,-20.732681807194552,-20.72950512853646
82,82,0.0008431804629244371,0.0008429549328100524,-20.734153163118986,-20.73279071290372
83,83,0.0008407086451998768,0.0008358108860097433,-20.74910043848042,-20.76975404392109
84,84,0.0008413187622995183,0.0008370896164131792,-20.75704587263711,-20.763114728965917
85,85,0.000837997569385724,0.0008370823159470762,-20.766762335554386,-20.763152605029692
86,86,0.0008318895994944824,0.0008345596908934807,-20.797482569263586,-20.776260231756517
87,87,0.0008325285647909358,0.0008297481292270516,-20.797178975150004,-20.80137145790818
88,88,0.000827893054895295,0.0008245744056215411,-20.819153494237376,-20.828535773099368
89,89,0.0008257664674076915,0.0008256738748107301,-20.830285781976134,-20.822748844208732
90,90,0.0008252845385793558,0.0008190144680587476,-20.830800518130008,-20.85791853970903
91,91,0.0008189956220730985,0.0008154260576702654,-20.858085644141422,-20.876988420931117
92,92,0.0008205284908193058,0.0008153251286498026,-20.861682263720326,-20.87752600038621
93,93,0.0008168752436026854,0.0008145161034343274,-20.879182318878048,-20.88183752728518
94,94,0.0008153950245858929,0.0008108592102009999,-20.883461132454094,-20.901379736626836
95,95,0.00081065060395613,0.000810421497781614,-20.911378010256676,-20.903724748099343
96,96,0.0008091747259106679,0.000803894130513072,-20.916026206621595,-20.938845699486368
97,97,0.0008055437590264398,0.0008050780314461965,-20.937506491876956,-20.932454516999503
98,98,0.0008027356918469148,0.0008029259655526594,-20.95116421981964,-20.944079250545286
99,99,0.000803041549101856,0.0007992657330377321,-20.949925052280747,-20.963922338616918
100,100,0.0008023965374096153,0.0007964270220040099,-20.960263074029722,-20.979374409002318
101,101,0.000801215224932956,0.0007955317544799886,-20.96707369046326,-20.98425908054333
102,102,0.0007947562664468802,0.0007926026500124289,-20.994384882663603,-21.000279076659638
103,103,0.0007981521985973663,0.0007907999311818889,-20.986506390919534,-21.01016804852435
104,104,0.0007904635852721241,0.0007839912095254189,-21.016682133476646,-21.047722345005457
105,105,0.0007914716075414542,0.0007845880126727647,-21.019107063278298,-21.044417592239213
106,106,0.0007887234018405073,0.0007847154721323596,-21.024917099730317,-21.0437121207912
107,107,0.0007874564706952762,0.0007847908694346092,-21.034183449615238,-21.043294860516735
108,108,0.0007829920919227999,0.0007806150763491658,-21.06443803787127,-21.0664649296102
109,109,0.0007833206483652604,0.0007777202408760786,-21.060177705207845,-21.082600256894825
110,110,0.0007793035954669042,0.0007782210779719447,-21.083058126572666,-21.07980438288667
111,111,0.0007788541867186498,0.000779206420319449,-21.09114742576115,-21.074309054187612
112,112,0.0007759045183024916,0.0007751672773769027,-21.099631634038232,-21.096879964163385
113,113,0.0007755176473850596,0.0007764763247809912,-21.10844240917059,-21.089552093275582
114,114,0.0007741631707176566,0.0007695655497771345,-21.11055982909713,-21.128378097783333
115,115,0.0007709942490448119,0.0007649260591470489,-21.130341187428638,-21.154639711825038
116,116,0.0007702502921300451,0.0007717761082427675,-21.13192900788476,-21.115920976459517
117,117,0.0007684832359616136,0.0007668510140655073,-21.141421617232197,-21.143724314882476
118,118,0.0007700172370568532,0.0007620086023387941,-21.13599740867873,-21.171235535691043
119,119,0.0007658329379466391,0.0007609092158657548,-21.1563437531416,-21.177505835453143
120,120,0.0007645460505748994,0.0007625891165317673,-21.169244450270153,-21.167928248532753
121,121,0.0007618074629398197,0.0007591413511698576,-21.1762651080249,-21.187607791861755
122,122,0.0007619322355615801,0.0007580542526403932,-21.185657571817543,-21.193831392460662
123,123,0.0007562535471695754,0.0007591807148664406,-21.204610974811043,-21.18738260332502
124,124,0.0007588693670467617,0.0007541859001656505,-21.20469974535492,-21.216050188795457
125,125,0.000755730266298753,0.0007586810020974985,-21.213759485594316,-21.190242185373943
126,126,0.0007549255477869403,0.0007565718076780046,-21.21719749187109,-21.2023327366451
127,127,0.0007535750502432437,0.0007496928140570066,-21.225059452037343,-21.242000796264065
128,128,0.0007533899708843031,0.0007488516704669516,-21.22487858744104,-21.246876247901127
129,129,0.0007486540299705853,0.0007482981799464477,-21.253176378221013,-21.250087387917947
130,130,0.0007508897028152936,0.0007489864273290886,-21.245378140798003,-21.2460947994673
131,131,0.0007497913476569366,0.0007457595171504899,-21.250526400729175,-21.26484623300017
132,132,0.0007513611434632432,0.0007437643454116033,-21.24725495630233,-21.276480723949128
133,133,0.0007506500438729435,0.0007438997119223993,-21.250651408323552,-21.275690371738285
134,134,0.0007482043721895549,0.000744203779552328,-21.259127042600173,-21.273915563784435
135,135,0.0007440232372957945,0.0007420869323572046,-21.287153840752218,-21.286286436725067
136,136,0.0007434988150747551,0.0007408232042124789,-21.28441692199395,-21.293688507547913
137,137,0.0007430047760525546,0.0007424094058622263,-21.29060377693651,-21.284399622155195
138,138,0.0007405128592826887,0.0007387214174837266,-21.29792078259325,-21.306027371534256
139,139,0.0007423008642082592,0.0007390358889671532,-21.299792176997457,-21.30417898639776
140,140,0.0007392143039752912,0.0007402490959257671,-21.312236769845452,-21.29705542047173
141,141,0.0007374830119138987,0.0007367651131445248,-21.323974481839034,-21.31754374473939
142,142,0.0007367834170377746,0.0007321293141055657,-21.32744841831993,-21.344956315565703
143,143,0.0007382689017476034,0.0007326021288080435,-21.32107770321383,-21.342152513894423
144,144,0.0007372084175735788,0.0007340942117336549,-21.326579849048017,-21.333316279879696
145,145,0.0007343537902661128,0.0007316082084894573,-21.340452483844036,-21.348048581762782
146,146,0.000733702787385351,0.0007289136104334734,-21.341590138830384,-21.36407368154959
147,147,0.0007317645388856991,0.0007313698542451388,-21.355868751191466,-21.349463721696846
148,148,0.0007321574273951275,0.0007337645940041464,-21.352256671738544,-21.335266755809805
149,149,0.0007323284174997321,0.0007264711557103223,-21.350938403705197,-21.378650522383364
150,150,0.0007264207725739587,0.0007256020234260512,-21.379108419544572,-21.38384942565631
151,151,0.0007275884902613602,0.0007205920716698625,-21.384779827628456,-21.41393948222047
152,152,0.000728072983227171,0.0007261029187295782,-21.379242245302905,-21.38085245197869
153,153,0.0007266479810776631,0.0007262271951491895,-21.38843139732583,-21.38010919722023
154,154,0.0007253053763727705,0.0007208008135325814,-21.38839593981121,-21.412681595620843
155,155,0.000725297134288001,0.0007235325695211558,-21.393271533111577,-21.3962534221765
156,156,0.0007232963557585536,0.0007196689747568024,-21.40004657942612,-21.419506472336494
157,157,0.0007217049055022293,0.0007217716100919796,-21.413394413786996,-21.40683632025665
158,158,0.000722728395407309,0.0007185886221888818,-21.412574815219987,-21.4260309120196
159,159,0.0007161183544367398,0.000724396230285301,-21.440655649812676,-21.391072460949154
160,160,0.000718317790912253,0.0007187821013901971,-21.434057892503766,-21.424861736265242
161,161,0.0007150460139022584,0.0007155353791619602,-21.452475657825396,-21.444523156772306
162,162,0.0007168134685231315,0.0007151565024335133,-21.442344407067196,-21.446823359610512
163,163,0.0007173615602593985,0.0007151455563297006,-21.44799415394836,-21.446889832737014
164,164,0.0007148008954413619,0.0007148496347087386,-21.447833438258566,-21.448687281143826
165,165,0.0007132073389078231,0.0007083083619363606,-21.46428974720823,-21.488610588069
166,166,0.0007146849097760836,0.0007167392361320948,-21.453392806982787,-21.437222481934267
167,167,0.000713487231345444,0.0007108269829155976,-21.45940277668368,-21.473195224824234
168,168,0.0007125916974811056,0.0007134702019883614,-21.46496841351214,-21.457075881364624
169,169,0.0007098107988773318,0.0007094155512995234,-21.48457863667521,-21.481827231674842
170,170,0.0007114560498145514,0.0007123448794070436,-21.476590324602004,-21.4639312091737
171,171,0.0007095972883764693,0.0007066038486204649,-21.49029488154167,-21.499074291470556
172,172,0.000712711951508158,0.0007067881708376502,-21.479078484555796,-21.497941553756355
173,173,0.0007107354719767865,0.0007075328245072773,-21.479941488792853,-21.493368348513755
174,174,0.0007103026158070748,0.0007027534394230889,-21.485732335245547,-21.52280447887096
175,175,0.0007081723564362019,0.0007040086202323437,-21.49619024619325,-21.515054508075742
176,176,0.0007080469771345943,0.0007013537810723248,-21.499205938720635,-21.531462850407735
177,177,0.0007079582968630741,0.0007015538316122011,-21.4970304504846,-21.5302242678329
178,178,0.0007018624449667242,0.0007007308733208399,-21.5326755350372,-21.535321753165935
179,179,0.0007026244612583487,0.0007037585448032539,-21.52282238020235,-21.516597467490524
180,180,0.0007014007159969626,0.0006983080989141998,-21.538090889597918,-21.550363487219183
181,181,0.0007005086829933847,0.0006981252502699039,-21.537593509857714,-21.55150081550974
182,182,0.0007019302448901089,0.0006987941757726826,-21.541554596945403,-21.547341510807545
183,183,0.0007008202854044659,0.0006939908183228813,-21.544144666132198,-21.577297030351758
184,184,0.0007007680245262292,0.0006971141923905203,-21.551967019989085,-21.557795031704238
185,185,0.0007016433741340472,0.0006932165246996048,-21.54493026353866,-21.58214520945887
186,186,0.0006948622122416561,0.0006961096629598423,-21.57081414272184,-21.564057652927314
187,187,0.00069682721166209,0.0006961245947566471,-21.56465726278444,-21.563964496234448
188,188,0.000697350360515537,0.0006945228148987027,-21.570933771988834,-21.573969109284967
189,189,0.0006968576614696955,0.0006939468929838193,-21.564059078499383,-21.57757192067603
190,190,0.0006960401510742982,0.0006960842445933897,-21.574554351660133,-21.56421623796681
191,191,0.0006947923954528247,0.0006927175962023045,-21.583450028339193,-21.58527208106603
192,192,0.0006944384208649935,0.0006906498854636754,-21.58443328261142,-21.59825483575126
193,193,0.0006956249240248167,0.0006912018350129457,-21.57802801468185,-21.594785452564437
194,194,0.0006908868834347531,0.0006926444016004863,-21.597790534209402,-21.585730993779887
195,195,0.0006954577144177765,0.0006933835623050598,-21.590517362326626,-21.581098858584518
196,196,0.0006895947147679236,0.0006929416037899884,-21.606005401672242,-21.583867908090685
197,197,0.0006945724125001003,0.0006924143434796287,-21.589942473248144,-21.587173719204774
198,198,0.0006913829507239009,0.0006889516677658417,-21.603112029322563,-21.60894671915805
199,199,0.0006911436380271214,0.0006853538001642415,-21.602845641723718,-21.631686024969945
200,200,0.000688443736883706,0.000690457711339389,-21.61814110249295,-21.59946343329245
201,201,0.0006918335968350089,0.0006877335376645389,-21.604666391950182,-21.616632242576355
202,202,0.0006884270228839182,0.0006873785567126776,-21.618304373179615,-21.618874478283956
203,203,0.0006920992956045515,0.0006841776469771407,-21.59911949390924,-21.639145466163118
204,204,0.0006924144714859497,0.0006904721070130012,-21.602246265454195,-21.599372886162097
205,205,0.000689829039008155,0.0006830216520220825,-21.615043534424586,-21.64648956515578
206,206,0.000690323288658077,0.0006881119426045762,-21.61061063713308,-21.61424332341525
207,207,0.0006868458819844443,0.0006849131528533211,-21.62995971362577,-21.634479213578533
208,208,0.0006903451975415816,0.0006847649347037077,-21.613350060494522,-21.635419147207188
209,209,0.0006859470164816174,0.0006859469760552441,-21.629839061069003,-21.627928818136905
210,210,0.0006833984678582355,0.0006841372692418334,-21.648703237705465,-21.63940177890857
211,211,0.0006856106788150428,0.000682619210381649,-21.635273636827627,-21.64904921599224
212,212,0.0006856156324670103,0.0006785087814358505,-21.638574013665142,-21.675279549168273
213,213,0.0006847215591949056,0.0006813966442438725,-21.648859113008832,-21.656834372855023
214,214,0.0006881476489145347,0.0006809465182749065,-21.62612287455781,-21.65970424055026
215,215,0.000685377622541693,0.0006799293485911269,-21.63990927553582,-21.66619640157455
216,216,0.0006820623734101807,0.000682541757429901,-21.66325448631538,-21.64954201340413
217,217,0.0006819410236389137,0.0006838591315930611,-21.656501007329233,-21.641167772556827
218,218,0.0006835046560340321,0.0006820512230900165,-21.65535303367075,-21.652664356391572
219,219,0.0006834117572072932,0.0006831114021080889,-21.651346866507705,-21.645918933078015
220,220,0.0006831071235133891,0.0006790064538730995,-21.65666791740001,-21.67209525484356
221,221,0.0006831422467360791,0.000682544434982303,-21.64951686396431,-21.649524976439874
222,222,0.0006830048664549808,0.0006826666159261214,-21.658158683426212,-21.64874762395946
223,223,0.0006845148673914757,0.0006790068827716535,-21.651757582203885,-21.67209251159693
224,224,0.0006859046581066837,0.0006795187333696767,-21.64402900762618,-21.668819935825702
225,225,0.0006819071875856325,0.0006806603786045391,-21.660889337727333,-21.661529567404997
226,226,0.0006827747739717057,0.0006800330409437026,-21.658179256447742,-21.665534133015164
227,227,0.0006824131081716071,0.0006790892772474571,-21.658985957324433,-21.671565546463263
228,228,0.0006818136952807839,0.0006788342296587009,-21.664037249105395,-21.67319694559817
229,229,0.0006830067471024993,0.00068122195998991,-21.65804826162868,-21.65794788191399
230,230,0.0006838028850849986,0.0006785666337236762,-21.652161557517555,-21.674909268650286
231,231,0.0006835378428018585,0.0006815392836487215,-21.65639198809121,-21.655925342498037
232,232,0.0006816173314366528,0.0006768979548819756,-21.66192950490852,-21.68560225738959
233,233,0.0006814978965174061,0.0006785734899734196,-21.667382896653862,-21.674865387677677
234,234,0.0006833324603707597,0.0006798169067080476,-21.660018491035743,-21.66691466631368
235,235,0.00068377383526165,0.0006801488404897483,-21.65113166082366,-21.664794656851537
236,236,0.0006803574464187871,0.0006800705144230864,-21.669688179991454,-21.665294819982655
237,237,0.0006803166128445378,0.000676459736975008,-21.671313735209644,-21.68841475295767
238,238,0.0006816862349052789,0.000674419043781726,-21.66880706103939,-21.701536026011716
239,239,0.0006823929011120854,0.0006762835423854229,-21.665759378291174,-21.689546088660432
240,240,0.0006837065352040544,0.0006770744374463041,-21.650807652816425,-21.684470101302683
241,241,0.0006802276349338444,0.0006789590544557493,-21.67013651751639,-21.672398433463083
242,242,0.0006789540939186652,0.0006764212157577276,-21.67509498434418,-21.688662070388986
243,243,0.000674784608358114,0.0006792707871155519,-21.69533805773877,-21.670404900819126
244,244,0.0006816430658236454,0.000681466291241936,-21.666260393010145,-21.656390493926647
245,245,0.0006790434588802998,0.0006764849347650612,-21.674635720535967,-21.68825298342775
246,246,0.0006813009259934278,0.0006753296689375451,-21.66822971499918,-21.69567597907807
247,247,0.0006799604521689879,0.0006755749682748789,-21.680416841987082,-21.69409878188954
248,248,0.0006812929821479105,0.000677379393508952,-21.66438100631723,-21.68251446819889
249,249,0.0006786172335833003,0.0006744029447681418,-21.684307713148947,-21.701639697405323
250,250,0.0006803714054559847,0.0006771514063553983,-21.672490492574607,-21.683976429251054
251,251,0.0006817441797315998,0.0006752516522905544,-21.66965933431537,-21.696177721532077
252,252,0.0006769162215071625,0.0006772626902123815,-21.68658149247232,-21.68326276324235
253,253,0.0006768381638337195,0.00067447641815402,-21.69092756686522,-21.70116657746647
254,254,0.0006744137025419047,0.0006762370620364029,-21.70623351000789,-21.68984458554156
255,255,0.0006795566656252311,0.0006790518711664175,-21.674593130532113,-21.671804774243206
256,256,0.0006769613192426329,0.0006779440139469347,-21.687913953832055,-21.67889597310875
257,257,0.0006799943788341948,0.0006765935655781313,-21.67777418337601,-21.687555643801552
258,258,0.0006759263540272476,0.0006735767697376248,-21.700454711501816,-21.70696326864169
259,259,0.0006771704689695587,0.0006757822426918306,-21.69453130373359,-21.69276651925021
260,260,0.0006773253337518533,0.0006776231580021742,-21.691086795432007,-21.680951879621997
261,261,0.0006812056364520386,0.0006749800859803432,-21.66941712713207,-21.697924677232244
262,262,0.0006786168783365451,0.000674967819481696,-21.687907945429505,-21.698003602836017
263,263,0.0006811735970352191,0.0006777608129931124,-21.67124558729435,-21.680069726601804
264,264,0.0006777282969872515,0.0006781565025448799,-21.68715198510071,-21.677534973312824
265,265,0.0006803844523731351,0.0006756874285393247,-21.673548966552573,-21.693375889392712
266,266,0.0006764839066086893,0.0006745330419538444,-21.693404003495424,-21.700801992864957
267,267,0.0006761962497491658,0.0006766424937124707,-21.69655027798905,-21.687241593364945
268,268,0.0006769830481024439,0.0006755845939838572,-21.700407590458788,-21.694036903301537
269,269,0.0006775012451041606,0.0006763807981961259,-21.683734667369748,-21.688921578044944
270,270,0.0006779779898502009,0.0006766025632570841,-21.688981940967317,-21.687497889537614
271,271,0.0006771109903413687,0.0006755947558160283,-21.693582419362517,-21.69397157921797
272,272,0.000677715449896401,0.0006733004794161962,-21.685568859166043,-21.708745039976204
273,273,0.0006773854196599694,0.0006720737805344948,-21.69595114940194,-21.716664750034205
274,274,0.0006756621974606797,0.0006755329913606769,-21.695910576637626,-21.69436863955829
275,275,0.0006769240099322243,0.0006743902738794292,-21.687516550804897,-21.701721294746896
276,276,0.0006769939893424587,0.0006743084798616014,-21.692019703512933,-21.702248064576565
277,277,0.0006743220914846536,0.0006762253745508037,-21.71159797376985,-21.689919645822215
278,278,0.0006777536731270939,0.0006711259821282798,-21.689712368667344,-21.72279375180349
279,279,0.0006761949529784933,0.0006729307504811961,-21.697329038594816,-21.711130532701993
280,280,0.000678609824408153,0.0006748084959230925,-21.690354964804474,-21.69902885927103
281,281,0.0006788313915693806,0.0006779163285452677,-21.683386050352667,-21.679073330861584
282,282,0.000674361496870934,0.0006749579977048071,-21.709421500394626,-21.698066799545806
283,283,0.0006763861057367752,0.0006761236153052826,-21.69237387635163,-21.690573226802083
284,284,0.0006756136672734522,0.0006735054776072502,-21.69779778778022,-21.70742295518146
285,285,0.00067941587389514,0.0006737000688812451,-21.686395135471965,-21.706168359439477
286,286,0.0006801167601412258,0.0006751370352790936,-21.679081055874647,-21.69691495424422
287,287,0.0006760362632927898,0.0006723268061729246,-21.700506567960822,-21.715030004543404
288,288,0.0006760071726640706,0.0006750074742165836,-21.705049401275367,-21.697748459906684
289,289,0.0006789927552070123,0.0006723619145831387,-21.69427201367522,-21.714803225087422
290,290,0.0006733579865954432,0.0006752664554177931,-21.71070209426448,-21.69608251486379
291,291,0.000676824175392652,0.0006741420917310997,-21.692566035096974,-21.703319834633547
292,292,0.0006789103949672936,0.0006747003644704819,-21.68880362576042,-21.69972482940754
293,293,0.000673606304677453,0.0006732546240336409,-21.70651905771054,-21.709040827940115
294,294,0.0006784581562465767,0.0006738159572705626,-21.68825366425256,-21.70542135996571
295,295,0.0006747536706862991,0.0006763674502604102,-21.704496455277962,-21.68900728408571
296,296,0.0006735229729098681,0.0006716981236087648,-21.706535977176806,-21.71909292603164
297,297,0.0006753910733770925,0.000672044247805484,-21.703793802539195,-21.716855594900156
298,298,0.0006753650815562182,0.0006752284396880944,-21.69354336381245,-21.696327018144743
299,299,0.0006762651430164493,0.0006747238619841243,-21.7009435699542,-21.69957358207828
300,300,0.0006809461184959743,0.0006717708525492957,-21.684899823764667,-21.718622713795426
301,301,0.000676633806937595,0.0006728421461670415,-21.696391365634433,-21.711702402812648
302,302,0.0006735292773396161,0.0006750756813409297,-21.70282257926138,-21.69730964282148
303,303,0.0006784324488631383,0.00066980749589244,-21.694418226995293,-21.731334242299255
304,304,0.0006755450002359438,0.0006736927224617256,-21.701196850824584,-21.70621571770768
305,305,0.0006763939361673655,0.0006711132469047841,-21.707683398764928,-21.722876163897705
306,306,0.000673454209859723,0.0006691854765736743,-21.719896300314655,-21.735369208617435
307,307,0.0006722993446638827,0.0006721730062149858,-21.726360259498918,-21.71602360041788
308,308,0.0006720327661785576,0.000668917650871567,-21.724942624926303,-21.737107717760786
309,309,0.0006718894883212586,0.0006696577306444707,-21.72632327833147,-21.732305409295698
310,310,0.0006716307732708676,0.0006698460324275258,-21.732642310626265,-21.731084383597874
311,311,0.0006729033349571538,0.0006744791477869608,-21.717962830956473,-21.701149001431297
312,312,0.00067554530207567,0.0006695821679099218,-21.709157362936722,-21.732795485475812
313,313,0.0006727102055387168,0.0006708049638147809,-21.71987743391798,-21.724871600670802
314,314,0.0006720829333812382,0.0006746765606007294,-21.72986450633853,-21.699878054041672
315,315,0.000670821559567427,0.0006709416752289,-21.730308352840957,-21.72398658987602
316,316,0.0006710820760549113,0.0006705706228355044,-21.733982282698694,-21.726389042858237
317,317,0.0006715247111116565,0.0006707968943948416,-21.72148238442616,-21.72492384425604
318,318,0.0006747282765440873,0.0006691431167143348,-21.70340085308183,-21.735644128443006
319,319,0.0006708579483566825,0.0006720445909243273,-21.729471825564914,-21.716853377567254
320,320,0.0006710273824564959,0.0006728032174961347,-21.73307336656039,-21.711953680116814
321,321,0.0006730854955319431,0.0006727403838579592,-21.727178711847515,-21.71235929019634
322,322,0.0006730463433789915,0.0006698552200472669,-21.717178491423965,-21.7310248161003
323,323,0.0006717895247647059,0.0006697352755030519,-21.735617294938123,-21.731802535171898
324,324,0.00067475757660037,0.0006691714178917831,-21.71240216415594,-21.735460448973328
325,325,0.000674533147062415,0.0006715283287983192,-21.71321488835035,-21.72019089353359
326,326,0.0006709610203223437,0.000672031500327744,-21.73161499133721,-21.716937973579313
327,327,0.000672184652768882,0.0006690695024046459,-21.73185850294321,-21.73612193425746
328,328,0.0006733627962284558,0.0006716900909515587,-21.714318281823942,-21.719144862451234
329,329,0.0006732370106733797,0.0006700303393269056,-21.719764962227757,-21.729889594711832
330,330,0.0006739207418616285,0.000668235723615477,-21.71469553593002,-21.741537385676303
331,331,0.0006729489061549382,0.0006717048144262088,-21.72303878390812,-21.719049665964043
332,332,0.0006721982277555333,0.0006690126488377389,-21.731507224780856,-21.73649098768779
333,333,0.0006700009815682916,0.0006693320863537098,-21.7301349895504,-21.73441783045878
334,334,0.0006751334498703634,0.0006706347002794868,-21.7062106641903,-21.72597406567499
335,335,0.0006727882062046568,0.0006726705132199353,-21.72342226167884,-21.71281037071953
336,336,0.0006724741164662098,0.000668126942687913,-21.726136692048563,-21.74224442363647
337,337,0.000672928605483096,0.0006662317318841815,-21.73019813994013,-21.754581138842887
338,338,0.0006730280157668304,0.0006684203491252111,-21.723767873404192,-21.74033764787925
339,339,0.0006736052377370291,0.0006712207074375137,-21.71741999960205,-21.7221808150788
340,340,0.000674603279492789,0.0006718553455644532,-21.71801822080976,-21.71807650756125
341,341,0.0006725772898452184,0.0006700089127805672,-21.72177511286656,-21.730028477671077
342,342,0.0006729086834610891,0.0006716703371095814,-21.71821015874182,-21.719272586692455
343,343,0.0006714395407020815,0.0006692065446833638,-21.734361075723886,-21.735232480907797
344,344,0.0006735915217318179,0.0006694419946717588,-21.71937986917406,-21.733704751578216
345,345,0.0006717252425042932,0.000669464965252892,-21.72353102246753,-21.733555734552663
346,346,0.000672413768923659,0.0006751323847933428,-21.72410109937569,-21.696944869463653
347,347,0.0006732386926947565,0.0006746898380745398,-21.721345767815727,-21.69979258676436
348,348,0.000669554259973703,0.0006681472908607439,-21.74123884175975,-21.742112158881888
349,349,0.0006719435320341403,0.0006674610439835018,-21.725821748506768,-21.746575042954426
350,350,0.0006718423611186829,0.0006694661784230879,-21.732606050730542,-21.733547864497147
351,351,0.0006694011480221045,0.0006685865136157526,-21.73761217978821,-21.739258157209264
352,352,0.0006724088680786416,0.0006709080189466476,-21.727419600357074,-21.7242044494132
353,353,0.0006718796512265642,0.0006669880577216023,-21.72584805856048,-21.74965369663854
354,354,0.0006728394877540005,0.0006682400003467736,-21.727844280901518,-21.7415095907711
355,355,0.0006707482761223369,0.0006716295427299644,-21.730902978828297,-21.719536366571116
356,356,0.000672305557881626,0.0006662495158563711,-21.72772179128668,-21.754465212543707
357,357,0.0006685993326923897,0.0006707120061803021,-21.74278792412497,-21.725473471369014
358,358,0.0006729967942576587,0.0006692332895717731,-21.722839538999036,-21.735058918269278
359,359,0.0006733418042656303,0.0006696730024965578,-21.72015351077222,-21.73220636757395
360,360,0.000673076930604683,0.0006689570329495167,-21.72215685499625,-21.73685203732447
361,361,0.0006727276030284612,0.0006669221850308148,-21.72345467133697,-21.75008263323747
362,362,0.0006708615848352921,0.0006721239126483468,-21.73556774678378,-21.716340808094227
363,363,0.000672107654834915,0.0006716693077530516,-21.72247939007746,-21.719279242401047
364,364,0.0006726253483703686,0.0006688838444748207,-21.72093333501973,-21.73732721118509
365,365,0.0006742856924940553,0.0006681811248295402,-21.71610603033837,-21.741892244289343
366,366,0.0006721673812957231,0.0006698032467331933,-21.72544478565761,-21.731361793383385
367,367,0.0006729478458153832,0.0006697282752659367,-21.716725167651095,-21.731847928931952
368,368,0.000673050681349927,0.0006717003661354905,-21.722665159103535,-21.719078426730203
369,369,0.0006756794383298106,0.0006688972904444917,-21.71188853411892,-21.737239909753193
370,370,0.0006701014113862106,0.0006703218831190545,-21.73247591054473,-21.728000302329725
371,371,0.0006677866445316636,0.0006707302313052902,-21.742313045236568,-21.725355462989768
372,372,0.0006708521065878269,0.0006680940645501801,-21.733630415600494,-21.742458142680228
373,373,0.0006695154516660061,0.0006756259122324225,-21.7353395176035,-21.693771300166027
374,374,0.0006729665088716933,0.0006685481945935049,-21.72349586686533,-21.739507073639544
375,375,0.000673148014160238,0.0006702080381249911,-21.714185678044156,-21.728737954687194
376,376,0.0006743600536809908,0.0006674775473871513,-21.715420394520653,-21.74646766217775
377,377,0.0006699802542402956,0.0006668341566661471,-21.73493009311624,-21.750655904859677
378,378,0.0006714676231981168,0.0006681947821849271,-21.734606624026988,-21.741803477138557
379,379,0.000673850008152118,0.0006683765708370821,-21.716464442676312,-21.74062209899796
380,380,0.0006723062107675546,0.000670841377302024,-21.7260604313041,-21.7246358578212
381,381,0.000671893381033592,0.0006683639336475416,-21.725326040443633,-21.74070421309065
382,382,0.0006730043936578423,0.0006696260013421508,-21.727161104473325,-21.732511188856606
383,383,0.0006719610717426025,0.0006706245292566324,-21.732551458746308,-21.726039932421756
384,384,0.0006725119304430392,0.0006704563336250814,-21.72827207508253,-21.727129299022497
385,385,0.0006729875146363353,0.0006709454525997373,-21.720565346642005,-21.72396213936485
386,386,0.0006706847817656229,0.000667688286691708,-21.734419914511918,-21.745096702623318
387,387,0.0006708258273291219,0.0006709895219261709,-21.739875869009442,-21.723676893571845
388,388,0.0006729105065010258,0.0006694527232627335,-21.72227377710163,-21.733635151365498
389,389,0.0006703224954838605,0.0006657593368895744,-21.733840213168968,-21.75766161817713
390,390,0.0006704527576281162,0.0006695061824039409,-21.73805918668585,-21.733288359392304
391,391,0.0006698412369437439,0.0006673356708090164,-21.737076578889905,-21.747390880713308
392,392,0.0006706598748875417,0.0006705241945670231,-21.73294170504775,-21.726689745546103
393,393,0.000673136909698741,0.0006668245033851187,-21.72272875160585,-21.750718775019916
394,394,0.0006704792955208608,0.0006696051507452993,-21.733725251948833,-21.732646420166652
395,395,0.0006727745784110553,0.0006694910269671757,-21.73066834764942,-21.733386670613754
396,396,0.0006729202253801614,0.0006723864108177,-21.71847797520779,-21.714645000990057
397,397,0.0006720120328497718,0.0006696208177967683,-21.730330249101236,-21.73254480753128
398,398,0.0006703471089233213,0.0006685348711662778,-21.728091337064566,-21.739593624596225
399,399,0.0006724126713792074,0.0006697981152683496,-21.725628592409343,-21.731395065473556
400,400,0.0006706601707264781,0.0006717412401676962,-21.730917511197426,-21.718814159693032
401,401,0.0006737623972213376,0.0006689666525313729,-21.714736214537393,-21.73678958635864
402,402,0.0006716104960021054,0.0006709441107599751,-21.738341141197644,-21.723970824932127
403,403,0.0006716961482751,0.0006748336538868515,-21.728052266535283,-21.698866950207368
404,404,0.0006694335300840207,0.0006716344352370422,-21.736454867280766,-21.719504730364662
405,405,0.0006716762124512767,0.0006693531942896937,-21.724686025673073,-21.734280874293574
406,406,0.0006726254095784245,0.0006687240889541021,-21.7226299915602,-21.73836459949145
407,407,0.0006742208665620882,0.0006702270015682045,-21.712373884045167,-21.728615073406083
408,408,0.0006714671083303533,0.0006684179779289192,-21.732438433559796,-21.740353054341565
409,409,0.0006729229281358805,0.00066997307217925,-21.71909396633971,-21.730260799830006
410,410,0.0006745603630444055,0.0006701166674151624,-21.713371319969387,-21.72933007680482
411,411,0.0006685630123121376,0.000666741526832706,-21.737040236129424,-21.75125922458252
412,412,0.0006740305551145341,0.0006689258795966836,-21.714171330934875,-21.73705429312883
413,413,0.0006699778311213805,0.0006668918741572844,-21.735029363967975,-21.750280019747645
414,414,0.0006724359346409664,0.0006682825440197791,-21.72218325763078,-21.741233104863543
415,415,0.0006735718565436138,0.0006715348143571694,-21.71826630789976,-21.72014894997442
416,416,0.0006712195079428019,0.000666078553829146,-21.72635552287234,-21.75557977084411
417,417,0.0006739304751426596,0.0006690847711931718,-21.713737894203042,-21.736022825347025
418,418,0.0006732347879808434,0.0006708657846933132,-21.720086543230217,-21.724477850237193
419,419,0.0006712380689856855,0.0006709469537446765,-21.723129348839535,-21.723952422654914
420,420,0.0006744557128710308,0.0006715327862797207,-21.72175093193232,-21.720162065961198
421,421,0.000670461352559325,0.000670519626797422,-21.73116919177957,-21.72671933081544
422,422,0.0006733289331716207,0.0006712269172758648,-21.716757406831498,-21.722140636252007
423,423,0.000669194419013778,0.0006661795594386364,-21.73973685960233,-21.75492124711676
424,424,0.0006705963901320914,0.0006659822875486785,-21.735742448634937,-21.756207488635585
425,425,0.0006712931358332256,0.0006680946588810338,-21.725588378804808,-21.742454279234806
426,426,0.0006743472377942471,0.0006703602909845742,-21.7154793101199,-21.72775146894649
427,427,0.0006715281759676783,0.000673115761999629,-21.722842160136658,-21.70993667377803
428,428,0.0006718177620811176,0.0006704277567271339,-21.72085259849743,-21.727314412548413
429,429,0.0006733156564242216,0.0006717420366935824,-21.716753364366728,-21.71880900999295
430,430,0.000672285526645245,0.0006672905047277087,-21.72160702173004,-21.747684826392604
431,431,0.0006701199388246715,0.0006709729633784216,-21.735817012280307,-21.72378406923428
432,432,0.0006714560590761224,0.0006689077096157952,-21.72865426676401,-21.73717226179848
433,433,0.0006735996269985803,0.0006707425069946208,-21.72190469989996,-21.725275979240514
434,434,0.0006732031422158339,0.0006724499643927342,-21.72185461118634,-21.71423452775373
435,435,0.0006699759720767051,0.0006705945706926286,-21.7399931467084,-21.726233947538827
436,436,0.0006756939746429856,0.000670765116075544,-21.706049296011077,-21.725129591714747
437,437,0.0006740430421579975,0.0006731246769624321,-21.70783734900988,-21.70987915479346
438,438,0.0006738773141459553,0.0006747325318620393,-21.72002859325687,-21.699517777679496
439,439,0.0006740823869363011,0.0006721236522456533,-21.713940351228857,-21.716342490692817
440,440,0.0006761749487456664,0.0006720588058478347,-21.706514743545462,-21.71676151762768
441,441,0.0006731057710004682,0.000670507032497737,-21.72179075814798,-21.726800904657676
442,442,0.0006751333316548046,0.0006730060252410016,-21.711444792602208,-21.710644753378126
443,443,0.000668804197855409,0.000667952059302479,-21.74321198329929,-21.743381345773432
444,444,0.0006724448314119015,0.0006702596039854382,-21.72640294585097,-21.728403821016904
445,445,0.0006722541245123007,0.0006735320356184323,-21.73129657986046,-21.707251705344767
446,446,0.0006731862271895882,0.0006708338194967885,-21.712158412607224,-21.72468478640119
447,447,0.0006729090957153473,0.0006743411435500571,-21.725135773342068,-21.702037696228675
448,448,0.0006712959910090052,0.0006686324854136297,-21.723141829478237,-21.738959547958817
449,449,0.0006740710868490572,0.0006713421715080346,-21.715036486007016,-21.72139498706958
450,450,0.0006749588232871491,0.0006716294446960092,-21.71289771580107,-21.719537000486188
451,451,0.0006725604354269495,0.0006715527606980974,-21.721662871413166,-21.720032889086347
452,452,0.0006727409493850218,0.0006682501958781167,-21.717732303903343,-21.74144332970888
453,453,0.0006737712987929045,0.0006699416890593344,-21.71725455049131,-21.73046423838
454,454,0.0006744260551676768,0.0006715978011734,-21.71266327345235,-21.71974162122035
455,455,0.0006752399926928361,0.0006682812083071392,-21.70571181516893,-21.741241785222076
456,456,0.0006727808426355117,0.0006697945737917172,-21.723437053591358,-21.73141802833043
457,457,0.0006722867568071509,0.0006679987602278983,-21.716983463570948,-21.74307771252704
458,458,0.0006724980368144502,0.0006686370715645975,-21.717822882071115,-21.738929759797593
459,459,0.0006728228553649538,0.0006700742646659675,-21.720122054184017,-21.729604892572606
