,epoch,train_loss,test_loss,train_dbs,test_dbs
0,0,0.00031730206563262286,0.00030269634934436336,-7.892127229408713,-8.10570903128667
1,1,0.0002870527810186685,0.00027854956600717023,-8.326222831637631,-8.466756001823283
2,2,0.0002697154629937152,0.0002667496576721437,-8.599434681242398,-8.654742155741618
3,3,0.00026124622387758734,0.00026090315000864824,-8.7344891631809,-8.750987637507691
4,4,0.00025556858607385423,0.0002553188548374333,-8.830859651863095,-8.844951984742869
5,5,0.000250836054958912,0.0002505612815423918,-8.915581115389521,-8.926641246642276
6,6,0.00024540362427774435,0.000244604864794957,-9.007625548639687,-9.031129961272022
7,7,0.00023920687510195122,0.00023868213037004401,-9.120392328469514,-9.13758180820013
8,8,0.0002336538773025242,0.00023383450599411795,-9.220938340308095,-9.226694877266322
9,9,0.0002299322327838961,0.00023075178385050478,-9.29200684468665,-9.284330192585722
10,10,0.00022631748483429865,0.00022822467527523833,-9.36045578573735,-9.332154885044798
11,11,0.00022288844017575966,0.00022358754665076144,-9.427318379231286,-9.421304757157618
12,12,0.00022002699087042668,0.00022120270449178,-9.48325895063425,-9.467876538458494
13,13,0.00021751401342869227,0.00021920671171851849,-9.534007607082218,-9.5072423898956
14,14,0.0002154452087460854,0.00021711091271993754,-9.574654433665449,-9.548964332329884
15,15,0.00021389871790702695,0.00021586452203337103,-9.60424620059229,-9.57396815699198
16,16,0.00021279137731606583,0.0002150308856997933,-9.629126484947033,-9.590772425721209
17,17,0.00021138676825056295,0.00021419010820528982,-9.654176378855365,-9.607786760927874
18,18,0.00021068327316111818,0.0002136133775102759,-9.67077537868329,-9.619496394836432
19,19,0.000210036440679237,0.00021256360694104316,-9.684224727676913,-9.640891754238467
20,20,0.00020922966194627135,0.00021163854475353698,-9.700311429446034,-9.659833197071224
21,21,0.00020898359986118128,0.00021092649196936307,-9.705178972770666,-9.67446956595221
22,22,0.00020824862492856445,0.00021066286487774434,-9.722266174956282,-9.679901003166345
23,23,0.00020785278658089757,0.00021013242305918155,-9.730194188745088,-9.69085017885332
24,24,0.0002070488396206314,0.0002094886861557729,-9.745834298935101,-9.70417513310974
25,25,0.00020649437984624475,0.00020939936726599147,-9.758951809081308,-9.706027212739743
26,26,0.00020637732799064137,0.0002083803035355614,-9.760651347831732,-9.727214200212869
27,27,0.00020565216944999417,0.0002081842432840188,-9.776266903600332,-9.731302300955141
28,28,0.00020520898742126012,0.00020696977949946334,-9.784243823991421,-9.756711493480664
29,29,0.00020486145573140113,0.0002076736418530345,-9.793188730622932,-9.74196707386379
30,30,0.00020446288612426366,0.00020739904031966274,-9.801584751305066,-9.747713438449397
31,31,0.00020401971714724737,0.0002063214457226231,-9.81045177028592,-9.770337140264115
32,32,0.00020362096451602147,0.00020673335146918697,-9.818766181704897,-9.761675410473718
33,33,0.00020322955475121583,0.000206043815093213,-9.825545218749017,-9.776185036778948
34,34,0.0002026139377777167,0.00020529209685168768,-9.839870180576117,-9.7920585570918
35,35,0.00020229449053414973,0.00020491461634121247,-9.84834267310362,-9.80005149059227
36,36,0.00020187021249343554,0.0002044220324789517,-9.857610342343197,-9.810503843545936
37,37,0.00020137408729666633,0.00020342152473810864,-9.865666782784606,-9.831811811020417
38,38,0.0002012460169408797,0.00020392151782289147,-9.870431723815843,-9.821150313261768
39,39,0.00020077768515209792,0.00020310001931839476,-9.880392851653841,-9.838681216139845
40,40,0.00020034771986286512,0.00020308742731638057,-9.890509110358023,-9.838950482806649
41,41,0.00020013018538239267,0.00020237985958565811,-9.894777295992904,-9.854107960752788
42,42,0.00019978431576128436,0.0002022692504780073,-9.900931178411964,-9.856482211682925
43,43,0.00019924937355567308,0.00020151032750666338,-9.915121411444192,-9.872807774675064
44,44,0.00019876721069653585,0.00020196778151378232,-9.923692378536416,-9.862959912711732
45,45,0.0001984563120280767,0.00020121873699520764,-9.931099731464867,-9.87909667624148
46,46,0.00019862240338794042,0.00020121177352082573,-9.927950413355171,-9.879246972922283
47,47,0.00019783519983133206,0.0002009166767636902,-9.942819177445577,-9.885621001726566
48,48,0.00019730033023527716,0.00020024701370857656,-9.955366076473736,-9.900120381736176
49,49,0.00019759431042703655,0.00020052983018103987,-9.949563712659435,-9.89399100297377
50,50,0.00019704035276873517,0.00019919907285121123,-9.963672784655069,-9.922907736083523
51,51,0.00019664191757928887,0.0001994911527665528,-9.97129102060553,-9.916544464046726
52,52,0.00019614610637384516,0.0001989111065325376,-9.981184836370039,-9.929190529715118
53,53,0.0001961512772544028,0.0001990976743400097,-9.982612040590528,-9.925118992647878
54,54,0.00019569198295507658,0.0001988609039567803,-9.990919602016602,-9.930286770836641
55,55,0.00019526166601956238,0.00019874985675989208,-10.002193174404407,-9.932712619976456
56,56,0.00019532060757706653,0.00019776182690341222,-9.999211409830423,-9.95435620932861
57,57,0.00019480590558534046,0.00019833099366606852,-10.011219112236542,-9.941874985655744
58,58,0.0001945110402770878,0.00019751643872280655,-10.01577080769209,-9.959748397856
59,59,0.00019445982578656992,0.00019691283676748802,-10.016432611052597,-9.973040575662464
60,60,0.00019417536914823866,0.00019644702536568634,-10.025790148996192,-9.983326292912535
61,61,0.000193939707481984,0.00019635367482949637,-10.031200904929275,-9.985390526682645
62,62,0.00019371760430020885,0.00019594562151101664,-10.034636757070396,-9.994425229018473
63,63,0.0001930787699709925,0.00019563175814446847,-10.048242496117583,-10.00138728374566
64,64,0.0001930273130485673,0.0001952959382355115,-10.052616734289861,-10.008848754017459
65,65,0.00019298936075353324,0.00019548672073716787,-10.051236148190545,-10.004608248846957
66,66,0.000192696987123219,0.00019540850572459596,-10.058564374947284,-10.006346226008906
67,67,0.00019237320760946683,0.00019490907863272647,-10.066834831714113,-10.017460178194256
68,68,0.00019176211493142603,0.00019453529430871926,-10.07899343715549,-10.025796799825672
69,69,0.00019172864402620333,0.000194440459477176,-10.079177974704015,-10.027914476541852
70,70,0.000191163400382514,0.0001944211291725208,-10.092697667340067,-10.028346252006294
71,71,0.00019114568560100976,0.00019397123756597896,-10.09477973490167,-10.038407496577255
72,72,0.00019090309287253383,0.00019300796970798584,-10.097934091827149,-10.060028440105551
73,73,0.00019040135408694058,0.0001928287973370109,-10.110621599711752,-10.06406193739059
74,74,0.00019079149618490417,0.0001932297148557968,-10.10115516337401,-10.055041733291965
75,75,0.00019019889104007214,0.00019332168142825954,-10.116686324877897,-10.052975225392748
76,76,0.0001900160720286238,0.00019273485323585766,-10.11930791548651,-10.066178288632985
77,77,0.00018942769143980034,0.00019253595612673578,-10.132116552342715,-10.07066240331455
78,78,0.00018952784237101405,0.00019208020928904022,-10.129733153582851,-10.080954660748812
79,79,0.0001890661693586171,0.00019145711389443787,-10.140953188930732,-10.095065784401818
80,80,0.0001888192398593636,0.00019195034876343255,-10.147840175291702,-10.083891807840654
81,81,0.00018840403816321885,0.00019138980056404283,-10.154316212887535,-10.096592964438866
82,82,0.00018834773440288438,0.00019116936508860243,-10.154960574799778,-10.101597885496314
83,83,0.0001880439553714655,0.00019066950143927612,-10.165164546677687,-10.112968553474186
84,84,0.00018730128037541645,0.0001897419715533033,-10.182010222267643,-10.134146774328753
85,85,0.00018716761998390568,0.0001902446069595355,-10.183642121693982,-10.122657320595565
86,86,0.00018733223619962053,0.00018966119234009008,-10.179481805445612,-10.13599609823639
87,87,0.0001872353776017223,0.00019010396882597553,-10.183393831504024,-10.125869025438037
88,88,0.00018707120349419485,0.00018962957179418911,-10.190747989739775,-10.136720219671973
89,89,0.0001866486512806228,0.0001892334962337229,-10.19546521024993,-10.145800729624487
90,90,0.00018651087944799094,0.0001887664571098101,-10.200234462384705,-10.156532615476237
91,91,0.00018617440016277748,0.0001888409391731808,-10.210502839480133,-10.154819346622897
92,92,0.00018571200510534967,0.00018867453189542224,-10.220074420604998,-10.158648051547503
93,93,0.00018555885609887425,0.00018838271161688395,-10.223695779155154,-10.165370424033995
94,94,0.00018548889889156197,0.00018808032588199958,-10.223397508293061,-10.172347177193162
95,95,0.0001848389377479067,0.00018732004268952695,-10.239581489710863,-10.189938382437418
96,96,0.00018481958160037655,0.00018736496215416608,-10.237639146252747,-10.188897066373839
97,97,0.0001841323495513673,0.00018704795174447723,-10.25493705579372,-10.19625129478969
98,98,0.0001842878774209332,0.00018696414803056732,-10.253124804886387,-10.198197514772682
99,99,0.0001839490173223726,0.0001872699373818346,-10.261427588308019,-10.191100210565896
100,100,0.00018419099947048794,0.0001866102408568718,-10.255938079177655,-10.206426129110007
101,101,0.00018339575170515316,0.0001860442027559896,-10.273107380159875,-10.219619446244872
102,102,0.00018336455809965383,0.000185727847182486,-10.273890955882717,-10.22701061581108
103,103,0.00018294513109740176,0.00018575683383173063,-10.28530979511962,-10.226332862865416
104,104,0.00018283765785247278,0.00018576384096185823,-10.285902953134045,-10.226169041137299
105,105,0.0001825890940381214,0.0001853937758010273,-10.291532588880898,-10.234829367817529
106,106,0.00018197336559995202,0.00018478422211238037,-10.308938163251018,-10.249132002990873
107,107,0.0001819742339142339,0.00018552858857315426,-10.306641082959445,-10.231672456764098
108,108,0.00018192183846828635,0.00018457135210107816,-10.309543859217637,-10.254137926169575
109,109,0.0001813400719499638,0.00018407919560559094,-10.321719271231679,-10.265733784552804
110,110,0.00018100301013808197,0.00018386129905641275,-10.331767020858575,-10.270877620655074
111,111,0.00018101689776588116,0.00018329379657332443,-10.329219562194329,-10.284303194538245
112,112,0.00018069677363322646,0.00018362223942715086,-10.34024602391607,-10.276528066544884
113,113,0.00018084420058660247,0.00018235334382073857,-10.334658109880728,-10.306643549293316
114,114,0.0001802648763897224,0.00018244483860479179,-10.348378434895181,-10.30446504717435
115,115,0.00018026683489748844,0.0001832826498062595,-10.347289722686469,-10.284567312949378
116,116,0.00017986515103047234,0.00018297265724916207,-10.35696593688629,-10.29191891094852
117,117,0.00017959801567185517,0.0001823585878714527,-10.366220548130837,-10.306518658271651
118,118,0.00017957809199963112,0.0001822578487917781,-10.364483256418794,-10.308918463827775
119,119,0.00017891404910262712,0.00018157874001190066,-10.377381405180078,-10.325130881561208
120,120,0.00017868111614550742,0.00018219604068068102,-10.387134052493593,-10.310391512826238
121,121,0.00017867406956808277,0.0001820747558284845,-10.386607703615052,-10.31328350112168
122,122,0.00017862351561450044,0.00018082230082271914,-10.387236688697124,-10.343260953268402
123,123,0.00017813371314988807,0.0001810647150513863,-10.398967298502313,-10.337442608151077
124,124,0.00017806980728901463,0.0001808711845354226,-10.402044500200118,-10.34208703514874
125,125,0.00017752544609373725,0.00018112366026463476,-10.413983924173118,-10.336029002258723
126,126,0.00017781009580747982,0.00018028265606660984,-10.41057576674227,-10.356241385121521
127,127,0.00017692497196324054,0.0001796263087798204,-10.428526023576843,-10.372081408499714
128,128,0.00017718328856118984,0.00018059006068046744,-10.42262776202076,-10.348842424013862
129,129,0.00017712056845637787,0.0001799181321219198,-10.426123625342182,-10.365031526450263
130,130,0.00017677622783650673,0.00017968892950049944,-10.431173051506617,-10.370567649503617
131,131,0.0001762572292792947,0.00017943670881274891,-10.444909283543865,-10.376667914103848
132,132,0.00017643587114097377,0.00017897726502269506,-10.441700057218622,-10.387802190478313
133,133,0.00017634058459997946,0.00017856506440837525,-10.443057468722143,-10.397815915668964
134,134,0.00017570889826153512,0.00017845326357545624,-10.461076800689701,-10.400535915321097
135,135,0.00017529989688143556,0.0001782848718759947,-10.46935749066282,-10.404635930656632
136,136,0.00017536886500857157,0.00017762921618812375,-10.466869969830617,-10.420636869025062
137,137,0.00017507135500224096,0.00017748230234964897,-10.476092132169953,-10.424230324583345
138,138,0.00017486168395670264,0.00017798986549391165,-10.481320364540672,-10.411828114648783
139,139,0.00017438752195058564,0.00017719591070138114,-10.491409848145018,-10.431243912391164
140,140,0.0001744084192509523,0.00017730743657969135,-10.493351136675969,-10.428511352853496
141,141,0.0001743892330757928,0.0001770597055407339,-10.493630500286141,-10.434583486973956
142,142,0.00017395969939336528,0.0001766065236695699,-10.501091909269615,-10.445713443832092
143,143,0.00017341099077590848,0.00017635084728489776,-10.517565894741068,-10.452005357336414
144,144,0.00017381900157563426,0.00017583499491018685,-10.50737312338265,-10.464727731332468
145,145,0.00017331290966711131,0.00017646733000506893,-10.516844831677052,-10.44913771571806
146,146,0.00017328470925555671,0.0001749174507016218,-10.520042223917551,-10.48744947144443
147,147,0.00017297976127028772,0.00017585496703089265,-10.529132236518103,-10.464234468358688
148,148,0.00017217909134132307,0.00017569487222078207,-10.549358797804738,-10.468189998394873
149,149,0.00017245578310769242,0.0001754795237885494,-10.540506149984738,-10.47351639169638
150,150,0.00017219829311853602,0.00017538385796605756,-10.548430436269374,-10.47588467188776
151,151,0.00017222382482885354,0.00017497723992595352,-10.544985799543527,-10.485965245981582
152,152,0.00017193598014460972,0.0001750986028989581,-10.55481547718847,-10.482954054396954
153,153,0.00017150778703862014,0.00017380684163838036,-10.564146105144028,-10.515112185459664
154,154,0.00017160616173605753,0.00017488286998980728,-10.563072073278864,-10.488308144892217
155,155,0.00017113738048812085,0.00017401230549072161,-10.574451677111256,-10.50998125299559
156,156,0.00017117237229351455,0.0001738921066709353,-10.574136415414575,-10.512982174192143
157,157,0.0001707504609642915,0.00017382980073115935,-10.583843729555564,-10.514538540101109
158,158,0.00017063776718226944,0.00017360958659800847,-10.586589746472967,-10.520043833925538
159,159,0.00017018861406765994,0.00017292015591489248,-10.596516270187744,-10.537324678808485
160,160,0.0001702753778369425,0.00017342895826962041,-10.595352800022317,-10.524564708885295
161,161,0.00016985173963043917,0.0001721820153761655,-10.606467258638201,-10.5559029943549
162,162,0.00016957634148432766,0.00017253036831358544,-10.614975275654517,-10.54712536888308
163,163,0.00016943733453913832,0.0001724804973683173,-10.61983587866969,-10.548380904788901
164,164,0.00016950805804730613,0.00017130691680665078,-10.61609806797216,-10.57803187633712
165,165,0.00016890518885158656,0.000171962823706532,-10.631745490078032,-10.561435185145669
166,166,0.00016855986965292125,0.00017133673980807593,-10.63961697478334,-10.577275874307874
167,167,0.00016825056269395252,0.0001713582666860403,-10.647275548475681,-10.576730257701406
168,168,0.00016838317474748786,0.00017124030273407698,-10.644583642167088,-10.579720993798903
169,169,0.00016807376232463866,0.00017057834836458298,-10.652719041948764,-10.596541813166207
170,170,0.00016794877742493968,0.00017072888180049822,-10.656630015993429,-10.59271090429461
171,171,0.00016764004279129667,0.0001700646626934605,-10.665406385661061,-10.609640042941333
172,172,0.00016781419486205872,0.00017130744680272122,-10.660655298805775,-10.578018439984573
173,173,0.00016729114577174187,0.00017032864822172806,-10.673150235232871,-10.602903865846343
174,174,0.0001669864163652408,0.0001703752059256658,-10.68255835211181,-10.601716925705222
175,175,0.00016713239502800226,0.00017002257089571734,-10.675294370076838,-10.610715075096682
176,176,0.0001668959439578514,0.00016918601805197172,-10.683399248739534,-10.632136173044191
177,177,0.00016659415838879906,0.00016920014489809737,-10.689450142117325,-10.63177355707496
178,178,0.00016645216995120508,0.00016933115349322754,-10.695559992232209,-10.628412195035018
179,179,0.00016631906598292713,0.00016853120024806181,-10.69678781916896,-10.648977725672529
180,180,0.00016611233007369236,0.00016832280916308887,-10.701242364281109,-10.654351157919063
181,181,0.00016600659345732713,0.00016876610951792253,-10.704128983812257,-10.64292847397742
182,182,0.00016584490892746168,0.00016854275217108232,-10.71177799165935,-10.64868004996136
183,183,0.00016509703739747865,0.00016771677627203693,-10.72938672712766,-10.67001580203775
184,184,0.0001651132746345181,0.0001681835687792811,-10.729659511719209,-10.657945225536253
185,185,0.00016500259651778477,0.00016761043164143828,-10.731363935935809,-10.672770418227993
186,186,0.00016497732809211905,0.00016711233566686707,-10.73286143081409,-10.6856957710283
187,187,0.0001646409179660079,0.0001676683850267804,-10.743095637972043,-10.671269050741525
188,188,0.00016423323075887122,0.00016715804782794103,-10.753542195006233,-10.684507957784035
189,189,0.0001642271008020862,0.00016697006082578905,-10.751852004501977,-10.68939480951569
190,190,0.00016393763650467946,0.00016718939724868456,-10.75861505366493,-10.68369354267902
191,191,0.0001636760770799304,0.00016646271213080342,-10.767161590621988,-10.70261120133737
192,192,0.0001634414046438718,0.00016588748564428993,-10.774930391821387,-10.71764461729817
193,193,0.00016300223864370133,0.0001661829255202687,-10.783564759119415,-10.70991686213469
194,194,0.00016301875686772246,0.00016556841039441918,-10.783883297573812,-10.72600607140362
195,195,0.0001628804650666557,0.00016584029378320433,-10.788944270206425,-10.71888027896231
196,196,0.00016272851786835446,0.00016486203362307462,-10.792417772220306,-10.744574336332759
197,197,0.00016255597085884014,0.00016540059694211538,-10.795276404176494,-10.730410137098879
198,198,0.00016252421497933798,0.00016512035769042805,-10.799105045984481,-10.737774655933706
199,199,0.00016197234799619764,0.0001650864716410931,-10.812228727851192,-10.738666007837063
200,200,0.00016202432773743285,0.000164850127858747,-10.811665107109938,-10.74488798007155
201,201,0.00016180089343046367,0.00016499461612272027,-10.817730330954806,-10.741083131826912
202,202,0.00016143587603925045,0.00016387357257036981,-10.828437760776687,-10.770691645588519
203,203,0.00016144581709762786,0.00016487384594878867,-10.827549656911648,-10.744263176510849
204,204,0.00016119955458615898,0.00016456037242039057,-10.832544473330685,-10.752528247781786
205,205,0.00016083434606979112,0.00016364413941597663,-10.842033590473202,-10.776776297842186
206,206,0.00016061537515026393,0.00016371530747212666,-10.849042571101101,-10.774887982422882
207,207,0.00016075359404173477,0.00016358012783855788,-10.846362171149329,-10.778475430699217
208,208,0.0001603729424928555,0.00016300281889638618,-10.855381467437304,-10.7938297136832
209,209,0.00016010257660905764,0.0001632441853871569,-10.863417202783642,-10.787403652888358
210,210,0.00016000826219600845,0.00016325548916172825,-10.86541630600227,-10.78710293792258
211,211,0.00015994903605104875,0.00016242941676050817,-10.866888791816564,-10.809134014483298
212,212,0.00015937830408502217,0.0001629210424940347,-10.882505696351553,-10.796009059551583
213,213,0.00015944045981555486,0.0001623276146251316,-10.8809010721793,-10.81185679507404
214,214,0.00015934063997791753,0.00016206229415011446,-10.885396015298694,-10.818961038505376
215,215,0.0001592479384271428,0.00016232740630297676,-10.886987170274558,-10.811862368569379
216,216,0.00015894839895370694,0.00016141035149829755,-10.892577530708243,-10.83646703064286
217,217,0.0001590700052587373,0.00016177677791443115,-10.892954728957553,-10.826619049442076
218,218,0.0001589008916010984,0.0001618941674486881,-10.896791690784918,-10.823468835935014
219,219,0.00015828685598572736,0.00016132555442470076,-10.912846934976681,-10.838749200139109
220,220,0.00015835301484312556,0.000160664185195377,-10.910727009924617,-10.856590104701493
221,221,0.00015795529029720952,0.0001608703008203424,-10.921606892037893,-10.851022123989553
222,222,0.00015827260155965256,0.00016078878635246503,-10.913783779100177,-10.853223291981632
223,223,0.00015757741516374399,0.000161341258238903,-10.932269407130908,-10.838326468107764
224,224,0.00015733313396304233,0.00016091298465126832,-10.938451676023632,-10.84986996020832
225,225,0.00015753160723480251,0.00016034189780169216,-10.932112759029579,-10.865310667401529
226,226,0.00015717032443511193,0.00016009920019362318,-10.943686358306275,-10.871889240048356
227,227,0.0001569119592307654,0.00016022130071896275,-10.95288491306607,-10.868578331954136
228,228,0.0001569460699701989,0.00015918787807765367,-10.948823077682784,-10.896680925519718
229,229,0.00015679787746606606,0.00015934931242985554,-10.952580194057173,-10.892278924344179
230,230,0.00015635724652308933,0.00015886452533059607,-10.967535978294476,-10.90551156856054
231,231,0.00015562511806510695,0.00015953726879639648,-10.985591240491157,-10.887159334679023
232,232,0.0001559401442267999,0.00015864140311207034,-10.978394033682715,-10.911615439736869
233,233,0.0001559828944533065,0.00015860549741007976,-10.973101162923092,-10.912598500456095
234,234,0.00015580468449847215,0.00015825464307502108,-10.980905795664844,-10.922216255703493
235,235,0.00015533011773908415,0.0001589748656107603,-10.992531559547082,-10.90249619802449
236,236,0.00015529452990524508,0.00015779729629254065,-10.995305501467767,-10.934785286159897
237,237,0.0001551058971786334,0.00015805260964522235,-11.000450151520829,-10.927764153508493
238,238,0.00015502537618098378,0.00015820749180612008,-11.004640437597251,-10.923510409650703
239,239,0.0001545322335267574,0.0001579976470614048,-11.017881869738853,-10.92927466942153
240,240,0.00015453459888807084,0.00015757092133801627,-11.015770640290965,-10.941020119283866
241,241,0.00015398600218534354,0.00015721873588565933,-11.033939465920211,-10.950737863108824
242,242,0.00015413872963633657,0.00015748302317469527,-11.02832208520828,-10.943443430526596
243,243,0.00015457525648915967,0.00015713137844087263,-11.019039785616219,-10.953151659412475
244,244,0.00015395942558750473,0.00015695635719518912,-11.032027322328943,-10.957991757287019
245,245,0.00015345095406579256,0.0001567535027310154,-11.045544917072839,-10.963608322014675
246,246,0.00015348430525525904,0.00015679767238907516,-11.048916207533521,-10.96238474893239
247,247,0.0001535552494424712,0.00015577380193127808,-11.045238580672299,-10.990836665816788
248,248,0.0001533637186344329,0.0001561859504650592,-11.051107387155144,-10.97936121510796
249,249,0.0001531161577020743,0.00015605455279766925,-11.056280943713471,-10.98301642861516
250,250,0.00015286224778410354,0.0001557662020020775,-11.064252354925785,-10.991048555607739
251,251,0.0001528460250989793,0.00015591718731325512,-11.065262422692479,-10.986840946548686
252,252,0.00015263147256097074,0.0001550380195687084,-11.070391791346019,-11.011398741951833
253,253,0.0001521648019408212,0.00015570501579388387,-11.08343534043085,-10.992754834160019
254,254,0.0001523548137989452,0.00015543817043132884,-11.07935262138362,-11.000204105236682
255,255,0.00015206416569573362,0.00015501958612156543,-11.08750620304512,-11.011915132728202
256,256,0.0001518769958866616,0.00015534142087409762,-11.092464915297075,-11.002908130942682
257,257,0.00015139421757152209,0.0001547574142214695,-11.105825122150462,-11.019266216674414
258,258,0.00015174870612699845,0.00015391856140922755,-11.095418358458689,-11.042870907229599
259,259,0.00015133536017509466,0.0001543221809889043,-11.106605491789674,-11.031497338955505
260,260,0.00015153064552728165,0.00015472796956984033,-11.104734857578586,-11.020092598173019
261,261,0.00015089741661081322,0.00015354461701415283,-11.119903868631933,-11.053434908306254
262,262,0.0001505964461740433,0.00015378048900808943,-11.12804128673483,-11.046768487404822
263,263,0.0001509096904012096,0.000154453107633775,-11.121483953309392,-11.027814354927683
264,264,0.00015035136064248082,0.0001533191779775447,-11.134665499927149,-11.059816042139342
265,265,0.00015013476806097502,0.00015286866753166052,-11.142670925292109,-11.072596062296665
266,266,0.00015018886968147817,0.00015346734251483882,-11.14138974246603,-11.05562113514928
267,267,0.00014991313751640527,0.0001535205726548539,-11.148754495673323,-11.054115046136076
268,268,0.0001500091685303823,0.00015265544367905118,-11.146832401758719,-11.078657905158467
269,269,0.00014968585182754227,0.0001526259346926389,-11.153796091646049,-11.07949749714889
270,270,0.00014940737302597496,0.00015262769317671068,-11.162933500902923,-11.0794474600742
271,271,0.0001492861996779276,0.0001527934325981493,-11.16794230150106,-11.074733986305972
272,272,0.00014921099162953377,0.00015171600113573827,-11.1676070087656,-11.105466990910031
273,273,0.00014881203257113926,0.00015183028345314883,-11.181632892034354,-11.102196835108733
274,274,0.00014881489959847873,0.00015147543806386622,-11.180207609901128,-11.112358691867247
275,275,0.00014850180074044495,0.00015186461678240448,-11.189832272801185,-11.101214877526102
276,276,0.00014874984601154903,0.00015145283893951657,-11.181848940326965,-11.113006678586492
277,277,0.0001478927862859264,0.00015130048881186858,-11.207006015772691,-11.117377552117828
278,278,0.00014829440699463,0.0001518044070843117,-11.19766752682226,-11.102937064376013
279,279,0.00014791091032129394,0.0001519011145175778,-11.206407281701127,-11.100171259801604
280,280,0.00014795376076098991,0.00015043088627096854,-11.204352562006992,-11.142410721473127
281,281,0.0001477036745462701,0.00015057376310180284,-11.213472914347719,-11.138287820115114
282,282,0.0001475617720699898,0.00015086949937731812,-11.217405778824041,-11.12976637082445
283,283,0.00014744343319499732,0.00015019521953562568,-11.220146499743587,-11.149219763117625
284,284,0.0001475998119765547,0.0001505405127413963,-11.215930658738904,-11.139246954188987
285,285,0.0001470559836514102,0.00015020844722656826,-11.230938575407276,-11.148837296868106
