,epoch,train_loss,test_loss,train_dbs,test_dbs
0,0,0.0006477643067218824,0.0005783879038828768,-4.792759491385109,-5.293588845653324
1,1,0.00042737809357295756,0.0002382734497874289,-6.600030402469429,-9.145024336297574
2,2,0.0001716867434917037,0.00016203658627713785,-10.561066400427492,-10.819650012647088
3,3,0.00014891592724508001,0.00014264698869450703,-11.177172646161644,-11.373154782784221
4,4,0.00014130259637802492,0.00013980655593944617,-11.406957776725564,-11.460505490986899
5,5,0.00013675263224136006,0.0001385560937801768,-11.547656355318008,-11.499524552575586
6,6,0.0001437997813912627,0.00014502463148490183,-11.330016448241636,-11.301363157515901
7,7,0.00014141647209060503,0.00014103018819648576,-11.401800671013207,-11.422660008791325
8,8,0.00013968357811837946,0.00013972666975429378,-11.456582923326682,-11.462987781258505
9,9,0.0001384160399182517,0.0001386952659997501,-11.496396902522754,-11.495164485081634
10,10,0.0001371444922904292,0.00013819837400469144,-11.534016336591055,-11.510751530215495
11,11,0.00013447826637912868,0.0001358788500319382,-11.618047140560483,-11.584262236295528
12,12,0.0001371404105532175,0.00013775062229557844,-11.533079391532251,-11.52484516851766
13,13,0.00013206115455460283,0.00012946040729538684,-11.698048743419506,-11.794411173099313
14,14,0.00013544047329353993,0.00014105111691414525,-11.589288044028843,-11.42201556859307
15,15,0.0001224868323446309,0.00011933085012347682,-12.02733709441942,-12.148253517407339
16,16,0.00011419576065273974,0.00011742941761009493,-12.330964140382925,-12.21801179319711
17,17,0.00011269879358167731,0.00011797951906613123,-12.386999789908009,-12.197714648570898
18,18,0.00011650208237079289,0.0001140088788815774,-12.243142126260683,-12.346394113149113
19,19,0.00010994365501827225,0.0001115020495490171,-12.494325071740606,-12.442952359871978
20,20,0.00010840039680467093,0.0001098593382170963,-12.556536985156148,-12.507411077860567
21,21,0.00010785325169299259,0.0001085128705629981,-12.578403401130984,-12.560968340143928
22,22,0.00010644877231955893,0.00010760304231601032,-12.637712368470982,-12.597535357932426
23,23,0.00010617144852000548,0.000108185252572998,-12.645981819214427,-12.574100229943157
24,24,0.00010782129778742751,0.00011182576571101028,-12.581838293493595,-12.430362057033488
25,25,0.00010502093892242068,0.00010531682308187316,-12.693978545688369,-12.690803363383942
26,26,0.00010350454046892617,0.0001044229540734944,-12.759690006364671,-12.727821113042381
27,27,0.00010355082913613926,0.00010393184493295848,-12.756517973443689,-12.748294496497813
28,28,0.00010229235302870518,0.00010409669094339111,-12.808384287483289,-12.74141162080214
29,29,0.00010138410986665175,0.00010209867315624204,-12.846638635416841,-12.825579881652075
30,30,0.00010117885352714832,0.0001019357759536146,-12.857870789761748,-12.832514531321145
31,31,0.00010061520166795931,0.00010082638810241693,-12.880560528809749,-12.880038765649385
32,32,9.995848461013461e-05,0.00010157152696353335,-12.909435870026906,-12.848061049120801
33,33,0.00010070622869834457,0.00010110295529317994,-12.875047478950364,-12.868142358925262
34,34,9.95129765252602e-05,0.00010444358524278199,-12.928421298547615,-12.726963148618278
35,35,9.888367265038019e-05,0.0001023279757263433,-12.953844960207077,-12.81583703421112
36,36,9.924936640561203e-05,0.00010064922044923725,-12.941834363027613,-12.88767670798226
37,37,9.904394954498185e-05,0.00010098429821051755,-12.950309780343686,-12.873242346308684
38,38,9.917840879163272e-05,0.00010374701875997217,-12.941863542749196,-12.756024605070614
39,39,9.992170749477005e-05,0.0001021007552289551,-12.91300064163217,-12.825491317967312
40,40,9.878881771619115e-05,9.898524800327753e-05,-12.959224502999406,-12.960076108025651
41,41,9.907251022895318e-05,0.00010057998550014178,-12.947075388191525,-12.890665176519082
42,42,9.885922520776691e-05,9.918738329648285e-05,-12.95780249098516,-12.951216532179558
43,43,9.838203790347984e-05,9.845068646092458e-05,-12.98108496695171,-12.983593376652799
44,44,9.785675186875094e-05,9.968932021078409e-05,-13.000448650889185,-12.929294518071865
45,45,9.79809531403139e-05,9.841826173023467e-05,-12.995880442316142,-12.985023960995585
46,46,9.730784522523124e-05,9.855358267055923e-05,-13.025480117095093,-12.979056697289078
47,47,9.706041285979379e-05,9.821925663058401e-05,-13.034725473167182,-12.993814434642346
48,48,9.755866743681818e-05,9.988757282323939e-05,-13.014732626231211,-12.920666260298761
49,49,9.869510135685392e-05,9.889881690277864e-05,-12.96319098996512,-12.963869900357166
50,50,9.655869035134284e-05,9.864682445033013e-05,-13.058553921261097,-12.974949769311975
51,51,9.67332671280019e-05,9.829714537389871e-05,-13.052050087372338,-12.990371805645458
52,52,9.72868148573511e-05,0.00010015767551713477,-13.023163330294242,-12.908938495529195
53,53,9.724851781694392e-05,9.79060438878246e-05,-13.028932620088904,-13.007685840434908
54,54,9.654708647411604e-05,9.76963025382965e-05,-13.059893958264956,-13.016999588179015
55,55,9.743717132129025e-05,9.801207182279445e-05,-13.020060402319784,-13.002985167256888
56,56,9.557768296253551e-05,9.692098070732562e-05,-13.101991603379194,-13.051602863759587
57,57,9.565826404309285e-05,9.968817788543866e-05,-13.097799873324414,-12.929344283526722
58,58,9.717263723003496e-05,9.856494848224286e-05,-13.031923856850627,-12.978555870778942
59,59,9.531734874904079e-05,9.692096270890416e-05,-13.114958395410914,-13.051603670253268
60,60,9.61279874900356e-05,9.766905599175708e-05,-13.07879746694005,-13.01821096208673
61,61,9.531984410246296e-05,9.54187933913138e-05,-13.117156188970291,-13.11944165897108
62,62,9.478594033352397e-05,9.574120945456486e-05,-13.140017128037371,-13.104791769052857
63,63,9.665025707775938e-05,9.699856845576218e-05,-13.055960760230734,-13.048127615085306
64,64,9.471690807294715e-05,9.624949981164383e-05,-13.141187062711952,-13.081796050783081
65,65,9.385845256362053e-05,9.631029043751034e-05,-13.18268754922997,-13.079053937883165
66,66,9.391425293270192e-05,9.627596515010258e-05,-13.181122594732456,-13.080602052832832
67,67,9.419197083412448e-05,9.442768159236661e-05,-13.165386565750609,-13.164787593972038
68,68,9.310499827387099e-05,9.377154262773202e-05,-13.217839381235937,-13.195070257192093
69,69,9.211997088097688e-05,9.375720554472584e-05,-13.262251051036147,-13.195734317087865
70,70,9.3755175745998e-05,9.440982064820434e-05,-13.18752992768838,-13.165609137301342
71,71,9.314573065980251e-05,9.556003466346546e-05,-13.21477342135276,-13.113017877139265
72,72,9.40539348917322e-05,9.441106636873691e-05,-13.172319995740834,-13.165551833306868
73,73,9.266937986561145e-05,9.325884227444859e-05,-13.238899593206426,-13.218880665555092
74,74,9.292540273667534e-05,9.542726643542807e-05,-13.222872685997507,-13.119056029180292
75,75,9.936090743591644e-05,0.00010391260462041061,-12.93673140284274,-12.749098555649883
76,76,9.537002893246365e-05,9.536036706872677e-05,-13.1126542481408,-13.122101722075408
77,77,9.261033261919721e-05,9.35116098078556e-05,-13.241036896245674,-13.207125528619876
78,78,9.224481476211594e-05,9.381287044992572e-05,-13.25823221790021,-13.1931566178738
79,79,9.174491326833508e-05,9.31172391191419e-05,-13.281365555969717,-13.225479954513538
80,80,9.080664410445475e-05,9.338227315119614e-05,-13.324358981310871,-13.213136448225429
81,81,9.086316419326096e-05,9.335061277900087e-05,-13.324417789841046,-13.214609132054276
82,82,9.3639034210205e-05,9.982855944575644e-05,-13.194451016155856,-12.923232821612967
83,83,9.198957634429669e-05,9.353335304982273e-05,-13.268224208947313,-13.2061158280748
84,84,9.22574077945289e-05,9.245536401929138e-05,-13.257415191544093,-13.256459734676042
85,85,9.162235051242289e-05,9.386819798045938e-05,-13.285007434654577,-13.190596056800155
86,86,9.197359384078359e-05,9.152278270400864e-05,-13.271167075092245,-13.300488701736725
87,87,9.086216806215666e-05,9.148236782302295e-05,-13.326618190832257,-13.302406894753002
88,88,9.025683156670715e-05,9.20586585140738e-05,-13.352915390063057,-13.275134442967362
89,89,9.437785894950833e-05,9.351791959488764e-05,-13.15663669519018,-13.206832494070754
90,90,9.054408502313741e-05,9.130395827876208e-05,-13.337335987591603,-13.310884805201688
91,91,9.169378451410124e-05,9.286893978960027e-05,-13.284128886817081,-13.237075987442338
92,92,9.617846800895292e-05,9.620608800201138e-05,-13.076607667948842,-13.083755309010577
93,93,9.180623353890998e-05,9.255486082493965e-05,-13.279221516312585,-13.251788542274408
94,94,9.071274277077239e-05,9.167155995352292e-05,-13.330032058610513,-13.293434646271397
95,95,9.046279074871414e-05,9.129258289345001e-05,-13.34503920832045,-13.311425918088629
96,96,8.97126125151378e-05,9.106603369888801e-05,-13.377391760455337,-13.322216646548155
97,97,8.965761257640384e-05,9.058269642991945e-05,-13.382566510462526,-13.345328418819474
98,98,8.95711675240687e-05,9.093274236779268e-05,-13.381922133690372,-13.328577975034104
99,99,9.168846676421362e-05,9.242239320883527e-05,-13.283818426149764,-13.25800876268368
100,100,8.924881061004984e-05,9.138457167673071e-05,-13.399150031247904,-13.307052057060789
101,101,8.95999653142464e-05,9.062012012643543e-05,-13.384389536562825,-13.34353452781609
102,102,9.01973227095387e-05,9.071338526585973e-05,-13.354822570739891,-13.339067119667785
103,103,9.023378148300515e-05,9.52190423145351e-05,-13.349859533946402,-13.128542771751315
104,104,9.007551267769514e-05,9.067646054685803e-05,-13.361677082860396,-13.340835267367336
105,105,8.87236087739026e-05,9.168437559549745e-05,-13.426270288854695,-13.292827547015625
106,106,9.100165417041034e-05,9.254344025210135e-05,-13.314283591020661,-13.252324462025296
107,107,8.927025484490045e-05,9.130243990129154e-05,-13.3977641829835,-13.31095702862469
108,108,9.182125389079093e-05,9.131393668021222e-05,-13.279149941941547,-13.310410200596998
109,109,8.893846127639055e-05,9.026876145263056e-05,-13.418130422643067,-13.36040602636016
110,110,8.863064116311077e-05,9.044466653569161e-05,-13.430148758731956,-13.351951244455975
111,111,8.916896526382506e-05,8.961750082610371e-05,-13.405922441192686,-13.391852578037964
112,112,9.197550374215239e-05,9.033627085093605e-05,-13.270856053196509,-13.35715927734633
113,113,8.905265968144132e-05,8.966921105686771e-05,-13.409895619697657,-13.3893473763679
114,114,8.843121271563655e-05,8.948461579979936e-05,-13.441489573781698,-13.39829708526419
115,115,8.829152408072764e-05,9.410956332239469e-05,-13.447910705821482,-13.179443280747744
116,116,8.92956724652022e-05,9.070418156242292e-05,-13.399828611914133,-13.33950777353488
117,117,8.996908372020848e-05,9.017252236126776e-05,-13.366625923179589,-13.365038681304974
118,118,8.844415814442964e-05,9.025555712134137e-05,-13.440246759236857,-13.361041349985436
119,119,8.865608203647294e-05,8.928980739591153e-05,-13.430977414328325,-13.40776200164445
120,120,8.850206959135735e-05,9.240863781949309e-05,-13.438180351552784,-13.258655178998682
121,121,8.839518322366933e-05,9.2034461359665e-05,-13.443577306039462,-13.276276114172155
122,122,8.843987703097734e-05,8.904632666503618e-05,-13.440822244060977,-13.419620776550358
123,123,8.904562660579369e-05,9.269457874133398e-05,-13.410641155064347,-13.245237512294437
124,124,8.82437886230974e-05,8.881875002867003e-05,-13.452539053512776,-13.430734293959786
125,125,8.746444486344434e-05,8.936456403094588e-05,-13.489011009396839,-13.404127453470041
126,126,8.730913666028952e-05,8.925217422840528e-05,-13.498555441157578,-13.409592817800721
127,127,8.69158042424368e-05,8.863875394270413e-05,-13.514879065644624,-13.43954444083526
128,128,8.94891863092348e-05,9.03786046700062e-05,-13.389337390416166,-13.355124542319306
129,129,8.754728891683943e-05,8.938542458437089e-05,-13.4833273525296,-13.403113789261923
130,130,8.904890468723342e-05,8.905420384651639e-05,-13.41153551190369,-13.419236609648417
131,131,8.735084770002508e-05,9.003344932448511e-05,-13.49410422344831,-13.371741973530217
132,132,8.761099753925366e-05,8.893841770355051e-05,-13.48297011950832,-13.424886876454538
133,133,8.738279710499781e-05,8.908690123414425e-05,-13.49380195632785,-13.417642334686166
134,134,9.187893288212435e-05,9.687584449573861e-05,-13.273981057739885,-13.053625849219765
135,135,9.223872238527696e-05,9.709557535212585e-05,-13.2582945986878,-13.043786467796812
136,136,8.930845497255261e-05,8.895267436807779e-05,-13.399291591432245,-13.42419076619115
137,137,8.70274761649684e-05,8.815483804363267e-05,-13.511672532307157,-13.463319344344885
138,138,8.716751059538867e-05,8.950036212091188e-05,-13.502527198320806,-13.397532938410468
139,139,8.638756176860062e-05,8.700076623905548e-05,-13.543480019293188,-13.520550087445496
140,140,8.63162181538184e-05,8.857052996877188e-05,-13.546351315736063,-13.442888430069022
141,141,8.664393231042267e-05,9.204916760178381e-05,-13.530229191930228,-13.275582207837154
142,142,8.817327994320388e-05,8.740004130614627e-05,-13.452185020289924,-13.5006644844143
143,143,8.632966262329196e-05,8.929020451001921e-05,-13.545964772069905,-13.407742686552709
144,144,8.749983950935726e-05,9.131760529463033e-05,-13.488302347464776,-13.310235722631035
145,145,8.67576871070886e-05,8.735842704098966e-05,-13.523808362452527,-13.50273280719585
146,146,8.550790141843086e-05,8.677111786949497e-05,-13.586602177656633,-13.532028938382998
147,147,8.624035901973293e-05,8.692650015674237e-05,-13.552586754574174,-13.52425891957627
148,148,8.5667538891376e-05,8.807289467720119e-05,-13.579647572581575,-13.467358158654658
149,149,8.54910181213612e-05,8.832448886670663e-05,-13.588443047793689,-13.454969534732966
150,150,8.795390359531685e-05,8.793235074814507e-05,-13.465405643438928,-13.474294027603314
151,151,8.539452602169909e-05,8.67582895903309e-05,-13.591939399854452,-13.532671048667932
152,152,8.736818008120027e-05,8.760124412794157e-05,-13.493635714763935,-13.490678121910243
153,153,8.546547770989848e-05,8.71755891191577e-05,-13.588778913553652,-13.511831953749434
154,154,8.501544015388456e-05,8.691661595979607e-05,-13.611291129176966,-13.52475277314866
155,155,8.563171203857884e-05,9.352531579727503e-05,-13.579796487132132,-13.206489030178162
156,156,8.727334329940033e-05,8.62966071030027e-05,-13.499345746566394,-13.555843652987466
157,157,8.567755672235772e-05,8.741403527030918e-05,-13.577545915349333,-13.49996917411116
158,158,8.511291165744944e-05,8.711942791705951e-05,-13.605828594351241,-13.51463071431381
159,159,8.60880276208657e-05,8.615685357271057e-05,-13.557579771239627,-13.562882560769424
