,epoch,train_loss,test_loss,train_dbs,test_dbs
0,0,0.001297586784726873,0.00128259527570519,-1.7754920848504923,-1.834884504183576
1,1,0.001261744758632687,0.0012482103560806106,-1.896125325875777,-1.9529030483831904
2,2,0.001229635360602712,0.001216806992153196,-2.0107297005544673,-2.0635638968394945
3,3,0.0011988147233910475,0.0011886453721672297,-2.117468699269369,-2.1652578249403005
4,4,0.0011727100840683298,0.0011633523788891341,-2.214027757928196,-2.258668040779566
5,5,0.0011501050297382106,0.0011409852212589037,-2.3021057055257677,-2.342980671219804
6,6,0.0011281553252609734,0.001121060683784124,-2.3827462949115223,-2.4194896443826046
7,7,0.0011094602427358941,0.0011028135746815487,-2.457011465046756,-2.4907598307166614
8,8,0.0010918874459187548,0.0010868201069043654,-2.5248895354999936,-2.5542042176710362
9,9,0.0010766861912285544,0.0010717896450507013,-2.5871139792228366,-2.6146852947683037
10,10,0.0010623470123991678,0.001058219883002733,-2.6449728566137005,-2.6700216905126304
11,11,0.0010489603101285461,0.001045132840150281,-2.7006032690389707,-2.7240659197870807
12,12,0.0010368647743928601,0.00103376774840351,-2.7507973401458767,-2.77155107450412
13,13,0.00102527977565073,0.0010225672801760467,-2.8004561179783205,-2.818861941492856
14,14,0.0010142918380899068,0.0010116732752832927,-2.8463935291497138,-2.8653780865796645
15,15,0.001003767300118721,0.0010018720610165282,-2.8899975801125963,-2.9076582062707095
16,16,0.0009945510303332786,0.0009921926937654223,-2.932396024447045,-2.9498206164124214
17,17,0.0009842206167114764,0.0009822378572272627,-2.974029789888204,-2.993614177132362
18,18,0.0009755055808951867,0.0009734261609417828,-3.014778364272228,-3.0327507254859842
19,19,0.0009667393121359505,0.0009653751652589754,-3.0540774340722687,-3.068819641361724
20,20,0.0009579613046317371,0.0009552498997532224,-3.093064295286952,-3.1146108554357115
21,21,0.0009494969002019192,0.0009461894974504647,-3.1313655190711036,-3.1559996318667602
22,22,0.0009418226209632361,0.0009392005189223901,-3.1683964268523255,-3.1881976247003156
23,23,0.0009332784330328331,0.0009308166918344796,-3.207640402204719,-3.2271392367426643
24,24,0.0009249841293905737,0.0009232055346824621,-3.2452194948533974,-3.2627968688227043
25,25,0.0009174857897079099,0.0009149143251737481,-3.2820407038199595,-3.3019765876015916
26,26,0.0009095235499697402,0.0009076497670704205,-3.319131714602317,-3.3365978579245175
27,27,0.0009010763089988649,0.0008987171581554177,-3.35998414239082,-3.379550530815458
28,28,0.0008934155327373559,0.0008917466130744862,-3.3956726104842083,-3.413366177997835
29,29,0.0008860631868694477,0.0008833480839568534,-3.433144341550948,-3.454462149662851
30,30,0.000878508267540139,0.0008771066296551572,-3.4702710903046623,-3.485256926700741
31,31,0.0008716698425111466,0.0008699276919574722,-3.503652973564843,-3.5209493059307206
32,32,0.0008647385318571529,0.0008624086775326807,-3.5381429733946366,-3.5586496860393497
33,33,0.0008577949873930247,0.0008569241556535033,-3.571578834846458,-3.5863570108936553
34,34,0.0008516310931413828,0.0008497059002126518,-3.6040482595845913,-3.62309452397614
35,35,0.0008469783879826133,0.0008440031149228545,-3.629459935357514,-3.6523403686889813
36,36,0.0008411312898256115,0.0008403670539050118,-3.6596948550829707,-3.6710906851936658
37,37,0.0008355706195663853,0.0008342306674948256,-3.6858710246130584,-3.702919352474815
38,38,0.0008313623677036658,0.0008313033215113377,-3.7098010403376653,-3.7181857057856567
39,39,0.0008274204206902572,0.0008268769720177117,-3.730284928764218,-3.7413718904675792
40,40,0.0008242917931206601,0.0008241427284175236,-3.7475433926302077,-3.755756552177316
41,41,0.0008206646697422893,0.0008211191130900069,-3.7662459015500187,-3.7717192506043644
42,42,0.0008178275041330183,0.0008171229274012148,-3.779927963065544,-3.7929068992262605
43,43,0.0008159603439895532,0.0008168104380418203,-3.7924005340832982,-3.7945680735307135
44,44,0.0008134436391572439,0.0008139060473216599,-3.803865136795834,-3.8100381102675818
45,45,0.000811414757128997,0.0008107044482848755,-3.8153198770326915,-3.8271553035724026
46,46,0.0008106527084331076,0.0008113649581853105,-3.819884359689809,-3.823618391776742
47,47,0.000809100546547663,0.0008114102437455011,-3.8258298919528655,-3.823376001224034
48,48,0.0008085622583016677,0.0008101786186575497,-3.8295095413695934,-3.829973087510521
49,49,0.0008086383111112434,0.0008100217673927546,-3.8297649333795403,-3.830813966695335
50,50,0.0008083913114027495,0.0008090020181905283,-3.833008177636876,-3.8362848129418268
51,51,0.0008080968112425552,0.0008092097000611064,-3.833418096636061,-3.835170062753563
52,52,0.0008079650777046444,0.0008091573897553118,-3.8330558529012215,-3.8354508158324423
53,53,0.0008081471314653754,0.0008108842119231428,-3.8336190874322296,-3.8261924162708083
54,54,0.0008072118075641314,0.0008083499729094145,-3.836774882329693,-3.8397865823085358
55,55,0.0008083192077129311,0.0008114464458470282,-3.8325340907764582,-3.8231822395317057
56,56,0.0008078402162711952,0.0008093509486092156,-3.8334373792336196,-3.8344120625485436
57,57,0.0008074747309683985,0.0008096915522688313,-3.8359508925310912,-3.83258478139948
58,58,0.0008080710588531933,0.0008099941156902595,-3.8307178456319653,-3.830962224276454
59,59,0.0008076921767872019,0.00081039810749261,-3.832272770681557,-3.828796681741504
60,60,0.0008087045808332329,0.0008097500632222938,-3.8298325122843737,-3.832270957375352
61,61,0.0008088628690660998,0.0008085855056139591,-3.8291192718335534,-3.83852134252657
62,62,0.0008085948263880672,0.0008108946188402019,-3.8290180693685634,-3.826136679118901
63,63,0.0008080752870096758,0.0008085543614518093,-3.831069479046776,-3.8386886222782146
64,64,0.000808401868592218,0.0008097977628686318,-3.8325313004184487,-3.8320151366719974
65,65,0.0008085104330807694,0.000811113553170703,-3.8297135396233406,-3.8249642809293736
66,66,0.0008087620990034001,0.000810588474115847,-3.8291057114606235,-3.8277766217937104
67,67,0.0008095228215247469,0.0008105294392934363,-3.825989729957885,-3.8280929281821896
68,68,0.0008089461312245232,0.0008105062389452206,-3.8274255223160107,-3.828217241093302
69,69,0.0008082036433030956,0.0008107486677258031,-3.8308399439484964,-3.8269184264280334
70,70,0.0008082883102464077,0.0008107003155409506,-3.831082158864953,-3.8271774427435923
71,71,0.0008085760205129603,0.0008101877970866075,-3.8312161582216318,-3.8299238870203896
72,72,0.0008085706546067347,0.0008097651481971537,-3.8288839828842844,-3.832190052654046
73,73,0.0008091223942231118,0.0008093722219774989,-3.8271797124083093,-3.834297912005382
74,74,0.0008087181690216218,0.0008089725191606895,-3.828773298168163,-3.8364431747155896
75,75,0.0008091758504586736,0.0008095643991653464,-3.828336999897217,-3.833266846409215
76,76,0.0008084564769794186,0.000809464606726052,-3.8306448300094607,-3.8338022204589493
77,77,0.0008080403504115482,0.0008098836161049181,-3.832220734691583,-3.8315547302329085
78,78,0.0008087372101276883,0.0008106060650836872,-3.8283890835489505,-3.8276823744954385
79,79,0.0008084612254043753,0.0008102498832158744,-3.8304994845702307,-3.8295910921997764
80,80,0.0008081968912144297,0.0008088479241307237,-3.8331308689900285,-3.837112110929347
81,81,0.0008083664105254581,0.0008110127129935121,-3.8291356901984184,-3.825504242996176
82,82,0.0008070315576408097,0.0008095411773722031,-3.83565940584433,-3.833391422555068
83,83,0.0008079699803498987,0.0008096017378480419,-3.8338060723908027,-3.8330665459769317
84,84,0.0008082438299922061,0.0008099483552780983,-3.83199370452148,-3.8312075847735416
85,85,0.0008080863950716466,0.0008097805425916848,-3.8313713502984736,-3.832107489986808
86,86,0.0008077656768608032,0.0008085792528857526,-3.832753024822453,-3.8385549263076
87,87,0.0008081262337149496,0.000809570409872226,-3.832480888006362,-3.8332346018201213
