,epoch,train_loss,test_loss,train_dbs,test_dbs
0,0,0.0002979149486264694,0.0002822592581842879,-8.165933267304336,-8.40929890514179
1,1,0.00026848730685179764,0.0002584599217363192,-8.616602833255573,-8.791848778464857
2,2,0.00024939440811873824,0.0002440832207579852,-8.939626021548397,-9.040401609978687
3,3,0.0002378931407967928,0.00023506444152812228,-9.141170179248869,-9.203911484666012
4,4,0.0002302826080980144,0.0002286349182740148,-9.28332295960622,-9.324355275667598
5,5,0.00022476461080512628,0.0002232316650119365,-9.392201406998835,-9.428222877981463
6,6,0.0002199520129523211,0.0002188351729847981,-9.483155863427067,-9.514609596831596
7,7,0.00021588375156423673,0.00021556972473933312,-9.56592934003857,-9.57990319154075
8,8,0.00021258058172252182,0.0002121338452286038,-9.631432350700281,-9.649681220857548
9,9,0.0002098090189974755,0.00020933255482783638,-9.689763879291865,-9.707413124437824
10,10,0.000207182238677747,0.0002075564231123089,-9.744111650792593,-9.744419085792615
11,11,0.00020509510143232752,0.00020471511417877321,-9.788640952175566,-9.80428178388742
12,12,0.00020329144944739288,0.00020349596620929477,-9.826827420201752,-9.830222814664115
13,13,0.0002013036563270005,0.0002014122996785629,-9.870363393426546,-9.874920981667403
14,14,0.0001999826412635961,0.00019996708847190204,-9.898099836770927,-9.906195630199209
15,15,0.00019834867931215917,0.00019857960701062294,-9.932034884029408,-9.936434394368739
16,16,0.00019693572359812475,0.0001973652941064517,-9.965421709840875,-9.963073002191965
17,17,0.000195518990236901,0.00019579840437999288,-9.993064914128725,-9.997689380424973
18,18,0.00019437795956187028,0.00019485464604497937,-10.020605758694598,-10.018673209123058
19,19,0.00019338391238185048,0.0001937976814683919,-10.042967805331687,-10.042295093381224
20,20,0.0001923658356392161,0.0001930282918405474,-10.065264528812868,-10.059571188239897
21,21,0.00019150525562527598,0.00019190296083443652,-10.08449406008455,-10.084964108933898
22,22,0.00019041760287550038,0.00019104154029934617,-10.111016663059335,-10.104502753039943
23,23,0.00018966195417193638,0.00019052963302544268,-10.127950491534436,-10.116155553525047
24,24,0.00018882758275740155,0.00018943780588941942,-10.1459079716021,-10.141114313506808
25,25,0.0001880370807166682,0.00018901195940806677,-10.165599167473967,-10.150888020455733
26,26,0.00018762673290936065,0.00018821449071095375,-10.174324036499602,-10.169250294388512
27,27,0.00018651473360525002,0.0001878568413973737,-10.20046841356519,-10.17751070441766
28,28,0.00018618710623506804,0.0001869218662920359,-10.206711577279906,-10.19917977808847
29,29,0.00018536952953094368,0.0001860498274541705,-10.227407798275232,-10.21948814742338
30,30,0.00018473006766913554,0.00018597611587641664,-10.242353726540593,-10.221209131266777
31,31,0.00018419452013385473,0.0001852203031854802,-10.254406125472823,-10.238894955687332
32,32,0.00018333335954350295,0.00018449334081531944,-10.274576115971627,-10.255973911680304
33,33,0.0001830421097110957,0.00018400924837853956,-10.279903748103791,-10.267384349551243
34,34,0.00018231787064146328,0.00018376829546851744,-10.298270952373185,-10.273074992492564
35,35,0.00018186277269443364,0.00018302291343723866,-10.310745141945468,-10.29072621972226
36,36,0.00018151511873848276,0.00018319608965324923,-10.319204703159395,-10.28661886974962
37,37,0.00018080736953913975,0.00018235653375373468,-10.333541353870954,-10.30656757820599
38,38,0.00018033837631330394,0.00018128710890826034,-10.346823107927172,-10.332111632530662
39,39,0.00017954830887977072,0.00018088844923400566,-10.365734089608111,-10.341672507786805
40,40,0.000179141342517507,0.0001803652389514211,-10.376394905993179,-10.35425244841647
41,41,0.0001788399891553389,0.00017972675911886128,-10.38325692401758,-10.369653432618382
42,42,0.00017834325622858422,0.00017949803288119207,-10.393978165913769,-10.375183928203448
43,43,0.00017809009370898116,0.0001792117660730391,-10.402693433510253,-10.382115666443575
44,44,0.00017720954606703185,0.00017926513330741343,-10.422268680468207,-10.380822579183866
45,45,0.00017723541652193273,0.00017863867335683224,-10.422243793865903,-10.39602601499289
46,46,0.00017698244542752384,0.00017844867895626905,-10.428930824050603,-10.40064749077516
47,47,0.00017604386189726864,0.00017758298934878488,-10.449645965636211,-10.42176723904282
48,48,0.00017572492622103082,0.00017706124268251618,-10.458310501609953,-10.434545783912485
49,49,0.00017532924284376013,0.0001770735627934827,-10.46876449211606,-10.434243607671764
50,50,0.00017491375340974517,0.0001764012038046004,-10.480984955802642,-10.450765417910649
51,51,0.00017462274615926495,0.000176270264139595,-10.487043889458628,-10.453990310296675
52,52,0.0001739369993057275,0.00017567841783411016,-10.503062016420486,-10.468596748113317
53,53,0.00017365831362693235,0.0001752869284246117,-10.511567651458606,-10.478285554293091
54,54,0.00017336767362478698,0.0001747545243951639,-10.516968726485983,-10.491496578791393
55,55,0.0001728920267232377,0.00017417247842164025,-10.530613425973366,-10.505985545648844
56,56,0.00017270644929874497,0.00017361820209771395,-10.533606520095853,-10.519828317535232
57,57,0.00017218119716847833,0.00017375712310527697,-10.547383065785834,-10.516354689684078
58,58,0.00017170138511873935,0.00017326844604930987,-10.5574753866883,-10.528586058665892
59,59,0.00017146790713988745,0.00017268290608435084,-10.562903063613053,-10.54328737530927
60,60,0.00017111727139149246,0.0001726909915879859,-10.574793079387694,-10.543084031070668
61,61,0.00017082869626111206,0.00017267647949905184,-10.582260002946391,-10.543449005810695
62,62,0.00017052974726539105,0.00017236639656690195,-10.588326167982448,-10.551254838184576
63,63,0.0001698537959510787,0.00017134891286810957,-10.60483515970635,-10.576967329566568
64,64,0.00016973120221608923,0.00017040632174987542,-10.611187513769183,-10.600923841004661
65,65,0.0001690798953953247,0.00017096819417355093,-10.625650119382312,-10.586627617818426
66,66,0.0001689482620706033,0.0001702294501132871,-10.629776332222798,-10.605433900665082
67,67,0.00016856294940825858,0.0001700149502874793,-10.640659479190075,-10.61090973526804
68,68,0.00016786459159494867,0.00016976477835621489,-10.65703056389095,-10.61730495545035
69,69,0.0001673448424889543,0.00016951389950822646,-10.6699246617096,-10.623727717991853
70,70,0.00016722769957136594,0.00016898885874788423,-10.673662982738692,-10.637200133343827
71,71,0.0001671535676146003,0.00016824043383454219,-10.677268230619712,-10.656477067512071
72,72,0.00016669300204795814,0.00016805714480333815,-10.686890056956376,-10.66121105477713
73,73,0.00016618596786541922,0.0001677586314096851,-10.70137841864229,-10.668932118703712
74,74,0.00016597916744769426,0.00016757984121795744,-10.706209482561977,-10.673563117374085
75,75,0.00016560886201050286,0.00016726253823818346,-10.717930400270381,-10.681794033345911
76,76,0.00016558544437842655,0.0001672513669626297,-10.716989698468335,-10.682084103400111
77,77,0.0001650689326985211,0.00016702728738126002,-10.729897785355453,-10.687906583478208
78,78,0.00016474967372973363,0.0001661226729323205,-10.738217706933357,-10.711491759871887
79,79,0.00016445253442219198,0.00016580737658506748,-10.746685731091771,-10.719742384071726
80,80,0.0001642449010948449,0.00016608649533928225,-10.753383664902874,-10.712437653639295
81,81,0.00016407029926488847,0.00016543833235597335,-10.754918580583762,-10.729419426476237
82,82,0.00016340333968400955,0.00016516525111479781,-10.77195529488022,-10.736594043392449
83,83,0.00016321166020640432,0.00016475079878306898,-10.780246498607035,-10.747505574093807
84,84,0.00016297675764005747,0.00016421875931739218,-10.786160949796184,-10.761553196426409
85,85,0.0001627202807342365,0.00016416205892854027,-10.791532452342523,-10.763052959194306
86,86,0.00016224322604740365,0.00016385913860224384,-10.803941246448133,-10.771074188587704
87,87,0.00016208991366942633,0.0001639711033356817,-10.809713030856914,-10.768107673509471
88,88,0.00016179718584249508,0.0001627751227811371,-10.821107755871584,-10.799900547208425
89,89,0.00016143920512740338,0.00016280414619311494,-10.825623665180455,-10.799126252964136
90,90,0.00016103698088926714,0.00016249725013040006,-10.838019963116288,-10.807320703255703
91,91,0.0001608512033384351,0.00016265104089765564,-10.84545932972064,-10.803212394006634
92,92,0.00016057537688595272,0.00016179280340254895,-10.851684710778617,-10.826188861843061
93,93,0.00016031573396344122,0.00016159549934519944,-10.858751168367567,-10.831488254138213
94,94,0.00016014172291123913,0.00016170305408243286,-10.86153177349595,-10.828598638325769
95,95,0.00015960481859738794,0.00016111922205278747,-10.877056140640304,-10.84430730058469
96,96,0.00015925467026314325,0.00016066051504917835,-10.884197201599683,-10.856689314269927
97,97,0.0001588747757138953,0.00016060740515393647,-10.89568849962858,-10.85812520831335
98,98,0.00015871643287384133,0.000160017182535835,-10.901873542460603,-10.874114669229563
99,99,0.0001585403655009997,0.00015998860180843621,-10.907003758645114,-10.874890433471233
100,100,0.00015833924558090489,0.0001600371638472241,-10.912736410312728,-10.873572400493842
101,101,0.0001580032391579265,0.00015953274391665074,-10.920340188611222,-10.887282513306074
102,102,0.0001578608896228072,0.00015933812660238656,-10.924299458209232,-10.892583796300352
103,103,0.0001573766111852313,0.0001588479085751858,-10.939116458281426,-10.905965851391066
104,104,0.00015716881703671797,0.00015849485383736655,-10.942895602872644,-10.915629206341372
105,105,0.0001568565221344956,0.0001581377720484804,-10.951255111677586,-10.92542470456657
106,106,0.00015682688798424163,0.0001581096952768827,-10.954811192030744,-10.926195846679406
107,107,0.00015630776386050334,0.00015836076100209825,-10.966934579219947,-10.91930506242023
108,108,0.00015615859862834637,0.0001574997486865246,-10.972733192176978,-10.942982211809243
109,109,0.0001554089148598483,0.00015729029990708162,-10.991897828311078,-10.94876145819794
110,110,0.00015550174077699134,0.00015706665381960767,-10.991272443362853,-10.95494094791018
111,111,0.0001553070997596075,0.00015687898542781018,-10.99449764320819,-10.960133143405466
112,112,0.00015511090468768913,0.00015646678711116118,-11.00332669747608,-10.971559214750261
113,113,0.00015471702544786727,0.00015659054732072706,-11.012322899311883,-10.96812544253143
114,114,0.00015439793030064093,0.00015599459354569646,-11.021074842512647,-10.984685394731326
115,115,0.00015438052290959342,0.00015563560315824456,-11.02052298164439,-10.994691332213723
116,116,0.00015383409024168228,0.0001553569569583296,-11.03591032893407,-11.00247380388214
117,117,0.0001537458072224459,0.000155107616783904,-11.041203077399294,-11.009449613318065
118,118,0.00015308123340556572,0.00015469911159016192,-11.057797257896251,-11.020902666982934
119,119,0.00015288628694798184,0.00015492941326412715,-11.060140517470314,-11.014442101718931
120,120,0.0001527824339795301,0.00015449168552693568,-11.06718637412455,-11.026729749096408
121,121,0.00015252446527736857,0.00015484795776980095,-11.073827884736351,-11.016726043402844
122,122,0.00015210538137027245,0.00015374917711596936,-11.085177223117162,-11.04765286270325
123,123,0.00015181080905058103,0.00015337534377498455,-11.093401558278275,-11.058225371655034
124,124,0.00015150084860560475,0.00015358941699990906,-11.103796732476031,-11.052167944402127
125,125,0.00015154017013084797,0.00015331128701003954,-11.101312345670745,-11.06003956876415
126,126,0.00015136155512270315,0.00015302443735938715,-11.109984115191946,-11.068172949686765
127,127,0.00015104802990855516,0.00015233666329693638,-11.115266725898225,-11.087736475268317
128,128,0.00015059788201301905,0.00015171839224517738,-11.128666701752278,-11.10539854477092
129,129,0.0001507017652854592,0.0001518389571605152,-11.12763020340537,-11.101948739961507
130,130,0.00015038879064377397,0.00015167213017488584,-11.13325700606998,-11.106723000251236
131,131,0.00014987915856931743,0.0001513815981237904,-11.148966209176372,-11.115050005892789
132,132,0.00014982086419699155,0.00015099173393345584,-11.151845939766991,-11.126249139045608
133,133,0.00014972805958265228,0.0001512008840156915,-11.153548267583833,-11.1202375599591
134,134,0.00014927286847336122,0.00015101461337364621,-11.169205572562696,-11.125591112170918
135,135,0.00014895054610138854,0.000150637725662244,-11.176753098708796,-11.136443362748663
136,136,0.00014891185495911224,0.00015033969937480594,-11.177102146427709,-11.14504408849295
137,137,0.00014848314548516166,0.00014998680623983475,-11.191471471701062,-11.155250288005117
138,138,0.0001484447315793734,0.00015002938973913458,-11.192619041267104,-11.154017435969916
139,139,0.00014789474284343575,0.0001493878271982172,-11.20703654627797,-11.17262875702731
140,140,0.00014782721235551247,0.00014975681398554067,-11.211481722576966,-11.161914942715525
141,141,0.00014747144833216733,0.00014928788694209958,-11.221747722599329,-11.175535153584972
142,142,0.00014700551295878614,0.00014889599237664553,-11.232242176081016,-11.186950777102124
143,143,0.00014709014599763586,0.0001489173293138217,-11.232496300042886,-11.18632847357053
144,144,0.00014703595481534517,0.00014804164560413673,-11.234110172262621,-11.211941823391015
145,145,0.0001465704840531131,0.00014845537723311665,-11.244688745279948,-11.199821534400794
146,146,0.00014607117603744198,0.00014800819687814894,-11.261999385571798,-11.21292318497954
147,147,0.00014615725556666934,0.000148081458112421,-11.260881374943683,-11.210774041982155
148,148,0.0001458994020796717,0.00014690400520952322,-11.268627792356455,-11.245444497160758
149,149,0.0001455334547160616,0.0001473268049793612,-11.277655386368728,-11.232963157544653
150,150,0.0001453671873830374,0.0001472087529500162,-11.284054982753378,-11.236444526519447
151,151,0.00014503807451734415,0.00014693404955323786,-11.291097844151125,-11.24455638260094
152,152,0.00014498984316944807,0.00014659043441306015,-11.29510736357242,-11.254724544754286
153,153,0.00014433360452458896,0.00014660247573996648,-11.31330996152961,-11.254367818404361
154,154,0.0001445616053575746,0.00014618989294639935,-11.307871225899113,-11.266607382568985
155,155,0.00014412731739942022,0.00014625280393949268,-11.320437445845615,-11.264738852572245
156,156,0.00014397138282632666,0.0001463494455061951,-11.325711351635457,-11.26187005024779
157,157,0.00014371757522182175,0.0001456873341291947,-11.332363764955172,-11.281562899244106
158,158,0.00014342712934522592,0.00014496818843518237,-11.341028281080291,-11.303053744569143
159,159,0.00014288268173857563,0.00014501365857492936,-11.356025358233348,-11.301691767524789
160,160,0.0001431261580833474,0.0001448832266951764,-11.349681189215485,-11.305599767392433
161,161,0.00014276445755367792,0.0001449340994249245,-11.36096625629754,-11.304075100366369
162,162,0.00014251227638823431,0.00014432497769839277,-11.370105116894502,-11.322365872659093
163,163,0.00014230232705606972,0.00014423384824400082,-11.37780696571937,-11.325108954272885
164,164,0.00014220597132435549,0.0001436273244172825,-11.378823221556267,-11.343410160958815
165,165,0.00014190522036647193,0.0001440110224250116,-11.388191680808482,-11.331823525995524
166,166,0.00014142662910240482,0.00014316859213929427,-11.40184694132045,-11.357303320198607
167,167,0.00014127914694176275,0.000143180979648605,-11.406060162661479,-11.356927567798634
168,168,0.00014125705915971266,0.0001428161677291715,-11.407468973942906,-11.368007111138532
169,169,0.00014077647233300258,0.000143198411311268,-11.42241747865743,-11.35639886530444
170,170,0.00014088600444890674,0.00014221230996650105,-11.419719957253395,-11.386408955660784
171,171,0.00014051654572315398,0.00014206712474237735,-11.431909364667307,-11.39084495344848
172,172,0.00014038400110349386,0.0001425225047186311,-11.435766073593388,-11.376946402048624
173,173,0.0001401575474991444,0.0001423211092754316,-11.441714896334968,-11.383087662722174
174,174,0.0001400728591030089,0.00014199462403714853,-11.445829864256982,-11.393061841645075
175,175,0.00013971602258850945,0.00014170859465498085,-11.453438600036836,-11.401818952332722
176,176,0.00013950073360357454,0.00014142715295556148,-11.462092156261978,-11.410452875694475
177,177,0.00013941608248734558,0.000141053420712093,-11.462919079033618,-11.421944635545017
