,epoch,train_loss,test_loss,train_dbs,test_dbs
0,0,0.00012948788882811678,0.00011914034793766117,-11.784638126789977,-12.15519222248888
1,1,8.753357422430087e-05,4.497179868753607e-05,-13.486406354933834,-16.38637828414137
2,2,3.672117245795815e-05,3.3708214495594514e-05,-17.25926863974239,-17.63842337522329
3,3,3.291739094774383e-05,3.395904729443014e-05,-17.732330091881174,-17.60622588518479
4,4,3.2125344697521646e-05,3.194064983721259e-05,-17.83998123336043,-17.872343386504856
5,5,3.044867396253262e-05,3.127479316103027e-05,-18.07132946114077,-17.96383640202858
6,6,3.0963357726859705e-05,3.0885035812389106e-05,-17.99911820339365,-18.018299770726692
7,7,3.0086271602992863e-05,3.180534871429891e-05,-18.12311694053593,-17.890779247782845
8,8,3.0154069501110927e-05,3.067056260126839e-05,-18.11457712185676,-18.048563438509042
9,9,3.028319222665363e-05,3.079196635793012e-05,-18.096244568700463,-18.031406627338328
10,10,2.9429680242961676e-05,3.1860971878478794e-05,-18.21794461262268,-17.883190670591432
11,11,2.9640821144452856e-05,3.03128362199794e-05,-18.1856658503056,-18.09951513303683
12,12,2.899872566727542e-05,3.0186554891100203e-05,-18.280944709281467,-18.11764535317337
13,13,2.9192956699449667e-05,2.9122263903876667e-05,-18.253018810396437,-18.273529532299847
14,14,8.785960965996281e-05,4.597613549680988e-05,-13.468879976751435,-16.29045622285955
15,15,0.12691637548258647,5.4640861842352406e-05,18.12694548031008,-15.540605455367764
16,16,4.8897128959351996e-05,4.773393620301871e-05,-16.01463035846976,-16.127508379920766
17,17,4.6856587809107276e-05,4.696267856879307e-05,-16.19848586809704,-16.198252269113237
18,18,5.129385445076137e-05,4.792171086209189e-05,-15.805825655526526,-16.11045771840129
19,19,4.77109874971331e-05,4.666936939955983e-05,-16.11984272479973,-16.225461536265843
20,20,4.568473614011795e-05,4.559438782866652e-05,-16.309134495617865,-16.32666697282726
21,21,4.4711195965346726e-05,4.528888932423127e-05,-16.402572965689938,-16.35586416258112
22,22,4.44878422752378e-05,4.638923086244368e-05,-16.42670551556848,-16.25160914390382
23,23,4.352636455054774e-05,4.5634652212213135e-05,-16.518535293674542,-16.32283341265407
24,24,4.3472199527950016e-05,4.345191030695691e-05,-16.526767698486772,-16.53569211929068
25,25,4.179611064454051e-05,4.426249104558098e-05,-16.69537881084341,-16.45542234420606
26,26,4.080416044051106e-05,4.270040938679717e-05,-16.802239556641243,-16.611460475188856
27,27,3.9548964496040666e-05,4.051929002008891e-05,-16.936702610808112,-16.83916259290629
28,28,3.823756869866143e-05,4.0263285642906433e-05,-17.081913272792555,-16.866688741865417
29,29,3.746830789731172e-05,3.7828910583477027e-05,-17.16969675629141,-17.137542518920295
30,30,3.672833175646842e-05,3.833732003649378e-05,-17.258756303873575,-17.07956336002884
31,31,3.6036590826529626e-05,3.90716604191479e-05,-17.339759562477855,-16.997162186006204
32,32,3.5835744711221196e-05,3.7614545267148825e-05,-17.364468164417616,-17.16222270449451
33,33,3.554436308646829e-05,3.6654101342336566e-05,-17.397903438877606,-17.274555100604005
34,34,3.520419811616897e-05,3.6612074549530484e-05,-17.44127390063146,-17.279537483262153
35,35,3.5162335087679636e-05,3.642241264108299e-05,-17.44431375923646,-17.302093760055577
36,36,3.488009172814572e-05,3.626909873625999e-05,-17.483335608945154,-17.32041322551456
37,37,3.499685738358128e-05,3.599251862109859e-05,-17.468298805679463,-17.353658483169767
38,38,3.4928667783910005e-05,3.699217153265827e-05,-17.474214690034653,-17.23468260095745
39,39,3.4581105321250886e-05,3.610267997014729e-05,-17.521210403767796,-17.340386447256243
40,40,3.431052340902076e-05,3.5750528408435024e-05,-17.552028949233552,-17.38295621081066
41,41,3.4499459831852984e-05,3.560716255666002e-05,-17.52848410545871,-17.4004071908671
42,42,3.439048625821051e-05,3.687864840398297e-05,-17.543591350324483,-17.248030904714412
43,43,3.460213538909153e-05,3.638167445866489e-05,-17.519214099883726,-17.306954028312013
44,44,3.407006292992761e-05,3.568456486391369e-05,-17.582627255965633,-17.3909768097131
45,45,3.4666781916196656e-05,3.629487391184452e-05,-17.50816175716459,-17.31732794322123
46,46,3.429121027965238e-05,3.5879282031122496e-05,-17.555130539542727,-17.367343423973168
47,47,3.4064402234903775e-05,3.472097829982982e-05,-17.582139093262242,-17.509861329503615
48,48,3.4171489291505155e-05,3.649075494506274e-05,-17.570752152251146,-17.29395237896528
49,49,3.3896037794621994e-05,3.5056128342004834e-05,-17.604657611441617,-17.46814136137403
50,50,3.3841937055484846e-05,3.4861083278021974e-05,-17.61191545452016,-17.492372080186694
51,51,3.404228238613325e-05,3.493546242488695e-05,-17.587621949492764,-17.483115901401728
52,52,3.350399207736644e-05,3.42946824323582e-05,-17.6527376067513,-17.563513006674853
53,53,3.3494491833256144e-05,3.461979117434423e-05,-17.658028596799777,-17.522536424333
54,54,3.333397496332049e-05,3.4658927592988076e-05,-17.678414634343,-17.51762965562569
55,55,3.3381842175791444e-05,3.382312139652449e-05,-17.67220408258657,-17.62364401968181
56,56,3.2972773943143204e-05,3.3618297349771876e-05,-17.724001731538912,-17.65002372177522
57,57,3.2659060210433604e-05,3.4005189502893606e-05,-17.76498799164481,-17.600328869182924
58,58,3.2759619007828e-05,3.333540802199614e-05,-17.753975328670897,-17.686723111135564
59,59,3.252522988405712e-05,3.444690025246114e-05,-17.78447418706604,-17.544279388598177
60,60,3.240783768991061e-05,3.412054023723804e-05,-17.80079541749307,-17.585621875078147
61,61,3.238130536664892e-05,3.3422320101587834e-05,-17.80604590071405,-17.675414919870242
62,62,3.265996948010576e-05,3.342428642913307e-05,-17.76729861143273,-17.67515941992879
63,63,3.2474157330970105e-05,3.323391252993851e-05,-17.792611991366556,-17.699966138382447
64,64,3.220989470044271e-05,3.300822419604581e-05,-17.82556913785599,-17.72955925905555
65,65,3.2164358494763706e-05,3.267524976093371e-05,-17.833672506886373,-17.773591704308785
66,66,3.2009218763782085e-05,3.292600501337898e-05,-17.855686929888503,-17.740390463507325
67,67,3.174017132850983e-05,3.24644199855883e-05,-17.889432738877254,-17.80170438223001
68,68,3.1479353320091176e-05,3.328592528736121e-05,-17.927311324397458,-17.69317452286384
69,69,3.201535496513897e-05,3.280294444457946e-05,-17.85220575758173,-17.756652579015523
70,70,3.16007930469476e-05,3.1867387741313956e-05,-17.91050263298589,-17.882316217254804
71,71,3.136858185357174e-05,3.2316228833607106e-05,-17.941454108458622,-17.821574115864813
72,72,3.227858174683468e-05,3.259633041651748e-05,-17.81694524740647,-17.784093748967152
73,73,3.15412591364818e-05,3.169634730607198e-05,-17.919471895911336,-17.905688694166976
74,74,3.083199809440988e-05,3.0895663976001454e-05,-18.014200501248887,-18.016805532923964
75,75,3.25050409019147e-05,3.2913899160216954e-05,-17.78937972567714,-17.741987520900476
76,76,3.14964304989283e-05,3.451408816832363e-05,-17.924160013621773,-17.53581682127987
77,77,4.399503937822805e-05,4.3380885855233496e-05,-16.473594228845396,-16.542796700901754
78,78,4.005677103648231e-05,3.818861257873083e-05,-16.880892468469252,-17.096442059159635
79,79,3.5590566129912145e-05,3.452357438953569e-05,-17.393836537704185,-17.53462332387576
80,80,3.290575258472824e-05,3.321731204969661e-05,-17.732816961382696,-17.702135999709032
81,81,3.441650538267832e-05,3.266722859208178e-05,-17.54062865069306,-17.774657947731477
82,82,3.174701290395346e-05,3.2217591165375014e-05,-17.89199158850517,-17.834850202227283
83,83,3.123661574755181e-05,3.1340539862867445e-05,-17.958970644124804,-17.954716131025975
84,84,3.085827699681797e-05,3.179825341105339e-05,-18.013710938635814,-17.891748202671177
85,85,3.060727095478647e-05,3.1517591675143e-05,-18.04677564398436,-17.930250615888813
86,86,3.059290476400194e-05,3.121264068651822e-05,-18.05159149508241,-17.972475734437193
87,87,3.0637219640187506e-05,3.1318667759861505e-05,-18.04795564316791,-17.957748066599144
88,88,3.0482823519575043e-05,3.088245524084318e-05,-18.06716430966317,-18.018662656757545
89,89,2.994453124179908e-05,3.06154708692032e-05,-18.142162713257104,-18.056371430093485
90,90,3.003178383166705e-05,3.0453040859643615e-05,-18.130125539205686,-18.0794742112822
91,91,3.044040132999257e-05,3.133545042625261e-05,-18.073024126622876,-17.95542144552758
92,92,3.016824822347208e-05,3.0697082317936675e-05,-18.111885290978083,-18.04480987509862
93,93,3.7663431209422046e-05,4.187592754820607e-05,-17.14874439408231,-16.696136465908687
94,94,3.9115264934077186e-05,3.875417487027957e-05,-16.983252280971616,-17.03259591731713
95,95,3.66652746698051e-05,3.551259664833962e-05,-17.26718959532144,-17.411956576529477
96,96,3.3893698986803336e-05,3.383418965983621e-05,-17.604737118405836,-17.622223068819775
97,97,3.225789194252731e-05,3.2543413429888655e-05,-17.822078384574553,-17.791149828401988
98,98,3.110204241088515e-05,3.1937499730510786e-05,-17.97571539233186,-17.87277172513657
99,99,3.0900992287476497e-05,3.142428623074298e-05,-18.00724127392079,-17.94312664395327
100,100,3.0200294091140603e-05,3.0850050614773004e-05,-18.10506268098755,-18.023222054237994
101,101,3.0056295445226086e-05,3.122197746339034e-05,-18.128113441220698,-17.971176804188328
102,102,3.0142096894104323e-05,3.06720173141098e-05,-18.115024422434892,-18.048357456380227
103,103,2.985448179632718e-05,3.025461850675607e-05,-18.153455741404755,-18.107864052271637
104,104,2.9908332115005624e-05,3.085033753641734e-05,-18.149822563425335,-18.023181662762152
105,105,6.719304620514543e-05,3.3643861905530735e-05,-14.633418966950025,-17.646722446242016
106,106,3.261621586528976e-05,3.3341664100972644e-05,-17.770440730615633,-17.685908144161367
107,107,3.251885233843608e-05,3.3596375176689196e-05,-17.783479828907996,-17.652856638690785
108,108,3.232084200885531e-05,3.3239938937568745e-05,-17.813755469889042,-17.69917869022685
109,109,3.21466579651352e-05,3.286477744711048e-05,-17.83766824286912,-17.748473906461793
110,110,3.212577362272399e-05,3.3129535471456815e-05,-17.837451721822045,-17.713627398994877
111,111,3.2149413734081574e-05,3.26374004208973e-05,-17.83632913458178,-17.778625265591582
112,112,3.1924325590695194e-05,3.3353361064464e-05,-17.8663604897034,-17.68438481412624
113,113,3.1992369033630275e-05,3.2544560350575726e-05,-17.855900560073326,-17.790996773606548
114,114,3.179483961109336e-05,3.2698679301814226e-05,-17.883978996724068,-17.77047874447924
115,115,3.163741791102382e-05,3.2606864184153415e-05,-17.905090529077242,-17.78269051796727
116,116,3.166838472417421e-05,3.236907478391291e-05,-17.901873610459283,-17.814478003322613
117,117,3.1503362873822367e-05,3.292485770974676e-05,-17.923989741160568,-17.74054179565879
118,118,3.1516563504953516e-05,3.2544175299239885e-05,-17.92154971474622,-17.791048157511533
119,119,3.1418305391610176e-05,3.231858672255552e-05,-17.936235193117017,-17.82125725314899
120,120,3.11812912786053e-05,3.234286534854235e-05,-17.968773655893713,-17.81799593641327
121,121,3.1328734471618685e-05,3.242227534141612e-05,-17.948434790992707,-17.807345966806736
122,122,3.125574975334511e-05,3.213395872367791e-05,-17.958004333725643,-17.84613854833508
123,123,3.096650564741852e-05,3.201149526208419e-05,-17.997845088138433,-17.862721257449426
124,124,3.109381698768348e-05,3.2183281961663036e-05,-17.98264012947977,-17.839477561620644
125,125,3.102770965269133e-05,3.229925900278e-05,-17.98982926156104,-17.823855273000127
126,126,3.088921736898837e-05,3.202424475028621e-05,-18.011083330695698,-17.860991900548008
127,127,3.078544473610986e-05,3.185942114214413e-05,-18.02241227740964,-17.88340205542484
128,128,3.0789774962276045e-05,3.213005737435244e-05,-18.02297783545238,-17.846665852599266
129,129,3.090411507972809e-05,3.198218234358233e-05,-18.00559124701064,-17.86669991287931
130,130,3.07272973456288e-05,3.122307019734044e-05,-18.032577700742472,-17.97102480868427
131,131,3.056472833685399e-05,3.165452270829854e-05,-18.054570062345164,-17.911423167791657
132,132,3.059038945795373e-05,3.1922763618671236e-05,-18.052706310032143,-17.874776042636867
133,133,3.0537195888212304e-05,3.1451246525792064e-05,-18.059769829239254,-17.939402235562735
134,134,3.0647306649023956e-05,3.132755160837214e-05,-18.042217344584373,-17.956516322225422
135,135,3.0441599012623763e-05,3.152005228912458e-05,-18.072752777277625,-17.92991157051604
136,136,3.079100375525178e-05,3.1457498966789755e-05,-18.02397888632778,-17.938538953164908
137,137,3.058920546462423e-05,3.1184883099692675e-05,-18.052554455998266,-17.976339659430685
138,138,3.0120011868667022e-05,3.152328712243807e-05,-18.117522243794873,-17.92946588655568
139,139,3.0292858261334202e-05,3.1057543501925754e-05,-18.09458965617968,-17.99410984122325
140,140,3.0167374545984337e-05,3.1283842920521765e-05,-18.111900201981634,-17.962579897448776
141,141,3.0470684034355015e-05,3.073015278986484e-05,-18.068788698101198,-18.040133667603776
142,142,3.0209773369991587e-05,3.116134049426029e-05,-18.1040803110844,-17.979619545051815
143,143,3.0327694908806997e-05,3.0742241793440804e-05,-18.089171183812365,-18.03842552278592
144,144,3.0437101589452196e-05,3.076094215334466e-05,-18.074341973546403,-18.035784533215963
145,145,3.0318625165106362e-05,3.062433241115956e-05,-18.08979297990782,-18.055114561653834
146,146,3.013239166676547e-05,3.069386682335263e-05,-18.11632861796032,-18.045264818889276
147,147,3.0102887077313444e-05,3.086949111189154e-05,-18.12361081809207,-18.020486161952647
148,148,2.990020558294437e-05,3.079432357672455e-05,-18.151068732792442,-18.03107417441199
149,149,2.9901339938490863e-05,3.086194067834999e-05,-18.15074143589562,-18.02154854186004
150,150,2.9783687610107175e-05,3.071059597316076e-05,-18.168172154642733,-18.04289841837131
151,151,2.97465544041263e-05,3.043712163880149e-05,-18.171873044464526,-18.081745064123375
152,152,2.9808198173528e-05,3.057012135717454e-05,-18.163811358542617,-18.06280923537439
153,153,2.9795365165781048e-05,3.074861189433202e-05,-18.165199034016272,-18.03752571427451
154,154,2.9884766750985793e-05,2.9963025218948086e-05,-18.15177050031742,-18.149924265137923
155,155,2.9842469640365398e-05,2.9875352993258275e-05,-18.157795149728603,-18.162650409199994
156,156,2.9735447579818374e-05,2.9840886111885896e-05,-18.175417081428918,-18.16766371153616
157,157,2.9714888498965967e-05,3.0456844845167852e-05,-18.176475597381035,-18.078931754206323
158,158,2.9853378551125227e-05,3.0120756778878306e-05,-18.155848191396558,-18.127122070873106
159,159,2.9661818339216963e-05,3.0263488569241753e-05,-18.185029640710717,-18.106590972393438
160,160,2.9642551359672523e-05,2.9953382181702182e-05,-18.18803903880648,-18.151322185367963
161,161,2.930603488831488e-05,3.059726575309852e-05,-18.238697370409454,-18.05895467735085
162,162,2.941733404928602e-05,3.0205712487498348e-05,-18.221352899585174,-18.114890020730172
163,163,2.94281142243525e-05,3.009144386037645e-05,-18.219018471423038,-18.131350595864518
164,164,2.9488943902233775e-05,3.0102386709155614e-05,-18.210088840712757,-18.129771557332333
165,165,2.9323449424052725e-05,3.020645884757151e-05,-18.234874986478836,-18.11478271120822
166,166,2.92923474618649e-05,2.9912642563239817e-05,-18.239705916246237,-18.15723304859953
167,167,2.938110651250343e-05,3.0391689027677976e-05,-18.225648319604907,-18.088232495247606
168,168,2.9482424503567955e-05,3.0028647272142973e-05,-18.212350000628156,-18.14042317747795
169,169,2.905281447984288e-05,2.9929274923664418e-05,-18.274161528107243,-18.15481890719405
170,170,2.919406461401617e-05,3.011788612639066e-05,-18.253418240787703,-18.12753599405453
171,171,2.9061206228060157e-05,2.9815621402169773e-05,-18.270750372959952,-18.171342212048444
172,172,2.909215177591175e-05,3.019150369111326e-05,-18.267986679147718,-18.116933426823636
173,173,2.9087915649630378e-05,2.980544444366579e-05,-18.27045699687631,-18.172824841351044
174,174,2.8501862917184235e-05,2.9663075206611355e-05,-18.358679271543174,-18.19361913471274
175,175,2.8876271038094162e-05,3.003587823370349e-05,-18.30595998062847,-18.139377513105075
176,176,2.8763033640774965e-05,3.0181284895852994e-05,-18.31839507244783,-18.118403614482506
177,177,2.8978426833175e-05,3.0195271871267132e-05,-18.285730273471444,-18.116391420785217
178,178,2.894992128145982e-05,2.893823626723851e-05,-18.291322737620014,-18.301060281954257
179,179,2.8383652477845617e-05,2.9242732795721265e-05,-18.375273612405117,-18.255601304003164
180,180,2.872759517034415e-05,2.9774943533610848e-05,-18.32427443655996,-18.177271397856217
181,181,2.866308639886952e-05,2.9790799472768987e-05,-18.334549235590153,-18.174959281294964
182,182,2.9421406260243923e-05,3.0050494292242403e-05,-18.2189839223606,-18.13726466340922
183,183,2.9109425218079777e-05,3.0168741432134993e-05,-18.269909486828723,-18.120208935038796
184,184,2.8621078910742353e-05,3.0128381216567696e-05,-18.342317205812925,-18.12602288461287
185,185,2.8760443981190827e-05,2.968079302502845e-05,-18.32215308949117,-18.191025858868805
186,186,2.8572644070438926e-05,2.9356479277148057e-05,-18.347718374127606,-18.238741169023406
187,187,2.8360596374601375e-05,2.871913545133889e-05,-18.3803797296125,-18.33406724377523
188,188,2.829328662197984e-05,2.905273676764122e-05,-18.39077628258378,-18.283910371367337
189,189,2.8494709844493364e-05,2.969301318731404e-05,-18.36245956467881,-18.189238151641632
190,190,2.843990933825742e-05,2.9429119374406965e-05,-18.37051787510442,-18.228008196940245
191,191,2.849358818436776e-05,2.9832002933529255e-05,-18.360403346041714,-18.1689567326827
192,192,2.862494147848338e-05,2.9769531369981306e-05,-18.34042757187655,-18.178060882626966
193,193,2.8437336537142082e-05,2.9470028733301563e-05,-18.366464451986257,-18.221975270402616
194,194,2.8132538196568367e-05,2.9175041594211698e-05,-18.4150784532167,-18.26566602445971
195,195,2.8077657748561006e-05,2.912686096878085e-05,-18.422667482751933,-18.272844035331662
196,196,2.850067440450993e-05,2.9449027160329645e-05,-18.356326400078665,-18.225071337541145
197,197,2.8372543290726716e-05,2.8897049081646592e-05,-18.38022618222967,-18.307245907336295
198,198,2.860662485526865e-05,2.9153167767952637e-05,-18.34251043307354,-18.268923344576898
199,199,2.8676354538885752e-05,3.0951103326515295e-05,-18.333159875404657,-18.009019512244965
200,200,2.8926724891001886e-05,2.9410693298957897e-05,-18.293358115443354,-18.230728240661893
201,201,2.8003249249148623e-05,2.909747222714175e-05,-18.43672022660051,-18.277228239909814
202,202,2.8062804237388545e-05,2.9308455467751054e-05,-18.42639663168692,-18.245851542595155
203,203,2.8010654598792544e-05,2.9602477489357914e-05,-18.43302117869293,-18.202500267915138
204,204,2.812222778957971e-05,2.967935736370763e-05,-18.417367400031264,-18.191235932389695
205,205,2.8160386530534825e-05,2.9130455483314826e-05,-18.41182963583818,-18.27230811025846
206,206,2.8043680451690344e-05,2.92631016475896e-05,-18.42920031919602,-18.252577304632606
207,207,2.7825828491933355e-05,2.940135977711945e-05,-18.461026000714536,-18.23210669859804
208,208,2.8009332005971485e-05,2.8971208800947734e-05,-18.43350833159512,-18.29611470149674
209,209,2.7917836426418833e-05,2.9972563520698858e-05,-18.44979871674067,-18.148541970598345
210,210,2.7806182581266466e-05,3.0007755030007837e-05,-18.463490129585757,-18.143445805580967
211,211,2.8084963410084627e-05,2.9180028880211084e-05,-18.423751679910755,-18.26492368938004
212,212,2.7870947098900735e-05,2.9407632418473152e-05,-18.459257207357147,-18.23118025063983
213,213,2.79493624381673e-05,2.8944078095312426e-05,-18.44281629207739,-18.300183650211633
214,214,2.7775962078840637e-05,2.8684438419938823e-05,-18.470689500889076,-18.339317345848798
215,215,2.8001861979065164e-05,2.9573499264906306e-05,-18.43490416549964,-18.20675371151538
216,216,2.8189398661422658e-05,2.928773009395962e-05,-18.40632812131141,-18.24892372750346
217,217,2.8166433901450425e-05,2.921814216518358e-05,-18.410151423429863,-18.259254884551193
218,218,2.791953275592868e-05,2.9083172481286485e-05,-18.448257439509767,-18.279363073882084
219,219,2.7965724172842322e-05,2.8866442478733678e-05,-18.441214298208976,-18.31184821915636
220,220,2.795483452086721e-05,2.921880494748046e-05,-18.443762226864852,-18.25915637061148
221,221,2.7430845781879923e-05,2.9322793699592647e-05,-18.523859480380125,-18.243727414188672
222,222,2.8021136197062287e-05,2.9482856820993076e-05,-18.43357937215841,-18.220085229657926
223,223,2.7632518505981222e-05,2.93922312266659e-05,-18.49348415904274,-18.23345530787804
224,224,2.775906164201514e-05,2.9236721418687683e-05,-18.472130601312102,-18.256494167289457
225,225,2.7723506906282244e-05,2.895667000159033e-05,-18.477912116059624,-18.298294695170775
226,226,2.7570087845514038e-05,2.8959152539181032e-05,-18.50281922928176,-18.29792237813197
227,227,2.7608872431338785e-05,2.8830027076764964e-05,-18.499600575252003,-18.317330360560554
228,228,2.7904422598478105e-05,2.8338272290727074e-05,-18.451981534096266,-18.392047173915792
229,229,2.739198104800661e-05,2.9340729892474453e-05,-18.52963586880734,-18.241071729919923
230,230,2.791554137748443e-05,2.879289097204731e-05,-18.448098563118094,-18.322928135937865
231,231,2.78380828735253e-05,2.885814491922869e-05,-18.46062358897297,-18.31309676314551
232,232,2.745077161063781e-05,2.8709919972339105e-05,-18.521672261639132,-18.33546104406762
233,233,2.7168868814676654e-05,2.8872109300879712e-05,-18.56577092590849,-18.31099573168655
234,234,2.7994714550867186e-05,2.9228300359375825e-05,-18.436150113203166,-18.257745246825557
235,235,2.7720126042564964e-05,2.8585756808752194e-05,-18.47844101227686,-18.35428391666181
236,236,2.8286586196363433e-05,2.9970802547483655e-05,-18.392405908423626,-18.14879713843443
237,237,2.791882809443572e-05,2.9137071052039238e-05,-18.449580115663093,-18.27132193316297
238,238,2.752759222126657e-05,2.906731644639206e-05,-18.51028882399775,-18.28173147654117
239,239,2.7017963090947513e-05,2.815536294962696e-05,-18.590809172798174,-18.42016956142425
240,240,2.728860778644076e-05,2.885740813278397e-05,-18.546623502199125,-18.313207645661706
241,241,2.7234216946622444e-05,2.8845291365685528e-05,-18.556894004025196,-18.315031562120538
242,242,2.7191441891848147e-05,2.866644440234124e-05,-18.561850332664708,-18.342042570787548
243,243,2.8141393468291596e-05,2.8435029315388466e-05,-18.414848406384017,-18.37724405999041
244,244,2.769545045742506e-05,2.8559005601748238e-05,-18.483172155975613,-18.358350046940306
245,245,2.7365317157428883e-05,2.8538962157510566e-05,-18.53440559279886,-18.361399107328936
246,246,2.7280297817736767e-05,2.886486685096507e-05,-18.548976060877646,-18.312085278198865
247,247,2.7407887697786325e-05,2.7833350414814623e-05,-18.526969687843295,-18.470125990349096
248,248,2.742921435466209e-05,2.872490384968267e-05,-18.526784859148712,-18.333195026706576
249,249,2.7253065108544835e-05,2.8280043855039893e-05,-18.55324318469886,-18.400980077239648
250,250,2.7326591341839095e-05,2.847592287779614e-05,-18.541249159083904,-18.37100278274194
251,251,2.712621292246076e-05,2.8157394952263292e-05,-18.57399145818435,-18.419856137764874
252,252,2.732326733560503e-05,2.8743916022664818e-05,-18.54270899186272,-18.330321509507264
253,253,2.728290276058239e-05,2.85905703333954e-05,-18.54796267926253,-18.35355267445005
254,254,2.7130172290442004e-05,2.911434536432161e-05,-18.57190396264898,-18.274710568798334
255,255,2.7341033545752972e-05,2.829633606444603e-05,-18.54154812967686,-18.398478815459114
256,256,2.7399368882845348e-05,2.8156708618840448e-05,-18.528230871792903,-18.419961997860092
257,257,2.7132503766045647e-05,2.8223771311642947e-05,-18.57148178336309,-18.40963041813702
258,258,2.7243629297914858e-05,2.761363075957266e-05,-18.555616391266604,-18.504545730178435
259,259,2.9465899922460146e-05,2.9733895357103873e-05,-18.21478645507461,-18.183262776518227
260,260,2.8601393535506394e-05,2.9609299752720337e-05,-18.344655345010818,-18.201499496959258
261,261,2.8314114585095783e-05,2.9208416411787958e-05,-18.388974111038937,-18.260700747930436
262,262,2.8534322839347915e-05,2.9289195242056037e-05,-18.354627812716757,-18.24870647276367
263,263,2.8387905237566172e-05,2.9625029128510505e-05,-18.37673620614097,-18.19919300293829
264,264,2.8015722865844865e-05,2.962039568381825e-05,-18.432332174047165,-18.199872305845656
265,265,2.8363572428790257e-05,2.963389536154481e-05,-18.380613907920043,-18.19789343290933
266,266,2.8550136495638427e-05,2.941040264359847e-05,-18.351489865679792,-18.23077116064382
267,267,2.802411954596125e-05,2.9023568889610224e-05,-18.431256308438474,-18.288272718248535
