,epoch,train_loss,test_loss,train_dbs,test_dbs
0,0,0.0010034276638180017,0.0010045637180538553,-19.978781101239772,-19.986037625543524
1,1,0.001006095213503529,0.00100796098061102,-19.97361154794191,-19.971375308260626
2,2,0.0010001166044379171,0.0009997679551720228,-19.99176411488022,-20.00682038678573
3,3,0.0009997634981643677,0.0010028750249674839,-20.00269254320248,-19.993344351734624
4,4,0.0009964010906261729,0.0009967619154945407,-20.019000452395087,-20.01989815186194
5,5,0.0009932931933849666,0.0009968085030681994,-20.023760417485406,-20.019695172062676
6,6,0.0009917942975100475,0.0009914653216439643,-20.038682050026434,-20.043037226518734
7,7,0.000991239109239781,0.0009912248198433143,-20.03616192725175,-20.0440908314491
8,8,0.0009841109366761041,0.0009899487516744749,-20.065220675326778,-20.049685388623327
9,9,0.0009814216623313188,0.0009873961649933143,-20.07102370432838,-20.06089815091547
10,10,0.0009793457515134486,0.0009896022047063237,-20.085604915761696,-20.05120597021827
11,11,0.0009802555960612659,0.0009817664885256243,-20.085446448649016,-20.085730473239344
12,12,0.0009766084156431181,0.000982415062792011,-20.09932995577547,-20.082862385663176
13,13,0.0009738473700522685,0.0009795180889532755,-20.116777123939897,-20.0956879058971
14,14,0.0009688732613924622,0.0009734308144910948,-20.13182340880753,-20.122761612389315
15,15,0.0009710129750076413,0.0009765433221075096,-20.13266117927945,-20.108897366650787
16,16,0.0009687424267728612,0.0009734909399412572,-20.145016729016323,-20.122493372012666
17,17,0.000965557979256606,0.0009657397198392765,-20.15569863420722,-20.157211573571395
18,18,0.0009635731946321723,0.0009688267079917224,-20.163607151780944,-20.14335148545125
19,19,0.0009625409981811937,0.0009626937037529914,-20.168479070922643,-20.170931197614685
20,20,0.0009584236852872694,0.0009638777088471933,-20.184583052012243,-20.16559314535946
21,21,0.0009594488032066177,0.0009565669307975393,-20.180192256620558,-20.19865888271341
22,22,0.0009553477968588548,0.0009591662245312412,-20.203507043694074,-20.186873738055084
23,23,0.0009539113608044908,0.0009523343300986055,-20.21188190194128,-20.217918109764582
24,24,0.0009474281543270522,0.0009531289994667627,-20.23134727922516,-20.214295678031764
25,25,0.0009456521575819201,0.0009539308590128234,-20.246549313338345,-20.2106435305117
26,26,0.0009446481078354277,0.0009445738365971728,-20.243387798289206,-20.253453391518022
27,27,0.0009439812616694757,0.000948913162574172,-20.254813992822523,-20.233547803288484
28,28,0.000938707915826019,0.0009435886504912847,-20.26771594506144,-20.257985426564673
29,29,0.0009396118633977147,0.000943358714912871,-20.269224138942707,-20.25904385304994
30,30,0.0009367380989715457,0.0009383161913750595,-20.281360712381904,-20.28232040716981
31,31,0.000931419420161659,0.0009384142927286264,-20.302991952850334,-20.281866374191495
32,32,0.0009346947508393643,0.000937344077484388,-20.299448855111137,-20.286822115110326
33,33,0.0009314992204644554,0.0009382569574211773,-20.31071969576905,-20.282594576917337
34,34,0.0009263162531160279,0.0009308740233169182,-20.32586757863942,-20.316903400109663
35,35,0.0009278546815939708,0.0009278662986808309,-20.329407454401082,-20.33095850331232
36,36,0.0009242006602754682,0.0009250768589002913,-20.338602941822764,-20.344034341224344
37,37,0.0009198100408107119,0.0009262918059616105,-20.365383460178997,-20.338334289254206
38,38,0.0009182165652878352,0.0009265453401511829,-20.367807117632275,-20.337145749825112
39,39,0.0009191377579292148,0.0009197268794339738,-20.375377674347593,-20.36922372073219
40,40,0.000913866477557602,0.0009222935002885366,-20.392587674451743,-20.357121031664054
41,41,0.0009143452763739858,0.0009204409679544991,-20.382216767893205,-20.365853107338832
42,42,0.0009104441281302457,0.0009151000290569899,-20.40421064406729,-20.39112682055316
43,43,0.0009084950134004514,0.0009157377583170799,-20.417805562446468,-20.388101295171097
44,44,0.0009073583179960008,0.0009056283559307064,-20.418103317935472,-20.43631239039871
45,45,0.0009077996316788354,0.0009103208645492008,-20.423740148740464,-20.4138675432377
46,46,0.0009079357259906828,0.0009098965031290917,-20.420906740710816,-20.415892552225063
47,47,0.000903604012678771,0.0009104115030679264,-20.439929234237585,-20.41343514790862
48,48,0.0009016780868009425,0.0009013588668925589,-20.43945305971814,-20.456835158428213
49,49,0.0009022145346047107,0.0009009638176250615,-20.451916893531475,-20.458739009732703
50,50,0.0008981763397237842,0.000896936380549481,-20.46298634590873,-20.478196114476823
51,51,0.0008959219606170795,0.0009023808678121943,-20.479508423546854,-20.4519137232693
52,52,0.0008963411379864766,0.0008998114713712743,-20.469228292436597,-20.464297256679238
53,53,0.0008952290986270941,0.0008974710516141434,-20.483685019633747,-20.475608021095955
54,54,0.0008916154824264501,0.000899349749823542,-20.495554893416205,-20.46652633012075
55,55,0.0008891268438880437,0.0008992519915888184,-20.506319345867986,-20.46699842865113
56,56,0.0008908111707681848,0.0008892273089211238,-20.497834408451332,-20.515684594143444
57,57,0.0008888673373334802,0.0008897437579243591,-20.513057790468654,-20.513163013407585
58,58,0.0008852564214882393,0.0008918225189278784,-20.5313499398125,-20.503028169091536
59,59,0.0008841960117240081,0.0008854509122963799,-20.540126428086435,-20.534167614574606
60,60,0.0008790859959769956,0.0008858653508420838,-20.552227054734647,-20.532135358895403
61,61,0.000881371043320054,0.0008861960867713941,-20.547153039645053,-20.530514232362364
62,62,0.0008794202531697517,0.0008823757433626605,-20.556295032667506,-20.549276904183216
63,63,0.0008799580175467988,0.0008804165837845128,-20.55439863876569,-20.558930367398123
64,64,0.0008779006923750503,0.000884333193473714,-20.564757876736437,-20.539653246183107
65,65,0.0008760844993395443,0.0008809635182842612,-20.575077988676007,-20.556233270473292
66,66,0.0008806345039815402,0.0008795288005402606,-20.566423465695728,-20.56331186014491
67,67,0.0008725784304935831,0.0008792678372150189,-20.590122157913605,-20.56460063828481
68,68,0.0008710323696111128,0.0008762007530190443,-20.59783812070789,-20.579776291151685
69,69,0.0008714998773414373,0.0008778577259937791,-20.592698607290604,-20.571571154980305
70,70,0.0008684670829847839,0.00087593827935818,-20.61118404991221,-20.581077453460207
71,71,0.0008697065125104308,0.0008711345022005078,-20.606722341715994,-20.60496036425294
72,72,0.0008653642534105511,0.0008720782413882645,-20.62950627587897,-20.60025800347514
73,73,0.0008683302943815582,0.0008695703490000022,-20.623129171135574,-20.612765286336014
74,74,0.0008677704374968391,0.0008676160512933214,-20.625664407134117,-20.622536731333664
75,75,0.0008635877537992351,0.0008682607379006712,-20.638422390963342,-20.61931088200214
76,76,0.0008594798495436145,0.0008636895003483483,-20.656143132859487,-20.642236111729197
77,77,0.0008592682820984844,0.0008627728491678442,-20.658109018613175,-20.646847814811423
78,78,0.0008627290581833071,0.0008616741428053693,-20.646119661442697,-20.652381904026605
79,79,0.0008644084074083216,0.0008616840963153855,-20.6427963234703,-20.65233173738826
80,80,0.0008552536067130409,0.0008613002014738557,-20.671563235415906,-20.65426702390574
81,81,0.0008570808255996977,0.0008628523822775797,-20.671165152977,-20.64644748697567
82,82,0.00085523586057741,0.00086040753797677,-20.67595532052882,-20.658770446372117
83,83,0.0008527422995911431,0.0008586069850839282,-20.6962825207796,-20.66786833892877
84,84,0.0008549166893701732,0.0008567578471755903,-20.68274976916811,-20.677231603067536
85,85,0.0008511638014394906,0.0008557518380449006,-20.702070580006634,-20.68233410576555
86,86,0.0008531304924825648,0.0008556595268218141,-20.69227238925382,-20.682802610949818
87,87,0.0008488497210752949,0.0008521589732385779,-20.707425063168444,-20.70060629715918
88,88,0.000847483832105879,0.0008534343000256309,-20.718842741964988,-20.694111577718786
89,89,0.0008462276045693872,0.0008546064705833009,-20.71771826092521,-20.688150744772386
90,90,0.0008431264930212698,0.0008466508435575586,-20.73762276607031,-20.72876905776035
91,91,0.0008482699409684108,0.0008456506398751548,-20.71931829970234,-20.733902693757
92,92,0.0008415270869178486,0.0008495086558947438,-20.74790558902523,-20.7141344281374
93,93,0.0008411187739783572,0.0008507485985510835,-20.75078306061947,-20.707800088465206
94,94,0.000843371057609269,0.0008418378420174122,-20.736851660841648,-20.753528070828594
95,95,0.000841760905291501,0.0008442379950888847,-20.75318996499073,-20.741163574335488
96,96,0.0008391179954489097,0.0008441369128903668,-20.7629390400006,-20.741683594395962
97,97,0.000839919491536608,0.0008424190363209499,-20.760954050240557,-20.750530790636894
98,98,0.0008329643271431403,0.000843139843230969,-20.78937047245585,-20.74681638485233
99,99,0.0008353373010585219,0.0008405056861719411,-20.779523935212243,-20.760405953305614
100,100,0.000834756569226378,0.0008391380083355072,-20.78428633245936,-20.76747858508581
101,101,0.0008325444764851295,0.0008372229058295488,-20.79286200923853,-20.777401493755644
102,102,0.0008321941701800937,0.0008318028841657858,-20.79668741508158,-20.80560829306333
103,103,0.000836520680807262,0.0008374729751315164,-20.78066222148479,-20.77610449744748
104,104,0.0008333018097604058,0.0008330621119392546,-20.79824101205585,-20.79903868196525
105,105,0.0008303538053632551,0.0008366405259278652,-20.811200342460484,-20.780423537048776
106,106,0.0008319028876433821,0.0008364660990130352,-20.797748001371197,-20.78132906985525
107,107,0.0008312711502982246,0.0008336971759011871,-20.803613008952592,-20.795729208429613
108,108,0.0008298814795988122,0.0008314873618809017,-20.810877232202603,-20.807255986112843
109,109,0.0008267531178642026,0.0008307763736842102,-20.825979794176916,-20.810971139884714
110,110,0.0008290365629963885,0.0008285480894540486,-20.81888923791665,-20.82263530983444
111,111,0.0008257991513093338,0.000829272370442356,-20.82869320666921,-20.818840553234537
112,112,0.0008273575030094416,0.0008271144929734108,-20.824180291250826,-20.830156204526652
113,113,0.0008236016056826818,0.0008297685723702767,-20.83877544077264,-20.816242693711363
114,114,0.0008261145738231921,0.0008297151898180968,-20.826596860868136,-20.816522102867122
115,115,0.0008253099285210147,0.0008313575679877479,-20.8306620186174,-20.807933966009628
116,116,0.0008217297361193935,0.0008267865969652408,-20.846641169367544,-20.831878235302476
117,117,0.0008268399132876513,0.0008293497559957599,-20.830316819513683,-20.81843529976166
118,118,0.0008262176085839566,0.0008289645683314456,-20.831441356540804,-20.820452828979896
119,119,0.0008219329912705135,0.0008271746858219175,-20.854814467610126,-20.82984016036336
120,120,0.0008208248404229118,0.0008278457006733669,-20.86205533589603,-20.826318535305376
121,121,0.0008191049198581616,0.0008287239991324512,-20.862716882649064,-20.821713353766317
122,122,0.0008223870032246119,0.000826811669149289,-20.848673011304623,-20.831746538125415
123,123,0.000824828895010515,0.0008258825339572994,-20.841638135915908,-20.83662969592408
124,124,0.0008186474700515956,0.0008258616711062036,-20.86457215044345,-20.83673940566098
125,125,0.0008169633471983072,0.0008237495754943474,-20.878161071750654,-20.847860474004882
126,126,0.0008195111757269149,0.0008282039167457505,-20.860868565950696,-20.82443971157503
127,127,0.0008198691054352934,0.000821681095801882,-20.869308508687972,-20.858779558050806
128,128,0.0008163430545594275,0.0008247155714535007,-20.883000067976496,-20.84277056642147
129,129,0.0008159336608776957,0.0008211235828256529,-20.879411147206696,-20.861727258670495
130,130,0.0008176855200459969,0.0008200149658430172,-20.880772712900082,-20.86759472564004
131,131,0.0008128493251375009,0.0008196086273528636,-20.89710699721309,-20.86974729978454
132,132,0.0008173485516964161,0.0008218402478010639,-20.888095333619727,-20.85793845141701
133,133,0.0008131975389671387,0.0008198189592037938,-20.902365446966815,-20.868632935679923
134,134,0.0008140682427635052,0.0008171563140900904,-20.88887015827289,-20.882761103879204
135,135,0.0008131533611527423,0.0008166196486471515,-20.89472836798469,-20.8856142594427
136,136,0.0008141750514209655,0.000816121081650061,-20.903390482566383,-20.888266547076704
137,137,0.0008133331778190416,0.0008132778334823486,-20.89877181423656,-20.903423157673977
138,138,0.0008074222084557273,0.0008160972961616752,-20.92409345714463,-20.888393122129365
139,139,0.0008141220788490603,0.0008135717117080563,-20.895204354075993,-20.901854116535024
140,140,0.0008103607886125209,0.000815081477508341,-20.91055824331609,-20.89380227163412
141,141,0.0008123730724562228,0.0008140074665118989,-20.905387597312696,-20.89952862707404
142,142,0.0008098325894943909,0.0008140649848715647,-20.913315304392228,-20.89922176227573
143,143,0.0008088603397332055,0.0008149996834905132,-20.916330988602763,-20.89423811116745
144,144,0.0008046554327107121,0.0008149160145732917,-20.93722793502244,-20.89468398636371
145,145,0.000808592068425082,0.0008097095323089315,-20.92324213544643,-20.9225199915625
146,146,0.0008100203836106302,0.0008110503947950507,-20.917708407544204,-20.9153341116326
147,147,0.0008083678753182446,0.0008095520928404049,-20.919705948980262,-20.92336451343059
148,148,0.0008102278219123092,0.0008138886585488523,-20.914282610226667,-20.90016254519762
149,149,0.0008076092482726905,0.000817012872032233,-20.92292805982908,-20.883523523032494
150,150,0.0008032080746188606,0.0008108525163199948,-20.947486283205343,-20.916393824019103
151,151,0.0008063084726730726,0.0008109593794583098,-20.932606696647596,-20.915821500293067
152,152,0.000805170635918405,0.0008131612496646611,-20.93946066602706,-20.90404576579146
153,153,0.0008079964798375888,0.0008124095191688914,-20.9298724645297,-20.90806247716106
154,154,0.000805237446911633,0.0008091927524410972,-20.943554294402734,-20.92529266851399
155,155,0.0008076557219892586,0.0008133823070430049,-20.938476510614073,-20.90286529939947
156,156,0.0008052143546723828,0.0008114865202897866,-20.939342919552452,-20.912999410972397
157,157,0.0008045231507006149,0.0008119308040477335,-20.942122978807696,-20.910622326702075
158,158,0.0008053248580161136,0.0008097568490101319,-20.938879591674905,-20.92226621189191
159,159,0.0008037856926411851,0.0008095457175697543,-20.94609096168318,-20.923398714512782
160,160,0.0008057839874437405,0.0008106026461494988,-20.942711221058225,-20.91773234067512
161,161,0.0008065868643131683,0.0008082273232407475,-20.935336476139014,-20.930477229166826
162,162,0.0008050381684839034,0.0008102134299023371,-20.942184981677062,-20.91981813528385
163,163,0.0008042410511725111,0.0008094548063940907,-20.941610159600025,-20.923886450265687
164,164,0.0008055419335861873,0.0008090179977252296,-20.941877878000756,-20.926230679945135
165,165,0.0008066191875673446,0.000808384759645713,-20.93529462696321,-20.92963133963195
166,166,0.000805002389974969,0.000806762551962349,-20.946090807092137,-20.938355201253973
167,167,0.0008040837308670365,0.000812558291823064,-20.947294355470397,-20.90726724734163
168,168,0.0008020736301106584,0.0008096505832662316,-20.953175947735062,-20.92283618119472
169,169,0.0008032185219938761,0.0008103753482971929,-20.951271972712306,-20.918950299265433
170,170,0.0008006271451337205,0.0008080093386141877,-20.96334832868127,-20.931648710092396
171,171,0.0008022166499339966,0.0008062187453584844,-20.958958953628397,-20.94128359498825
172,172,0.0008060026214189213,0.000810861219897082,-20.950125965261467,-20.916347207709236
173,173,0.000803041603108964,0.0008121814309178214,-20.950438067488957,-20.90928195298631
174,174,0.0008027968044901631,0.0008096426088166865,-20.950919109402722,-20.92287895614679
175,175,0.0008042829096816557,0.0008045575569236749,-20.950552758841084,-20.950241328292208
176,176,0.0008048294622153428,0.0008090771060731066,-20.94824572314313,-20.925913387973004
177,177,0.0008030377980081614,0.0008078835518589537,-20.946518299178063,-20.932324850127756
178,178,0.0008060760026768848,0.0008066601616232411,-20.942893675305754,-20.938906421451385
179,179,0.0008045321452844235,0.0008095850659485318,-20.939779686670935,-20.923187628614688
180,180,0.000801447635521325,0.0008070010563211614,-20.959612153632822,-20.9370714800551
181,181,0.0008024236381764418,0.0008092023720229534,-20.94957087859221,-20.92524104043806
182,182,0.0008025535912800234,0.000811290231802942,-20.954788453118116,-20.914050042330082
183,183,0.0008031706224896552,0.0008082321054596258,-20.952736499728065,-20.930451532372544
184,184,0.0008061641740814312,0.000807487062717739,-20.93422772108474,-20.93445678255327
185,185,0.0008004068201359784,0.0008099048894732014,-20.955137379260055,-20.92147230344966
186,186,0.0008041351540350192,0.0008105924169189836,-20.944160269041756,-20.917787145904523
187,187,0.0008008819524698036,0.0008088004695692737,-20.96185922528219,-20.927398564726644
188,188,0.0008013871745638473,0.0008106325556965251,-20.95749228468431,-20.917572098025367
189,189,0.0008045013864361442,0.0008079498871474674,-20.945305599063623,-20.931968265728926
190,190,0.0008041853536419647,0.0008091585110186747,-20.944209739767818,-20.925476446426103
191,191,0.0008024897524779759,0.0008054865910181482,-20.962308227782763,-20.94522936106106
192,192,0.0008035164114001408,0.0008051727291833805,-20.953972295013106,-20.94692194077591
193,193,0.0008025683136176818,0.0008089079454198087,-20.960207251942606,-20.92682149943525
194,194,0.0008046287273959324,0.0008063764115305323,-20.94794413589088,-20.940434360778056
195,195,0.0008001924911273893,0.000809981993178984,-20.963535968870875,-20.921058870705195
196,196,0.0008052718644414443,0.0008068021791251866,-20.948355129932644,-20.938141886500297
197,197,0.0008032008580690654,0.0008059937114778318,-20.96093550078872,-20.94249597829206
198,198,0.0008018740714460457,0.0008046496536974844,-20.96062848143314,-20.949744224868287
199,199,0.0008007200487610913,0.0008113099580728694,-20.96202625315136,-20.913944446259872
200,200,0.0008006084574741724,0.0008087319591523785,-20.956938501583537,-20.927766454674316
201,201,0.0008005708271215103,0.0008080078926133482,-20.95897481612632,-20.931656482165284
202,202,0.0008023880666947549,0.0008094822896007253,-20.9504150739983,-20.923738997903058
203,203,0.0008014199772811274,0.0008081788975304287,-20.963391059835097,-20.930737448640247
204,204,0.0008020677679391174,0.0008064815100576533,-20.951238528918537,-20.939868362870385
205,205,0.0007993383237074331,0.0008069762751754178,-20.96799491799091,-20.93720484394618
206,206,0.0008027077317669911,0.0008066456587249903,-20.955295254458232,-20.938984503717034
207,207,0.0008017296384367132,0.0008082739628949447,-20.955725647581257,-20.930226621949437
208,208,0.0008006331405227946,0.0008062941518514172,-20.965301837426512,-20.940877413755704
209,209,0.0007976090779153572,0.0008111377828754485,-20.975527185958356,-20.91486619845631
210,210,0.0008055095659261665,0.0008093396226238264,-20.936470928069046,-20.924504486441474
211,211,0.0008003759568739567,0.0008065912253713529,-20.964207862385024,-20.939277580392357
212,212,0.0008025446873081406,0.0008059895603525403,-20.960177755013643,-20.942518345903927
213,213,0.0007996463838523042,0.0008077176201990561,-20.972045818784903,-20.93321694163854
214,214,0.0008019941646519318,0.0008085729940304239,-20.956724227305155,-20.92862019194095
215,215,0.0008045879892342407,0.0008050018314909386,-20.940918546728,-20.9478438274693
216,216,0.0008020904155198446,0.0008057412097083503,-20.962656334147113,-20.94385674952823
217,217,0.0008010019430621844,0.0008099367137459156,-20.96896756953975,-20.921301655825783
218,218,0.0008035403239473547,0.0008097194276112867,-20.959841759583195,-20.92246691760475
219,219,0.0007976323975845403,0.0008067311198254557,-20.97251825930924,-20.938524409275637
220,220,0.0008025564308537497,0.0008053897242797049,-20.95969158045407,-20.945751669194056
221,221,0.0008024411082757425,0.0008057040333943931,-20.957516613790375,-20.944057134469404
222,222,0.0008012762511648314,0.0008078997335886877,-20.957538471258538,-20.932237862770048
223,223,0.000799592743992575,0.000807375791115,-20.967106064163584,-20.93505528097094
224,224,0.0008021971467671167,0.0008087136696926073,-20.957478901632246,-20.927864671409573
225,225,0.0008022510452608857,0.0008038015558237308,-20.95868867508941,-20.954324087268077
226,226,0.000801513305164336,0.0008056454734239532,-20.96416177517802,-20.94437279872382
227,227,0.000797045151895085,0.0008074481830638098,-20.981499058188703,-20.934665895819045
228,228,0.0008007592399191764,0.0008084773067630044,-20.960657068072848,-20.929134170414684
229,229,0.0007987364870976157,0.0008094444331762038,-20.972225973521645,-20.923942105752793
230,230,0.0008019310921507398,0.0008067646903279973,-20.96294136254423,-20.93834369007056
231,231,0.000803975339201231,0.0008095382302264241,-20.954408134245554,-20.923438881817226
232,232,0.0008005389287232508,0.0008089055098887337,-20.969714648517012,-20.926834575574567
233,233,0.0007999945934813892,0.0008083490170783511,-20.97040533582212,-20.92982336629707
234,234,0.0008062657122452234,0.0008087337850347945,-20.942155769710887,-20.927756649574448
235,235,0.0008010318509984723,0.0008087723001249527,-20.958732044028295,-20.927549826350933
236,236,0.0008021676522852449,0.000805269813434662,-20.95898668828228,-20.946398318808072
237,237,0.0008005154458325856,0.0008056864669350417,-20.97068845478185,-20.944151823079785
238,238,0.0008019055491889414,0.0008024657972304052,-20.96362950483501,-20.961547202633742
239,239,0.0007992524698079016,0.0008045089075733957,-20.968451287134062,-20.950503941985893
240,240,0.0007994192347564187,0.0008077118913397977,-20.97471386686727,-20.933247744740076
241,241,0.0007970897209609753,0.0008065452719548423,-20.979684276565376,-20.93952501531499
242,242,0.0008014909810261781,0.00080657114985546,-20.96260202163439,-20.939385674728154
243,243,0.0008003076696864416,0.000806663353853908,-20.96226949781134,-20.938889234964606
244,244,0.000801058669728179,0.0008102637121306831,-20.96615604278458,-20.9195486184391
245,245,0.0008040273198425846,0.0008075896276798295,-20.953380116928106,-20.933905187729355
246,246,0.0008012738400474959,0.0008072678557302998,-20.96722312082159,-20.935635913634236
247,247,0.0008009612283035729,0.0008090406680773748,-20.960947178640733,-20.926108983383102
248,248,0.000800280708137938,0.0008052908233366907,-20.961222306392532,-20.946285010630675
249,249,0.0008054811455856663,0.0008044717833399773,-20.947518578546145,-20.950704352715647
250,250,0.0008016304453815689,0.000805451905379366,-20.96329074051134,-20.945416379765508
251,251,0.0008017072248867876,0.0008053143913122384,-20.95716241652739,-20.946157910064535
252,252,0.0007995763600362253,0.0008083882061519512,-20.97029689708397,-20.929612823752816
253,253,0.0007990274191882039,0.0008058321086297694,-20.96118219004107,-20.94336683201004
254,254,0.0007994897902424726,0.0008090839684499722,-20.968986226511195,-20.925876552426132
255,255,0.0008026029057704757,0.0008107281479935505,-20.960235689690858,-20.917059994739965
256,256,0.000802682517048394,0.0008066784235109624,-20.956328677593348,-20.938808103130107
257,257,0.0008003034049251414,0.0008051818953581938,-20.970161347153816,-20.946872500496344
258,258,0.0007997103528714902,0.0008081892094770936,-20.966726627934488,-20.930682035253714
259,259,0.0008029242426627459,0.0008017198415473104,-20.956051162499758,-20.965586192292193
260,260,0.0008023554662040906,0.0008060532150250909,-20.95488865887961,-20.942175366505708
261,261,0.0008019960056942379,0.000806795739519753,-20.957634464175232,-20.938176550465506
262,262,0.0008009689897250806,0.0008047997743185414,-20.962715448157887,-20.948934052688916
263,263,0.0008009252337662061,0.0008055884084713302,-20.9608749664447,-20.944680426242364
264,264,0.0008025889185295661,0.0008022929204774922,-20.95574657674866,-20.962482912398723
265,265,0.0008033074993044906,0.0008115841988719216,-20.95065353848281,-20.912476682433564
266,266,0.000802995041780865,0.0008088889084511289,-20.954885006236672,-20.92692370819441
267,267,0.0008010672292547281,0.0008039452889198927,-20.96862047944029,-20.953547565878523
268,268,0.0008007411691408182,0.0008029039079127344,-20.964091458612447,-20.95917679467211
269,269,0.0008045423382259521,0.0008066177588740462,-20.94864645336044,-20.93913471788764
270,270,0.0008038301338902531,0.0008053986729416801,-20.947075714174616,-20.945703415127625
271,271,0.000802020885568765,0.000806965090113839,-20.960783201474904,-20.93726503957197
272,272,0.0008032534291881338,0.0008073391110979413,-20.95731580330976,-20.93525259046484
273,273,0.0007956181844869225,0.0008051102692996593,-20.986051735370523,-20.947258850286588
274,274,0.000802367980851187,0.0008032940340375429,-20.95747468055201,-20.95706709670578
275,275,0.0007973652430233959,0.0008123801549357411,-20.97577249118725,-20.90821945408709
276,276,0.0008018859830137688,0.0008061658621667639,-20.959973268093858,-20.94156847588144
277,277,0.000803913240028142,0.0008030006000281949,-20.95397602481984,-20.958653813983894
278,278,0.0008042269289138314,0.0008072457582640805,-20.950444839148904,-20.93575479535268
279,279,0.000803944513144106,0.0008053296937999365,-20.950858578927555,-20.946075386730815
280,280,0.0008032337045921109,0.0008054917806906527,-20.955021044561533,-20.945201379976133
281,281,0.000800766033413292,0.0008088972811636172,-20.966081509594915,-20.9268787551239
282,282,0.00080414048753698,0.0008085563558300859,-20.946467588315542,-20.928709558677095
283,283,0.0008000948792803533,0.0008046810919614998,-20.97294879831744,-20.9495745460795
284,284,0.0008027106049451401,0.0008055671259123636,-20.951117025513962,-20.944795162501197
285,285,0.0007987149388615772,0.0008036184161411304,-20.976126170219693,-20.95531370485778
286,286,0.0008039178624365133,0.0008059148707329051,-20.943981162750546,-20.94292081752769
287,287,0.0008035222687710499,0.000806262845320529,-20.95522621809277,-20.941046043498872
288,288,0.0008064440251136026,0.0008055330039688238,-20.938568734335945,-20.944979123404913
289,289,0.0007987411473109626,0.000804934647596,-20.969687306963603,-20.948206296364692
290,290,0.000801073147833693,0.0008040842918777152,-20.95937017418673,-20.952796731212025
291,291,0.0007953934861135852,0.0008062479288415297,-20.98295545759501,-20.94112639204132
292,292,0.0008009945926947769,0.0008040312279358899,-20.960953914463406,-20.95308334466544
293,293,0.0008018354383614106,0.0008063053614214846,-20.956890402413904,-20.940817036031603
294,294,0.0008001029761460101,0.000808836742132706,-20.970906379316414,-20.927203799497057
295,295,0.0008012661518356235,0.0008039567129392373,-20.962883264035934,-20.95348585330454
296,296,0.000806396475455426,0.0008089688030610743,-20.938570099881183,-20.92649477321435
297,297,0.0008030654502475692,0.0008069404223198561,-20.952966247196816,-20.937397799349114
298,298,0.0008028681436793629,0.0008086994425148556,-20.95624103104944,-20.927941074707455
299,299,0.0008010775206092093,0.0008048548969734264,-20.962843569012577,-20.948636604232664
300,300,0.0008018328052148531,0.0008041547262109816,-20.962708516941213,-20.95241632454424
301,301,0.0008016003388191391,0.0008036129017311492,-20.960265678447605,-20.955343506141503
302,302,0.0008016058553451884,0.0008059971242848979,-20.95429354407372,-20.942477589064982
303,303,0.0008012069582449484,0.0008092447288187319,-20.962989131159784,-20.925013719783934
304,304,0.0008017614000169656,0.0008063094175763821,-20.958542330366253,-20.94079518870994
305,305,0.0007990521988495416,0.0008064926124030823,-20.970822023317677,-20.939808576575132
306,306,0.0007983369473127898,0.0008070984438649918,-20.978315473214245,-20.93654741232646
307,307,0.0007998041860211986,0.0008058817842730173,-20.968261098625355,-20.94309911876578
308,308,0.0008041628470797976,0.000802966563864366,-20.950347279646696,-20.958837898920002
309,309,0.000802499345940605,0.0008045591989924249,-20.95966154781658,-20.950232464530224
310,310,0.0008021370794614489,0.0008094979934149274,-20.966432993027105,-20.923654746353797
311,311,0.0008042555478804736,0.0008067104193430982,-20.95122924598495,-20.93863584938726
312,312,0.00080182033557368,0.0008094258251060781,-20.962854080217795,-20.924041945528508
313,313,0.0008012825447931578,0.0008096439537200096,-20.96533914765114,-20.922871742055037
314,314,0.0008025894069938546,0.0008054303256549725,-20.95947291174371,-20.945532737808882
315,315,0.0008005636363751111,0.0008067745059777639,-20.96632276405092,-20.93829085116166
316,316,0.0008041255191669406,0.0008074861926663863,-20.94928105487088,-20.934461461993013
317,317,0.0008009233213145017,0.0008074777219199428,-20.96604034790978,-20.934507020886368
318,318,0.000801616130497537,0.0008030382450670004,-20.964097130952368,-20.958450219498275
319,319,0.0007993291995065651,0.0008041358577381624,-20.97351967049636,-20.952518227443
320,320,0.0007992896350993554,0.0008056490731082464,-20.97029678320142,-20.944353394164565
321,321,0.0008024739992046325,0.0008043523412197828,-20.95524703669482,-20.95134920945307
322,322,0.0007988953586072498,0.0008039487844431086,-20.97121431902352,-20.953528682962425
323,323,0.0008001629912448068,0.0008024818686719396,-20.973387931694063,-20.96146022486465
324,324,0.0008023193240472951,0.0008102407721851609,-20.960820270704964,-20.91967157634329
325,325,0.0008009517440553178,0.0008074650234591804,-20.960503739236724,-20.934575318929177
326,326,0.0008018146510255168,0.0008083821893179495,-20.96264209128441,-20.929645148414533
327,327,0.0008030670584592316,0.0008022418049605269,-20.95585061072601,-20.962759617995843
328,328,0.0008012786400792448,0.0008049350336046988,-20.961854738325307,-20.948204213693657
329,329,0.0008003930453230272,0.0008061664840696674,-20.96772436647764,-20.941565125592028
330,330,0.000798632147165073,0.0008053167716992137,-20.97154958349542,-20.946145072998522
331,331,0.0007970176304728945,0.0008054103114103016,-20.978290282588876,-20.945640657559856
332,332,0.0008014533446727263,0.0008050709147937596,-20.954921628895278,-20.94747114247982
333,333,0.0008026414542439749,0.0008034081915148386,-20.95723559337175,-20.95644995730369
334,334,0.0008008581485368849,0.0008034470956772566,-20.965546258996145,-20.956239660045448
335,335,0.0008004944766727612,0.0008052021454970696,-20.968099020007955,-20.94676327780972
336,336,0.0008021027153386667,0.000802257410740774,-20.962963801949215,-20.962675136754832
337,337,0.0007986808627767046,0.0008026356349307063,-20.976122286750474,-20.96062813826987
338,338,0.0008019427498850549,0.000803063969789563,-20.963277978820702,-20.958311098775383
339,339,0.0008004691917449236,0.0008040202695778326,-20.970915165367778,-20.953142536232903
340,340,0.0008016900386248436,0.000808689473687034,-20.9626741972222,-20.9279946104634
341,341,0.0007986019151861366,0.0008094244342493383,-20.971765180665123,-20.92404940812616
342,342,0.000798572726144465,0.0008050336465729695,-20.97116107156006,-20.947672190076737
343,343,0.000799268665339452,0.0008035609498620033,-20.972297743424004,-20.955624277385763
344,344,0.0008003802894441815,0.0008032127240623691,-20.961703325093957,-20.957506714819978
345,345,0.0008000100953216405,0.0008040598661050593,-20.967930039455016,-20.952928659412976
346,346,0.0008051434241369674,0.000806694562350841,-20.94187573303133,-20.938721216722996
347,347,0.0008009836130497075,0.0008040674361645392,-20.971664981497593,-20.95288777166665
348,348,0.0008008019355384959,0.0008052345947362483,-20.970690813273755,-20.946588262856732
349,349,0.0007965343682690687,0.0008040395914576948,-20.98607418068823,-20.953038169647957
350,350,0.0008032743137368222,0.0008072163725860024,-20.954748538993698,-20.93591289181829
351,351,0.0008011308502281065,0.0008050969642537989,-20.97087644562713,-20.947330621272066
352,352,0.0008027852439686426,0.0008093415649215642,-20.959258201831396,-20.92449406401616
353,353,0.0008038121483231098,0.0008058912782488685,-20.953531438086106,-20.94304795546718
354,354,0.0008003932637517753,0.0008055091480185327,-20.968548724532443,-20.945107742107535
355,355,0.0007988434667775849,0.000805150812467266,-20.977776599524958,-20.947040156881233
356,356,0.000800725717707201,0.000807023404999391,-20.96972097816173,-20.936951210407813
357,357,0.0007987118448543641,0.0008034363793405263,-20.967599582049896,-20.95629758641012
358,358,0.0007994772413908743,0.0008059948480590002,-20.970529232356935,-20.94248985404352
359,359,0.0008018947171633007,0.0008028116120074532,-20.967427950683604,-20.959676056240085
360,360,0.0008022731443694265,0.0008055057137665388,-20.957899152738378,-20.94512625809675
361,361,0.0008022923492970541,0.0008042377701617385,-20.960300467611404,-20.951967857771578
362,362,0.0008026351690167542,0.0008045500113726838,-20.956931263813665,-20.950282058834073
363,363,0.0008012264884153823,0.0008060555678400162,-20.963132699556045,-20.94216268976143
364,364,0.0007980152101678409,0.000803669782870106,-20.976317958882355,-20.95503611572387
365,365,0.0007981608619375788,0.0008033108254159359,-20.976287688553427,-20.956976316412955
366,366,0.0008007578771398163,0.0007999020438690327,-20.966325037113304,-20.97544444719075
367,367,0.0007987326369908897,0.0008048229133955351,-20.975865571879694,-20.948809188973563
368,368,0.0008039341617817271,0.0008067486954754905,-20.955330803847424,-20.938429793802253
369,369,0.0008012324027937942,0.0008044864210349164,-20.962187598892047,-20.950625331767526
370,370,0.0008013245407203885,0.0008043113967256719,-20.96175742756163,-20.951570286952872
371,371,0.0007975894853367095,0.0008054775688307066,-20.988698663533064,-20.94527800629251
372,372,0.0008004431015110968,0.0008058685558161846,-20.965095793571006,-20.94317040829076
373,373,0.0008010679949555046,0.0008047950043539075,-20.96115763766905,-20.948959792947853
374,374,0.0007981812034147917,0.0008006783318705857,-20.97639985250721,-20.9712317550075
375,375,0.0007977376196331815,0.0008072116332569797,-20.98281195222929,-20.935938390192142
376,376,0.0007980105505545729,0.0008046068189861743,-20.973831890995598,-20.949975423301552
377,377,0.0007975410415608552,0.000808220825427653,-20.98187476892131,-20.930512144785666
378,378,0.0008023547935155556,0.0008033040702637089,-20.963735470058893,-20.957012836992277
379,379,0.0008037709132960239,0.000806511315443602,-20.956214595366866,-20.93970786228482
380,380,0.0008010928214230027,0.0008030476869623128,-20.967887331140066,-20.95839915668836
381,381,0.0008018321487284505,0.0008017417245642527,-20.969054673204006,-20.96546765283098
382,382,0.0008027291221822583,0.0008047862670776483,-20.96000511458092,-20.949006942488346
383,383,0.0007980738588868035,0.0008039964687716412,-20.97708642164995,-20.953271099058753
384,384,0.000798279388337252,0.0008057382962617435,-20.97720219209977,-20.943872453032743
385,385,0.0007971813512207536,0.0008026098642547272,-20.97420514463223,-20.96076758189241
386,386,0.0007974721614953092,0.0008093708893284202,-20.983046832828002,-20.924336711448063
387,387,0.0007964342258889804,0.0008054012984135433,-20.986541918407475,-20.945689257839785
388,388,0.0008023084158116241,0.0008088812863111104,-20.96084323252392,-20.92696463184798
389,389,0.0007979473706392437,0.0008044245554820487,-20.9795148808234,-20.95095932001965
390,390,0.0007962313847923555,0.000805878212160774,-20.989626285319723,-20.943118369133572
391,391,0.000798175086809764,0.0008048311850105069,-20.976666670130257,-20.948764554331344
392,392,0.000799230560324318,0.0008038820325102853,-20.97177859942493,-20.953889292994184
393,393,0.0007998571063862326,0.0008051591729255099,-20.97236101693159,-20.946995061205065
394,394,0.0007988769841889284,0.0008061345433816314,-20.97728667041547,-20.941737198478272
395,395,0.0007998440090624481,0.0008016182416069665,-20.971668965149213,-20.96613659764931
396,396,0.0007964500091662726,0.0007996093022244933,-20.981683469522025,-20.97703413372316
397,397,0.0008016187504423571,0.000801908979682546,-20.96419350210454,-20.96456174514153
398,398,0.0007969126640578982,0.0008007572583952232,-20.979952229625987,-20.970803672175297
399,399,0.0007995149263507235,0.000802601099406418,-20.97449831874073,-20.96081500899503
400,400,0.0007989306960581351,0.0008039833414123246,-20.97253816351286,-20.95334200964702
401,401,0.0007970642836130771,0.0008017970003971928,-20.9876139621157,-20.9651682401774
402,402,0.0007969020336587942,0.0007998807122930884,-20.987388034122922,-20.975560265237764
403,403,0.0007997658031694975,0.0008038490073216197,-20.971442700716295,-20.954067714096322
404,404,0.0007969660878891951,0.0007983114766447168,-20.980244631237646,-20.984088783980678
405,405,0.0007980398986171739,0.0007991704042069614,-20.982072850540867,-20.979418589707358
406,406,0.0007920357357883422,0.0008019903478653807,-21.012086559915637,-20.964121097125403
407,407,0.0007948000368076502,0.0008017203868611863,-20.99574473247803,-20.96558323830859
408,408,0.0007918837039789051,0.0007993302026175355,-21.004465941593192,-20.97855028139563
409,409,0.0007946969534404884,0.0007989584088423534,-20.998920404026364,-20.98057079241876
410,410,0.0007977963193588573,0.0008003395939196803,-20.982018876566183,-20.973069486149853
411,411,0.000794517029960131,0.0007979178304882034,-21.002576018933567,-20.98623081152394
412,412,0.0007903987755422893,0.0007967775607922752,-21.01218503132487,-20.992441564046693
413,413,0.0007923678639008827,0.0007964431577803273,-21.01449622890332,-20.994264655891538
414,414,0.0007918828320641493,0.0007932205702864417,-21.013898821064668,-21.011872831237504
415,415,0.0007944492990458288,0.0007943750212067052,-21.001679987892707,-21.00555671704122
416,416,0.0007926594488773995,0.0007956573482308732,-21.015987748014687,-20.998551731708407
417,417,0.0007889568457648772,0.0007929075723759046,-21.033806317862272,-21.013586857532125
418,418,0.000787967045493808,0.0007957019781889884,-21.036820812533563,-20.998308134373467
419,419,0.0007864705739379621,0.0007962698888915934,-21.031873432561497,-20.99520958093898
420,420,0.0007874937656037894,0.0007943673776217589,-21.03441657403512,-21.005598505650454
421,421,0.0007898091991460815,0.00079343607342851,-21.019544741643543,-21.010693094885863
422,422,0.0007858595081134556,0.0007899836912800215,-21.046205315956644,-21.02963125551554
423,423,0.0007901429810762866,0.000789995936333741,-21.02732064104614,-21.02956393870755
424,424,0.0007900333052414671,0.0007936999930902139,-21.027163144914873,-21.009248746714103
425,425,0.0007887947650328663,0.0007925067237872435,-21.037954657835762,-21.015782956485758
426,426,0.0007889585103839636,0.0007917090460020853,-21.02905273457596,-21.02015644015274
427,427,0.0007851047863818935,0.0007924759778880367,-21.049646494205398,-21.015951447591107
428,428,0.0007885409214236226,0.000789573189410332,-21.031395012353915,-21.031888581009927
429,429,0.0007827701959182921,0.0007924491839826499,-21.058255753955443,-21.016098286641167
430,430,0.0007846919200431133,0.000795521938830222,-21.056106273156054,-20.999290901154875
431,431,0.0007881516237868016,0.0007926144968032053,-21.042201164573527,-21.01519239942811
432,432,0.0007871245532104573,0.0007925823692379421,-21.03905851587149,-21.01536843843767
433,433,0.0007875223893710633,0.0007875446891902309,-21.043750463547738,-21.043060440132017
434,434,0.000787024914296632,0.000792565210232217,-21.04471794458012,-21.015462462004916
435,435,0.0007869964801543153,0.0007909512925451915,-21.042278284340874,-21.02431511099452
436,436,0.0007848360956185641,0.0007919592746092301,-21.04917025564719,-21.01878402014803
437,437,0.0007888525268350987,0.0007915393584162781,-21.04420299470842,-21.02108736649683
438,438,0.0007846286783196493,0.0007917758040620308,-21.050647859178625,-21.01979025215829
439,439,0.0007851684493608005,0.0007914868091527177,-21.04700739208262,-21.021375698498765
440,440,0.0007842528686580277,0.0007867389358580112,-21.052541979990625,-21.047506071795166
441,441,0.0007850273311877451,0.0007892701113106389,-21.049789672866815,-21.03355594277837
442,442,0.0007861513409225904,0.0007905424388713742,-21.04701696214958,-21.026560619716726
443,443,0.0007864982285776857,0.0007890600490530854,-21.044190333833726,-21.03471196047532
444,444,0.0007853403755886116,0.0007889974237370648,-21.051685718659023,-21.035056660584893
445,445,0.0007870597968876516,0.0007931499061860928,-21.036829285996653,-21.012259739961863
446,446,0.0007875809372767576,0.0007930768157453521,-21.02768046650734,-21.01265996995014
447,447,0.0007898915509846945,0.0007904743297809833,-21.02938015524608,-21.02693480173338
448,448,0.0007876159614864161,0.0007890019271718828,-21.03748136548779,-21.035031872020944
449,449,0.0007863947743617152,0.0007924161679846676,-21.04389680747846,-21.016279231548857
450,450,0.0007858475935453377,0.0007893035929699085,-21.048842758413386,-21.033371714448347
451,451,0.0007851633894948539,0.0007906181118941229,-21.0551252698895,-21.026144920296225
452,452,0.0007883137273218137,0.0007906203513572875,-21.035551557693708,-21.02613261871721
453,453,0.0007854782335325768,0.0007905484189426428,-21.05072940439921,-21.02652776756354
454,454,0.0007836409819254786,0.0007884422053681,-21.0528945327817,-21.03811387151584
455,455,0.0007842276659410101,0.0007906654285953233,-21.058156299658954,-21.02588501267418
456,456,0.0007813873451164703,0.0007886104622708732,-21.066385864824746,-21.03718716759284
457,457,0.0007865531021997947,0.0007871286882283656,-21.050592896783506,-21.045355099189553
458,458,0.0007852763939677671,0.0007904529093617672,-21.046837117814903,-21.027052489247843
459,459,0.0007826614274028881,0.000791018350834125,-21.05851731269166,-21.02394692384265
460,460,0.0007863869787357056,0.0007875886788640759,-21.043744586782985,-21.04281786419522
461,461,0.0007867920608499769,0.0007873429904544824,-21.050552635557032,-21.044172857856193
462,462,0.0007872384830051553,0.0007885149312450698,-21.04588833114063,-21.0377132969365
463,463,0.0007812166448500123,0.0007878399827811671,-21.064465551245092,-21.04143233772797
464,464,0.0007836033491725006,0.0007879054725268169,-21.06102941485402,-21.0410713424279
465,465,0.0007820699289537122,0.0007898911012728748,-21.059107350470295,-21.030140300022346
466,466,0.0007817527386071833,0.0007892464544918192,-21.06153085036031,-21.0336861159561
467,467,0.0007878727148786264,0.000789632080245371,-21.04588299892045,-21.031564671696863
468,468,0.000787018859499739,0.00078967521824923,-21.047311107775517,-21.03132742088369
469,469,0.0007836856097991089,0.0007889846915771303,-21.063673275069604,-21.03512674384818
470,470,0.0007852611195574486,0.0007887899808242525,-21.050440980939918,-21.036198656174456
471,471,0.0007835747296057795,0.0007897029036508971,-21.059589789016123,-21.031175163270298
472,472,0.0007849218931106716,0.0007885968263604139,-21.05763812625639,-21.037262262359533
473,473,0.0007867241199080323,0.0007883313105833766,-21.04898502136351,-21.03872475180612
474,474,0.000785351465048134,0.0007874948327968779,-21.051020043237095,-21.043335383791852
475,475,0.0007842338545555153,0.0007926899461859936,-21.057467719151486,-21.014779011945627
476,476,0.0007828753375563502,0.0007905669259152523,-21.063388341435147,-21.026426099129196
477,477,0.000782083185898505,0.000789214262591773,-21.05953257753712,-21.033863260238537
478,478,0.0007822854665213639,0.000789250100129529,-21.062381095674834,-21.033666055344177
479,479,0.0007803337612506194,0.0007845667147959926,-21.06790972197654,-21.059513719337044
480,480,0.0007796789634703976,0.0007913404046312758,-21.083164058976543,-21.022179104902392
481,481,0.0007782007325152607,0.0007838923239002103,-21.079856781439034,-21.063248394652206
482,482,0.0007852361184669678,0.0007880005593362608,-21.056349657293076,-21.040547254368608
483,483,0.0007829926151916692,0.0007863578656198163,-21.059486495921504,-21.049610159792135
484,484,0.0007846293312055778,0.000788305830945702,-21.061050435442912,-21.038865122291533
485,485,0.0007855847979578929,0.0007906421761665689,-21.05409951516797,-21.026012734838663
486,486,0.0007865598860926466,0.0007911731433858605,-21.046333066630734,-21.02309714615748
487,487,0.000779935601647444,0.0007873388577105576,-21.07428722886976,-21.044195653926188
488,488,0.0007865615135068362,0.0007881598920855475,-21.044571983580774,-21.03966920500536
489,489,0.0007843303658577047,0.0007932174760897301,-21.050761615075224,-21.01188977224016
490,490,0.0007818014362164456,0.0007886008580068225,-21.06410820972438,-21.037240059413058
491,491,0.0007826698921169586,0.0007908444661696098,-21.067500746058204,-21.02490171144849
492,492,0.0007828252903694651,0.000788962780988138,-21.0599476831231,-21.035247351765243
493,493,0.0007832020973623491,0.0007909452420120177,-21.058563821255404,-21.02434833330853
494,494,0.0007812503026798368,0.0007906044943650302,-21.07322456587866,-21.026219723397553
495,495,0.0007859398244841735,0.0007869292932905649,-21.04507498722409,-21.04645539057254
496,496,0.000783742766721731,0.0007912673815888794,-21.06209851498502,-21.022579880188133
497,497,0.000786191744840291,0.0007908714714607125,-21.05389654931558,-21.02475341365835
498,498,0.0007841756732980768,0.0007881203507024207,-21.05516863354936,-21.039887092713855
499,499,0.0007823028208054218,0.0007889081975200066,-21.067190968383706,-21.035547823722016
500,500,0.0007812667796484281,0.0007866349126408366,-21.068127939267164,-21.048080337209804
501,501,0.0007833628135147629,0.0007896292801505249,-21.056178698958085,-21.031580072133693
502,502,0.0007827445545435412,0.0007853362752173684,-21.06041900342168,-21.055255929226565
503,503,0.0007860354530701856,0.0007833777497963686,-21.048110950836634,-21.06610019033962
504,504,0.0007844505496755166,0.0007885854574851692,-21.059561885424927,-21.03732487325537
505,505,0.0007818586183423849,0.0007893057252084347,-21.066464997473343,-21.033359982357126
506,506,0.0007849251983456852,0.0007867527892813087,-21.058804506870153,-21.04742959900287
507,507,0.0007809811546563258,0.0007874284056015313,-21.070198960188065,-21.04370173770296
508,508,0.0007821253030416891,0.0007887154260013057,-21.064913445690756,-21.03660916187654
509,509,0.0007817163924235351,0.0007894623283247807,-21.072006901651356,-21.032498400830335
510,510,0.0007800429029697456,0.0007877971664512236,-21.068830544211266,-21.0416683679059
511,511,0.0007818727105971157,0.0007845669323088307,-21.06259149852219,-21.059512515301613
512,512,0.0007787445498889638,0.000786905051331575,-21.080930838736947,-21.046589180371402
513,513,0.0007816870023554057,0.0007881235429330877,-21.069540988651433,-21.0398695019315
514,514,0.0007813195043877151,0.0007870594456203674,-21.067031306771288,-21.045737158766027
515,515,0.0007824845379218459,0.0007891411690874712,-21.0695358658936,-21.03426550304097
516,516,0.000785581754957393,0.000785657621331905,-21.05542069002052,-21.053479234274697
517,517,0.0007865184944449473,0.000785707024318215,-21.051829648345336,-21.053206153874036
518,518,0.0007817092814876401,0.0007872796635829696,-21.06392957502053,-21.044522179781655
519,519,0.0007786895904555609,0.0007874966954420272,-21.07966426466245,-21.043325111526947
520,520,0.0007822730796910899,0.0007882520838297511,-21.062778138252153,-21.03916123670212
521,521,0.0007863199259106492,0.0007873575331790274,-21.05095849784792,-21.044092641650927
522,522,0.0007818097419095869,0.0007880749579175914,-21.064981491583637,-21.040137237297678
523,523,0.0007810945437798641,0.0007888735149447855,-21.07547512366586,-21.035738755723827
524,524,0.0007825282710777192,0.0007847220863607761,-21.065451625165608,-21.058653749987858
525,525,0.0007862869503706233,0.0007875558773153706,-21.050403990431448,-21.042998743233234
526,526,0.0007810756808972543,0.0007887641611312958,-21.069596073986922,-21.036340817383103
527,527,0.0007832089442634935,0.0007897296240308174,-21.06552041909007,-21.031028217916802
528,528,0.0007827915449281098,0.0007894511830894963,-21.071016229574372,-21.032559712791357
529,529,0.0007817282817883359,0.0007887292916788475,-21.071333219558856,-21.036532813245408
530,530,0.0007823591340170002,0.0007860947026577043,-21.067208606444368,-21.051063815382886
531,531,0.0007822807018942747,0.0007871483011465324,-21.070645299064346,-21.045246887201547
532,532,0.0007837150580748992,0.0007878442717667081,-21.059158711229987,-21.04140869488521
533,533,0.0007804857054485258,0.0007846706461063341,-21.07519790186508,-21.058938448880596
534,534,0.0007826301830907151,0.0007853708873306843,-21.06289359986541,-21.05506452690561
535,535,0.0007837072396458886,0.0007849005663669423,-21.058981764861375,-21.057666087354328
536,536,0.000781407297142426,0.0007860461697227469,-21.06399809440642,-21.051331954023887
537,537,0.0007833696166101421,0.0007857630354058193,-21.058288247316995,-21.052896567240403
538,538,0.0007816058026684314,0.0007932204140448256,-21.06732998980613,-21.01187368667269
539,539,0.0007804236296785169,0.0007848881436266789,-21.06813666498953,-21.057734824344372
