,epoch,train_loss,test_loss,train_dbs,test_dbs
0,0,0.0010810059749703739,0.0010837443344491092,-19.657614826393,-19.639963539975792
1,1,0.0010773486892222282,0.0010785051915598544,-19.671551143401945,-19.661009541116197
2,2,0.001076495278501864,0.0010746352215248503,-19.683451576247446,-19.676621234909753
3,3,0.0010665869424311618,0.0010634249039484483,-19.723439920382976,-19.72216367425598
4,4,0.001059322710360218,0.0010659403755868737,-19.74953683278901,-19.711902814171186
5,5,0.001062722802258183,0.0010558171687941801,-19.739036748267406,-19.753344742550965
6,6,0.0010556413602448769,0.0010533101403301483,-19.768708223525714,-19.76366928897335
7,7,0.001050594759644153,0.0010491584452163231,-19.77864851417058,-19.780821132615277
8,8,0.001048011572661896,0.0010423863453692512,-19.79479984057487,-19.808944803555065
9,9,0.001041963204415035,0.0010440804211324767,-19.821947870597498,-19.801892422665226
10,10,0.001041195374558267,0.0010390752975485828,-19.829283962970198,-19.82276173854997
11,11,0.0010399998156065792,0.0010338717348579514,-19.835647801137497,-19.844565318420926
12,12,0.001032232146076474,0.0010323498618641967,-19.86189819901017,-19.850962900983365
13,13,0.001029635170479449,0.0010240522862755154,-19.878085635657644,-19.886010625979345
14,14,0.0010279809933674243,0.001027168926635855,-19.884443871628882,-19.872813212227506
15,15,0.0010211519745764199,0.0010206585345593723,-19.906505306024197,-19.900427226915735
16,16,0.001020161913270995,0.0010149263605279358,-19.908610730895578,-19.924886615835902
17,17,0.0010126479937378125,0.0010094886804979883,-19.939487074349213,-19.948217405846446
18,18,0.0010120287614384877,0.001012273622970832,-19.942334898253826,-19.93625273609984
19,19,0.0010110234815300895,0.001003424171358347,-19.95994250030646,-19.974386356194632
20,20,0.0010034168996012856,0.0010093334529205765,-19.976358592780706,-19.94888526538024
21,21,0.0010004059145150264,0.0009970278632336932,-19.995987878502174,-20.002158986997387
22,22,0.0009967030251648316,0.0009994486892154735,-20.01665967714683,-19.99162691358531
23,23,0.0009996340833316297,0.0009892421780693297,-20.00477236224966,-20.03620569113871
24,24,0.000993008605929418,0.0009851215964820433,-20.036645373240457,-20.054333540392577
25,25,0.0009870753196288937,0.0009896638343649868,-20.05087633251393,-20.034354941238675
26,26,0.0009846683032330625,0.0009858832712971459,-20.06193648357612,-20.050976966382255
27,27,0.0009828320399560418,0.000979836120294701,-20.070232594597112,-20.0776974902525
28,28,0.0009797414429917855,0.0009794832225643883,-20.0839759318633,-20.079261926791823
29,29,0.0009755016593790622,0.000973208513306944,-20.10458689475478,-20.10717294761999
30,30,0.0009760173480506487,0.0009691535777069236,-20.10933885987655,-20.12530590771053
31,31,0.0009675798493619893,0.0009654381796472558,-20.14244456871917,-20.14198724477371
32,32,0.0009684644797912886,0.0009624071750103644,-20.13907383589359,-20.155643419734723
33,33,0.0009643378998776994,0.0009576853542392584,-20.158323058308014,-20.17700348241902
34,34,0.0009588315787715549,0.0009571924548302041,-20.1756897465123,-20.17923927519075
35,35,0.0009598458346613136,0.000953750945260062,-20.18015049072384,-20.194882127109466
36,36,0.0009554443453659409,0.000952125695460525,-20.194674743209653,-20.20228908279239
37,37,0.0009530816538038558,0.0009467848055799933,-20.21300749352809,-20.22671914538578
38,38,0.0009532992478421668,0.0009430876847258524,-20.205356305379624,-20.243711204293483
39,39,0.0009451957015061425,0.0009407177230490273,-20.239183679235314,-20.254638679258132
40,40,0.0009459729544031098,0.0009393272921442986,-20.252490875172594,-20.261062531608566
41,41,0.0009395839951298747,0.0009422035532464322,-20.269203704895382,-20.247784563816978
42,42,0.0009384975179348179,0.0009356519440189004,-20.2733902282137,-20.27808869833672
43,43,0.0009324568655034623,0.0009307811637163946,-20.307572972210366,-20.300756082464474
44,44,0.0009288399200646457,0.0009287839424551317,-20.32022926880913,-20.310084957302422
45,45,0.0009318675765450852,0.0009277698302053308,-20.306579138691024,-20.314829483471367
46,46,0.000927064525798808,0.0009232120171777512,-20.33050181622638,-20.336217451709594
47,47,0.0009284615054601784,0.0009209699928760529,-20.32340735537925,-20.346777138952177
48,48,0.0009180523896801103,0.0009192139167632712,-20.37039120035478,-20.355066032177458
49,49,0.0009154440113823361,0.0009139887253312688,-20.383541981547005,-20.379823556513376
50,50,0.000915178216000078,0.0009148148513448081,-20.385065220017687,-20.3758998765948
51,51,0.000918602944140505,0.0009099120966550943,-20.37509085120769,-20.39923755387273
52,52,0.0009108765360409606,0.0009079690023913587,-20.40368260364653,-20.408521719249414
53,53,0.0009126882764904462,0.0009069110567093288,-20.402269989849778,-20.41358497421877
54,54,0.0009070995357367642,0.0009053774349587528,-20.419433109545345,-20.420935278827024
55,55,0.0009039397100610755,0.0009016172537629149,-20.44535300495469,-20.439009801254727
56,56,0.000903229774023915,0.0009012823544540687,-20.445752722118478,-20.440623256855197
57,57,0.0009011220392175787,0.0008962387739876775,-20.45036035316867,-20.46499465231929
58,58,0.0008989242739620206,0.0008940303661419373,-20.463857243329926,-20.475709240491295
59,59,0.0009004201592407046,0.0008897404217063204,-20.471541755090175,-20.49659872697459
60,60,0.0008932796364515712,0.0008913787835473684,-20.494119629460656,-20.488609012355706
61,61,0.0008882387576039074,0.0008862685369278648,-20.514012831914062,-20.513578622425023
62,62,0.0008881113236318774,0.0008865941965364312,-20.512344681591813,-20.511983099321057
63,63,0.0008874227954122747,0.0008807971209630763,-20.519735239530643,-20.540473077024348
64,64,0.00087961633077621,0.0008797023788486657,-20.55879557185666,-20.545874277316965
65,65,0.0008804124849608418,0.0008779965482014967,-20.556358590138785,-20.554303855992938
66,66,0.000874905699993647,0.0008715544306477042,-20.57230967973487,-20.586286790856107
67,67,0.0008714726193539184,0.0008688411969495448,-20.59928825943353,-20.59982788874393
68,68,0.0008733189159514594,0.0008690185893915201,-20.59583331067269,-20.598941274535413
69,69,0.0008677623070267596,0.0008672607578582278,-20.613205138817623,-20.607734983877897
70,70,0.0008675287826918066,0.0008620210696550968,-20.614241230578408,-20.634053130534753
71,71,0.0008656292998942441,0.0008637394333307288,-20.627829882544233,-20.62540446685784
72,72,0.0008652128078782759,0.0008622976418241466,-20.63632470452861,-20.632659956905112
73,73,0.0008610271027830151,0.0008547851252124497,-20.655602727237024,-20.670662380439268
74,74,0.0008551785758379655,0.0008550153028121905,-20.678028675798057,-20.66949306429698
75,75,0.000856222096979426,0.0008537113317288458,-20.67539863240635,-20.67612148038814
76,76,0.0008500651876470938,0.0008503093022706085,-20.700960111784873,-20.69346263875844
77,77,0.0008483552800001788,0.000848091731313616,-20.712392370131262,-20.704803651370828
78,78,0.0008476791674146409,0.0008403871141030992,-20.72269014299694,-20.744438094792308
79,79,0.0008442883251340503,0.0008389950411296205,-20.731324597567145,-20.7516380015839
80,80,0.0008419973508109214,0.0008376978068171363,-20.74519228670676,-20.758358156879474
81,81,0.0008408103357837296,0.0008386315220329715,-20.754037540997192,-20.753520116992405
82,82,0.0008362131115269953,0.0008373559195254194,-20.780934914530373,-20.76013099274679
83,83,0.0008309248885255039,0.0008307559979393294,-20.80265185491489,-20.794497085961893
84,84,0.0008298653998825047,0.000825778912066629,-20.80897933842655,-20.820594060092077
85,85,0.0008278275730770043,0.0008242237259094653,-20.82103230132202,-20.828780822353522
86,86,0.000824419200689215,0.0008236409814440106,-20.832799311890156,-20.831852466707907
87,87,0.0008202542883305589,0.000816892290267309,-20.858432861146127,-20.867583968431372
88,88,0.0008213557038917063,0.0008174120264716054,-20.856967999032463,-20.864821709641884
89,89,0.0008148490703309473,0.0008109196940878112,-20.882572480832714,-20.89945346230629
90,90,0.0008131619254799233,0.0008128173342954955,-20.89636174831202,-20.88930237217731
91,91,0.0008117197406689454,0.0008050533483344081,-20.90486391401951,-20.930985334615922
92,92,0.0008077658898888406,0.0008048572436612295,-20.92723874073399,-20.932043370736455
93,93,0.0008085562539114089,0.0008033794461210307,-20.92452571447963,-20.94002477672966
94,94,0.0008041746410320408,0.000804515975208855,-20.94893674700538,-20.933885218310376
95,95,0.000800062472615199,0.0008045007768822344,-20.974416573131922,-20.933967262818328
96,96,0.000799018626831011,0.0007992256065144351,-20.97035819585713,-20.96253804232432
97,97,0.0008005174783000857,0.0007955819785006737,-20.969140765304793,-20.982382571640954
98,98,0.0007947173789287582,0.0007945988327264786,-20.999421973967628,-20.987752713652835
99,99,0.0007962595633010275,0.00078765816042984,-20.994919937714016,-21.02585417284726
100,100,0.0007947190705513985,0.0007892252515854412,-21.002917819412872,-21.017222218697928
101,101,0.0007952321188754795,0.0007840935508475491,-21.00178228375063,-21.045553122939864
102,102,0.0007865520418602397,0.000787923875338349,-21.037461224710864,-21.02438933614566
103,103,0.0007889355723650108,0.0007846464715456884,-21.0295106445542,-21.042491679811647
104,104,0.000782915625058729,0.0007849381103082315,-21.055172846814298,-21.04087778645154
105,105,0.0007849680907909095,0.0007843670747733038,-21.058469554096035,-21.044038390202715
106,106,0.0007809263386417987,0.0007791563617310634,-21.072749835116433,-21.072985731142424
107,107,0.0007817715312805527,0.0007782607909144932,-21.07387479983951,-21.077980430295433
108,108,0.0007789834191273782,0.0007769140372003772,-21.09078081094299,-21.085502257965956
109,109,0.0007739542196168727,0.0007742990825423284,-21.108847458595037,-21.100144494286923
110,110,0.0007709783883573315,0.0007737130845749849,-21.11595251935125,-21.10343252652835
111,111,0.0007729217609313806,0.0007725346888611583,-21.11182423378818,-21.11005204590789
112,112,0.0007745289566600215,0.0007692234572268239,-21.11278770191662,-21.128706746605314
113,113,0.0007709524355415907,0.000768696252060564,-21.133198761826485,-21.13168430521418
114,114,0.0007678018528824076,0.0007666928914228553,-21.146321392444545,-21.14301757492835
115,115,0.000767544633228831,0.0007626478296802624,-21.149484321118948,-21.16599155405809
116,116,0.0007646562778823001,0.0007634931335862922,-21.166565001947234,-21.16118058484492
117,117,0.0007706723120735632,0.0007606398400017305,-21.14117202532581,-21.177441254066423
118,118,0.0007600784421773608,0.000761828060556007,-21.189236473564762,-21.170662290324827
119,119,0.0007636258282612279,0.000758423454642884,-21.167191479311207,-21.190114387800275
120,120,0.0007613817405090044,0.0007567606946012299,-21.193122026758072,-21.19964626946709
121,121,0.0007592306673987625,0.000756510432294913,-21.19672558744547,-21.201082727715992
122,122,0.0007562205890318398,0.000752521669614668,-21.218089266900332,-21.22404183711987
123,123,0.0007560468097601432,0.0007494522387308902,-21.217175699191376,-21.241792328572796
124,124,0.0007578298892374582,0.0007559962870896255,-21.205579880675817,-21.204035315381123
125,125,0.0007526464112218201,0.0007524774838729124,-21.23454355085071,-21.224296848875646
126,126,0.0007509371564608336,0.0007468924618718264,-21.244931803812158,-21.25665117825884
127,127,0.0007516225630695903,0.0007472424982360712,-21.24427358214848,-21.25461630365518
128,128,0.0007446712583841122,0.000744826812909818,-21.27448104609057,-21.26867891744968
129,129,0.0007476210306139337,0.0007460681954398751,-21.263011866174374,-21.261446675014007
130,130,0.0007455417215488083,0.0007435919986547608,-21.27937481985323,-21.275884861583307
131,131,0.0007443191902471956,0.0007429619987593277,-21.280780420821095,-21.279565931965443
132,132,0.0007434980877790332,0.000742729842099116,-21.28396111205,-21.280923203433385
133,133,0.0007405262434442249,0.000743071030898902,-21.303558457191905,-21.2789286371583
134,134,0.0007409693897682597,0.0007399397650978676,-21.296066482405152,-21.297268267365833
135,135,0.0007399292566727117,0.0007398600022210495,-21.307706435838803,-21.297736446616312
136,136,0.0007395366261972441,0.0007360631532623971,-21.308528252225546,-21.32008116263723
137,137,0.0007370564391711707,0.0007358724527110002,-21.320675301797607,-21.321206486289906
138,138,0.0007357249659313293,0.0007327259150578788,-21.33453845191741,-21.339816421597703
139,139,0.0007389153290261543,0.0007349932627556356,-21.317131633993966,-21.32639835917971
140,140,0.0007349698937536438,0.000730121088532829,-21.335804314153425,-21.355283014877973
141,141,0.0007345278527750873,0.000728960568698025,-21.341589640737432,-21.362191572245948
142,142,0.0007340100086198102,0.0007322540163601699,-21.343092895971587,-21.34261431668316
143,143,0.0007360272683184018,0.0007259487787163572,-21.341487428883784,-21.38017215145385
144,144,0.0007304435232222157,0.0007311520595593672,-21.3596032538749,-21.3491548641937
145,145,0.0007310861321982265,0.0007283306086288863,-21.368331164712746,-21.3659463221977
146,146,0.000731073481933281,0.000728118999272977,-21.364288421303442,-21.36720830580137
147,147,0.0007315890763924678,0.0007266049199786625,-21.36302046376088,-21.37624859875895
148,148,0.0007280348854129846,0.0007237363514784528,-21.382373466380624,-21.393428073957217
149,149,0.0007276500373617889,0.0007258035873651112,-21.38230981513069,-21.38104083683504
150,150,0.0007248152408643251,0.000723806629570103,-21.401541966621046,-21.393006374735492
151,151,0.0007282770568860176,0.000724007311203566,-21.380452394165303,-21.391802422706352
152,152,0.0007194673916152151,0.0007218144019134343,-21.414673491729857,-21.404976510848336
153,153,0.0007254785939705433,0.0007210151218858204,-21.39665118272722,-21.409788208076186
154,154,0.0007247805598998423,0.0007203122674438514,-21.395270680482128,-21.414023829104188
155,155,0.000721527380537549,0.0007210011888099345,-21.419451612962565,-21.409872133034995
156,156,0.0007201640791086884,0.0007157821673899889,-21.42837124221908,-21.441423196914265
157,157,0.0007172830483261688,0.0007163100833024242,-21.44068620003938,-21.438221294551425
158,158,0.0007156001784377875,0.00071916508635408,-21.45153974891639,-21.420945987638905
159,159,0.0007182453805820767,0.0007166629626513704,-21.44315645844432,-21.436082335168265
160,160,0.0007125797007021677,0.0007132534856760973,-21.459513777532024,-21.456792913669425
161,161,0.000716064341927965,0.0007112501587375606,-21.45169875036071,-21.4690081777278
162,162,0.0007169135094898724,0.0007153362354361697,-21.448284140123725,-21.44412969265541
163,163,0.0007154914723305972,0.0007106447040936665,-21.45666903803341,-21.472706701910585
164,164,0.0007156381394339668,0.0007120946140371655,-21.45591775600046,-21.46385493127793
165,165,0.0007131919336802873,0.0007131538464148578,-21.468940164970014,-21.45739965173693
166,166,0.0007140337538751821,0.0007125774098217095,-21.46175462765886,-21.460911439026678
167,167,0.0007127774465281862,0.0007103795865795723,-21.47589514994737,-21.47432721009639
168,168,0.0007119788584232176,0.0007077147540832428,-21.47818267701426,-21.490649444484294
169,169,0.0007120298795382847,0.0007106754071030178,-21.47648458713338,-21.472519071447383
170,170,0.0007124120098317868,0.0007119716028682888,-21.472254484905754,-21.46460522043379
171,171,0.0007094177963528974,0.0007086668169665101,-21.486370078895092,-21.484810965258752
172,172,0.000707290954431807,0.0007058913960415674,-21.499126244390922,-21.501853056963252
173,173,0.0007073306100510215,0.0007057480887803985,-21.507667385771075,-21.502734833842197
174,174,0.000709234385813596,0.0007048419394873475,-21.491988294862978,-21.508314565500566
175,175,0.000707293688391633,0.0007051597134896406,-21.50308417027449,-21.50635701463198
176,176,0.0007071179810661784,0.0007043928244935447,-21.502159832315428,-21.51108270854014
177,177,0.0007052910118123766,0.0007044293023155708,-21.518873879771427,-21.510857809789336
178,178,0.0006990635535948593,0.0007002188266549064,-21.554224024326555,-21.53689410720306
179,179,0.0007034883163533337,0.0006969059866509939,-21.531871119969928,-21.557489988342592
180,180,0.0007042320518389574,0.000698474257277619,-21.530489974699925,-21.547727895622522
181,181,0.0007012199344036659,0.0006944798453907041,-21.543416885965332,-21.572635475744633
182,182,0.0006967951662444807,0.0006962177944124529,-21.55928135000474,-21.561780750155165
183,183,0.0006987953806996883,0.0006947899941894177,-21.55868218923203,-21.570696386443903
184,184,0.0006984181020447274,0.0006933888316301531,-21.55694787097012,-21.57946351879128
185,185,0.0006955093848182983,0.0006960770237798753,-21.576022680051036,-21.562658953655628
186,186,0.0006988125219557088,0.0006949638757903717,-21.55685918584187,-21.569609635446852
187,187,0.000694916391572387,0.000697893329503897,-21.577047996114423,-21.55134146762829
188,188,0.0006937027858455003,0.0006965823306113874,-21.583022541406983,-21.559507400800555
189,189,0.0006972819449111205,0.0006898159289879626,-21.566891203159642,-21.601899753789056
190,190,0.000694421529241828,0.0006928414284055563,-21.585964758681673,-21.58289345707829
191,191,0.0006934356654888575,0.000695990223903209,-21.58540145841873,-21.56320054685205
192,192,0.0006900497396553377,0.0006926487579843716,-21.605104742590765,-21.58410134295302
193,193,0.0006910983608680364,0.0006896779952129643,-21.60060894537957,-21.602768244421725
194,194,0.0006916202909610781,0.0006923146337564839,-21.594832094964072,-21.586196825218074
195,195,0.0006927589726269475,0.000687334064614812,-21.588129194825566,-21.617553258113258
196,196,0.0006880569529777259,0.0006882470272677509,-21.622344914747956,-21.611788498726668
197,197,0.0006882695021520648,0.0006853953359256449,-21.617228010242616,-21.629820493463455
198,198,0.0006903296128904313,0.0006888061853762912,-21.610325818227277,-21.608261557397647
199,199,0.0006909102181059107,0.0006894827177012829,-21.608755414368254,-21.603998093061346
200,200,0.0006899196749370661,0.0006885294202028921,-21.607506450306598,-21.610006921254083
201,201,0.0006902167878411326,0.0006856326516227503,-21.6091818709317,-21.628317024538134
202,202,0.0006853410405270063,0.0006864062406269735,-21.632249943891164,-21.623419707511715
203,203,0.0006869641605514995,0.0006853756923718672,-21.626044666622633,-21.629944964827892
204,204,0.0006896685868904917,0.0006847965751627558,-21.613587177006185,-21.633616144419364
205,205,0.0006873087565049759,0.0006833935530219031,-21.624751687591242,-21.642523166547214
206,206,0.0006868205394490247,0.000686099072673211,-21.633224951432297,-21.62536361764847
207,207,0.0006880226956690018,0.0006850843906010452,-21.62253152360346,-21.631791217121027
208,208,0.0006872450713231468,0.0006837287985131537,-21.631647120597606,-21.64039321424722
209,209,0.0006864652710909158,0.0006845304436099372,-21.6284749005718,-21.63530426514904
210,210,0.0006850556999723398,0.0006874791456778583,-21.642041674781428,-21.61663665497224
211,211,0.0006879461105893721,0.0006847866890510838,-21.62736789710912,-21.633678842086006
212,212,0.0006843250498089209,0.0006817101507055524,-21.65100415153109,-21.653234333844026
213,213,0.0006861930320605866,0.000683975577550499,-21.638315957778108,-21.638825992891384
214,214,0.0006839503676957,0.0006826046462121763,-21.645653896880198,-21.647539540836505
215,215,0.0006817411517330743,0.0006836881879472026,-21.658169414147732,-21.640651174253264
216,216,0.0006845079148764309,0.0006838422789434461,-21.64934378924874,-21.639672463046704
217,217,0.0006862574697414547,0.0006827554653251642,-21.643596647873547,-21.64658008833384
218,218,0.0006857671182045771,0.000683031339002283,-21.64642983938601,-21.644825635634124
219,219,0.0006827983294719274,0.0006800568172414051,-21.653927658793734,-21.66377995537744
220,220,0.0006841283559213517,0.0006797564595839695,-21.64338858664395,-21.665698508131207
221,221,0.0006852826708447688,0.0006811105689082883,-21.652880415677373,-21.657055747461452
222,222,0.0006841891697252688,0.0006823434715012187,-21.659185611832857,-21.6492015342221
223,223,0.0006824744188409183,0.0006817068083603916,-21.654971023244638,-21.653255626846878
224,224,0.0006850429698968902,0.000677982838456764,-21.650193144815635,-21.67704493240845
225,225,0.0006797561336779179,0.0006787877217376311,-21.672276667289957,-21.671892161280915
226,226,0.0006816924703259443,0.0006808651684734382,-21.661791651356662,-21.658620768818885
227,227,0.0006822571038393323,0.0006779319833424923,-21.66375964236707,-21.677370706493374
228,228,0.0006853333601161607,0.0006800436194201833,-21.65454278074541,-21.663864239460814
229,229,0.0006797465198126036,0.0006808526538263418,-21.662824373200852,-21.658700595080806
230,230,0.0006832776143522837,0.0006792530950501954,-21.655756931214242,-21.668915681235774
231,231,0.000682332098709669,0.000679650429734274,-21.662251929309036,-21.666375982684194
232,232,0.000682326351153213,0.0006802332844879283,-21.662540470907885,-21.66265315526717
233,233,0.0006811715483655865,0.0006801736982245194,-21.66622524329991,-21.663033600027322
234,234,0.0006816648168863786,0.0006740182534007257,-21.67046922039809,-21.70251536077481
235,235,0.000684608789352873,0.0006775915114160039,-21.65386635155913,-21.679552374057206
236,236,0.0006829123636803677,0.0006764268619008362,-21.662151219633763,-21.6870234836447
237,237,0.0006827172389993272,0.0006793932989239693,-21.661417811158906,-21.66801935134144
238,238,0.0006837615654467768,0.0006794430297113171,-21.65663744842933,-21.66770146454256
239,239,0.0006816982970928255,0.000677540925895109,-21.67004526784671,-21.679876608235272
240,240,0.0006794030208034997,0.0006772851093525165,-21.681114067337667,-21.68151666697724
241,241,0.0006784439673791304,0.0006803901786425788,-21.67764969566782,-21.661651581095388
242,242,0.0006790899025929189,0.0006764836266244712,-21.67683245945428,-21.68665904554677
243,243,0.0006812646032128599,0.0006754326137812122,-21.665955770257057,-21.69341167054752
244,244,0.0006810886834594469,0.0006750950001572308,-21.668559054228144,-21.695583025438033
245,245,0.0006799726463739097,0.0006761273773583142,-21.67441505838665,-21.68894672609344
246,246,0.0006819472716612377,0.0006775087094865739,-21.66681033329712,-21.680083115924592
247,247,0.0006811279646293788,0.0006774449108266517,-21.671719049599453,-21.68049209532525
248,248,0.0006800067752657324,0.0006760204315038496,-21.67590695370655,-21.689633721912223
249,249,0.0006784947628645015,0.0006787086144628885,-21.687092244357864,-21.67239832622622
250,250,0.0006803787138178637,0.0006772182961484711,-21.670683429828546,-21.681945113384103
251,251,0.0006805632086998792,0.0006791903410646084,-21.669017790351084,-21.6693169303265
252,252,0.0006780436408907636,0.0006779855895346325,-21.688140164183185,-21.677027309904666
253,253,0.0006798809897106563,0.0006743164052941689,-21.682952661401412,-21.700594684429856
254,254,0.0006770714427363704,0.0006760683425359036,-21.693081762655623,-21.689325938913775
255,255,0.000679113110647412,0.0006783327400243204,-21.687539949141378,-21.67480415119527
256,256,0.0006788945912873161,0.0006792761177118672,-21.68341174426577,-21.668768483592473
257,257,0.0006786779369726853,0.0006764038913197032,-21.686109491142446,-21.687170966936456
258,258,0.000678950387230815,0.000679935160166535,-21.679376880365545,-21.664556945202666
259,259,0.0006775007044330009,0.0006726121922072611,-21.69129551890038,-21.711584587472345
260,260,0.0006834287412426213,0.0006737995978542848,-21.65861757575997,-21.703924466582414
261,261,0.0006778826535026514,0.0006766135491871912,-21.690473246377625,-21.685825038156224
262,262,0.0006734972127194795,0.0006768237983219718,-21.709495506419934,-21.684475732405755
263,263,0.0006800083510731299,0.0006776202690640563,-21.68033722229591,-21.679368059132504
264,264,0.0006777527358037295,0.000679156225248191,-21.694946331857707,-21.669535082470972
265,265,0.0006770251916491033,0.0006744432704229103,-21.69124416806314,-21.699777684537096
266,266,0.0006797072722470944,0.0006778952420542115,-21.679086820564475,-21.677606083663314
267,267,0.0006771650598576465,0.0006772369899983076,-21.69067838578895,-21.68182523292865
268,268,0.0006797552287588184,0.0006724644274646906,-21.68349554648112,-21.712538784603392
269,269,0.0006786137915302798,0.0006738789563410377,-21.688697269747994,-21.703412995166307
270,270,0.000673738113225236,0.0006787528430944995,-21.698688893257337,-21.672115323706322
271,271,0.0006751799595916702,0.0006745859802896647,-21.703706180919177,-21.698858829622086
272,272,0.0006794974924372413,0.0006777671086111743,-21.68577914385539,-21.678427049848537
273,273,0.0006760825299821102,0.0006715250262794526,-21.698555492314057,-21.718609915836527
274,274,0.0006786505745714242,0.0006750232852554243,-21.686250269397206,-21.69604439814131
275,275,0.0006749680633032598,0.0006762899145925123,-21.703809593986545,-21.687902831954023
276,276,0.0006782908824310859,0.0006767837238792134,-21.687001888978408,-21.6847328838928
277,277,0.0006771713690880264,0.0006728524642408287,-21.695195685862018,-21.710033468029067
278,278,0.0006782045496685296,0.0006732890553968517,-21.68502170044134,-21.707216392204707
279,279,0.0006768256971929414,0.0006739472829442667,-21.697226184488898,-21.702972673321987
280,280,0.0006772688843223468,0.0006769769120422241,-21.686604150277407,-21.683493365598242
281,281,0.0006765516135198323,0.0006732574333191702,-21.69374971530257,-21.707420370217513
282,282,0.0006771548603152492,0.0006735799435869252,-21.693675273387235,-21.705340469039808
283,283,0.0006775226055154789,0.0006725885598969303,-21.691481001182037,-21.711737180041986
284,284,0.0006783691507322502,0.0006738642298028265,-21.691287748588945,-21.703507904260984
285,285,0.000675411199425952,0.0006739648555307404,-21.69916107558204,-21.702859436307186
286,286,0.0006759956427465778,0.0006748123345651516,-21.6981472651139,-21.69740181855813
287,287,0.0006741203341306638,0.0006745786062980953,-21.7056494665264,-21.69890630320507
288,288,0.0006751575994487736,0.0006763074933061082,-21.699071502311785,-21.68778994783537
289,289,0.0006749977276074825,0.0006711136819304604,-21.703444007171512,-21.721271012755995
290,290,0.000678240304174305,0.0006730474415235221,-21.694612877093885,-21.708775164076446
291,291,0.0006765339381935209,0.0006747746772721017,-21.70048424250456,-21.697644179434988
292,292,0.0006755675193997696,0.0006769897269183083,-21.700123240621476,-21.68341115633533
293,293,0.0006776395123019891,0.0006732930012635494,-21.690783665539684,-21.70719094008874
294,294,0.0006756858963797771,0.0006730501589022184,-21.694386214646038,-21.708757629797017
295,295,0.000677077313309017,0.0006718598306179047,-21.69845874818894,-21.716445179812137
296,296,0.0006752269805802666,0.000673425313403928,-21.70261020227261,-21.70633757035263
297,297,0.0006782292639212587,0.0006733703561813423,-21.69154345371635,-21.70669200598176
298,298,0.0006756539889803329,0.0006755809452825863,-21.704930163798743,-21.692458022786315
299,299,0.0006754106575546344,0.0006739516515823963,-21.701910706881907,-21.702944521724202
300,300,0.0006772799593799738,0.0006743888891498117,-21.691133993319024,-21.70012787617022
301,301,0.0006733117595113353,0.0006712300114725766,-21.721238337263724,-21.7205182803731
302,302,0.0006736271436201389,0.0006730562431345645,-21.720531434841885,-21.708718370663703
303,303,0.0006733255535268138,0.0006702746767060537,-21.721130942364884,-21.726703822492546
304,304,0.0006701905063123049,0.0006718392925042855,-21.72886973262036,-21.71657794151839
305,305,0.0006716878533833804,0.0006684592379698236,-21.731676474034053,-21.738482645752914
306,306,0.0006708885301816632,0.0006708700798059764,-21.72578085696451,-21.72284770932449
307,307,0.0006727952541322591,0.000670120120048523,-21.7195068223665,-21.72770536478392
308,308,0.0006718900631969199,0.0006687976695646189,-21.723320389934777,-21.736284429741744
309,309,0.0006747240765913169,0.0006704033217637947,-21.714619209300928,-21.72587036600357
310,310,0.0006706142088772787,0.0006698676305332858,-21.727572977966197,-21.729342018618347
311,311,0.0006709159951964297,0.0006697488409516058,-21.728802288738166,-21.73011223399065
312,312,0.0006726917711124976,0.0006698301111004854,-21.719772178166764,-21.729585274721973
313,313,0.0006756014706682145,0.0006737908330059758,-21.701000937065405,-21.703980960383028
314,314,0.00067121099702265,0.0006674871792232519,-21.7283747197486,-21.744802657076573
315,315,0.000671681196707272,0.0006737244119377513,-21.723056523088058,-21.704409101044796
316,316,0.0006706196089880061,0.0006683199317194521,-21.73503732650232,-21.73938780551934
317,317,0.0006728007154510424,0.000669540589258663,-21.724846417495343,-21.73146283916651
318,318,0.0006705495665694788,0.0006694408060100518,-21.728457690444195,-21.73211012694051
319,319,0.0006719392084651003,0.0006715022885289631,-21.722285864492466,-21.71875696987572
320,320,0.0006707663745043281,0.000668537184154909,-21.727749822901874,-21.73797626297513
321,321,0.0006703050163833751,0.0006706144378863667,-21.727505508532147,-21.724502948351244
322,322,0.0006730255380407283,0.0006683878815046659,-21.72847324018642,-21.738946269732715
323,323,0.0006713877106805515,0.0006690969611027915,-21.730246681751318,-21.734341366922038
324,324,0.0006734596273727407,0.0006660400509932323,-21.72019278826211,-21.754228487121424
325,325,0.000669924337680922,0.0006689897088922168,-21.733428099476598,-21.73503757060404
326,326,0.0006763213734171286,0.0006725563955689339,-21.709558299703904,-21.711944872010186
327,327,0.0006721587503597755,0.0006730114109814167,-21.723989021065307,-21.70900766305806
328,328,0.0006718111876158294,0.0006680981237686387,-21.7244730287588,-21.740829419834103
329,329,0.0006714550665454919,0.0006701156533764381,-21.736279217869942,-21.72773431269111
330,330,0.0006713185245747265,0.0006741208551255496,-21.726338964286033,-21.701854310847114
331,331,0.0006689440876667955,0.000671009873162563,-21.740318152279777,-21.72194283726857
332,332,0.0006731053455444725,0.000668612354753637,-21.72293006561027,-21.737487967906944
333,333,0.0006698273229124697,0.0006728303269483149,-21.739390977746766,-21.710176356145745
334,334,0.000673098718872313,0.0006667553343025869,-21.723315783769266,-21.74956695201256
335,335,0.0006704991353320476,0.0006685282109844449,-21.72897746468322,-21.7380345547899
336,336,0.0006725616451861701,0.0006716428202037749,-21.71913578447965,-21.717848175573017
337,337,0.0006715036549403803,0.0006686390567521908,-21.72158773051156,-21.737314529606127
338,338,0.0006728211955464992,0.0006701890440461667,-21.72327840183389,-21.72725870198886
339,339,0.0006708436832792059,0.0006700335346211336,-21.73139092036599,-21.728266547798263
340,340,0.0006741620150164308,0.0006685074492308654,-21.711746603282084,-21.738169430998266
341,341,0.0006718872248233517,0.0006654728541003639,-21.72928262021799,-21.75792849625664
342,342,0.0006714924904709854,0.0006756056467757413,-21.723496366244536,-21.69229923313822
343,343,0.0006708787242910758,0.0006686836468840116,-21.736607319376354,-21.73702491741078
344,344,0.0006704190115866818,0.0006699461434771748,-21.734122790224912,-21.728833026413767
345,345,0.0006692259399623601,0.0006715850322507322,-21.73476724738989,-21.71822185735897
346,346,0.0006705757960216286,0.0006676473299433526,-21.724676611743064,-21.743760775919746
347,347,0.0006723917898309138,0.0006685099245882348,-21.718941549886694,-21.738153349920083
348,348,0.0006699192568122112,0.0006678902642115167,-21.73824718566201,-21.742180812708618
349,349,0.0006738668073631209,0.000668747969412882,-21.71162935269704,-21.73660717763206
350,350,0.0006726246480782007,0.0006714809967793132,-21.730878550179717,-21.718894676569242
351,351,0.0006709579227146568,0.0006707815643350937,-21.72733362954316,-21.72342076091789
352,352,0.0006730279623598014,0.0006704412854129547,-21.717481013246914,-21.725624440364474
353,353,0.0006696091455973915,0.0006687747633182689,-21.733480112613126,-21.73643317766967
354,354,0.0006746615603633379,0.00066954637019846,-21.715049580927115,-21.731425341523266
355,355,0.0006712538078571334,0.0006732487940768662,-21.73343256072871,-21.707476099261818
356,356,0.0006675966421247835,0.0006695884083838839,-21.749626556208817,-21.73115267364462
357,357,0.0006716850384128923,0.0006706418445039736,-21.729270977818295,-21.724325464853838
358,358,0.000668300492761023,0.0006714117878704871,-21.747819023398844,-21.719342322838134
359,359,0.00067122966007896,0.0006710817841322799,-21.736589709409255,-21.721477436307374
360,360,0.0006732937793449028,0.0006735445839647008,-21.724063730749485,-21.705568458190086
361,361,0.0006729744581179213,0.0006707243339501714,-21.72370503797332,-21.723791312257482
362,362,0.0006712569474703489,0.000671420362778008,-21.726871164199004,-21.719286857454506
363,363,0.0006739311754348275,0.0006697080251270611,-21.717778641358816,-21.730376909738386
364,364,0.0006717865609746311,0.0006678085467827163,-21.72559802283155,-21.74271221137657
365,365,0.0006732130279169255,0.0006680158855344512,-21.71818604183376,-21.741364039052307
366,366,0.0006707900140156067,0.0006683321277561941,-21.735953006749952,-21.73930855271124
367,367,0.0006730438338487034,0.000671246695626331,-21.717967450428745,-21.720410333086228
368,368,0.0006722380051907804,0.0006697963016401781,-21.72452215857797,-21.72980448900308
369,369,0.0006695663587660672,0.0006665279966239867,-21.734881763987538,-21.75104798005831
370,370,0.0006696718298474845,0.0006687905038952044,-21.7359494401025,-21.736330961413415
371,371,0.0006709581279416674,0.0006677820316613897,-21.724967508760464,-21.74288465001258
372,372,0.0006723516577489904,0.0006719678854814878,-21.730599409538556,-21.71574676244009
373,373,0.0006707905180819486,0.0006702873935481827,-21.733738684214003,-21.726621426391883
374,374,0.0006718766874364894,0.0006669440772384405,-21.72745102932619,-21.74833773926226
375,375,0.0006715498394188807,0.0006717611778233396,-21.72574019857681,-21.717082924594507
376,376,0.000670102405116999,0.0006676509541361348,-21.731217886183288,-21.743737201158282
377,377,0.0006720524529696049,0.0006665511020018082,-21.726507687459122,-21.75089743328128
378,378,0.0006708843182273133,0.0006691394128689641,-21.738374022517462,-21.73406583162557
379,379,0.0006703216949785032,0.000671242225890685,-21.739501122420958,-21.720439252230296
380,380,0.0006693279719911516,0.0006717880666991206,-21.74266840315401,-21.716909091139197
381,381,0.0006715598667386113,0.0006717935688548574,-21.728019412698536,-21.716873521199688
382,382,0.000670442159633277,0.0006668191268353871,-21.733674435682865,-21.749151455978254
383,383,0.0006715325475430366,0.0006699725329924963,-21.730916567895267,-21.72866195900368
384,384,0.0006739334533346299,0.0006704786363498945,-21.713666134646246,-21.725382497418472
385,385,0.0006693739974487227,0.0006708993827679047,-21.743362671955747,-21.72265801780108
386,386,0.0006718633584822193,0.0006687503773719072,-21.7287277568802,-21.736591540030417
387,387,0.0006737414940702009,0.000669197179377079,-21.71965906228726,-21.733690923312167
388,388,0.0006726695357860287,0.0006711204278920041,-21.72350920253563,-21.721227358167692
389,389,0.0006707642346226908,0.0006717563343332394,-21.73388944006868,-21.717114237934375
390,390,0.000670928512843921,0.0006702534462276258,-21.72910227392348,-21.726841384390312
391,391,0.00067161812420608,0.0006686732093313415,-21.72213228794297,-21.737092707417737
392,392,0.0006716531868207931,0.0006720518730090637,-21.729399218289032,-21.715203982922272
393,393,0.0006736529818207948,0.0006682578639715518,-21.715062399747524,-21.73979115922645
394,394,0.000669971066431056,0.0006729599982990246,-21.737577401977838,-21.70933944193716
395,395,0.000672455279386996,0.0006698659241297527,-21.721619883306346,-21.729353081738108
396,396,0.0006719358564239264,0.0006686653574242404,-21.73282123163609,-21.73714370482425
397,397,0.0006726518562591644,0.0006703100087562282,-21.727430177423074,-21.726474899775535
398,398,0.0006732406417512786,0.0006715154618416962,-21.722396264397066,-21.718671772237386
399,399,0.0006704383479316056,0.0006686190792702531,-21.73082922309988,-21.737444289297763
400,400,0.000676914310855695,0.000671574928626222,-21.708295898646796,-21.7182871950477
401,401,0.0006720177660043322,0.0006687588021649342,-21.724543403274097,-21.736536828762954
402,402,0.0006721529283935262,0.0006688786793108049,-21.72155587250542,-21.73575841183283
403,403,0.000674791081410055,0.000669693663152621,-21.71253604676341,-21.730470045745356
404,404,0.0006748140068273492,0.0006706171276930132,-21.7031369980677,-21.72448552901496
405,405,0.0006719139613422382,0.0006705594653459756,-21.734129413789056,-21.72485896886289
406,406,0.0006735071722302854,0.0006694232272964559,-21.720037971095657,-21.732224168966052
407,407,0.0006745815590340836,0.0006723850352787658,-21.712169044397246,-21.713051549626524
408,408,0.0006719973651193006,0.0006724848981799656,-21.726711947738913,-21.712406581575134
409,409,0.0006696807188173928,0.0006689935107715428,-21.735440370198535,-21.73501288964858
410,410,0.0006738845949042012,0.0006699885462263697,-21.713690644512567,-21.72855815809159
411,411,0.0006730414407337372,0.0006705033623515383,-21.715412180174898,-21.725222340666406
412,412,0.000671761541881781,0.0006707391186960434,-21.729359591891203,-21.7236955819782
413,413,0.000670204759988281,0.000671788262767031,-21.734897786930404,-21.71690782360851
414,414,0.0006748896749862997,0.000664703051657661,-21.710845608726338,-21.762955214736472
415,415,0.0006724191996384144,0.000672842709862284,-21.726566693506953,-21.710096428391232
416,416,0.0006708892718792806,0.0006715040071867406,-21.73843061822032,-21.718745854461122
417,417,0.0006736737385526607,0.0006719726064291439,-21.718218055904156,-21.715716250947523
418,418,0.0006700984349944772,0.0006684992940312153,-21.73431181174002,-21.7382224114073
419,419,0.0006753882164010758,0.0006708363530618188,-21.709680887896884,-21.723066048277403
420,420,0.0006706876117380854,0.0006692799659887035,-21.730370441319764,-21.733153689355284
421,421,0.000668535633108665,0.0006730818514418053,-21.73611053756845,-21.708553134324706
422,422,0.0006725294335466838,0.0006719039612155603,-21.719790671376078,-21.716159926180975
423,423,0.0006731977337040007,0.0006697257692729565,-21.717061404764063,-21.73026184343677
424,424,0.0006731201476926348,0.0006723012591369058,-21.720927548443562,-21.71359269467014
425,425,0.0006750386619950001,0.0006692505098487201,-21.715984919613046,-21.73334483388708
426,426,0.0006718077437625718,0.0006683645157241507,-21.723757477278077,-21.739098094851034
427,427,0.0006755763045560146,0.0006678190701150973,-21.70988718900564,-21.742643775756846
428,428,0.000670868339324274,0.0006707781791000775,-21.731434422278785,-21.723442678523792
429,429,0.0006748221240956912,0.0006711140556849147,-21.713320365253907,-21.721268594097932
430,430,0.0006699203585572157,0.0006707639396680813,-21.73878247794014,-21.72353487252434
431,431,0.000675317324870794,0.0006716971922861902,-21.712942201615736,-21.717496611633045
432,432,0.0006720244610854952,0.0006718280584257292,-21.724112966760508,-21.716650562146157
433,433,0.0006693889076111012,0.0006725885016892693,-21.732768513606707,-21.711737555892373
434,434,0.0006742154352472539,0.0006717530318143728,-21.713405787808927,-21.717135588968553
435,435,0.0006727543023424511,0.0006692425108906862,-21.72700577207275,-21.733396741566562
436,436,0.0006742736465086412,0.0006703516119159758,-21.712176259994965,-21.726205360878694
437,437,0.0006766286480586169,0.0006691848424165265,-21.70464990837152,-21.733770988253333
438,438,0.0006731632645673973,0.000674006611868543,-21.715504071352775,-21.702590372049727
439,439,0.0006714328936272368,0.0006711939717397878,-21.723970999033515,-21.720751468356614
440,440,0.0006716297375345507,0.0006700981389976254,-21.73196394574194,-21.727847822910388
441,441,0.0006702656656042816,0.0006701441199861859,-21.725117558708618,-21.727549827686342
442,442,0.0006705134622176591,0.0006706241922649113,-21.734603440250453,-21.724439778790195
443,443,0.0006716804394076011,0.0006732112531991381,-21.726839553980856,-21.7077182720033
444,444,0.0006744109883846849,0.0006717886120129965,-21.71043914446239,-21.716905565820383
445,445,0.000671340855913832,0.0006709384891253553,-21.730690133859902,-21.722404877304623
446,446,0.0006692554944521296,0.0006702561850512499,-21.73449490751758,-21.7268236380652
447,447,0.0006736404059656425,0.0006729470792618629,-21.721535928319327,-21.709422815695195
448,448,0.0006739382857706436,0.0006765031108730717,-21.719610274956747,-21.68653396077812
449,449,0.0006702283118880287,0.0006696546670833701,-21.730734835125297,-21.73072294153526
450,450,0.0006728825110164424,0.0006706320012821571,-21.720458998254614,-21.72438920809214
451,451,0.0006714715963210334,0.0006709409246564304,-21.729257514281958,-21.722389112285864
452,452,0.0006728208210972167,0.00066848288559796,-21.720311978658714,-21.73832901106328
453,453,0.0006750374876404393,0.0006653831009507963,-21.711268105578448,-21.758514274116397
454,454,0.0006733713059484498,0.0006715722878365533,-21.721530771218724,-21.718304272555912
455,455,0.0006729528228704309,0.0006699892630996672,-21.72419712926695,-21.72855351123677
456,456,0.0006726363400170176,0.0006705887162273651,-21.717123603121088,-21.724669526763126
457,457,0.0006726266091363024,0.0006683393148705363,-21.71965124368459,-21.739261849774376
458,458,0.0006729957957262385,0.000670678297817511,-21.718884323458543,-21.724089406773132
459,459,0.0006720701703014448,0.0006732015846003043,-21.725859041011372,-21.707780645429988
