,epoch,train_loss,test_loss,train_dbs,test_dbs
0,0,0.00014923910863011037,0.00014118291131269775,-11.168029758639884,-11.417959531512276
1,1,0.00013197914843649132,0.00012777464986644,-11.70078720055253,-11.851333867712675
2,2,0.00012135845485993075,0.00011982336965095448,-12.067792753641644,-12.130365577515454
3,3,0.0001159772497707421,0.0001170082729291416,-12.261261321927758,-12.233615172273652
4,4,0.00011403430655320204,0.00011533194973660437,-12.335579094897867,-12.296284523012389
5,5,0.00011258113594634516,0.00011347111093958742,-12.394824469120554,-12.36692779481562
6,6,0.00011144323235788124,0.00011312644384911676,-12.435898271378992,-12.380139511161252
7,7,0.00011038246187117412,0.00011227822419880938,-12.479128145533052,-12.412825511466917
8,8,0.00010969026641891404,0.00011099377719035961,-12.50498734915447,-12.462794553578275
9,9,0.00010900834124336096,0.0001110181351817262,-12.533408099474082,-12.461841582976819
10,10,0.00010833175482045975,0.00011037000015341236,-12.560079083871631,-12.487270431734087
11,11,0.00010802735148187362,0.00010934511795456179,-12.572856542816627,-12.527786889196904
12,12,0.00010767462820873221,0.00010974319057392055,-12.586884735168054,-12.512005040006493
13,13,0.0001071458060586028,0.00010894941193615331,-12.609128261059146,-12.543531958811787
14,14,0.00010696691658933523,0.00010872406212576224,-12.615528066043895,-12.552524162803273
15,15,0.00010651571540517213,0.00010837593589186374,-12.632191128878036,-12.566452254314402
16,16,0.00010615029183550036,0.000107678668236507,-12.649454815965873,-12.59448410743583
17,17,0.00010565736873517024,0.00010732999439106176,-12.665956461317167,-12.60856979663112
18,18,0.00010538838018264775,0.00010740546177227148,-12.679148653107045,-12.605517197013148
19,19,0.00010517203708397723,0.00010694959315802215,-12.688168369229349,-12.623989494966297
20,20,0.00010500910986555721,0.00010693817679758037,-12.694274192104016,-12.62445310841638
21,21,0.00010496775159725112,0.00010641865772317703,-12.695742084112005,-12.645603095355646
22,22,0.0001043920326748738,0.00010595534159189188,-12.721414058700763,-12.6645523037395
23,23,0.00010411645855560189,0.00010600403612969738,-12.732558826474396,-12.662556848792693
24,24,0.0001039048401787685,0.00010560428889125193,-12.740204521065618,-12.678965298348004
25,25,0.00010353943491150558,0.00010551996475490006,-12.756976264786681,-12.682434488497762
26,26,0.00010355603114579392,0.00010518924644106607,-12.75551722582767,-12.696067424228481
27,27,0.00010323192713933411,0.0001054653483534869,-12.769459508055096,-12.684682948538466
28,28,0.00010315817428246314,0.0001046739010857173,-12.771171125153373,-12.717396761619097
29,29,0.00010275929218419761,0.00010434349985045724,-12.789580233781678,-12.73112686754905
30,30,0.00010255679718312356,0.00010456683345469891,-12.798085124714342,-12.72184129633192
31,31,0.00010239538643929205,0.00010418648736575913,-12.804369287893039,-12.737666902341257
32,32,0.00010183695031656432,0.00010367107997329808,-12.827937233187798,-12.759204635905911
33,33,0.00010191998436996598,0.00010375725909589643,-12.822820391641653,-12.755595956424497
34,34,0.00010167471468916701,0.00010356479048679925,-12.834433727531833,-12.763659554006331
35,35,0.00010143090177509818,0.00010319551189528091,-12.846480356714437,-12.779172766480897
36,36,0.00010150668514921263,0.00010329239931276166,-12.843386289268073,-12.775097208389427
37,37,0.00010105293250424288,0.00010321696065243726,-12.860213422865767,-12.77827019729065
38,38,0.00010100708842054297,0.0001026263845759738,-12.864186134204015,-12.803190569102396
39,39,0.00010047309741512248,0.0001023152236532616,-12.887049369040701,-12.816378284054375
40,40,0.00010027265153374024,0.00010204642029221807,-12.896528159248335,-12.827803117157913
41,41,0.00010030240487468131,0.00010165565005368798,-12.894789813679859,-12.844465644561465
42,42,0.00010019505464594292,0.0001018835441515732,-12.898082219378242,-12.834740422751976
43,43,9.994092907458928e-05,0.00010115199333277384,-12.911657233536184,-12.866036407940033
44,44,9.960395269895202e-05,0.00010195191172993203,-12.92437407777788,-12.831827125552788
45,45,9.965757988201281e-05,0.00010147088668370423,-12.922645532083374,-12.852366309384529
46,46,9.951152905975421e-05,0.0001015184388961643,-12.929498745002675,-12.850331555705488
47,47,9.910979973675549e-05,0.00010092163421703797,-12.944688851399384,-12.875938119248964
48,48,9.887572422926074e-05,0.00010095148593934841,-12.955747422401453,-12.874653704725706
49,49,9.874242936085775e-05,0.00010079728159134423,-12.962269985631963,-12.881292665774637
50,50,9.84913443896881e-05,0.00010035162267740816,-12.975243892974921,-12.900536869418582
51,51,9.837676425939714e-05,0.00010052562796964164,-12.979126687588279,-12.893012915671033
52,52,9.80908993857231e-05,9.995382539560332e-05,-12.99069458608531,-12.91778666398887
53,53,9.804986576014438e-05,0.000100101223276732,-12.994053410637543,-12.911387015649407
54,54,9.789038337011025e-05,9.948225373304204e-05,-12.999249648430908,-12.938324708403679
55,55,9.765191850991746e-05,9.93836089803249e-05,-13.011555278999253,-12.942633228197167
56,56,9.7585690493417e-05,9.903262827337082e-05,-13.012830681065363,-12.957997811799855
57,57,9.713438557060051e-05,9.902963019588864e-05,-13.033510323372381,-12.958129290509328
58,58,9.708888578221452e-05,9.899317956296727e-05,-13.03351820269173,-12.959728127424903
59,59,9.702193114508097e-05,9.872552044199485e-05,-13.036032387783571,-12.971486544840719
60,60,9.678429131847374e-05,9.851919879254542e-05,-13.049682799858783,-12.980572150466172
61,61,9.672985162847609e-05,9.84911404023143e-05,-13.052263051036714,-12.981809202712329
62,62,9.652573056339007e-05,9.86003862252753e-05,-13.059896679038467,-12.976994702185218
63,63,9.611487231390147e-05,9.766684486653263e-05,-13.077681797170795,-13.018309282925815
64,64,9.610319672723675e-05,9.750182959434919e-05,-13.08142604685775,-13.025653211393244
65,65,9.578793068397215e-05,9.757548870861923e-05,-13.093461911559752,-13.022373511972734
66,66,9.564085665204533e-05,9.738487546871368e-05,-13.100879044524746,-13.030865730890692
67,67,9.566328790430075e-05,9.706618852521244e-05,-13.100827662976569,-13.045101097063846
68,68,9.503739870383798e-05,9.734540186687617e-05,-13.12767613972329,-13.032626439900945
69,69,9.495110697168184e-05,9.704115808218423e-05,-13.13104766010497,-13.046221155993813
70,70,9.487875447411705e-05,9.688790152339559e-05,-13.135055389751408,-13.05308536621467
71,71,9.49379024587898e-05,9.641806958059438e-05,-13.134028411191847,-13.074196542533485
72,72,9.458650108462814e-05,9.650088567899442e-05,-13.14777213281525,-13.070467870386281
73,73,9.42545892255496e-05,9.594349333048357e-05,-13.164296875737612,-13.09562559121762
74,74,9.437098549486896e-05,9.589304643572847e-05,-13.158360397784607,-13.09790970336362
75,75,9.408405683118581e-05,9.606941947774765e-05,-13.173605773551946,-13.089929199456787
76,76,9.409249641694915e-05,9.589563552780371e-05,-13.171661365767932,-13.09779244635033
77,77,9.361447050228965e-05,9.562232720016159e-05,-13.193121365651246,-13.110187772348791
78,78,9.358041069455944e-05,9.522428176990759e-05,-13.194613870431757,-13.128303806529722
79,79,9.352162508257981e-05,9.499868840640901e-05,-13.197970992520926,-13.138604770578674
80,80,9.322477973872777e-05,9.537807981312079e-05,-13.212988965336589,-13.121295115195931
81,81,9.329153349942327e-05,9.509328542902183e-05,-13.206795963659053,-13.134282339969152
82,82,9.298542323618283e-05,9.460193005476245e-05,-13.220415858455372,-13.156780894230808
83,83,9.279287184382184e-05,9.433656822167043e-05,-13.232612164592057,-13.168980129076857
84,84,9.25609678721305e-05,9.419263790876262e-05,-13.243138812048542,-13.175611266405813
85,85,9.251647966688249e-05,9.445613058663807e-05,-13.243758309555902,-13.163479356788695
86,86,9.231364944668909e-05,9.422709531224284e-05,-13.252947775808007,-13.174022827646967
87,87,9.226986198366821e-05,9.414439716094516e-05,-13.256674230370244,-13.177836074822324
88,88,9.218410184647714e-05,9.369409771783179e-05,-13.264257105014707,-13.198658530634898
89,89,9.20158240988553e-05,9.346847525050275e-05,-13.26708857055846,-13.209129282181562
90,90,9.182541783882266e-05,9.339510640864701e-05,-13.27764702925542,-13.212539650806205
91,91,9.148188860074031e-05,9.335526556242257e-05,-13.296351253743822,-13.214392676291457
92,92,9.150424724343934e-05,9.279015189110253e-05,-13.294061684334315,-13.240762006942127
93,93,9.134283409929191e-05,9.283049554429262e-05,-13.30176782147481,-13.238874175337372
94,94,9.125562199600252e-05,9.316267517677166e-05,-13.303980443902397,-13.22336135470916
95,95,9.075416247216389e-05,9.269322885972399e-05,-13.328850597382335,-13.245300757676324
96,96,9.074014897779897e-05,9.225311192781909e-05,-13.327124094086216,-13.265970614123713
97,97,9.062038401511411e-05,9.210087898138322e-05,-13.333979022009865,-13.27314311343358
98,98,9.035858635901061e-05,9.173940864122032e-05,-13.348398206115299,-13.290221500161188
99,99,9.042520967753815e-05,9.199219455599392e-05,-13.345507064763705,-13.278271068634972
100,100,9.028464980296234e-05,9.208602224182534e-05,-13.352482945737927,-13.273843727861665
101,101,9.016325240042636e-05,9.168413472300592e-05,-13.356704398519481,-13.292838956782083
102,102,9.000293732579971e-05,9.132646549627872e-05,-13.364478085007983,-13.309814363572315
103,103,8.974034486508918e-05,9.1256739994462e-05,-13.37864101013155,-13.313131361110788
104,104,8.9703327268074e-05,9.109979146160185e-05,-13.378473925045363,-13.320607035061157
105,105,8.953138806355503e-05,9.073871095958901e-05,-13.386527749571503,-13.337854809715218
106,106,8.948196435872869e-05,9.083397430674125e-05,-13.391661343562905,-13.333297698084545
107,107,8.919523454621703e-05,9.126160607832532e-05,-13.403323561861916,-13.31289978840412
108,108,8.918332687900737e-05,9.066693938190216e-05,-13.40555553026819,-13.341291307058555
109,109,8.871758270579074e-05,9.022164196817597e-05,-13.426560107812806,-13.362673596509687
110,110,8.85532750056807e-05,9.024230339012942e-05,-13.436578719398813,-13.361679143954186
111,111,8.868356430351004e-05,9.028450662490765e-05,-13.427979343509922,-13.359648572172073
112,112,8.85285792053802e-05,8.997980560372143e-05,-13.4389150634549,-13.374330357659524
113,113,8.820258742546394e-05,8.996322178159302e-05,-13.452890717497185,-13.37513086241531
114,114,8.817926700618214e-05,8.978542380071686e-05,-13.453824741718478,-13.383722494015224
115,115,8.810857095162759e-05,8.971900311543753e-05,-13.456266483791854,-13.386936469170392
116,116,8.77954514658789e-05,8.92922165037721e-05,-13.471716039707545,-13.407644827224832
117,117,8.786666111302918e-05,8.938983419763022e-05,-13.470994650202496,-13.402899545890744
118,118,8.738730647349155e-05,8.85118880480724e-05,-13.492533251954995,-13.44576481540238
119,119,8.729007500151806e-05,8.918801330238286e-05,-13.494177184516666,-13.412715963736822
120,120,8.726391800890494e-05,8.884597742795257e-05,-13.499573537029413,-13.429403167683136
121,121,8.72297093065782e-05,8.877653568848281e-05,-13.50057874394601,-13.432798927068907
122,122,8.691739737711482e-05,8.861117346800471e-05,-13.515555881506131,-13.440895984188971
123,123,8.672221103795928e-05,8.819763675809984e-05,-13.525125086517164,-13.461211378929434
124,124,8.67037172789311e-05,8.845127357696918e-05,-13.527570211823438,-13.448739957924856
125,125,8.665674504675163e-05,8.810517542051936e-05,-13.528566327807301,-13.465766661047274
126,126,8.664948919178322e-05,8.83200681480383e-05,-13.532479857951355,-13.455186908396389
127,127,8.631416760893903e-05,8.743418201399771e-05,-13.545596511438031,-13.498968349534636
128,128,8.616413488760878e-05,8.75118670304992e-05,-13.553590022967843,-13.49511136889461
129,129,8.634640010116986e-05,8.721334904150449e-05,-13.54637123956185,-13.509951223659378
130,130,8.614590261299548e-05,8.7451480794698e-05,-13.553065417824925,-13.49810918647854
131,131,8.57401451098339e-05,8.718673550327749e-05,-13.574536529992029,-13.511276694678017
132,132,8.567839660789799e-05,8.714193858108239e-05,-13.578855613376463,-13.513508691983795
133,133,8.572279202593395e-05,8.709021877668994e-05,-13.575617153465586,-13.516087047971936
134,134,8.554017006542015e-05,8.711320927097021e-05,-13.587313263330017,-13.514940727836676
135,135,8.541328051504343e-05,8.692189370968233e-05,-13.591920073153858,-13.524489068902973
136,136,8.524515503746236e-05,8.675122004014586e-05,-13.599697832435762,-13.533024950496497
137,137,8.503541775820681e-05,8.6483573556363e-05,-13.612244566554544,-13.546444596871334
138,138,8.494836490087633e-05,8.620587246504759e-05,-13.616716689596375,-13.56041234745657
139,139,8.468033895004522e-05,8.628280193079263e-05,-13.628738035013736,-13.556538464745012
140,140,8.460240654308906e-05,8.626638890219558e-05,-13.63519842687573,-13.557364674098773
141,141,8.465437180741891e-05,8.621128692634796e-05,-13.63233326477717,-13.560139582184911
142,142,8.425629509015239e-05,8.5897927898546e-05,-13.649554809946242,-13.575953987839451
143,143,8.4161076733132e-05,8.582511394419463e-05,-13.657219259525151,-13.579636976463014
144,144,8.430516619724942e-05,8.571192455220673e-05,-13.649803744394418,-13.585368395859751
145,145,8.398137925751987e-05,8.564086486953066e-05,-13.663323937104552,-13.588970418324077
146,146,8.370784863219932e-05,8.54730345676408e-05,-13.679982840871347,-13.597489632440416
147,147,8.383378075656587e-05,8.551424176211615e-05,-13.674894645331328,-13.595396370543277
148,148,8.36323401692669e-05,8.479283937240804e-05,-13.685420420981234,-13.63218908037612
149,149,8.347247080330151e-05,8.475651166487583e-05,-13.691851086127542,-13.634050122375553
150,150,8.339693601190392e-05,8.497950789445128e-05,-13.697217908764788,-13.622638745113274
151,151,8.318637054864816e-05,8.486949081998318e-05,-13.705396336895335,-13.628264897213134
152,152,8.306320186298744e-05,8.47119203842196e-05,-13.714396484740309,-13.636335591986946
153,153,8.274877908070735e-05,8.485991910626916e-05,-13.72936859107564,-13.628754728934645
154,154,8.291824430961776e-05,8.452887452317794e-05,-13.72189987137327,-13.645729998155634
155,155,8.269088781143529e-05,8.438936722660928e-05,-13.733323931317951,-13.65290355883596
156,156,8.248634796623217e-05,8.476641768969497e-05,-13.744652352765945,-13.633542564850703
157,157,8.267691643511367e-05,8.439067651603469e-05,-13.73361987182774,-13.652836179167123
158,158,8.235657833679819e-05,8.377235644729808e-05,-13.750358396078852,-13.684773543680354
159,159,8.19857968869571e-05,8.376398794720636e-05,-13.76843506349413,-13.68520740696271
160,160,8.224667589715442e-05,8.381582608164631e-05,-13.75568778227871,-13.6825205658789
161,161,8.191733717673564e-05,8.38723732924432e-05,-13.77340898571801,-13.67959154133947
162,162,8.19408418952737e-05,8.369713223625073e-05,-13.773623671649933,-13.688675085652848
163,163,8.172709316305682e-05,8.363733458712599e-05,-13.786266463105392,-13.69177902360946
164,164,8.177353207504416e-05,8.298961926668294e-05,-13.781873984468135,-13.725543141583568
165,165,8.167722689998384e-05,8.36140607134439e-05,-13.787165563361759,-13.69298770888945
166,166,8.126050062818434e-05,8.288122051836628e-05,-13.80836390647257,-13.731219484092236
167,167,8.109915581803059e-05,8.316220306656568e-05,-13.816677466404075,-13.716521005339946
168,168,8.119020902686128e-05,8.28605954762009e-05,-13.812533982850363,-13.732300363047727
169,169,8.090943128522245e-05,8.289356130837022e-05,-13.827726775255066,-13.730572879469761
170,170,8.106695918051872e-05,8.205822891077812e-05,-13.819959654143695,-13.774559471136934
171,171,8.083507238608814e-05,8.215676490707617e-05,-13.833185700312864,-13.769347566474375
172,172,8.066173957315149e-05,8.246292303451092e-05,-13.84226639611725,-13.75319361304441
173,173,8.0706844884619e-05,8.243164484156296e-05,-13.838776096276096,-13.754841204828551
174,174,8.050046137176435e-05,8.216836546412914e-05,-13.851386103424721,-13.768734384800691
175,175,8.049514054647196e-05,8.19007151508949e-05,-13.84820410718358,-13.782903923240791
176,176,8.029313303455806e-05,8.169984510842416e-05,-13.86107302702721,-13.793568531567717
177,177,8.028274634252927e-05,8.148547816457914e-05,-13.859825624679354,-13.804978679551493
178,178,7.995250832875135e-05,8.189190549800467e-05,-13.88013367125173,-13.783371097357213
179,179,7.977153546028032e-05,8.144600303096108e-05,-13.887728678011854,-13.807083101964198
180,180,7.977924752529212e-05,8.146877754418376e-05,-13.886361708483035,-13.80586886646633
181,181,7.970707887692435e-05,8.142639202752004e-05,-13.890413427924955,-13.808128945321156
182,182,7.95944242500556e-05,8.06309598326487e-05,-13.899972977454553,-13.850762566470511
183,183,7.920184148086676e-05,8.076251603932561e-05,-13.919426735366297,-13.843682460293339
184,184,7.932003416161811e-05,8.09266873004258e-05,-13.913650492955975,-13.834863232316243
185,185,7.92989761150951e-05,8.041445950144215e-05,-13.913595921444005,-13.862439391083658
186,186,7.927467857971163e-05,8.05182349531127e-05,-13.91575918894034,-13.856838402121522
187,187,7.905949937172484e-05,8.064945493395881e-05,-13.928932827253078,-13.849766497544467
188,188,7.904727250000356e-05,8.021483517950401e-05,-13.929283664711907,-13.873233908519154
189,189,7.880258620848649e-05,8.05781942050855e-05,-13.94089555785226,-13.85360555908343
190,190,7.867020147236919e-05,8.084093822521696e-05,-13.947299125340981,-13.83946741112624
191,191,7.860293303143483e-05,8.011037923432396e-05,-13.95262614729831,-13.878892986809293
192,192,7.844811644298312e-05,8.014797449026159e-05,-13.962726046855066,-13.87685535044033
193,193,7.81236736169301e-05,8.009279133004479e-05,-13.977673879132047,-13.879846567163597
194,194,7.842989973291831e-05,7.992481972139917e-05,-13.961442469760748,-13.888964209786272
195,195,7.813448280206469e-05,7.947141038082344e-05,-13.979206859449354,-13.913671658090944
196,196,7.798156437593676e-05,7.971311424626037e-05,-13.987135028713638,-13.900483097716752
197,197,7.78984068937902e-05,7.961381312557741e-05,-13.990019906806339,-13.905896612563843
198,198,7.778774662940647e-05,7.966496961767246e-05,-13.999173906518829,-13.903106914826118
199,199,7.763060454738845e-05,7.895669535317116e-05,-14.00630782435654,-13.941891232103039
200,200,7.764945074030169e-05,7.944794273690174e-05,-14.00608350830632,-13.914954304682768
201,201,7.749776172598094e-05,7.882261438920211e-05,-14.014647889752796,-13.949272508759957
202,202,7.723634684525584e-05,7.87591381690857e-05,-14.030221066769883,-13.952771311530217
203,203,7.730301048158975e-05,7.910501191968491e-05,-14.0258535567364,-13.933740860146639
204,204,7.727475835072818e-05,7.881509066608392e-05,-14.025806291594613,-13.949687068390212
205,205,7.688132076903447e-05,7.879057260364981e-05,-14.047613210576749,-13.9510382963965
206,206,7.692816162142259e-05,7.840860474205233e-05,-14.04606019462322,-13.972143605448125
207,207,7.684428756996586e-05,7.848040159411826e-05,-14.051853199714007,-13.96816869610615
208,208,7.664912677167185e-05,7.851004729194469e-05,-14.061620328738522,-13.966528473631143
209,209,7.667583497433165e-05,7.795509736752138e-05,-14.060815275646936,-13.99733568006232
210,210,7.676146144393025e-05,7.833604506327232e-05,-14.055408045148962,-13.976164447038943
211,211,7.635163548030439e-05,7.794078938834565e-05,-14.078521620496048,-13.998132862919414
212,212,7.635416233787294e-05,7.813373821064536e-05,-14.078470539220962,-13.987394832467736
213,213,7.63155866357901e-05,7.752739053869031e-05,-14.080753984084275,-14.021229198447386
214,214,7.616047923406346e-05,7.776611547390195e-05,-14.091364905189529,-14.007876804469696
215,215,7.614949118788834e-05,7.75774165767392e-05,-14.091055300006495,-14.018427733627112
216,216,7.598848002164664e-05,7.709616291226427e-05,-14.09766153292788,-14.045453226413473
217,217,7.580208037643857e-05,7.764869492108885e-05,-14.112026433858471,-14.014439255978953
218,218,7.566185947147573e-05,7.759798532596936e-05,-14.119284928001344,-14.017276404971529
219,219,7.595723203398989e-05,7.792335389623124e-05,-14.101604162104753,-13.999104496020728
220,220,7.560824871557698e-05,7.724921229773348e-05,-14.12129858417501,-14.036840266645395
221,221,7.562467205210963e-05,7.694455225167698e-05,-14.120313609025526,-14.054002095390299
222,222,7.543458837203288e-05,7.69812866469453e-05,-14.132135940719166,-14.051929208137825
223,223,7.523156972704023e-05,7.696690820586427e-05,-14.14320789338058,-14.052740452159751
224,224,7.511082367273048e-05,7.669931533440065e-05,-14.14962836662781,-14.06786599143141
225,225,7.492281821617598e-05,7.612321535002833e-05,-14.159648749082141,-14.100609622661747
226,226,7.502044442760249e-05,7.625921218852072e-05,-14.155595528608337,-14.092857719355203
227,227,7.489850121573065e-05,7.664416395863028e-05,-14.16471409247734,-14.070989950703709
228,228,7.481168340183507e-05,7.591421921173797e-05,-14.166633256435507,-14.112549567193359
229,229,7.47688754927367e-05,7.642256279819106e-05,-14.168773498540126,-14.083564888502377
230,230,7.483996298630991e-05,7.630565577480746e-05,-14.167380476210278,-14.090213572752326
231,231,7.467006059986366e-05,7.654202789509375e-05,-14.174923141787827,-14.07678122142249
232,232,7.449278898102701e-05,7.633306162652413e-05,-14.18683100530852,-14.088654045719743
233,233,7.449909026036039e-05,7.598389225007083e-05,-14.182361218088296,-14.108565499463186
234,234,7.430178121682832e-05,7.592944893985987e-05,-14.196718656943917,-14.111678383430883
235,235,7.423055364231858e-05,7.50639010220766e-05,-14.199261276796149,-14.161469556627619
236,236,7.419270126043444e-05,7.57123818498497e-05,-14.203255250852475,-14.124111773781243
237,237,7.411838980504436e-05,7.589725780570389e-05,-14.20747349442279,-14.113520013594549
238,238,7.400473083349032e-05,7.53566974277706e-05,-14.21607354259994,-14.144562294560474
239,239,7.389102198037118e-05,7.532284890705916e-05,-14.2221559539113,-14.146513485199208
240,240,7.35985607385261e-05,7.574481232471666e-05,-14.237334717059815,-14.122251924657242
241,241,7.354257348234784e-05,7.501872192063417e-05,-14.243363673733382,-14.164084254406983
242,242,7.350560055371163e-05,7.539402309033137e-05,-14.24423553666366,-14.14241168067829
243,243,7.392373483582429e-05,7.49454423049955e-05,-14.222600538149084,-14.168328593100195
244,244,7.324466547363477e-05,7.5077993786085e-05,-14.258330145194726,-14.160654273235947
245,245,7.316155243483757e-05,7.455468776721605e-05,-14.262411723509178,-14.191031305921209
246,246,7.327437328358334e-05,7.42251374360517e-05,-14.260034808672078,-14.210270759147644
247,247,7.338524432570827e-05,7.446396883001159e-05,-14.251797814071438,-14.19631906513188
248,248,7.29663316286457e-05,7.399414263138744e-05,-14.277108564087301,-14.223807439421353
249,249,7.307187149411586e-05,7.454240212131194e-05,-14.268988862488339,-14.191747025891175
