,epoch,train_loss,test_loss,train_dbs,test_dbs
0,0,0.00016687302079085339,0.00015399379710862902,-10.68306835104831,-11.040748585806728
1,1,0.00012268214586302493,6.311125195536174e-05,-12.020339339736598,-14.914712908478677
2,2,4.6359233050511135e-05,4.62954269192108e-05,-16.247071606186378,-16.260399929738572
3,3,4.268347488364598e-05,4.460356591918849e-05,-16.603986463210706,-16.42208505707208
4,4,4.3119354401271044e-05,4.346690146025809e-05,-16.56173669768086,-16.534194037324706
5,5,4.108824467357877e-05,4.240393651630975e-05,-16.769837417917298,-16.641719106796046
6,6,4.1072455226724544e-05,4.428678029829538e-05,-16.77209205785342,-16.4530397862182
7,7,4.131493446526367e-05,4.207925016281048e-05,-16.74572997617787,-16.675100940855806
8,8,4.19620774880162e-05,4.1532124190493245e-05,-16.679466622637143,-16.731939423449322
9,9,4.2020869888389275e-05,4.192487712747319e-05,-16.6736107153175,-16.69106287868784
10,10,4.039954413754683e-05,4.003406502306461e-05,-16.842035401015455,-16.891483961115057
11,11,4.054669132285161e-05,4.234675074449593e-05,-16.825013949904207,-16.647579936888153
12,12,4.021263765063156e-05,4.094026467340116e-05,-16.861108238866276,-16.794274403358607
13,13,3.968128309220306e-05,4.1543918517785836e-05,-16.9199425754937,-16.730706285440252
14,14,3.937923954544738e-05,4.121493705162337e-05,-16.95409941938598,-16.765234454540582
15,15,4.0375226293240445e-05,4.07326779646897e-05,-16.84708143397239,-16.816351226682027
16,16,4.0264764017414675e-05,3.9384375620437295e-05,-16.85821237577464,-16.962541215485025
17,17,3.9072791175207496e-05,3.989586414383283e-05,-16.987448097506373,-16.90650210004765
18,18,3.816075129470471e-05,3.906398648579948e-05,-17.090309843391612,-16.99801525296103
19,19,3.8407451357511255e-05,3.897655321787553e-05,-17.061871887338967,-17.007746554621864
20,20,3.856886729577643e-05,3.9317840434561825e-05,-17.04447685937556,-16.96988430502191
21,21,3.840841170890646e-05,3.964739718005723e-05,-17.062472351033126,-16.933634048241068
22,22,3.788973972592599e-05,3.8741527532693e-05,-17.12390271896418,-17.034013458884747
23,23,3.8086158927342824e-05,3.974300029528278e-05,-17.098387491740077,-16.92317436374889
24,24,3.7850747625289495e-05,3.779777226124057e-05,-17.128139221696795,-17.141118823414562
25,25,3.9677139453094254e-05,4.1196162783307955e-05,-16.921333973831047,-16.767213207715468
26,26,3.8565960700729304e-05,3.9735120145977766e-05,-17.047242478273425,-16.92403555808815
27,27,3.814900666145253e-05,3.892059708289851e-05,-17.093221438922647,-17.013985921462677
28,28,3.8242400272061675e-05,3.8452379541061086e-05,-17.081364547237964,-17.066548659985735
29,29,3.69685991226453e-05,3.755749247303404e-05,-17.22800762178034,-17.168814974483087
30,30,3.7598908917417935e-05,3.71517708117608e-05,-17.157015906995706,-17.215985674116773
31,31,3.717613913771125e-05,3.855046643844904e-05,-17.204553699994424,-17.05548449195902
32,32,3.782645637198284e-05,3.7897844154749215e-05,-17.129675925511588,-17.129635808011063
33,33,3.749562707413396e-05,3.8120261754221773e-05,-17.16580459365081,-17.104222122518166
34,34,3.6886782629491005e-05,3.666810286966594e-05,-17.238510699643093,-17.272896452668736
35,35,3.7126745793130726e-05,3.838450548324832e-05,-17.208221998223966,-17.074221364684867
36,36,3.674063635716988e-05,3.6758598262646335e-05,-17.257645051442985,-17.262191445061926
37,37,3.6451175116415415e-05,3.726272993126737e-05,-17.291473945765446,-17.203034174462456
38,38,3.663438933612851e-05,3.713119344626504e-05,-17.267145338905557,-17.218391780713286
39,39,3.675676529870618e-05,3.759310043518015e-05,-17.256226257291875,-17.1646994134394
40,40,3.6917770895464874e-05,3.6573481147091736e-05,-17.233947678849205,-17.284117868861777
41,41,3.6399753429877726e-05,3.681026895432488e-05,-17.295622640267116,-17.25609095695851
42,42,3.795850459506049e-05,3.853694866656473e-05,-17.114883568061437,-17.05700761834461
43,43,3.7308634832182166e-05,3.649826832866223e-05,-17.192149530926134,-17.293058266151366
44,44,3.804634976291971e-05,3.839936078676194e-05,-17.103226652488384,-17.072540913637827
45,45,3.7229365299242196e-05,3.6998762592893876e-05,-17.19844071848062,-17.233908868031484
46,46,3.723049524795869e-05,3.695892193814201e-05,-17.19797054066763,-17.23858791613786
47,47,3.664551691941859e-05,3.685415743491735e-05,-17.264938294274227,-17.250915995819195
48,48,3.654045291657838e-05,3.710069186605611e-05,-17.279651961331805,-17.22196077769183
49,49,3.678697224309759e-05,3.718805285308534e-05,-17.24920651748753,-17.211746468045586
50,50,3.6879304464013534e-05,3.7169805708751815e-05,-17.238640370596887,-17.21387795338066
51,51,4.5994129247925026e-05,5.356107009758585e-05,-16.2807846359188,-15.62728841123921
52,52,5.1311897437961907e-05,4.665987465781846e-05,-15.801522434580262,-16.226345185115942
53,53,4.2321106034766684e-05,4.024686916780315e-05,-16.64219243711551,-16.86845984382522
54,54,3.860115358883817e-05,3.821573706150766e-05,-17.04128284643451,-17.09335846149934
55,55,3.759370825794098e-05,3.830336898222173e-05,-17.15615540986324,-17.08341112201492
56,56,3.705756465670984e-05,3.7141981872417474e-05,-17.21678783263631,-17.217130126297874
57,57,4.478675759152615e-05,4.907040898902587e-05,-16.393528604435975,-16.00758408600931
58,58,4.6367476185418894e-05,4.4288753997534513e-05,-16.24522917586376,-16.452846241421557
59,59,4.187091697756316e-05,4.1086210426568103e-05,-16.687553213964744,-16.77882000230929
60,60,4.0013435414179766e-05,3.953519664815088e-05,-16.8852375683643,-16.94594183007305
61,61,3.8750099398366166e-05,3.899106358355646e-05,-17.026261214166183,-17.006130044568867
62,62,3.779013940467998e-05,3.7980196410851354e-05,-17.13367141711006,-17.120208800098425
63,63,3.720978907274668e-05,3.73246463201021e-05,-17.201418813702773,-17.195823851874817
64,64,3.704570276427476e-05,3.7144524915339916e-05,-17.218083809775877,-17.21683278306378
65,65,3.653102466319304e-05,3.679380623859623e-05,-17.280802907200865,-17.258033693606873
66,66,3.621632605085999e-05,3.6647955551559696e-05,-17.319393762089938,-17.275283342931896
67,67,3.607932025654909e-05,3.6189761598698646e-05,-17.33294193837053,-17.329923641400992
68,68,3.726456415063591e-05,3.7148167776697514e-05,-17.194608884605305,-17.216406879915063
69,69,3.68934081014925e-05,3.7168560562636945e-05,-17.236301212247287,-17.21402343951764
70,70,3.665384890352011e-05,3.680528971017338e-05,-17.266286597708664,-17.25667845729174
71,71,3.639288781377002e-05,3.643096533778589e-05,-17.29623777234215,-17.301074071167136
72,72,3.6152068018636034e-05,3.700658118376803e-05,-17.32475823790239,-17.232991212437373
73,73,3.629538630625622e-05,3.625345648048862e-05,-17.309747929623555,-17.322286669011156
74,74,3.639851565446978e-05,3.6577236211374644e-05,-17.293380472810185,-17.283671993890874
75,75,3.639371954198667e-05,3.6959243037639875e-05,-17.298622454373877,-17.23855018475205
76,76,3.595924045867767e-05,3.645620170956183e-05,-17.348668293344303,-17.29806667826451
77,77,3.646549601998953e-05,3.6928007447338464e-05,-17.288810082338255,-17.24222211603274
78,78,3.631410207575398e-05,3.602843293935477e-05,-17.306898748713518,-17.34932713480658
79,79,3.625525047383919e-05,3.6437310930188304e-05,-17.313476401886593,-17.300317677325292
80,80,3.586761734358961e-05,3.628255801327453e-05,-17.35850996292988,-17.318801879870158
81,81,3.5982984364946063e-05,3.641383237233018e-05,-17.347324553569866,-17.30311697683155
82,82,3.6406505143494325e-05,3.6473412317144194e-05,-17.297230366963195,-17.296016901327743
83,83,3.599273561084158e-05,3.6278083873759514e-05,-17.343461833708037,-17.319337457851432
84,84,3.597842511488725e-05,3.611396028932895e-05,-17.34700617959961,-17.339029701664938
85,85,3.620452065961123e-05,3.635165194282308e-05,-17.317393707085547,-17.3105393486455
86,86,3.573325292816981e-05,3.622530618342449e-05,-17.377073108424945,-17.325660214266147
87,87,3.573145104101715e-05,3.61186090518267e-05,-17.379942612870188,-17.33847069291815
88,88,3.608787263840792e-05,3.6242564084731334e-05,-17.33410341330963,-17.323591708203875
89,89,3.577977221323532e-05,3.5855041125231714e-05,-17.368962188920214,-17.370278613601286
90,90,3.863079567138615e-05,3.9494962134324995e-05,-17.03660029843447,-16.950363845444265
91,91,3.780337229005623e-05,3.7879997475293316e-05,-17.132222433236283,-17.131681449424057
92,92,3.6774938353025304e-05,3.69591765966585e-05,-17.25186668493674,-17.238557991994604
93,93,3.624247743648515e-05,3.591690830561627e-05,-17.31576444734663,-17.362791403926813
94,94,3.588649515316404e-05,3.660250331449788e-05,-17.35740459109503,-17.280672976958794
95,95,3.6067066775075614e-05,3.568349099001161e-05,-17.338630783929016,-17.391107506144266
96,96,3.582763486885653e-05,3.589363854859441e-05,-17.363745404387796,-17.365606012049504
97,97,3.586802123424708e-05,3.5673110208958145e-05,-17.361364030424184,-17.39237110779721
98,98,3.5932600983813375e-05,3.570888283751341e-05,-17.348717936952806,-17.38801822948091
99,99,3.572930030170084e-05,3.585354342679861e-05,-17.376720416741545,-17.370460026236664
100,100,3.56644622743917e-05,3.6275042714949356e-05,-17.382817598500772,-17.319701538230245
101,101,3.600287835201316e-05,3.6624368333018776e-05,-17.34409572138373,-17.27807943255115
102,102,3.6192347101156704e-05,3.667042868695908e-05,-17.32059155472712,-17.272620993208278
103,103,3.602429342677591e-05,3.57151352785111e-05,-17.33759639986488,-17.38725786883409
104,104,3.5972099513602776e-05,3.6228965702895566e-05,-17.348086647569847,-17.325221507459034
105,105,3.617392722685274e-05,3.586341259314826e-05,-17.3227056647069,-17.36926473721394
106,106,3.579973982249209e-05,3.565815830753356e-05,-17.365977754397992,-17.39419177593134
107,107,3.547854520519715e-05,3.584313507369523e-05,-17.405173895636793,-17.371720974566433
108,108,3.674957578996984e-05,3.673299282749404e-05,-17.256058830207216,-17.265217723164874
109,109,3.6045711333161344e-05,3.554865476249497e-05,-17.340490533199258,-17.407549155877962
110,110,3.567178800105616e-05,3.608217593864538e-05,-17.382738886007644,-17.342853665030784
111,111,3.5670065343081134e-05,3.6170215504458416e-05,-17.38502066230175,-17.332269900042192
112,112,3.58762421287277e-05,3.680965853977556e-05,-17.359508340180938,-17.25616297541315
113,113,3.567749992782279e-05,3.5083830306049145e-05,-17.382420428379813,-17.46471084587908
114,114,3.563082760386529e-05,3.539587286420436e-05,-17.389286282943182,-17.426254598047258
115,115,3.6159292631992616e-05,3.668597185567609e-05,-17.324901582418207,-17.27078057779635
116,116,3.569047376660501e-05,3.5886795606194555e-05,-17.38260960427322,-17.36643405165897
117,117,3.570231058699026e-05,3.5818470343273425e-05,-17.38059566046379,-17.374710513156998
118,118,3.621640539255243e-05,3.803665228923293e-05,-17.31788485541979,-17.113757998367163
119,119,3.623015963404617e-05,3.5962211768492125e-05,-17.317360285284856,-17.357316922179383
120,120,3.5444565901812405e-05,3.577275942677117e-05,-17.412217999924906,-17.380256444288843
121,121,4.475206267520709e-05,3.938131493142512e-05,-16.399732736953922,-16.962878733086956
122,122,3.690244594724494e-05,3.6280280638541294e-05,-17.236752016826724,-17.319074485324567
123,123,3.591266621012821e-05,3.5792063882629586e-05,-17.354290608588745,-17.37791344434247
124,124,3.611909859191468e-05,3.621957100557139e-05,-17.332011477223467,-17.326347842210645
125,125,3.5567122563172475e-05,3.549114032801682e-05,-17.396839134673556,-17.41458132902803
126,126,3.5365497939151796e-05,3.5479976902838405e-05,-17.423354606777835,-17.415947578900735
127,127,4.366054067243558e-05,4.6887541669237086e-05,-16.504975501536208,-16.20520623208821
128,128,4.341698830515823e-05,4.343380772441282e-05,-16.530446036967675,-16.537501818743937
129,129,4.483146739468943e-05,4.824431303667983e-05,-16.38992482906915,-16.08131959577625
130,130,4.550535295587081e-05,4.543077719924775e-05,-16.327196458849947,-16.34227919831141
131,131,4.4163759646591606e-05,4.028193296490874e-05,-16.456115086696876,-16.864677839335748
132,132,3.88002459545795e-05,3.729077032307702e-05,-17.020211585986807,-17.199767315638653
133,133,3.7629259618229626e-05,3.6983803224039115e-05,-17.152804645451504,-17.235665165981732
134,134,3.70540456060553e-05,3.6791652459406145e-05,-17.217784165530507,-17.25828792166614
135,135,3.674491773315672e-05,3.6846915272211557e-05,-17.255454593172054,-17.251769506139944
136,136,3.656576226012945e-05,3.6911278776211764e-05,-17.277471040438364,-17.244189949162166
137,137,3.653574617835813e-05,3.708210964472719e-05,-17.281056607321613,-17.22413652629908
138,138,3.63734723146784e-05,3.639750244282799e-05,-17.298226010252247,-17.305065024730844
139,139,3.625055900012796e-05,3.6696084192188115e-05,-17.31484510457187,-17.26958362796675
140,140,3.6087817881201135e-05,3.6208205385360327e-05,-17.333669131417505,-17.32771086242956
141,141,3.604683295578201e-05,3.616760305272979e-05,-17.338939596039534,-17.332583587513863
142,142,3.599677793036537e-05,3.613605306447042e-05,-17.34291869538572,-17.336373710285134
143,143,3.562423033557578e-05,3.579307543221052e-05,-17.390110307467342,-17.377790706465476
144,144,3.564061354182675e-05,3.5700712128585254e-05,-17.388923195237712,-17.38901207178401
145,145,3.568114002565877e-05,3.5593833863937395e-05,-17.382500799908268,-17.40203317310303
146,146,3.556087090286964e-05,3.5870453901129384e-05,-17.396940771289128,-17.368412140982663
147,147,3.586056067733713e-05,3.577214001301112e-05,-17.363521558345617,-17.38033164405294
148,148,3.5263524643090295e-05,3.557315233736421e-05,-17.43455329136031,-17.404557341569436
149,149,3.551215684769277e-05,3.553090286196062e-05,-17.403877437651918,-17.40971843010062
150,150,3.556543125932407e-05,3.533180183455299e-05,-17.39767604313043,-17.434123003832532
151,151,3.526447301165839e-05,3.5972445785821614e-05,-17.43286574147329,-17.356081195914744
152,152,3.529894678012142e-05,3.5459461478718656e-05,-17.4295511325877,-17.418459506240666
153,153,3.516983515603981e-05,3.5995768197799884e-05,-17.44498283070502,-17.35326639904241
154,154,3.5277429298130486e-05,3.5075975048178074e-05,-17.43129990433651,-17.465683338645945
155,155,3.523638288336854e-05,3.5496293812205916e-05,-17.436229552472266,-17.413950758342686
156,156,3.517573061321151e-05,3.553661458442404e-05,-17.445730613942185,-17.40902034196064
157,157,3.521157608720949e-05,3.534779754868635e-05,-17.43936199968326,-17.432157273816674
158,158,3.5253043532384724e-05,3.5080776127104306e-05,-17.433816898589516,-17.46508893196286
159,159,3.533790296978154e-05,3.5599244112841245e-05,-17.424599609232704,-17.401373097343996
160,160,3.554306155266888e-05,3.609676911621232e-05,-17.39964651233478,-17.341097547212133
161,161,3.52193591115605e-05,3.5754497730522417e-05,-17.440453505094602,-17.38247404759101
162,162,3.5313528436764153e-05,3.557267700671218e-05,-17.42797488808161,-17.40461537265324
163,163,3.509980667059636e-05,3.554466112339134e-05,-17.45359555834679,-17.4080370823182
164,164,3.591051211412012e-05,3.638938333575712e-05,-17.354465047878207,-17.306033903499532
165,165,3.542278725419856e-05,3.626884761998601e-05,-17.414198244529125,-17.320443294855526
166,166,3.547061431763535e-05,3.547755640235999e-05,-17.40856058553909,-17.416243871613478
167,167,3.578783018627329e-05,3.599486990424339e-05,-17.368976116059123,-17.353374780894562
168,168,3.5656862480406286e-05,3.602660600383962e-05,-17.386550690976527,-17.349547363127826
169,169,3.526227887913095e-05,3.568555860654573e-05,-17.432939878595427,-17.390855869207304
170,170,3.547072304444527e-05,3.50684664513928e-05,-17.407663476386354,-17.46661311785394
171,171,3.592521221135124e-05,3.5993321178370696e-05,-17.34989331457711,-17.353561645737386
172,172,3.5096603936573356e-05,3.5515136340492113e-05,-17.453094178375537,-17.411646000859488
173,173,3.5402055613134904e-05,3.519012132432851e-05,-17.41729821867399,-17.45157322181058
174,174,3.503702460762987e-05,3.5416837578706785e-05,-17.462139559410637,-17.423683065328866
175,175,3.544571949739115e-05,3.578783300901322e-05,-17.415733112585862,-17.37842684130088
176,176,3.501860306435625e-05,3.488311487767772e-05,-17.463753789191827,-17.489628281353447
177,177,3.550193401473003e-05,3.610388107757133e-05,-17.403958198885285,-17.340241963342617
178,178,3.545566873184463e-05,3.54366420651786e-05,-17.410939798784316,-17.421255244011167
179,179,3.495107355156131e-05,3.491643043449394e-05,-17.47135122028427,-17.485482476815367
180,180,3.5321681747349826e-05,3.577102535545189e-05,-17.426853425661616,-17.380466972039823
181,181,3.499662453418516e-05,3.560533083433065e-05,-17.46751718173602,-17.400630608658645
182,182,3.510623143493203e-05,3.4955186971561294e-05,-17.451776076207853,-17.48066456861827
183,183,3.514853133967017e-05,3.491466323842025e-05,-17.45117395818174,-17.4857022882097
184,184,3.556505302204294e-05,3.622456384427527e-05,-17.39894261137669,-17.325749212023105
185,185,3.549582185403722e-05,3.52888988632721e-05,-17.408336589269602,-17.43939979259069
186,186,3.5460806233009095e-05,3.529255685096263e-05,-17.409736631784902,-17.438949633592355
187,187,3.554057032478968e-05,3.529431418619903e-05,-17.400289393218788,-17.438733389130753
188,188,3.508974430250297e-05,3.532341686782035e-05,-17.455808238844075,-17.435153796707258
189,189,3.5406069653936827e-05,3.623840271565745e-05,-17.419324760670534,-17.324090393502296
190,190,3.608525486887413e-05,3.575458284007924e-05,-17.3365021806003,-17.382463709712074
191,191,3.5336775627658104e-05,3.588807110071158e-05,-17.425605588507413,-17.36627969672781
192,192,3.5122247392848164e-05,3.520640319421593e-05,-17.452050670136433,-17.449564279914192
193,193,3.479325390536669e-05,3.4873902940920455e-05,-17.490403164358018,-17.490775318153382
194,194,3.5058068252257404e-05,3.612725116621923e-05,-17.459287803276546,-17.337431679028846
195,195,3.476245577066666e-05,3.485665604928631e-05,-17.495171748872437,-17.492923653152527
196,196,3.437999663388443e-05,3.4791605637445555e-05,-17.54181946912768,-17.501036143669452
197,197,3.583115470711473e-05,3.51503465361403e-05,-17.366600814379407,-17.456484753790825
198,198,3.58089177304286e-05,3.699971861542987e-05,-17.36726468694491,-17.233796650779134
199,199,3.609051780529757e-05,3.557536614320461e-05,-17.334468155656605,-17.404287077709743
200,200,3.532426825651932e-05,3.603888628851181e-05,-17.425619025879918,-17.34806724837351
201,201,3.6463495581704864e-05,8.241268101540443e-05,-17.29022148554319,-13.75584043668563
202,202,3.7487744342910186e-05,4.409385799494645e-05,-17.16881420377397,-16.471999872154164
203,203,3.7018237374458926e-05,3.534146124270352e-05,-17.222096401632783,-17.43293584266247
204,204,3.5503341406211734e-05,3.516606021117983e-05,-17.405172329825728,-17.454543709647826
205,205,3.499500109551873e-05,3.480332768384343e-05,-17.468155637923285,-17.499573157824823
206,206,3.472974707826146e-05,3.496649677751855e-05,-17.500534212047892,-17.4792596292352
207,207,3.4954010825646204e-05,3.4942026391754076e-05,-17.470536876386426,-17.482299989254212
208,208,3.484352323398853e-05,3.501511290730712e-05,-17.48531521995102,-17.473225552456945
209,209,3.5053468140570645e-05,3.4528443249751273e-05,-17.46130637110378,-17.534010881487955
210,210,3.479309961005935e-05,3.505305003751633e-05,-17.48997262635142,-17.468522735306728
211,211,3.457886059456457e-05,3.451727925015515e-05,-17.52038351623145,-17.535415302583793
212,212,3.454253755146205e-05,3.411330783963326e-05,-17.52723209325449,-17.586542529700736
213,213,3.4575678225721895e-05,3.432067157853836e-05,-17.518828268630195,-17.560223088994505
214,214,3.509562743930314e-05,3.489263996782125e-05,-17.454850495343713,-17.488442570321354
215,215,3.4895527465947056e-05,3.432738929787822e-05,-17.479075598681383,-17.559373110593853
216,216,3.464197977064969e-05,3.468872991537577e-05,-17.511159199435095,-17.513896873460375
217,217,3.486975523647396e-05,3.56315384507118e-05,-17.48298108696712,-17.39743512188167
218,218,3.5190311763537614e-05,3.5059982397605814e-05,-17.443107754563385,-17.46766392614139
219,219,3.502526555372973e-05,3.5013270175305046e-05,-17.463660629989043,-17.473454113593185
220,220,3.5111020834031565e-05,3.508210322347862e-05,-17.453896919477817,-17.464924642629892
221,221,3.4740837156615395e-05,3.537491896790207e-05,-17.497848670408374,-17.42882632617656
222,222,3.476246728468206e-05,3.49406984337532e-05,-17.497330850803994,-17.482465044304224
223,223,3.4844559101572684e-05,3.453008828632607e-05,-17.486339118183636,-17.533803975754164
224,224,3.5295944266200076e-05,3.72264204136292e-05,-17.428930364263866,-17.207268086200408
225,225,3.597913118281531e-05,3.5434012189446216e-05,-17.34588705558428,-17.421577560922504
226,226,3.561889428327931e-05,3.5860634134702484e-05,-17.390396392716447,-17.36960121269932
227,227,3.535656855767473e-05,3.565424614000796e-05,-17.42538618555169,-17.39466828006369
228,228,3.5085386641475984e-05,3.545925756043289e-05,-17.457449270611352,-17.41848448147639
229,229,3.544599956550189e-05,3.6033617729308866e-05,-17.410198015758176,-17.348702194036818
230,230,3.53197230520591e-05,3.540598836001376e-05,-17.426386214878576,-17.425013640827864
231,231,3.5094004150656455e-05,3.557804139793581e-05,-17.45468759176418,-17.403960502101306
232,232,3.590631819964439e-05,3.67399965111154e-05,-17.355509073978954,-17.26438975599317
233,233,3.554626057370321e-05,3.604524423089491e-05,-17.398547292012083,-17.347301138196276
234,234,3.522916228304012e-05,3.49706185117707e-05,-17.43788738692163,-17.478747727525715
235,235,5.4131646561238326e-05,4.7508083011244274e-05,-15.571880643559794,-16.148105796812292
236,236,3.980557621335467e-05,3.6614362359518726e-05,-16.90877213049727,-17.279266110436765
237,237,3.598196214915868e-05,3.655497647215318e-05,-17.347703538205174,-17.286315776119334
238,238,3.592789028882236e-05,3.59751535908895e-05,-17.35365392785139,-17.35575429555676
239,239,3.682925723962361e-05,3.7914813506894894e-05,-17.24540561105498,-17.127691621816112
240,240,3.9090750563905346e-05,3.791156775964497e-05,-16.985697203603685,-17.128063421207724
241,241,3.642604309620249e-05,3.660330749928682e-05,-17.293922960370335,-17.280577560211846
242,242,3.581118743540239e-05,3.661411880641122e-05,-17.365985492932037,-17.279294999133885
243,243,3.54423017850741e-05,3.563087308353524e-05,-17.41308519889546,-17.39751622081925
244,244,3.5067661452351965e-05,3.5623825456959345e-05,-17.458188436265562,-17.398375320753736
245,245,3.508994669789093e-05,3.539245450443368e-05,-17.454583366392797,-17.426674038608127
246,246,3.524676310579585e-05,3.5712937173421345e-05,-17.43627473640791,-17.387525165676536
247,247,3.5415863974251515e-05,3.599945931024482e-05,-17.41374693983581,-17.35282108347809
248,248,3.5539277210848446e-05,3.5802741063219545e-05,-17.401832633696188,-17.376618087605237
249,249,3.5479139189623515e-05,3.564838889839226e-05,-17.407665979886218,-17.395381793026353
250,250,3.5720529622361114e-05,3.505923776078577e-05,-17.37792488576354,-17.46775616666011
251,251,3.5071820768524086e-05,3.5280015110497754e-05,-17.458299991183573,-17.440493238588832
252,252,3.492874196867372e-05,3.4930491892737336e-05,-17.476205866421598,-17.4837338489298
253,253,3.594924044254063e-05,3.565771227218456e-05,-17.34997124291587,-17.394246100638938
254,254,3.508909286051441e-05,3.59463017383333e-05,-17.4547080724851,-17.359238708093365
255,255,3.5074442701105785e-05,3.5201758931323545e-05,-17.45978961472954,-17.4501372185306
256,256,3.527981547468351e-05,3.49976100168485e-05,-17.43037341615016,-17.475396988900044
257,257,3.512076797313657e-05,3.521235693800631e-05,-17.45074046401021,-17.448829907972364
258,258,3.498215567363791e-05,3.4911074851008473e-05,-17.469800332619027,-17.48614866139411
259,259,3.51383018870862e-05,3.5178856131479784e-05,-17.450175852816884,-17.452963724077478
260,260,3.471135818303476e-05,3.577145482842369e-05,-17.503811210799544,-17.380414830223852
261,261,3.516233778803504e-05,3.4814427635865286e-05,-17.448226547138223,-17.498188267452765
262,262,3.470488573117278e-05,3.4627246733227944e-05,-17.504397330555392,-17.52160124841991
263,263,3.4461946082037406e-05,3.475399305324046e-05,-17.534671688284185,-17.505733763553554
264,264,3.580711814982951e-05,3.5166874926960046e-05,-17.366656808167825,-17.454443094888326
265,265,3.50343392729536e-05,3.493632137083056e-05,-17.46328389334044,-17.483009124255556
266,266,3.4781452489641166e-05,3.4796453914359994e-05,-17.494094610926684,-17.500430988150633
267,267,3.481958840884263e-05,3.510304151476655e-05,-17.488339746250084,-17.462333386411636
268,268,3.47889492388145e-05,3.445755790284908e-05,-17.492139004209612,-17.542935917097388
269,269,3.490899091291832e-05,3.4535708101956465e-05,-17.4798745900542,-17.53309721349249
270,270,3.513100445789607e-05,3.533080933649264e-05,-17.45140456435111,-17.43424500227663
271,271,3.508606503076117e-05,3.498309773644187e-05,-17.456129381746493,-17.477198229154144
272,272,3.495234148093792e-05,3.442238247723588e-05,-17.474181157560963,-17.54737160460992
273,273,3.452668213342513e-05,3.509113230393268e-05,-17.525125487555297,-17.463807042790002
274,274,3.682496590607622e-05,3.5790586288816196e-05,-17.246083679915095,-17.37809273662578
275,275,3.508454249912547e-05,3.5296369452752465e-05,-17.455881907141503,-17.438480497140695
276,276,3.477591601096588e-05,3.51349198784814e-05,-17.494938203803137,-17.458391188167425
277,277,3.4580443115345656e-05,3.480982616709202e-05,-17.519738303242537,-17.498762318129256
278,278,3.478817114265655e-05,3.5475611328269895e-05,-17.49338788221519,-17.416481982178926
279,279,3.4668413005870064e-05,3.430373784029047e-05,-17.509062452531644,-17.562366416504528
280,280,3.4501657902398725e-05,3.4543351686902735e-05,-17.527909278002465,-17.532136121437148
281,281,3.4243595831698654e-05,3.429647231793129e-05,-17.560870894830398,-17.563286348461954
282,282,3.4607601414744255e-05,3.468006128203246e-05,-17.515188625940617,-17.514982300950532
283,283,3.5120042271374426e-05,3.423508918020065e-05,-17.450918884692072,-17.571066228139166
284,284,3.4534851308598795e-05,3.490601059303643e-05,-17.524036040340334,-17.48677870181532
285,285,3.5375619752569e-05,3.524519228161999e-05,-17.420603107076612,-17.444782021058007
