,epoch,train_loss,test_loss,train_dbs,test_dbs
0,0,0.0008451343980886656,0.0007072331775960169,-3.637671844384793,-4.420154603000844
1,1,0.0004893229652037748,0.0003391961907159145,-6.012196988884525,-7.61127119984775
2,2,0.0002535722353771694,0.0002230905566217476,-8.867417039677541,-9.430968992527445
3,3,0.00020577647326005258,0.000206863869894541,-9.77262694939778,-9.758934413635652
4,4,0.00018881793258730898,0.00017956578123726343,-10.148026814510088,-10.373545069794883
5,5,0.00017798732208284867,0.00017738643816157587,-10.40312261095751,-10.426576729558041
6,6,0.00017918631768684603,0.0001832019441185127,-10.374550259204034,-10.28648008287173
7,7,0.00018051313146343935,0.00017791607349767889,-10.341712655937103,-10.41362900942017
8,8,0.00017785508687891182,0.00017689846878822304,-10.407373526066712,-10.43854012602441
9,9,0.00017601909798800407,0.00017637997792151414,-10.452663190589027,-10.451288024239247
10,10,0.00017519068340746897,0.000175861016032286,-10.470689979407704,-10.464085083738546
11,11,0.00017610435315873474,0.00017679640701604322,-10.446867243225022,-10.44104651606472
12,12,0.00017435693892544694,0.00017505565560177753,-10.490341486402507,-10.484019400530487
13,13,0.00017331948518253785,0.00017563120223042605,-10.517325737849713,-10.469764121569213
14,14,0.00017431976853332184,0.00017661169572659818,-10.493306265680527,-10.445586259236038
15,15,0.00017439177155989156,0.00017309445109659513,-10.492971233756268,-10.53294940444121
16,16,0.0001724962723866278,0.00017355407487086363,-10.539666812274271,-10.521432714137447
17,17,0.00017250589030247529,0.00017393489389704833,-10.538153171539062,-10.51191369726193
18,18,0.00017241233828976828,0.0001736387088098318,-10.540795588041272,-10.51931538594796
19,19,0.0001719758273390381,0.0001728021904311486,-10.551352705077608,-10.540288430569094
20,20,0.00017080712492203282,0.00017473453848843316,-10.581785879064237,-10.491993290702595
21,21,0.00017066018598288604,0.00017185500243948283,-10.585413688108613,-10.564159080143856
22,22,0.00017123994493698606,0.00017150560099827615,-10.573068143916739,-10.572997786084045
23,23,0.0001700907263343136,0.0001744717638326907,-10.599252887848111,-10.49852934711135
24,24,0.00017099211771958077,0.0001718303109029014,-10.579122932077205,-10.564783104371205
25,25,0.00017016342665265632,0.00017180205644475982,-10.598075287217805,-10.565497283619358
26,26,0.00017039249810154943,0.0001698260947657553,-10.594779320939963,-10.61573663423146
27,27,0.00017044023648456468,0.00017119503402347234,-10.592332498939747,-10.580869236939881
28,28,0.0001697407646246312,0.00017218029288893662,-10.608954433435029,-10.555946440846036
29,29,0.00017000373543513765,0.0001720824825736743,-10.601752919437178,-10.558414234889554
30,30,0.00017004476553525238,0.00017125911606279644,-10.60313565373421,-10.579243882048699
31,31,0.0001703204431681481,0.00017224572136336448,-10.594528764390258,-10.554296436225632
32,32,0.0001696591136782651,0.0001728838925421434,-10.611860566595386,-10.53823554048336
33,33,0.00017033725198041457,0.00017312316279123095,-10.592514438981883,-10.532229086925586
34,34,0.00017005952057721495,0.00017392615355722802,-10.601208960359445,-10.512131938504087
35,35,0.00017070421827813015,0.00017470687606347432,-10.582648311345642,-10.49268088170014
36,36,0.00017201235864705108,0.00017461247013048515,-10.553515282963279,-10.495028302603167
37,37,0.00017086387739142345,0.0001727713051399118,-10.582086707564816,-10.541064723413525
38,38,0.00017089133205482756,0.00017210677354964182,-10.578834555018283,-10.557801232789544
39,39,0.00017109981854446232,0.0001732923356987732,-10.577103619972085,-10.527987309846097
40,40,0.00016936435218367572,0.00017265492964437917,-10.61808232925885,-10.543991034872315
41,41,0.00017065743582092764,0.00017271292668546696,-10.585354898554634,-10.542532428074589
42,42,0.0001712834190087604,0.0001734518308167983,-10.570821281511801,-10.523991980653964
43,43,0.0001714329349870803,0.0001723207242321223,-10.56930050602707,-10.552405751107607
44,44,0.00017112706753079655,0.00017520574328955263,-10.573169530866394,-10.480297479770842
45,45,0.0001716265978757292,0.00017288256678607707,-10.561451104811502,-10.53826884438132
46,46,0.00017088547963457009,0.00017404613256650535,-10.579907056896449,-10.509137089441902
47,47,0.0001711292533184757,0.00017465152747095808,-10.571904262171268,-10.494056980758808
48,48,0.00017128533086038588,0.0001738432145334388,-10.570189513258224,-10.5142034240548
49,49,0.00017219835792706568,0.00017375774347639985,-10.545856906506753,-10.516339183944247
50,50,0.000171548283068444,0.00017457679879091876,-10.562603830137064,-10.495915607418546
51,51,0.00017188865866646477,0.00017562289232094037,-10.555336423037268,-10.469969610865501
52,52,0.0001715853352450103,0.0001733597340429888,-10.558901503985862,-10.526298542813901
53,53,0.0001717441988035979,0.00017437310108155208,-10.558941765651323,-10.500985951398295
54,54,0.00017133717738408786,0.0001752657714716502,-10.568769602869834,-10.478809774927475
55,55,0.0001713154227208807,0.00017512387727803893,-10.569342455761227,-10.482327222939311
56,56,0.000171588273231689,0.00017445396607447612,-10.560680545223748,-10.49897239086118
57,57,0.00017208296198940347,0.00017433655586118172,-10.547646098209913,-10.501896243802818
58,58,0.00017287250615406744,0.00017407827698135456,-10.530104471065222,-10.50833506914974
59,59,0.00017167889820915867,0.00017465806128089562,-10.559508760465192,-10.493894511837635
60,60,0.00017233815667646717,0.00017395619483738157,-10.543481533933539,-10.511381871000367
61,61,0.00017318607517398087,0.0001746691475426288,-10.523859721349309,-10.493618856109956
62,62,0.00017249810307757142,0.00017421969708888546,-10.539613121093293,-10.504808320200372
63,63,0.0001720126522356913,0.00017214068487335585,-10.552386973370867,-10.55694559824815
64,64,0.00017189592622297327,0.0001741823438542748,-10.552806344009888,-10.505739560654124
65,65,0.00017219965319754076,0.0001764220582309032,-10.54709872213353,-10.450252018526218
66,66,0.00017229572494187843,0.00017601743073962433,-10.545692658859934,-10.460224088591904
67,67,0.000171727659876852,0.00017312640863421716,-10.55712288711726,-10.532147662900005
68,68,0.00017109689435960014,0.00017278037174898935,-10.575148079335248,-10.54083682243337
69,69,0.00017046930115986806,0.00017217769805268434,-10.58932716351932,-10.556011891516297
70,70,0.0001669116985813724,0.00016137813662154307,-10.682614682471595,-10.837333898190561
71,71,0.0001514449695511673,0.00014844131395588383,-11.103854436781301,-11.200232963957639
72,72,0.00014519965148305272,0.0001440546061770108,-11.286433952758845,-11.33050936829957
73,73,0.00014449896611340497,0.00014381971988385836,-11.309614763582541,-11.337596477804905
74,74,0.00014199252825736826,0.00014308574578822836,-11.381562284787677,-11.35981714859183
75,75,0.00014140124028589403,0.0001415981348959337,-11.40435470581979,-11.405205533818695
76,76,0.00014071757398118485,0.0001428685852596046,-11.423290000712846,-11.366413421294085
77,77,0.00013983124660354434,0.00013939369206414804,-11.451589042112431,-11.473349651032915
78,78,0.00013912759339328875,0.0001399102406331191,-11.473519120370732,-11.4572858278895
79,79,0.00013790297276669269,0.0001387155988547755,-11.511449217003005,-11.494527851995233
80,80,0.00013766930246252815,0.0001402116904500872,-11.517164121473233,-11.447938609547023
81,81,0.00013688747463843872,0.00013750933775506717,-11.54465923968145,-11.532458958139099
82,82,0.0001360920677021549,0.0001380211852895292,-11.570692148255638,-11.516323336354223
83,83,0.00013524557979292592,0.00013701294588635822,-11.594379595830562,-11.548164822270511
84,84,0.00013488437995415412,0.00013621114684562934,-11.607811071117204,-11.573654367873655
85,85,0.00013445469850227812,0.00013601663369244258,-11.61926189404073,-11.579860641406494
86,86,0.00013373408173438948,0.00013520070397613667,-11.645377642240799,-11.60599133389731
87,87,0.00013377466492568498,0.0001351810539122916,-11.64671042544596,-11.606622583163432
88,88,0.00013329359038478513,0.00013460865509267407,-11.659623564707438,-11.625051011936748
89,89,0.00013225147335312436,0.00013387934909827126,-11.691332712487393,-11.648644941129618
90,90,0.00013219864134971992,0.00013301091875243736,-11.693666913830246,-11.6769079303524
91,91,0.00013178367585966306,0.00013326671193537645,-11.7089116937597,-11.66856403742056
92,92,0.00013116049391551175,0.0001335987533246608,-11.729355784346453,-11.657756807837423
93,93,0.00013086870153669806,0.00013333080201654841,-11.739585285182132,-11.666475948246635
94,94,0.00013076512010398408,0.00013251591391101676,-11.74179587209186,-11.693100502532893
95,95,0.00013053576174232935,0.0001315663390223084,-11.752443944565512,-11.724332961897371
96,96,0.00012975993193265953,0.00013155067005611367,-11.774520709146156,-11.724850218123972
97,97,0.00012981732296109315,0.00013102475426613207,-11.775111721892667,-11.742247324616278
98,98,0.0001292285053647536,0.00013141699080159399,-11.790021270969834,-11.729265678747108
99,99,0.0001288664798173074,0.0001322228999924846,-11.805565877622819,-11.702714081896332
100,100,0.00012862069781908054,0.0001306844263270154,-11.812065787703009,-11.753542505700484
101,101,0.00012909474926064578,0.0001310123357382652,-11.798382168599142,-11.742658968489279
102,102,0.0001285993315569922,0.00013142168724076137,-11.814371926342373,-11.729110478026241
103,103,0.00012852592044509947,0.00013023436162927138,-11.81364388618844,-11.7685250073529
104,104,0.00012885388836010177,0.0001308439631860605,-11.806769223623991,-11.748243961533502
105,105,0.0001284324954241063,0.00013032607584088845,-11.819913061131107,-11.765467676159487
106,106,0.00012779822657076815,0.00013113358727423474,-11.839528185742275,-11.738641444497757
107,107,0.0001275213676073934,0.00013108408970047573,-11.849002311958055,-11.740281038262331
108,108,0.00012814837385487465,0.0001298021716617146,-11.831451137403771,-11.78296127817211
109,109,0.000127936940677416,0.0001301230479025674,-11.839066923814395,-11.772238590177384
110,110,0.00012722656035678192,0.0001295250097571529,-11.860209809824852,-11.792244526531828
111,111,0.00012773040271923426,0.0001280432870292938,-11.84511689683971,-11.84221271837016
112,112,0.00012714264193698573,0.00012932420175179447,-11.864665488939654,-11.79898279902922
113,113,0.00012709808292241825,0.0001286936821998097,-11.864974568266875,-11.820208591834419
114,114,0.0001265717187707946,0.0001290624020743723,-11.884178605915906,-11.807783425105969
115,115,0.0001270549696481297,0.0001296825618115499,-11.867184274387785,-11.786965051410835
116,116,0.0001263797295774266,0.0001295193900372588,-11.89135851641139,-11.792432958579937
117,117,0.00012607088677954773,0.0001288815788269092,-11.901410821360965,-11.813872386838096
118,118,0.00012627858326520733,0.00012867751961733264,-11.89364127537386,-11.820754054601252
119,119,0.00012585847734860095,0.00012784475065449156,-11.909238028212442,-11.848951858668835
120,120,0.00012605827649486413,0.00012913135019755972,-11.902000967726563,-11.805463942942968
121,121,0.00012563009531544426,0.00012819656618184557,-11.916926416800706,-11.837016938147077
122,122,0.00012508941980525276,0.00012808453673067945,-11.935097762967102,-11.840813845136955
123,123,0.00012514486552765784,0.00012776682208488253,-11.932636738788744,-11.851599935080216
