,epoch,train_loss,test_loss,train_dbs,test_dbs
0,0,0.0007920843649886011,0.0007756583447764186,-3.919141814985414,-4.019076171983533
1,1,0.0007594633930285951,0.0007480068475400147,-4.100771966790895,-4.17672512747849
2,2,0.0007354105527503128,0.0007268571276462784,-4.243194562531891,-4.3012903279019525
3,3,0.0007174076301228139,0.0007122437083652537,-4.347329466900312,-4.389494647579683
4,4,0.0007051006421571617,0.0007013295544311404,-4.423423252319488,-4.4565594562398365
5,5,0.0006961108709819923,0.0006927649894925324,-4.482696572225722,-4.509921548566791
6,6,0.0006878004816226353,0.0006858659142285193,-4.531810516463906,-4.553388662515591
7,7,0.0006815326794953153,0.0006802788641499845,-4.573262054116699,-4.5889110842274805
8,8,0.0006759872326396944,0.0006747835952984659,-4.607283327206643,-4.624135704397506
9,9,0.0006713725370835013,0.000670379392288037,-4.6383696888884085,-4.6525743087441835
10,10,0.0006669846305758069,0.0006664303394867794,-4.666478600232745,-4.678233260627419
11,11,0.000663243354173358,0.0006624232689653965,-4.691464758973933,-4.70442506805596
12,12,0.0006600273467033871,0.000659495331714616,-4.712399244724315,-4.7236636061948305
13,13,0.0006568092965645735,0.000656286236143818,-4.734487112829574,-4.7448479014570575
14,14,0.000653648738192452,0.0006534171100754879,-4.754578565362213,-4.763875838069314
15,15,0.0006508206877828643,0.0006505576158432584,-4.771714520096681,-4.7829232096487075
16,16,0.0006484454605709185,0.000647761457673225,-4.789932197613526,-4.801629827552947
17,17,0.0006454438073128538,0.0006456431123967233,-4.806369987199514,-4.815855639154867
18,18,0.0006433111380248033,0.0006430601566343716,-4.82286524114222,-4.833264843642548
19,19,0.0006412699165725216,0.000641031034511367,-4.836762561462598,-4.84699030614395
20,20,0.0006390024947492194,0.0006392866244392568,-4.851518426021784,-4.858824683838935
21,21,0.0006371997926893077,0.0006373033209360744,-4.863544773195012,-4.872319047686686
22,22,0.0006353771236014658,0.0006353464896643633,-4.877771856831262,-4.885674515718517
23,23,0.0006336397659417588,0.0006333809701333705,-4.889328452557199,-4.8991307542935445
24,24,0.0006317906051672535,0.0006321019333738246,-4.900830672045041,-4.90790967646515
25,25,0.00063020956388089,0.0006299217378622607,-4.913184272590573,-4.922914907248778
26,26,0.0006283613662331452,0.0006286878610569003,-4.925176447322096,-4.931430114188999
27,27,0.0006266181374007126,0.0006269970878125413,-4.9375702431629485,-4.943125626420888
28,28,0.0006255527817855406,0.0006257004018774943,-4.9435680009709575,-4.952116524097567
29,29,0.0006236862715276092,0.0006241975198990028,-4.958129429783017,-4.962560475613744
30,30,0.0006224447417255375,0.0006227364463388527,-4.966721595080143,-4.972738022980422
31,31,0.0006210670696053001,0.0006214584083002256,-4.97578815582253,-4.981660179521832
32,32,0.0006193631645484069,0.0006198028905170137,-4.987537355137386,-4.993244890411467
33,33,0.0006180524180364824,0.0006186092689045166,-4.995160776776062,-5.001616633798605
34,34,0.0006168729478022871,0.0006168842481106127,-5.00460609935783,-5.013744054759704
35,35,0.0006158203552669087,0.0006163151855090339,-5.013642823522799,-5.0177521779963445
36,36,0.0006147030520147269,0.0006150663983517964,-5.021679049974022,-5.026560845666797
37,37,0.0006129962779802376,0.0006138587425658969,-5.03112425767096,-5.035096408903628
38,38,0.0006120275722854992,0.0006122335632282652,-5.039994780872696,-5.046609519759215
39,39,0.0006106582634659848,0.0006110950520164088,-5.0495648955693735,-5.054693190385191
40,40,0.0006097751926419508,0.0006099557565329107,-5.0566556309491295,-5.062797519572149
41,41,0.0006086539408700905,0.0006090404778277796,-5.064198889608949,-5.0693192881311795
42,42,0.0006074270727977003,0.0006080490389936848,-5.071603640529478,-5.076394799078898
43,43,0.0006066942443475895,0.0006064578161672934,-5.079392309316527,-5.087774886156411
44,44,0.0006051387580246041,0.0006062532652561602,-5.088590115679709,-5.089239956183011
45,45,0.0006043852352508411,0.0006044863012472266,-5.094610433620616,-5.10191622917916
46,46,0.0006032571143749141,0.0006040414415397926,-5.10320821645808,-5.105113509937319
47,47,0.000601906717644486,0.0006026423928376875,-5.110562933920049,-5.115184075004695
48,48,0.0006010628109749829,0.0006019844869641881,-5.117445617256122,-5.119927866193019
49,49,0.0005999048319693232,0.000600889269997807,-5.126484465267051,-5.127836373859298
50,50,0.0005991072039907202,0.0006000793502224903,-5.134179130162391,-5.13369404135546
51,51,0.0005983025898926498,0.0005983945509222778,-5.138843199115033,-5.145904562093579
52,52,0.0005969331040498369,0.0005974974391344739,-5.147725109856205,-5.152420380836683
53,53,0.000596116477570775,0.0005964765104612237,-5.155212179175277,-5.159847407153601
54,54,0.0005948440070964934,0.0005954981070796126,-5.162619036541364,-5.166977010064365
55,55,0.0005939427220752251,0.0005945435535211704,-5.170917428980582,-5.1739441179521855
56,56,0.0005929159611396338,0.000593253671755328,-5.176760659480513,-5.183376515022959
57,57,0.0005920890415058538,0.0005930598861979027,-5.183370065485178,-5.184795364170334
58,58,0.0005907515578749637,0.0005923031161441223,-5.191164617198769,-5.190340688301932
59,59,0.0005900202968311449,0.0005906731484604901,-5.196062017167044,-5.2023085770894255
60,60,0.0005891804346939568,0.0005902260064000362,-5.20524837862729,-5.205597449605986
61,61,0.0005883646321233324,0.0005894977856721533,-5.211402682689736,-5.210959082320718
62,62,0.0005873826214774829,0.0005884715999280544,-5.217116720304958,-5.218525780135733
63,63,0.0005861922730115655,0.0005874042399227619,-5.225186836306001,-5.226410093633911
64,64,0.0005859087410949401,0.000585862616150591,-5.230504615048196,-5.237822997343998
65,65,0.0005843616774804967,0.0005856778129543129,-5.239752553062656,-5.2391931422754645
66,66,0.0005838950548666654,0.0005846627081107153,-5.243965647421028,-5.246726924704528
67,67,0.0005831003648747411,0.0005838108726924187,-5.250847564160118,-5.253059074498441
68,68,0.0005817063802075525,0.0005828129574901572,-5.259583273669244,-5.260488875951813
69,69,0.0005803037568033894,0.0005819611373896661,-5.2694941612911155,-5.266841023321762
70,70,0.0005799777116914539,0.0005809617700594428,-5.272632096863109,-5.274305315597218
71,71,0.0005796210175456921,0.0005801200627741453,-5.276983484142052,-5.280602010336224
72,72,0.0005784249737301899,0.0005787642133471213,-5.2835933822581795,-5.290764167253014
73,73,0.0005774972234257334,0.0005777061298048418,-5.291822921189617,-5.298711106398409
74,74,0.000576902587163579,0.0005771069033806654,-5.295720435006017,-5.303218169365467
75,75,0.000576015939268754,0.0005767881674201865,-5.304421117283175,-5.3056174390364035
76,76,0.00057532984376933,0.0005756564389326071,-5.308042252256746,-5.314147195563638
77,77,0.0005740636111160298,0.0005755084597407595,-5.316951031971449,-5.31526374362524
78,78,0.0005735246057756553,0.0005746464992530252,-5.320942788242329,-5.321773210034047
79,79,0.0005726119804618516,0.0005737639945245495,-5.328487137107705,-5.328447948924895
80,80,0.0005719702398001226,0.000572607503272593,-5.3345682987262215,-5.3372105174368905
81,81,0.000570994480176992,0.00057157565606758,-5.338899183816359,-5.345043628160992
82,82,0.000569785571868349,0.0005706651136279106,-5.34745010187968,-5.351967626171584
83,83,0.0005694419030368942,0.000570062596939112,-5.353264103115904,-5.356555394051852
84,84,0.0005686339074937799,0.0005691389455214927,-5.3590901541689275,-5.363597814322933
85,85,0.0005677549118060887,0.0005684977973272142,-5.364340299722716,-5.368492999962604
86,86,0.0005668032681569457,0.0005682371740572547,-5.371283522025757,-5.370484444808263
87,87,0.0005662246600043067,0.0005670808666189643,-5.377385143638147,-5.379330919460836
88,88,0.0005659342889875634,0.0005656019478154025,-5.383157313040319,-5.390671899166257
89,89,0.0005643565871407153,0.0005651191765393474,-5.390177786226651,-5.394380415960298
90,90,0.0005638398309286262,0.0005650032636415409,-5.3957186397447625,-5.395271298758223
91,91,0.0005634526167660183,0.0005639461604388137,-5.401128470426881,-5.4034044216799
92,92,0.0005625210049533352,0.0005629139364157853,-5.407086771307496,-5.4113608543182625
93,93,0.0005614141814804339,0.0005625190617712704,-5.415678856690408,-5.414408425990139
94,94,0.0005608362088114331,0.0005612293239927998,-5.418216291102281,-5.4243773167725955
95,95,0.000559820990394993,0.0005608368113538937,-5.427024347402933,-5.427415748728387
96,96,0.0005588544599865516,0.0005597048194000596,-5.4321317616096385,-5.436190398645091
97,97,0.0005582418183546475,0.0005592041783721039,-5.438014336960171,-5.440076785309207
98,98,0.0005575867595400699,0.0005582284984963113,-5.444967960156706,-5.4476608215131614
99,99,0.0005567335858509021,0.0005574218843034224,-5.451928093392912,-5.453940712766477
100,100,0.0005562810218873789,0.0005569892083784859,-5.45567968631424,-5.457313054935864
101,101,0.0005553484955543326,0.0005564025456183835,-5.461344094989686,-5.461889780461546
102,102,0.0005546244810642579,0.0005558500630094817,-5.467054563814516,-5.466204271005621
103,103,0.000553877397738013,0.0005546884157841927,-5.47438192066251,-5.475289902408681
104,104,0.0005528614952315375,0.0005536869928044709,-5.480396006811931,-5.483137651269169
105,105,0.0005521476820840971,0.0005527415686581088,-5.485728393151231,-5.4905595961475715
