,epoch,train_loss,test_loss,train_dbs,test_dbs
0,0,0.0005810686921792047,0.0004554352275782118,-5.264654864616304,-6.331514663923366
1,1,0.00029293550916505764,0.00017487856032522884,-8.2404327835818,-10.488415170046114
2,2,0.00013692880980370413,0.00012046453239714825,-11.5434856991686,-12.107188871476147
3,3,0.00010078759588236374,9.245867381411556e-05,-12.872513286845209,-13.256304265070234
4,4,8.668280670181704e-05,8.543902061462991e-05,-13.529129546872234,-13.599218249216992
5,5,8.20040116092603e-05,8.22184462633327e-05,-13.768662315561615,-13.766088209576811
6,6,7.980296137135418e-05,8.139483619934733e-05,-13.887408629602938,-13.809812328055475
7,7,7.876152220390948e-05,7.976246476908655e-05,-13.943659647763154,-13.897795205243318
8,8,7.800263307386165e-05,7.93433615686617e-05,-13.986943805968739,-13.92067489889834
9,9,7.797224042377886e-05,7.908431488383365e-05,-13.988860969259534,-13.934877296933479
10,10,7.741508696986766e-05,7.836276697497324e-05,-14.017543987031999,-13.97468323875674
11,11,7.723903189864509e-05,7.810437282865965e-05,-14.026199940689647,-13.98902736929511
12,12,7.665378282197089e-05,7.832389804350801e-05,-14.059397925063855,-13.97683792917626
13,13,7.648922140096776e-05,7.812539000664593e-05,-14.069797239731114,-13.987858879461417
14,14,7.611809306797216e-05,7.781581103029709e-05,-14.091893674553479,-14.00510238109849
15,15,7.616788863424048e-05,7.776392502771494e-05,-14.090511956938116,-14.00799913436673
16,16,7.601552438104919e-05,7.694555709971802e-05,-14.098440999513556,-14.053945379599892
17,17,7.575338167953305e-05,7.66245832078551e-05,-14.11217221233917,-14.072099610985621
18,18,7.576859311906371e-05,7.731496819025396e-05,-14.111586773951593,-14.033145047881648
19,19,7.565922114923692e-05,7.677653851906622e-05,-14.117408116648544,-14.063495583323105
20,20,7.541230470170122e-05,7.69441551375693e-05,-14.132423568600355,-14.054024509571118
21,21,7.509022498666549e-05,7.694659220042492e-05,-14.150901778246146,-14.053886957058225
22,22,7.494132018878518e-05,7.655794615857303e-05,-14.161905544174376,-14.075878123422875
23,23,7.488305402017132e-05,7.644067380552817e-05,-14.16222376194829,-14.08253579730167
24,24,7.45446558324044e-05,7.560870749569546e-05,-14.184718702674369,-14.1300627231385
25,25,7.41209009855496e-05,7.568239035256403e-05,-14.207330614776845,-14.125832459608908
26,26,7.426752240790688e-05,7.560101680849727e-05,-14.201294662589588,-14.13050449671232
27,27,7.415649065713053e-05,7.569201874215843e-05,-14.206562087047319,-14.125279980956657
28,28,7.387972121803839e-05,7.505335547887769e-05,-14.221563495583506,-14.162079729146658
29,29,7.376392071462985e-05,7.518670195407283e-05,-14.227897636680055,-14.154370513035488
30,30,7.358686332398852e-05,7.525878831266279e-05,-14.240765417142722,-14.150208645491771
31,31,7.326086985635014e-05,7.50347730660762e-05,-14.258475839749945,-14.163155129241202
32,32,7.291763308175993e-05,7.429924076668133e-05,-14.279306875769244,-14.205937104209248
33,33,7.304014550604781e-05,7.438240955755311e-05,-14.269994507694978,-14.201078434611391
34,34,7.274830789628112e-05,7.453233985487666e-05,-14.288989502215726,-14.192333307207111
35,35,7.24977955504767e-05,7.378380656806065e-05,-14.301842831233804,-14.236170292448993
36,36,7.21172872329486e-05,7.456585636215383e-05,-14.328717973528956,-14.190380763879604
37,37,7.253500547280448e-05,7.386546195974868e-05,-14.30311280129982,-14.231366680484403
38,38,7.240781528285955e-05,7.368000928851727e-05,-14.308180465351569,-14.242284143894537
39,39,7.239160748719497e-05,7.32686882991785e-05,-14.312716905248726,-14.266596697244065
40,40,7.18554620857269e-05,7.322609905570157e-05,-14.341704516410996,-14.269121875687
41,41,7.221728386885497e-05,7.333660591700066e-05,-14.32019555449103,-14.262572797710009
42,42,7.204853524675967e-05,7.314156736308513e-05,-14.331722955344024,-14.2741382365581
43,43,7.198580715339631e-05,7.291181981073398e-05,-14.337774324488816,-14.28780148373728
44,44,7.160887384388749e-05,7.391495838467228e-05,-14.356688174861711,-14.228457496037377
45,45,7.193020432281366e-05,7.293933978010165e-05,-14.338184101610308,-14.286162584051617
46,46,7.182800295923539e-05,7.333972404778346e-05,-14.344020755304907,-14.262388148013176
47,47,7.138205287868838e-05,7.293541574127678e-05,-14.36925647943313,-14.28639623495341
48,48,7.121955726707364e-05,7.30793552448679e-05,-14.381398526593799,-14.277833792679303
49,49,7.155454096794801e-05,7.2538943449648e-05,-14.359774963756653,-14.310068606600833
50,50,7.105262827196581e-05,7.26227188256177e-05,-14.390666114862768,-14.305055824717233
51,51,7.130641911176427e-05,7.316246391335306e-05,-14.376522374251515,-14.272897634169404
52,52,7.105286440304385e-05,7.253455030302958e-05,-14.387887273481203,-14.3103316345718
53,53,7.101058268819975e-05,7.226724425747402e-05,-14.394531765595474,-14.326365920995588
54,54,7.091998910236162e-05,7.23598124367479e-05,-14.399599081303174,-14.320806538696438
55,55,7.101758681003667e-05,7.207887507607474e-05,-14.393647969747615,-14.337700862711934
56,56,7.080472529458948e-05,7.171212526277247e-05,-14.404934161212825,-14.359854928706595
57,57,7.071129543545954e-05,7.198818868920698e-05,-14.41013688967744,-14.343168400061963
58,58,7.09784944774583e-05,7.246165248369308e-05,-14.396095918660288,-14.314698524564724
59,59,7.073640907825374e-05,7.148195895991337e-05,-14.41024784334498,-14.373816405101607
60,60,7.078890976305215e-05,7.173778526760686e-05,-14.407643731204974,-14.358301215834574
61,61,7.057968645144167e-05,7.220195632391168e-05,-14.42219217589148,-14.330291213182036
62,62,7.04403409116887e-05,7.223404731791418e-05,-14.429241865421702,-14.328361370000005
63,63,7.047553603134128e-05,7.117680529757451e-05,-14.427607017933113,-14.39239595112565
64,64,7.024938366663901e-05,7.106631834942259e-05,-14.439037005172217,-14.399142692946917
65,65,7.018779512325581e-05,7.145807773524307e-05,-14.444805449660059,-14.37526757083959
66,66,7.007072897827176e-05,7.1238739780567e-05,-14.453071319264971,-14.388618581754336
67,67,7.015667063935381e-05,7.134524390781543e-05,-14.4448356963409,-14.382130593107949
68,68,7.003519571411481e-05,7.109630869787284e-05,-14.454405878842003,-14.39731033470959
69,69,7.017279539908974e-05,7.159019457360141e-05,-14.444101197145727,-14.367245435478722
70,70,7.009003940728474e-05,7.130732755237994e-05,-14.450919408575086,-14.384439260124427
71,71,7.000094335604238e-05,7.087349475018288e-05,-14.455364031590051,-14.410942381112914
72,72,6.999832363625192e-05,7.156611287715158e-05,-14.4552132983923,-14.368706572353222
73,73,7.003786779079615e-05,7.08423038687263e-05,-14.454932999974002,-14.412854098515355
74,74,6.96755852595274e-05,7.076970206598114e-05,-14.47341095216045,-14.417307190590824
75,75,6.96782305201794e-05,7.135646917863357e-05,-14.477915762032147,-14.381447339476468
76,76,6.973448818694734e-05,7.096431880582761e-05,-14.47229721434526,-14.405380480433141
77,77,6.967854319883213e-05,7.103427369178175e-05,-14.476640715396616,-14.401101420637477
78,78,6.919196375841323e-05,6.997072533091628e-05,-14.507095282522267,-14.46661710406547
79,79,6.93140770176656e-05,6.978492839200618e-05,-14.498971054668859,-14.478164491339134
80,80,6.872379387844085e-05,7.097985125208077e-05,-14.534463975065046,-14.404430014384078
81,81,6.903184014648564e-05,7.006048384171568e-05,-14.517801851662034,-14.461049540732539
82,82,6.91978084151489e-05,7.047180061865794e-05,-14.508096873629942,-14.435627180694638
83,83,6.870627772307849e-05,6.920884698047303e-05,-14.535646190727764,-14.51416472373758
84,84,6.877955843030821e-05,6.965012653381564e-05,-14.532833837017044,-14.486561765816896
85,85,6.879147847414679e-05,6.963922600047418e-05,-14.529675291383388,-14.487241507865162
86,86,6.844884361627694e-05,6.98607517207213e-05,-14.554137487489792,-14.473448318741458
87,87,6.826197932241485e-05,6.951476480983394e-05,-14.568660374702665,-14.495010285807506
88,88,6.837572114237286e-05,6.907447861617823e-05,-14.55869702942321,-14.522604708424065
89,89,6.811110780318748e-05,6.915181668438508e-05,-14.573158462720382,-14.517744924011113
90,90,6.784237087128165e-05,6.873959385924728e-05,-14.5909266646352,-14.543711245029243
91,91,6.783812452490518e-05,6.87188074057064e-05,-14.592789538238089,-14.545024724897608
92,92,6.786547732490268e-05,6.898580862693244e-05,-14.59089713866883,-14.52818327023988
93,93,6.760394471618299e-05,6.809584661631991e-05,-14.608222840042483,-14.584574626180391
94,94,6.760984566782783e-05,6.926316908854795e-05,-14.606615596580973,-14.510757278152218
95,95,6.72711246375705e-05,6.813628389959616e-05,-14.63145214025529,-14.581996425363995
96,96,6.705643141854641e-05,6.797825220641435e-05,-14.641522423631523,-14.592080921130012
97,97,6.724611885897269e-05,6.734888627665656e-05,-14.631765973465862,-14.632476679748933
98,98,6.703712815297623e-05,6.727338940867125e-05,-14.640450474762678,-14.637347772060718
99,99,6.673317176071428e-05,6.786988926346806e-05,-14.66354786109914,-14.599009457308236
100,100,6.660993226573409e-05,6.749486706930359e-05,-14.669784482139095,-14.623073399892775
101,101,6.641823988643082e-05,6.718617059002434e-05,-14.684594327817177,-14.642981980140753
102,102,6.671683674830627e-05,6.721821850269886e-05,-14.664404569482477,-14.640910882315927
103,103,6.638117345798876e-05,6.630048684248897e-05,-14.683101859791744,-14.700613689000065
104,104,6.634454624985403e-05,6.704809187029146e-05,-14.689692227710848,-14.651916636032542
105,105,6.595847377500776e-05,6.623303622626209e-05,-14.71395629155062,-14.705034220844254
106,106,6.567070642594229e-05,6.61621908013905e-05,-14.73105957765674,-14.709682089308586
107,107,6.55959718398625e-05,6.623547654415138e-05,-14.736060221230174,-14.70487421050348
108,108,6.544458916586027e-05,6.568650783983206e-05,-14.749844675648916,-14.741019126958319
109,109,6.526661395442134e-05,6.541383826467944e-05,-14.762115717249582,-14.759084535043447
110,110,6.489750432461434e-05,6.523611821313879e-05,-14.78370770872444,-14.770899752957579
111,111,6.500844238806017e-05,6.549864586926752e-05,-14.778362107384025,-14.753457649251455
112,112,6.4508512878092e-05,6.500289983753311e-05,-14.811407502533845,-14.786453549873503
113,113,6.417591325349425e-05,6.488439440114522e-05,-14.832643991683527,-14.794378308285172
114,114,6.402914983744868e-05,6.438210364553685e-05,-14.84376802789024,-14.828129234420322
115,115,6.396569392329428e-05,6.387732795893068e-05,-14.847629685863033,-14.86231345376174
116,116,6.386791214139259e-05,6.411713911802508e-05,-14.855305541923496,-14.846039502654321
117,117,6.363487015742347e-05,6.402045064054331e-05,-14.87060727498568,-14.852593595061183
118,118,6.357353492237907e-05,6.304931996151266e-05,-14.8741746790978,-14.918976796147192
119,119,6.327126193917644e-05,6.348506902117821e-05,-14.895997796094207,-14.889064902356646
120,120,6.297392861860007e-05,6.371691224079481e-05,-14.916106742634208,-14.873233648559614
121,121,6.288803350114379e-05,6.330656259179752e-05,-14.922183163309978,-14.90129353408866
122,122,6.284463725211194e-05,6.318202883305371e-05,-14.924621306900097,-14.909845189395918
123,123,6.268314339734192e-05,6.219256254936274e-05,-14.935259427682524,-14.978396347061707
