,epoch,train_loss,test_loss,train_dbs,test_dbs
0,0,0.000964408100717077,0.0009375548106618226,-3.0642477264798043,-3.195814197711327
1,1,0.0009134903624557803,0.0008984814998448679,-3.2988007210945343,-3.3806894711770856
2,2,0.0008826042104214814,0.000872657940673985,-3.450833188282645,-3.507340414638981
3,3,0.0008597679102562906,0.0008536349663412885,-3.561177064802789,-3.6030589010585383
4,4,0.0008434350956375375,0.0008382257441744992,-3.645417672303648,-3.6821709126974813
5,5,0.0008302909002840979,0.0008255014024478825,-3.71717795075745,-3.748602709036579
6,6,0.0008177940305274402,0.0008145960930146669,-3.7799959113584385,-3.806357635465038
7,7,0.0008076154482886963,0.0008043259578315835,-3.8360827284974985,-3.861460015105524
8,8,0.0007976482648728895,0.0007950221464086912,-3.888554014173165,-3.9119885964733268
9,9,0.0007888275179435912,0.0007860495610848853,-3.938184886820024,-3.961281567933985
10,10,0.0007800040784599163,0.0007772022600922929,-3.986668130227326,-4.010440314765634
11,11,0.0007715032384346825,0.0007690823036491087,-4.034816294767499,-4.056052678424239
12,12,0.0007634720250186463,0.0007607902394068477,-4.080087260154658,-4.103131541636682
13,13,0.0007552042916733964,0.0007525319294807943,-4.128235531938539,-4.150531548152881
14,14,0.0007472076056016245,0.0007449464419072396,-4.173609998904855,-4.19453036157108
15,15,0.0007393051025256054,0.0007369256590640074,-4.218090978943665,-4.241544078130721
16,16,0.000732183021963718,0.0007292287926630754,-4.262470199545481,-4.2871427844609
17,17,0.0007246908144881353,0.0007218241838640289,-4.303426804183864,-4.3314665783857365
18,18,0.0007176711128006891,0.0007151305111811349,-4.347821291117636,-4.371927786339006
19,19,0.0007109728632206769,0.000707858735327854,-4.388640981312806,-4.416314904868667
20,20,0.0007035458471251594,0.0006999695079254085,-4.433619924677274,-4.464989646395581
21,21,0.0006966335013672018,0.0006931758804344817,-4.476257471429764,-4.507346436195797
22,22,0.0006893096802535362,0.0006854727000341212,-4.523943824160518,-4.555879232791046
23,23,0.0006813254740242799,0.0006777583284450597,-4.574206430849877,-4.605032233353752
24,24,0.0006728266268613335,0.0006681661378886355,-4.627530606183944,-4.666936241558764
25,25,0.0006641062833464791,0.0006591289665697044,-4.685658276031221,-4.726076884413622
26,26,0.0006543655055287035,0.0006496738764996591,-4.749067223351329,-4.788826822685726
27,27,0.0006447740603651199,0.0006396254971868506,-4.8135242842595485,-4.8565231876641315
28,28,0.000634445557394785,0.0006294697860108787,-4.882263991531232,-4.926031971320536
29,29,0.0006243933853933338,0.0006198088797789655,-4.953208338711354,-4.993202923991356
30,30,0.0006146319834611465,0.0006098879170358965,-5.0215780618734644,-5.063280570308518
31,31,0.0006055506384336226,0.0006019352249016887,-5.085668518087505,-5.120283275971791
32,32,0.000596850132929718,0.000593558664580709,-5.148338135328538,-5.181144372670819
33,33,0.0005893788706108006,0.0005867174722401327,-5.201468253334596,-5.231490647819057
34,34,0.0005829078511373361,0.0005806854766744532,-5.250564303166518,-5.276371221492272
35,35,0.0005777399961779028,0.0005748329874079086,-5.290858880685113,-5.320364036956031
36,36,0.0005727945136856864,0.0005714996889429657,-5.328344248255576,-5.3456208797519515
37,37,0.0005686228270354422,0.0005674466098609724,-5.357459731178813,-5.376530806099231
38,38,0.0005657609201698881,0.0005646735233695884,-5.381375206079689,-5.397806614811165
39,39,0.000562722508473917,0.0005622473759821764,-5.404604409803956,-5.416506490750065
40,40,0.0005604131783349151,0.0005600984747472562,-5.423269758327832,-5.433136963224866
41,41,0.000558826548513025,0.0005581144114809209,-5.435132970380282,-5.448548494305644
42,42,0.0005570366599395411,0.0005569642372919541,-5.447707303172685,-5.4575077633436875
43,43,0.0005564770682897303,0.0005563988754721848,-5.454618334657448,-5.461918427517735
44,44,0.0005549865393160083,0.0005547956159142288,-5.46431531313729,-5.474450657791388
45,45,0.0005542211331782344,0.0005547714842434384,-5.470918076392566,-5.474639564824832
46,46,0.00055402290908927,0.0005538707574535357,-5.47295550643311,-5.481696498899975
47,47,0.0005527074741602866,0.0005534242066603742,-5.480901462290733,-5.485199351566308
48,48,0.0005526512029542367,0.0005538906246472738,-5.482133001219243,-5.481540721441911
49,49,0.0005523665194860516,0.0005528345508010764,-5.485034596549512,-5.489829087754874
50,50,0.0005520051645268639,0.0005528947896029996,-5.4897931384989445,-5.489355890954506
51,51,0.0005516877449501652,0.000552005471514636,-5.491118659439849,-5.496347038217819
52,52,0.0005512869179959304,0.0005527071281042146,-5.493204883431387,-5.490830207394543
53,53,0.0005515274986595914,0.0005514222828328217,-5.492851736323306,-5.500937744750361
54,54,0.0005505818864042612,0.0005512701494521217,-5.498430747539262,-5.502136096824541
55,55,0.0005503067285897806,0.0005520120367260748,-5.502314849824598,-5.496295386227174
56,56,0.0005505045596270141,0.0005507188279328769,-5.4990828711776825,-5.506481619664658
57,57,0.0005506522894702544,0.0005511489794834665,-5.4984658045391335,-5.503090787242914
58,58,0.0005500664299632394,0.0005507925035137879,-5.501061961319068,-5.505900656085347
59,59,0.0005501883174052712,0.000550868038676287,-5.499617890192107,-5.505305109579721
60,60,0.0005502624565629845,0.0005501312644858109,-5.502032716921107,-5.5111175930604395
61,61,0.0005492483266898114,0.0005502323466843288,-5.51018084227448,-5.510319685155947
62,62,0.000549154912995309,0.0005501509448023219,-5.509378918528909,-5.510962231957777
63,63,0.0005486247402174187,0.000549704930132353,-5.512833848399587,-5.514484542926836
64,64,0.0005489528081955907,0.0005493927808282407,-5.513454276643557,-5.516951379543796
65,65,0.0005481621915397724,0.0005493966929957663,-5.517479048220979,-5.516920454006026
66,66,0.0005483821348872842,0.0005484710073735761,-5.5164806390916254,-5.524244109722076
67,67,0.0005483748961345667,0.0005486400271030633,-5.517505044416028,-5.522905971026483
68,68,0.0005472995777081544,0.0005486048053410885,-5.524370415275061,-5.523184789689768
69,69,0.0005475406684389472,0.0005483122597644595,-5.521884164445769,-5.525501299053859
70,70,0.0005471914011706627,0.0005493552491411959,-5.525352497559645,-5.517248077315111
71,71,0.0005473006551499603,0.0005484923021867871,-5.526165053641506,-5.524075494786804
72,72,0.0005471614656307418,0.000548195247048218,-5.524908695705186,-5.5264282051963765
73,73,0.0005466040390658855,0.0005475756877690161,-5.530593560884503,-5.531339290100944
74,74,0.0005463052987476293,0.0005470959555455728,-5.532391172272304,-5.535145820982476
75,75,0.0005461492998160652,0.0005474177611942746,-5.535652317223738,-5.532592021621787
76,76,0.0005463704793262727,0.0005468146103483282,-5.532339015983176,-5.53737976355835
77,77,0.0005453832023873081,0.0005467674131260106,-5.539533640800606,-5.537754632434875
78,78,0.0005449825542566088,0.0005466835665222453,-5.542637338294379,-5.538420672670618
79,79,0.000545524472980424,0.0005465223037294651,-5.538949055973978,-5.539701960000929
80,80,0.0005451068900208728,0.0005452335156549356,-5.543485910240107,-5.549955421428168
81,81,0.0005444689484591567,0.0005451384288454918,-5.545487117047978,-5.550712881796736
82,82,0.0005439754123031401,0.0005451015558240837,-5.54877187984818,-5.551006647388899
83,83,0.0005442233997416327,0.0005449625835018722,-5.5499862133702145,-5.552114011824134
84,84,0.0005436934423920958,0.0005442829876157798,-5.55387673501148,-5.55753326326526
85,85,0.0005438095576744335,0.0005435627107018311,-5.551480938620479,-5.563284305630287
86,86,0.0005433598890919814,0.0005438001918312358,-5.554731223219398,-5.561387298744064
87,87,0.0005431482232338988,0.0005434517393280801,-5.558089308401807,-5.564171032673068
