,epoch,train_loss,test_loss,train_dbs,test_dbs
0,0,0.00042197261168861513,0.0004048485180216008,-6.654013584935142,-6.842855324803133
1,1,0.00038700781885016056,0.00037552475910878887,-7.028643026041857,-7.169395101279099
2,2,0.0003653513135618924,0.00036031465156395967,-7.281386406055768,-7.348961640220964
3,3,0.000353118603072158,0.0003505435566981568,-7.425783403110927,-7.468360975248045
4,4,0.0003431744044814643,0.00034088180951872155,-7.550785467213064,-7.589742597438009
5,5,0.0003330381401123229,0.00032888172886726493,-7.684541007792463,-7.745383395479663
6,6,0.00032197105423451315,0.0003200303472112864,-7.828266976300147,-7.863869236282753
7,7,0.00031454995431764456,0.00031379756125572483,-7.931232640560999,-7.9492852227546695
8,8,0.0003088629512313139,0.0003084215553060762,-8.00901009348917,-8.024333634361364
9,9,0.00030427795748427973,0.0003043696939896204,-8.07530048755054,-8.081766786639822
10,10,0.00029973597289783134,0.0003008643382743589,-8.140248184949098,-8.132073728599957
11,11,0.0002958243649774567,0.00029603946390316675,-8.197854419353888,-8.202284772521505
12,12,0.00029228237750411954,0.0002932146767546472,-8.249992230157527,-8.243923813614028
13,13,0.0002894183619610351,0.00029078482245830327,-8.293619213086671,-8.280063515914351
14,14,0.0002868579233727735,0.00028847559434851924,-8.331354335499096,-8.314690095228059
15,15,0.0002847270627227641,0.0002864833253337757,-8.362040536020967,-8.344787372540342
16,16,0.00028338388224209167,0.00028530148311371083,-8.384915284357097,-8.362740570247041
17,17,0.0002814264463671224,0.00028437421209865103,-8.411305302694496,-8.376878756029173
18,18,0.0002803563667802121,0.0002829725517107076,-8.429971715766248,-8.398337752513038
19,19,0.0002793212465944306,0.0002818789446456848,-8.446131511971283,-8.415154494974269
20,20,0.0002782043617473166,0.00028032856368410746,-8.462904616353681,-8.43910734488474
21,21,0.0002775204778389679,0.00027948388627632275,-8.473350685429759,-8.452213127566194
22,22,0.0002766442678679146,0.0002790420012867176,-8.48887083962376,-8.459085083081082
23,23,0.0002757347325107908,0.00027815345521575133,-8.502837953274007,-8.472936272215525
24,24,0.00027458307503713006,0.000276550584730055,-8.51982466441277,-8.498035052628028
25,25,0.00027380558345874905,0.0002765851432310515,-8.533611168308417,-8.497492380529788
26,26,0.00027348861529146194,0.00027506108285467093,-8.537878676828607,-8.521489379486084
27,27,0.00027239758769751133,0.0002751792336838614,-8.555567284287868,-8.51962429427164
28,28,0.00027180754684017416,0.00027340936388722375,-8.563592488880026,-8.547647018644891
29,29,0.00027121963131255904,0.0002741225800587256,-8.5745800625606,-8.53633275556666
30,30,0.0002703756788870339,0.0002732105127315184,-8.588053390566458,-8.550806799953492
31,31,0.00026982739227511874,0.00027179003748307496,-8.596312819715928,-8.573445527887165
32,32,0.0002688636976899099,0.0002718273225534511,-8.611669412586153,-8.572849788989274
33,33,0.0002686006728722954,0.0002714394772498819,-8.614342912674331,-8.579050760734626
34,34,0.000267690424171286,0.0002706979713892858,-8.63023499280265,-8.59093085148193
35,35,0.0002673082448213275,0.0002699960620559164,-8.638059679982288,-8.60220656390567
36,36,0.000266548891980249,0.00026912742453676303,-8.650563928639922,-8.61620130971674
37,37,0.0002659446850584666,0.00026817922480404377,-8.657789480160819,-8.631529552523727
38,38,0.0002655881905889849,0.00026806905608330115,-8.665617057859452,-8.633314012068878
39,39,0.0002649560759441697,0.00026760022554203475,-8.675808447732136,-8.64091611194631
40,40,0.00026419156752454753,0.0002675608358051824,-8.6891636349742,-8.641555423982444
41,41,0.00026398145482088104,0.00026627069287075614,-8.692169093013302,-8.66254717954769
42,42,0.00026353464246434686,0.0002662093343372506,-8.698167957215082,-8.663548068643072
43,43,0.00026307219159957403,0.0002653160772752017,-8.708341629548954,-8.67814518741503
44,44,0.00026233904960819705,0.0002655945097917299,-8.71851040288852,-8.673589930106457
45,45,0.00026193100055343634,0.00026456296970871717,-8.725879877094982,-8.69049029456723
46,46,0.0002619375985718246,0.00026461177376883204,-8.726254323987877,-8.689689223302071
47,47,0.00026103007602961445,0.0002642183665700845,-8.73894933862481,-8.696150829554902
48,48,0.00026025329074419115,0.0002636755188608444,-8.752681902027993,-8.705082770395434
49,49,0.0002604592178969826,0.00026351614628526335,-8.749910743977374,-8.707708556682508
50,50,0.00025984562288960153,0.0002619726782493097,-8.762070493191915,-8.733220862458603
51,51,0.0002592624113810988,0.0002622617964669572,-8.770656466473309,-8.72843054570806
52,52,0.00025865965935079977,0.0002616065980155805,-8.779694738823725,-8.73929393137318
53,53,0.0002589329389180777,0.00026210184258065725,-8.776650438273384,-8.731080122725258
54,54,0.0002580514416511449,0.00026115135972902765,-8.78958704512742,-8.746857949207817
55,55,0.0002575350460865218,0.00026077471633662323,-8.79999970534561,-8.75312604665925
56,56,0.0002576470386762575,0.0002601766134734805,-8.796440523768482,-8.763098298281964
57,57,0.00025668775107106674,0.00026065545726420457,-8.813188847123731,-8.75511264277868
58,58,0.00025631978354157556,0.0002595087923844786,-8.817392096579713,-8.774260096178562
59,59,0.0002561420170451063,0.0002588140372321696,-8.819923282979902,-8.785902589712748
60,60,0.00025588582397664215,0.0002580577573481653,-8.827269276410767,-8.798611676114248
61,61,0.0002554104357091326,0.00025828392168286403,-8.83548188775826,-8.794807143850697
62,62,0.00025520116881678627,0.000257394788939947,-8.8375010609331,-8.80978336135307
63,63,0.00025447627566106733,0.00025695452304238354,-8.84911472935791,-8.81721819570105
64,64,0.00025422579159398476,0.00025655364305222114,-8.856608304524054,-8.823999003271265
65,65,0.0002540308401857493,0.0002564767323507878,-8.85770537800436,-8.825301144239264
66,66,0.00025360962014750953,0.0002563131037229476,-8.865656383053423,-8.828072767526825
67,67,0.0002531199906556627,0.00025567883628690123,-8.87501623811787,-8.838833053652996
68,68,0.0002524941823908522,0.0002553288075815592,-8.884107783932858,-8.844782692991537
69,69,0.00025222632213682897,0.0002549374299920409,-8.888143910367976,-8.851444829275854
70,70,0.00025173600375431486,0.00025484133986633663,-8.89729180208839,-8.853082065438695
71,71,0.00025139942455595145,0.0002540635568469665,-8.904781941151613,-8.86635712483066
72,72,0.0002509232074293529,0.0002532729689080856,-8.9106554347953,-8.879892450588079
73,73,0.00025038886620283856,0.0002530941197428068,-8.921171790054752,-8.882960312245933
74,74,0.0002506550681386047,0.0002530495962434399,-8.915980398026814,-8.883724376266851
75,75,0.0002501907555288011,0.00025287175652154376,-8.926053543237096,-8.886777610238564
76,76,0.00024980653080964443,0.00025263019932409455,-8.931173396033978,-8.890928215975618
77,77,0.00024899440792331605,0.0002522517139655783,-8.944655282326233,-8.89743960523911
78,78,0.00024901698829519765,0.0002515345496297079,-8.944173575861099,-8.909804401446712
79,79,0.00024872796040522797,0.0002512073000329302,-8.94984535388394,-8.915458305702105
80,80,0.00024832354437862286,0.00025140834623016417,-8.958123640583148,-8.91198395072043
81,81,0.0002476069396637745,0.0002503841510348904,-8.967590158461189,-8.929712511502196
82,82,0.0002476846788452996,0.0002505218021963772,-8.965573149631448,-8.927325590724733
83,83,0.0002470491258979573,0.00025002073226986746,-8.979925107369743,-8.936020635075087
84,84,0.00024637312297685286,0.00024885990454717293,-8.991484398362374,-8.95623156117889
85,85,0.000246265184370676,0.0002493850180670913,-8.991919120906424,-8.947077268654859
86,86,0.0002462735634234724,0.00024855295716980964,-8.991429035047709,-8.961591517842825
87,87,0.00024585671796098583,0.00024907138982885763,-9.000452142807793,-8.952542421837794
88,88,0.00024579680277533905,0.00024787466789252664,-9.005055097325332,-8.973459409906065
89,89,0.00024508677387595674,0.0002480191569223902,-9.012515019416627,-8.970928594356407
90,90,0.0002450162107388959,0.00024774657044633245,-9.015327970794235,-8.97570435063755
91,91,0.00024452237739376533,0.0002472970181291825,-9.02651637597113,-8.98359206593531
92,92,0.00024404379850632713,0.0002469540134035541,-9.033796449928062,-8.989619977826969
93,93,0.00024395281648186524,0.0002467116252151563,-9.035454280170406,-8.993884721123809
94,94,0.00024375273139796882,0.000246425546816011,-9.037081830426713,-8.99892357404849
95,95,0.0002430688977462345,0.0002458694599274742,-9.050222213935808,-9.008734990640521
96,96,0.00024288908107993529,0.00024556912524674674,-9.051039055478109,-9.014043231170971
97,97,0.00024215296749745678,0.00024495573061836983,-9.065340048870464,-9.024904823116941
98,98,0.00024232122139193925,0.00024503121446622044,-9.064177991264552,-9.023566737717623
99,99,0.00024173914238248865,0.00024487584366732716,-9.074932539221173,-9.026321410537712
100,100,0.00024177917635149907,0.00024461010042087813,-9.074433186373401,-9.031037004040186
101,101,0.000240984955621336,0.00024375232858705873,-9.08710078216144,-9.046293130847532
102,102,0.0002408677163910716,0.0002436627439333518,-9.089258965444653,-9.047889557523673
103,103,0.00024063718870051743,0.00024321759548528413,-9.094890899772736,-9.055830957199936
104,104,0.00024012861051476685,0.00024306888333644326,-9.102120367969068,-9.058487204924667
105,105,0.0002399895299098829,0.0002425809583847264,-9.104357976146352,-9.067213788038966
106,106,0.0002393170012960441,0.0002421296307339186,-9.119280913819509,-9.075301466308147
107,107,0.00023909447760892474,0.0002425521524855867,-9.121044627486558,-9.067729532801673
108,108,0.00023914906574345972,0.0002420155804812614,-9.121705335846285,-9.077347604332752
109,109,0.00023832922704162594,0.00024153970757891474,-9.134884063591114,-9.085895501435633
110,110,0.00023806046291864142,0.00024049279990753062,-9.141752257048232,-9.104760077271033
111,111,0.00023789777910725702,0.0002399922262779192,-9.142506862796653,-9.113809118632592
112,112,0.0002375767943113274,0.0002406612927045085,-9.15170982650382,-9.101718411572552
113,113,0.00023752346334225238,0.00023949461894134353,-9.150638800045517,-9.122823263657331
114,114,0.0002371649323547374,0.00023962040493068727,-9.156984847317943,-9.120542885893915
115,115,0.00023690882509756718,0.00024001868165980436,-9.160635668398324,-9.113330403412125
116,116,0.00023649361425021796,0.00023958512113160012,-9.168242018899472,-9.12118242606774
117,117,0.00023617812722786954,0.0002389788477510018,-9.17683914225647,-9.132186235033714
118,118,0.0002357935645142282,0.00023837382889867418,-9.181697307790593,-9.143195139039726
119,119,0.00023520208961815218,0.00023820083726221989,-9.189414092535428,-9.146348026583349
120,120,0.00023492140282598353,0.00023828886179743628,-9.19869476357037,-9.144743434902692
121,121,0.0002347224812952264,0.00023831064984398452,-9.20167612052787,-9.144346353992502
122,122,0.00023469652247869592,0.00023676828851947854,-9.201556469755358,-9.172545514663547
123,123,0.0002342003851303274,0.00023730149596782498,-9.210552456898052,-9.16277610274349
124,124,0.0002340150757911183,0.00023722730264508804,-9.215509021536533,-9.164134155237477
125,125,0.0002334688402491516,0.00023696974829746117,-9.22430079084618,-9.168851790774905
126,126,0.00023346372187550457,0.00023606808482375192,-9.227945878797966,-9.18540809633846
127,127,0.0002325756354413485,0.00023547154744033163,-9.240775216070016,-9.196396484772947
128,128,0.00023280778214498663,0.000236428411689734,-9.236880406976637,-9.178784216539645
129,129,0.0002328745137777698,0.00023557836079577866,-9.23759398774398,-9.194426907840727
130,130,0.00023211404764016648,0.00023572743980606136,-9.248397426242041,-9.19167946897577
131,131,0.00023163992133874868,0.0002349610302572776,-9.258244584088626,-9.205822485142157
132,132,0.0002317762415803316,0.00023456689929222003,-9.256879756312538,-9.213113593197829
133,133,0.00023155155295827762,0.00023391659181614064,-9.260103250492598,-9.2251705871009
134,134,0.00023102308725506145,0.00023389046653296406,-9.27246052480665,-9.225655661711512
135,135,0.0002304580284356975,0.00023379632483211984,-9.281255675071828,-9.227404063526604
136,136,0.00023028737917595265,0.00023323982053338304,-9.283693509565436,-9.237753877470551
137,137,0.00023005523532268964,0.00023243981214411753,-9.289921854207368,-9.25267570554095
138,138,0.00022974835373293224,0.0002326759322865033,-9.295742847562382,-9.248266236072695
139,139,0.00022939975390249152,0.00023235206562707104,-9.300634435438175,-9.254315485857035
140,140,0.00022913313911238818,0.0002320851919265758,-9.308146545915898,-9.259306549186322
141,141,0.00022916760599869543,0.00023205663494177555,-9.307294898703338,-9.259840960877586
142,142,0.00022852624413682168,0.00023172369860970465,-9.31621757453485,-9.266076345443144
143,143,0.00022822396200241463,0.00023110239080300458,-9.324719685226677,-9.277736479574422
144,144,0.00022834595895886,0.00023041363716689184,-9.322412330288547,-9.290699068411744
145,145,0.00022793014923269025,0.00023064460899484786,-9.32713621802676,-9.28634778309876
146,146,0.00022771542552215307,0.00022946726101891776,-9.333720135254733,-9.308573545071857
147,147,0.0002274278378217318,0.00023007679785797862,-9.34064894553827,-9.2970526196742
148,148,0.00022664491867901008,0.00022991491852352689,-9.355703045879206,-9.300109340136121
149,149,0.00022643929801655684,0.0002294811282282401,-9.357765776551517,-9.308311099331506
150,150,0.00022639667110628035,0.00022949461325831515,-9.360018491284253,-9.308055901785222
151,151,0.00022630150023050913,0.00022933054041411531,-9.35904376923695,-9.311161918677847
152,152,0.00022593860201820847,0.0002293646470398495,-9.36857879198287,-9.310516072818324
153,153,0.00022550390150575638,0.00022786116460338235,-9.375443936632236,-9.33907773589984
154,154,0.00022537010204594235,0.00022868026433953722,-9.379437836738962,-9.323494007691128
155,155,0.0002250940748670417,0.00022835224425714267,-9.384259846401854,-9.329728020962332
156,156,0.00022508969159014332,0.00022790999470376656,-9.384917050619878,-9.338147152961637
157,157,0.00022429297273119278,0.00022784863080902907,-9.399305907273485,-9.339316631696292
158,158,0.00022426100562389017,0.00022728213700343316,-9.399803690552286,-9.350127821721337
159,159,0.0002235352333524677,0.00022679377779193026,-9.412361428039919,-9.359469510439341
160,160,0.00022378437069230282,0.00022714898314964222,-9.40857380924238,-9.352672893264018
161,161,0.00022330200500647086,0.00022627482049804377,-9.418241025836828,-9.369418572832796
162,162,0.00022298188927492185,0.00022637862773416075,-9.425931981145965,-9.367426633489634
163,163,0.00022258096450781354,0.00022575434291196105,-9.435046786850986,-9.379419725934431
164,164,0.00022270351293684012,0.0002248771435054215,-9.43073087577677,-9.396327703049256
165,165,0.00022199844384023477,0.00022545991860648714,-9.444676103732052,-9.385087404474678
166,166,0.000221626691762646,0.00022480119782573494,-9.450938204791342,-9.397794653395508
167,167,0.00022133826440171405,0.00022469754683123412,-9.45627580038067,-9.399797553572135
168,168,0.000221341146431028,0.00022479713094837375,-9.45694902763439,-9.397873222299506
169,169,0.00022109805158646682,0.00022335255466475102,-9.461869106389912,-9.425871621125278
170,170,0.00022082738446302174,0.0002236952262281097,-9.467869197777448,-9.419213702013307
171,171,0.0002203927196552689,0.00022323123764516297,-9.477211574383102,-9.428231192357883
172,172,0.00022051023267156722,0.00022445730466738736,-9.474654759994069,-9.404443428182235
173,173,0.0002199407196159657,0.00022295547655391457,-9.48482337491794,-9.433599417439005
174,174,0.00021970290816677063,0.00022291109014890696,-9.491011741522685,-9.434464105319623
175,175,0.00021961995789939633,0.00022271455504539373,-9.48918269769962,-9.438294859559672
176,176,0.00021946102908221985,0.00022234503673021928,-9.494282957670709,-9.445506469199515
177,177,0.00021868955254549947,0.00022212465410120785,-9.507767470613846,-9.449813218096226
178,178,0.00021887325817363854,0.0002219280401109963,-9.50652757501938,-9.453659084936215
179,179,0.00021853223419028152,0.00022112785097162582,-9.511053134994947,-9.469346410736716
180,180,0.00021844622547037362,0.00022069848216089763,-9.511815616516216,-9.477787399872893
181,181,0.00021825557032758466,0.00022115364079486186,-9.515728994909944,-9.468839928862982
182,182,0.00021797032983608775,0.00022093938681983242,-9.524825619664249,-9.473049419651293
183,183,0.00021703569152507662,0.00021996484429109842,-9.541467933384439,-9.49224810734794
184,184,0.00021724623748576558,0.00022051826358380678,-9.537956782847761,-9.481335222509932
185,185,0.00021674879196522393,0.00021989253735610922,-9.54670486372434,-9.49367595666739
186,186,0.00021662449730636994,0.00021919587130756363,-9.550028408339548,-9.507457166488736
187,187,0.0002164118315666895,0.00021953357683837806,-9.555663420301777,-9.500771329550895
188,188,0.00021594612497341886,0.00021906406695243756,-9.564698405168341,-9.510069401870101
189,189,0.00021604846814316073,0.00021870038165759884,-9.560788351812295,-9.517285453951862
190,190,0.00021553018382995282,0.0002187231898699936,-9.570320755857294,-9.516832552853757
191,191,0.0002152235266697334,0.0002181751348727726,-9.578116230640441,-9.527728332143313
192,192,0.00021514810094269013,0.00021749589129620674,-9.581176081958404,-9.541270291946267
193,193,0.00021435804341046006,0.00021785220796070797,-9.594102605870534,-9.534161204022318
194,194,0.00021441700327037304,0.00021727615661036812,-9.593666848289038,-9.545660158780032
195,195,0.0002141528497042,0.0002175443859366504,-9.600395698328922,-9.540302061833517
196,196,0.00021393058465112038,0.0002162148494359204,-9.604325680712568,-9.56692568742863
197,197,0.00021371308722552488,0.00021667889622652806,-9.606994486282467,-9.557614717255483
198,198,0.0002135714759375689,0.00021632173172149219,-9.612853326314253,-9.56477935392511
199,199,0.00021295722924441712,0.0002162380490182458,-9.623713630503087,-9.566459719891725
200,200,0.00021305210458129144,0.00021634436531090424,-9.622609102629925,-9.564324978458037
201,201,0.00021296555669042137,0.00021635367623897955,-9.624445785850181,-9.56413807284272
202,202,0.000212382167558541,0.00021559639686816618,-9.63725781972238,-9.579365878528103
203,203,0.00021225956902291973,0.000215965006071584,-9.63914484954806,-9.571947004603702
204,204,0.00021184967262502375,0.00021544598980414631,-9.645904875809594,-9.582396715522975
205,205,0.00021156599713950273,0.00021457917893329928,-9.651362874503421,-9.599905071558325
206,206,0.0002112501083642782,0.00021458490626077707,-9.658944331399626,-9.599789155674138
207,207,0.0002113536428408121,0.00021439510026922157,-9.657871709150836,-9.603632304487098
208,208,0.00021106288417304875,0.00021374026408394506,-9.662573758991007,-9.616917446863232
209,209,0.00021048692746937622,0.00021375906209485898,-9.675149129121252,-9.616535510709603
210,210,0.00021053355390604432,0.00021369756723288447,-9.673627174701116,-9.61778508213149
211,211,0.00021019804854901296,0.0002130176971580735,-9.680418265121066,-9.631624009227982
212,212,0.00020981723782918465,0.0002137661213055253,-9.688386055069135,-9.616392091030097
213,213,0.000209732512528192,0.00021274336062273696,-9.690228857998708,-9.637220709902802
214,214,0.0002096425851425348,0.00021241820190641048,-9.693866522378784,-9.643863580576976
215,215,0.00020934147136189888,0.00021260981769668624,-9.699172635414486,-9.639947712344197
216,216,0.00020907277054724657,0.00021179985503151424,-9.702164364357875,-9.656524278134048
217,217,0.0002091737495874506,0.0002120999668381716,-9.703765868152379,-9.650374857132322
218,218,0.00020883937147878032,0.00021208257959714452,-9.709931256498285,-9.650730891717018
219,219,0.0002080709164897364,0.00021130256324173197,-9.725181662778757,-9.666733209604116
220,220,0.000208310958732534,0.00021062074550795123,-9.719869194778457,-9.680769406754445
221,221,0.00020750911954967976,0.00021070250199715557,-9.736576775270024,-9.679083936380943
222,222,0.0002080272970488295,0.00021108741394097082,-9.72663792704944,-9.671157469990689
223,223,0.00020700383399728417,0.00021104943727167616,-9.747425236577278,-9.671938878101013
224,224,0.00020690431614939277,0.00021062898418964133,-9.748958107791472,-9.680599530609994
225,225,0.00020699274003716935,0.0002101233847880442,-9.746238663826466,-9.69103698275743
226,226,0.00020660260964074586,0.00020917096193634758,-9.756033825986151,-9.710766926820114
227,227,0.0002064321785097097,0.00020973378253218375,-9.761671406581867,-9.699096969419195
228,228,0.00020611163567194773,0.0002092487235418766,-9.765302431226043,-9.709152689357294
229,229,0.0002060146251040482,0.00020894255507492314,-9.767001465633157,-9.715511851123061
230,230,0.0002056571032993553,0.00020820713191489247,-9.777278972286778,-9.73082484600824
231,231,0.0002049821745196223,0.0002090991566594886,-9.78922722005559,-9.712258051068837
