,epoch,train_loss,test_loss,train_dbs,test_dbs
0,0,0.00011199003212410745,0.00010493872679561671,-12.415062530798766,-12.706422956573864
1,1,9.62464018999695e-05,9.204766109561253e-05,-13.071995392020172,-13.275653286445273
2,2,8.664493804279063e-05,8.543172168030746e-05,-13.531061182197837,-13.599589276680135
3,3,8.142066200758264e-05,8.218959173016054e-05,-13.797643088954892,-13.76761263196104
4,4,7.934425064883454e-05,8.04536941455138e-05,-13.910779725473429,-13.860320961876717
5,5,7.79158748553096e-05,7.89770825864061e-05,-13.993221219217634,-13.940769994700892
6,6,7.669815562453034e-05,7.815268671899838e-05,-14.058586067304567,-13.986341736184801
7,7,7.575566629271896e-05,7.726907068373341e-05,-14.113977682126478,-14.035723973176385
8,8,7.497674510118158e-05,7.642938037047555e-05,-14.157402433723776,-14.08317747647951
9,9,7.437803914089994e-05,7.58873226770543e-05,-14.193558163865543,-14.114088552446383
10,10,7.377640400759963e-05,7.565828280731741e-05,-14.228462034184028,-14.127216063070264
11,11,7.356723672836375e-05,7.47936654462185e-05,-14.241349391197911,-14.177132689212616
12,12,7.310719739348081e-05,7.473807406648503e-05,-14.268417190779877,-14.180361840515289
13,13,7.25818675904914e-05,7.402383926091716e-05,-14.300598637400846,-14.222064802162821
14,14,7.230523875740491e-05,7.394278777371112e-05,-14.316325191596043,-14.226822661130035
15,15,7.214021778841906e-05,7.359841593394154e-05,-14.324553524078869,-14.247096192532895
16,16,7.180976475884217e-05,7.345988935987024e-05,-14.346831700648263,-14.255278164219611
17,17,7.135029152346554e-05,7.32504053494746e-05,-14.37099685158168,-14.267680540177132
18,18,7.127079688589875e-05,7.319707411194318e-05,-14.37795980061874,-14.270843648655614
19,19,7.116747532488739e-05,7.27973142363082e-05,-14.384355633523896,-14.294627294580566
20,20,7.086099586305544e-05,7.241131051590568e-05,-14.40247144798108,-14.317716788186248
21,21,7.068920802845879e-05,7.244607121193487e-05,-14.412769871128347,-14.315632478973656
22,22,7.022988395021326e-05,7.223458861086616e-05,-14.442868091486694,-14.328328825836959
23,23,7.026889489708017e-05,7.179869824444483e-05,-14.440121465895608,-14.354615160462753
24,24,6.994540702171154e-05,7.162705610665541e-05,-14.458970290541238,-14.365009844350237
25,25,6.989909566401206e-05,7.149103131316798e-05,-14.463318598814027,-14.373265241842851
26,26,6.958561061765067e-05,7.147584945318828e-05,-14.482076774881595,-14.37418760903778
27,27,6.957569926318271e-05,7.131589441805293e-05,-14.48302405796601,-14.383917529870116
28,28,6.94289693015402e-05,7.107103814824338e-05,-14.490800417598875,-14.398854270165629
29,29,6.911628464802129e-05,7.066495967783819e-05,-14.511987429608817,-14.423739708468279
30,30,6.917610228332912e-05,7.039942934888562e-05,-14.50816873863368,-14.440089475214652
31,31,6.8897098787705e-05,7.045121655162228e-05,-14.52516383720042,-14.436895894205291
32,32,6.868211205505056e-05,7.031260802729153e-05,-14.53855466704393,-14.44544879292022
33,33,6.857797607435058e-05,6.989497495324988e-05,-14.543567238164687,-14.47132132735572
34,34,6.834803559858178e-05,7.013005233602598e-05,-14.559302981931062,-14.456739233275686
35,35,6.837408146406909e-05,6.992061810849823e-05,-14.559268172068236,-14.469728274577566
36,36,6.799661442181383e-05,6.962549339636768e-05,-14.583459848542464,-14.488098005365861
37,37,6.78681257359693e-05,6.940219368277069e-05,-14.589044075574563,-14.502048883619743
38,38,6.80032200537041e-05,6.938176298526262e-05,-14.582409882712104,-14.503327552922205
39,39,6.742841820202567e-05,6.948245189912421e-05,-14.619117562160461,-14.497029508839525
40,40,6.737990807993913e-05,6.888290150336136e-05,-14.623049009926184,-14.534666540326766
41,41,6.753040477483457e-05,6.892535595014986e-05,-14.612909743890123,-14.531990687239805
42,42,6.730168553479688e-05,6.897339833238603e-05,-14.626285673756602,-14.528964620404706
43,43,6.706798282636752e-05,6.86101168531949e-05,-14.643938613267267,-14.551899273329674
44,44,6.698796552001047e-05,6.897577450696477e-05,-14.647171930458015,-14.528815005950852
45,45,6.67564398231052e-05,6.856587309525104e-05,-14.662817222830181,-14.554700757847074
46,46,6.68414785528493e-05,6.865384057164192e-05,-14.657772259623243,-14.549132491626986
47,47,6.651933875490584e-05,6.831651071000746e-05,-14.67637560332075,-14.57052409825016
48,48,6.632072967777182e-05,6.84591535613627e-05,-14.690151240206395,-14.561465611710789
49,49,6.62420979537761e-05,6.849326535685625e-05,-14.695967279920206,-14.559302150126971
50,50,6.60037788002603e-05,6.803031302345182e-05,-14.713536546660158,-14.5887561707176
51,51,6.613589680127166e-05,6.811861136444158e-05,-14.703679557574974,-14.583123002802116
52,52,6.602645210937367e-05,6.779223909497408e-05,-14.709802138095927,-14.60398107964479
53,53,6.579209692757001e-05,6.720044506150053e-05,-14.726786160125865,-14.642059369776996
54,54,6.571454583329974e-05,6.733358244865055e-05,-14.730034834443021,-14.633463648304904
55,55,6.545938411307492e-05,6.73717634191761e-05,-14.74864393086447,-14.631001714051264
56,56,6.548074759979799e-05,6.70694571454078e-05,-14.745555783932868,-14.650532951162969
57,57,6.538366427232232e-05,6.728467173831489e-05,-14.752547737716897,-14.636619483695538
58,58,6.525910040303661e-05,6.691487712822364e-05,-14.758802545648075,-14.660554014987447
59,59,6.519489757807868e-05,6.720561003404375e-05,-14.762595460615792,-14.641725587333308
60,60,6.49784862579293e-05,6.687486165901646e-05,-14.780035645866414,-14.663151897028804
61,61,6.486281447146165e-05,6.641222142589916e-05,-14.787910374455153,-14.69330079107014
62,62,6.486306429184137e-05,6.645679011279227e-05,-14.786353032391393,-14.690387254605143
63,63,6.456959776768759e-05,6.680187805996913e-05,-14.805306920439861,-14.667894139778248
64,64,6.462897637021277e-05,6.623995202397437e-05,-14.804531613637188,-14.704580771001115
65,65,6.45122204660606e-05,6.618156725093478e-05,-14.810149921429412,-14.708410388202326
66,66,6.41987546972364e-05,6.5914214677545e-05,-14.832047580020413,-14.725990042024861
67,67,6.425843997762452e-05,6.58890166960191e-05,-14.828978917570499,-14.72765059986568
68,68,6.40472631464045e-05,6.595041256667556e-05,-14.841615782713976,-14.72360569616512
69,69,6.383095031421747e-05,6.570251609541868e-05,-14.85573488015425,-14.739960850263305
70,70,6.386940952596859e-05,6.558495806530118e-05,-14.85381612693952,-14.747738411337554
71,71,6.383288076829126e-05,6.5713291022755e-05,-14.857980288655057,-14.739248684566014
72,72,6.36565550614494e-05,6.542513361445775e-05,-14.867632417998502,-14.758334680772718
73,73,6.35021322373224e-05,6.529267729523494e-05,-14.8794388460265,-14.767136093192315
74,74,6.342070628306828e-05,6.528035412070734e-05,-14.88443455862428,-14.76795584695842
75,75,6.319219039479444e-05,6.531732823963179e-05,-14.902132036040927,-14.765496744168702
76,76,6.30963638202244e-05,6.459483062683016e-05,-14.907167957423319,-14.813803225134635
77,77,6.297763639409335e-05,6.450973370719064e-05,-14.914687646191371,-14.819528371750344
78,78,6.297950961563457e-05,6.443610005877225e-05,-14.914470591651817,-14.824488390966557
79,79,6.298963557334722e-05,6.480514639406465e-05,-14.914400482627544,-14.79968590306106
80,80,6.273297226799354e-05,6.446587921297913e-05,-14.933343977076117,-14.822481761952645
81,81,6.279188100867857e-05,6.442360187831677e-05,-14.926183352251972,-14.82533084066046
82,82,6.251718037936971e-05,6.439681926981154e-05,-14.944570755672359,-14.82713669397917
83,83,6.27153024924127e-05,6.427226885295425e-05,-14.9340231102925,-14.835544552687699
84,84,6.211911277580267e-05,6.441716954884071e-05,-14.975165241776477,-14.825764480597357
85,85,6.222382250701596e-05,6.452015977150662e-05,-14.966382430995646,-14.81882652164597
86,86,6.208194579662678e-05,6.387212928721535e-05,-14.975953776127147,-14.862666919755117
87,87,6.204705731733222e-05,6.375665160655779e-05,-14.980061048347991,-14.870525857657187
88,88,6.21257116192995e-05,6.372969207739898e-05,-14.978103627956711,-14.872362662225358
89,89,6.186243296827709e-05,6.374348576125493e-05,-14.991443808606347,-14.871422774963001
90,90,6.194963333252145e-05,6.370263432281238e-05,-14.986888759265604,-14.874206940520857
91,91,6.159820855527963e-05,6.360714025121477e-05,-15.014021653334698,-14.880722159994948
92,92,6.148246914741209e-05,6.32781139804712e-05,-15.020961205711622,-14.903245598976671
93,93,6.147602291150047e-05,6.310816752375104e-05,-15.021455007258036,-14.91492516609072
94,94,6.151004750209563e-05,6.342048168574508e-05,-15.017116115603876,-14.893485501084601
95,95,6.10776661823806e-05,6.278166754208015e-05,-15.04869178950257,-14.937452395272981
96,96,6.122331318899163e-05,6.2927547620156e-05,-15.035950689895436,-14.927372793505459
97,97,6.093548800731462e-05,6.283793118200265e-05,-15.057535068569734,-14.933562080348837
98,98,6.090426248511463e-05,6.283422427307079e-05,-15.061615599565014,-14.933818285088647
99,99,6.088817211740516e-05,6.289839362388623e-05,-15.06307294361551,-14.92938532284667
100,100,6.103126147489505e-05,6.229184586309681e-05,-15.053098657890205,-14.97146886031986
101,101,6.079416400716957e-05,6.260187097053092e-05,-15.068381184279705,-14.949907732446672
102,102,6.063981968087394e-05,6.205407082329897e-05,-15.079465905537191,-14.988078093068925
103,103,6.0471756423981954e-05,6.22283966406126e-05,-15.092992521439168,-14.975894751088578
104,104,6.0434800522586754e-05,6.202285619924384e-05,-15.093688516921254,-14.990263243780362
105,105,6.033356828655875e-05,6.185297350288908e-05,-15.100690812545771,-15.002175037070128
106,106,6.0354887704981834e-05,6.166920291817453e-05,-15.10189197543378,-15.015097511734144
107,107,6.027018922001853e-05,6.191461120339993e-05,-15.105714530832747,-14.997849362381455
108,108,6.01007109018854e-05,6.14802505113307e-05,-15.119596130969855,-15.028424578926877
109,109,5.988170592787618e-05,6.129697794676758e-05,-15.133715466735097,-15.041390227946927
110,110,5.968917587582387e-05,6.16826994366037e-05,-15.149669168112894,-15.014147147225742
111,111,5.9709742570178314e-05,6.123910670315749e-05,-15.145958751946445,-15.045492393231736
112,112,5.9650999376281484e-05,6.141682292524677e-05,-15.153572765151095,-15.03290739569577
113,113,5.97097963897617e-05,6.103108018195551e-05,-15.147248068683083,-15.060270297759647
114,114,5.946053145813381e-05,6.133096509361884e-05,-15.165201719766031,-15.03898287602613
115,115,5.944858313557337e-05,6.102943256050103e-05,-15.165032974351547,-15.060387543360196
116,116,5.917924976266786e-05,6.088238315944756e-05,-15.184741652487244,-15.070864423560694
117,117,5.910048572125739e-05,6.118480489117486e-05,-15.193325385989581,-15.049345068504218
118,118,5.9184462761268806e-05,6.042652316146383e-05,-15.184939688339899,-15.103504799203847
119,119,5.891612289412207e-05,6.087760419560302e-05,-15.20148425698592,-15.071205336478485
120,120,5.9017489885385676e-05,6.058592637265591e-05,-15.198113276410517,-15.092063335895741
121,121,5.899173528323257e-05,6.024453327163907e-05,-15.199311281508436,-15.116604421793241
122,122,5.8711275808481964e-05,6.0338625572560554e-05,-15.219407838465795,-15.10982672982278
123,123,5.860456807680486e-05,6.038813846412507e-05,-15.227113811152385,-15.106264441548635
124,124,5.865504349505087e-05,6.066401960867408e-05,-15.224893775448724,-15.08646902970586
125,125,5.847900590112855e-05,6.028056151607368e-05,-15.236590237188858,-15.11400797194282
126,126,5.841591430992397e-05,6.0067958609004946e-05,-15.244828140978983,-15.129352134933598
127,127,5.8402375853080397e-05,6.002789431429272e-05,-15.242112229119735,-15.132249770836388
128,128,5.8291199820814654e-05,6.00309188149894e-05,-15.250825396356628,-15.132030957418344
129,129,5.8338047311576467e-05,5.977461612354474e-05,-15.249294715654395,-15.15061290598376
130,130,5.798850794498012e-05,5.988015484610131e-05,-15.271992331461764,-15.142951715987223
131,131,5.7858199444623456e-05,5.96669026555518e-05,-15.282729529743337,-15.15844592383809
132,132,5.7825186512176156e-05,5.968013072943952e-05,-15.286398495776512,-15.157483205393197
133,133,5.806254880225584e-05,5.9329113834169935e-05,-15.267619267257725,-15.18310224756026
134,134,5.777602384170546e-05,5.973260895667696e-05,-15.291537853931509,-15.153666023736292
135,135,5.7678904284461465e-05,5.939915737192343e-05,-15.297004081130645,-15.177978021432924
136,136,5.74854995047832e-05,5.87878942161823e-05,-15.31081178808428,-15.222901822991995
137,137,5.7591272238401945e-05,5.906754679591885e-05,-15.304676337330003,-15.202291522928249
138,138,5.750183988039708e-05,5.906021933218366e-05,-15.31144951891151,-15.202830308545707
139,139,5.737010217943834e-05,5.913532885116231e-05,-15.31970767816539,-15.197310700654715
140,140,5.703773493542499e-05,5.886911917753567e-05,-15.34740288930209,-15.216905485486043
141,141,5.7248636555423496e-05,5.82772546821568e-05,-15.331175698865538,-15.260790014398033
142,142,5.7039345209858834e-05,5.894161720214853e-05,-15.343833081135818,-15.211560387580674
143,143,5.700269448612913e-05,5.855758181975321e-05,-15.34937824019255,-15.239949524308987
144,144,5.695005447049289e-05,5.8370563668799345e-05,-15.353404195243387,-15.253841991327043
145,145,5.688214293241827e-05,5.8372868615582486e-05,-15.355394473579052,-15.253670499766525
146,146,5.665888279837258e-05,5.827823234109306e-05,-15.374964575597694,-15.260717157788353
147,147,5.687200261031508e-05,5.804485906417923e-05,-15.360099958999385,-15.278143252839001
148,148,5.6506950864580356e-05,5.810719468220333e-05,-15.38814418077302,-15.273481773913781
149,149,5.645140222863045e-05,5.838444217500326e-05,-15.390536434317202,-15.25280951162371
150,150,5.639726715372424e-05,5.795204254498362e-05,-15.396138260524463,-15.285093388602945
151,151,5.646868772863545e-05,5.797434258918082e-05,-15.38784114656459,-15.283422537528054
152,152,5.624159095213585e-05,5.7736686262375625e-05,-15.407907190238571,-15.301262319522415
153,153,5.6021612537508716e-05,5.7887596707778834e-05,-15.423428483035833,-15.289925667872426
154,154,5.591216694549225e-05,5.777391063594749e-05,-15.433337608055957,-15.298463209998562
155,155,5.5904050014694655e-05,5.7604899714198454e-05,-15.433467760473397,-15.311186614404244
156,156,5.590162119502922e-05,5.725535773212629e-05,-15.434229081953797,-15.337619538377407
157,157,5.587575036507897e-05,5.767085569555332e-05,-15.43522889353656,-15.306216909929123
158,158,5.579221322046372e-05,5.736049321345299e-05,-15.441605445518364,-15.329652093766216
159,159,5.54718555820765e-05,5.733176639248421e-05,-15.465094349849437,-15.331827637282949
160,160,5.571255449880126e-05,5.7052562050031206e-05,-15.447340607195057,-15.353029343447576
161,161,5.556616665718635e-05,5.750610522993252e-05,-15.459062880116406,-15.318641316048947
162,162,5.544226216218319e-05,5.739998921758103e-05,-15.470218468288175,-15.326662755108185
163,163,5.53976404768674e-05,5.6915956520242617e-05,-15.475014312481338,-15.363440473984443
164,164,5.536237822337911e-05,5.700131173637745e-05,-15.475854172418863,-15.356932363866749
165,165,5.544113431374312e-05,5.702013540461561e-05,-15.469854332598853,-15.355498420424656
166,166,5.496636615284795e-05,5.6915181056339e-05,-15.506188576961662,-15.36349964578953
167,167,5.4883142774528585e-05,5.690859708058844e-05,-15.512451077675705,-15.364002068813514
168,168,5.495345924162431e-05,5.6508215876467725e-05,-15.50762021961123,-15.394664907135013
169,169,5.485759039899123e-05,5.67334877575233e-05,-15.515350985900902,-15.377386031811689
170,170,5.501836655930299e-05,5.647665564442592e-05,-15.503321558897712,-15.397091149656747
171,171,5.4852059771085985e-05,5.6604654099302075e-05,-15.517254610062581,-15.387259454832613
172,172,5.483863109119054e-05,5.641781076280351e-05,-15.518076183170887,-15.40161856548227
173,173,5.476088358356963e-05,5.6522508537837944e-05,-15.52317532172002,-15.393566582050388
174,174,5.465246750205064e-05,5.641168249176668e-05,-15.533272051141601,-15.402090334737053
175,175,5.473871137790824e-05,5.636352273684583e-05,-15.522955044007647,-15.405799575086643
176,176,5.460654338281698e-05,5.619553963984608e-05,-15.535410207185837,-15.418762402726136
177,177,5.45566687186383e-05,5.620783313612552e-05,-15.53756939017662,-15.417812431655538
178,178,5.451427831448922e-05,5.6012919230852276e-05,-15.543351933598341,-15.432898789008117
179,179,5.424411083180361e-05,5.560292495494267e-05,-15.562682246817268,-15.464804483720723
180,180,5.4231779921389444e-05,5.604445361409729e-05,-15.56272248103538,-15.430454468095116
181,181,5.403815678797288e-05,5.583807796938345e-05,-15.578377090366185,-15.44647625524663
182,182,5.417074161292457e-05,5.544746110038097e-05,-15.571151621009383,-15.476964214213751
183,183,5.3852238068561134e-05,5.544267256290799e-05,-15.59474195756729,-15.477339294544795
184,184,5.382168377220352e-05,5.5435473194321326e-05,-15.597906616441755,-15.477903273322294
185,185,5.37132964944755e-05,5.517363388207741e-05,-15.605453652855314,-15.498464976399847
186,186,5.37341832559551e-05,5.5431520051665995e-05,-15.60459756631042,-15.478212982820468
187,187,5.3693189385608706e-05,5.530562434854035e-05,-15.609281407552338,-15.488087868616985
188,188,5.359448633245529e-05,5.510269961393389e-05,-15.616951429564734,-15.504052098224584
189,189,5.362620058147832e-05,5.5327883034662685e-05,-15.612529982732813,-15.486340328488062
190,190,5.348808010295994e-05,5.543593770677322e-05,-15.622831652796963,-15.477866882481228
191,191,5.3270532870809215e-05,5.482585344763816e-05,-15.642143254652186,-15.525926854727821
192,192,5.323385045540845e-05,5.519141325892537e-05,-15.646672449800562,-15.497065713585474
193,193,5.3210124532756944e-05,5.499693954908779e-05,-15.645557695329543,-15.512395636322399
194,194,5.332942615946054e-05,5.503080913178181e-05,-15.636589962019345,-15.509721879291224
195,195,5.31368934820627e-05,5.5073556531600555e-05,-15.653672668478368,-15.506349631392073
196,196,5.308936921472796e-05,5.4680311510118805e-05,-15.656978808544695,-15.537471062780831
197,197,5.319548995664929e-05,5.448264461225144e-05,-15.64655753344063,-15.5531990606058
198,198,5.2922091011159586e-05,5.4402554317340745e-05,-15.671915862795437,-15.559587950877116
199,199,5.291231377434331e-05,5.429572296347224e-05,-15.671069976962134,-15.568124660672106
200,200,5.289886851726609e-05,5.476040831509683e-05,-15.673003561156486,-15.531114085837249
201,201,5.286521605064747e-05,5.423123500230232e-05,-15.675839370309406,-15.573285916364982
202,202,5.264889279208818e-05,5.4181607418669096e-05,-15.694545884503711,-15.57726201121616
203,203,5.261301643277528e-05,5.434890198031146e-05,-15.696885613724625,-15.563873119388273
204,204,5.254924131410926e-05,5.421986306349649e-05,-15.700518345641433,-15.574196699266789
205,205,5.253446868233162e-05,5.4163732114064166e-05,-15.701378123741833,-15.57869504862343
206,206,5.255111667343185e-05,5.398642660063495e-05,-15.70109424632687,-15.592935041610382
207,207,5.236529760463547e-05,5.409724690252915e-05,-15.717533324630747,-15.584029226161821
208,208,5.221100274735063e-05,5.3972093921497855e-05,-15.729072101668615,-15.594088188850003
209,209,5.2268527218347086e-05,5.3827242242589e-05,-15.724997785072443,-15.605759563636699
210,210,5.236375476407684e-05,5.386052094093573e-05,-15.716532588348704,-15.603075367198826
211,211,5.201438694505847e-05,5.366235889500546e-05,-15.745470221427551,-15.619083268147616
212,212,5.201642556336814e-05,5.356963772914911e-05,-15.745392656303308,-15.626593769115711
213,213,5.2102422131676724e-05,5.397474505068538e-05,-15.738307321852332,-15.593874867035646
214,214,5.187622806148546e-05,5.333090858154097e-05,-15.758977678114334,-15.64599103646515
215,215,5.1990752159401815e-05,5.3503662983482505e-05,-15.748464353397635,-15.631945704924792
216,216,5.164457248498628e-05,5.3072539518133886e-05,-15.774892241320996,-15.667082172338993
217,217,5.162250930617429e-05,5.311288814961077e-05,-15.78044657089471,-15.663781683895143
218,218,5.158316055234742e-05,5.310547682089045e-05,-15.782975548627379,-15.664387737127639
219,219,5.179601370419385e-05,5.312863925753749e-05,-15.764332092873058,-15.662493935220308
220,220,5.163541081668713e-05,5.327161718588812e-05,-15.77751400539601,-15.650822053071227
221,221,5.166921607841565e-05,5.3058824529503714e-05,-15.774629927291395,-15.668204619782886
222,222,5.144040907682736e-05,5.272266284201147e-05,-15.794797052857618,-15.695807494538393
223,223,5.134538833331557e-05,5.2779680500909885e-05,-15.802194700795278,-15.691113294152537
224,224,5.142233563561866e-05,5.313557018158271e-05,-15.795135624953538,-15.661927411065564
225,225,5.124341203685917e-05,5.289667617609283e-05,-15.809409403880267,-15.681497028320566
226,226,5.110898103142522e-05,5.279788398949773e-05,-15.82241963043721,-15.689615689095707
227,227,5.104391015471996e-05,5.274756212633005e-05,-15.830006008516335,-15.693756940083418
228,228,5.10357304031543e-05,5.215523943709406e-05,-15.827584183273725,-15.74280142801747
229,229,5.1006104841530706e-05,5.231699814382744e-05,-15.829760396159276,-15.729352693406282
230,230,5.0925056111924444e-05,5.241092807601059e-05,-15.839400954583802,-15.721562362089042
231,231,5.082365386602085e-05,5.2757313632786174e-05,-15.845729333877578,-15.692954128758211
