,epoch,train_loss,test_loss,train_dbs,test_dbs
0,0,0.00017910311958685364,0.00017021897043665186,-10.375824719219892,-10.605701269550442
1,1,0.00015646851991816933,0.00014980926981048755,-10.961570674467069,-11.160393991126995
2,2,0.0001392783618114466,0.00013760802501469458,-11.469656637469342,-11.529343245361314
3,3,0.00013329536631852197,0.00013439859972813313,-11.656838855645246,-11.631833424129772
4,4,0.00012832578277928254,0.00012716565910714532,-11.822795133245396,-11.872082397469807
5,5,0.00012006164608240012,0.00011863613096801074,-12.115437799273215,-12.173611115462599
6,6,0.00011431540965016201,0.00011431131210165883,-12.325387502583169,-12.334888765778997
7,7,0.00010930280404863879,0.00010944123335464515,-12.521815870427597,-12.523971076161244
8,8,0.00010604529856696975,0.00010674364296535619,-12.651754070438823,-12.63236065930797
9,9,0.00010402015833119315,0.00010485722726259969,-12.736830305870871,-12.709797168379458
10,10,0.00010152983019541297,0.00010315503191362183,-12.841700266994248,-12.780876685701374
11,11,9.979058018664724e-05,0.00010114143630122079,-12.917298352191999,-12.86648969607314
12,12,9.84091486466194e-05,9.999844386536432e-05,-12.977663797006745,-12.915848445872978
13,13,9.819122253960363e-05,0.00010134127047709434,-12.988153352106034,-12.857917417537797
14,14,9.790826519860013e-05,9.927261386397539e-05,-12.999829281603652,-12.947486292538649
15,15,9.689004008643828e-05,9.912466952013539e-05,-13.04353665922571,-12.953963339297744
16,16,9.668837356940392e-05,9.856340214977728e-05,-13.054924192250928,-12.978624005438908
17,17,9.585970995609274e-05,9.838061209608752e-05,-13.088593264479737,-12.986685660398367
18,18,9.563206219457609e-05,9.857254879438857e-05,-13.101040738416405,-12.978221000581962
19,19,9.537151555312298e-05,9.696620959163595e-05,-13.112984387185929,-13.049576669537617
20,20,9.486971570949368e-05,9.733944975060264e-05,-13.135267971484224,-13.032891994332383
21,21,9.451410185591289e-05,9.617627687188552e-05,-13.151334914548652,-13.085101254562819
22,22,9.407158996537808e-05,9.598416478471144e-05,-13.173502755438003,-13.093784961411579
23,23,9.403295793088114e-05,9.644765975137584e-05,-13.174951725000945,-13.072863921332786
24,24,9.353324291164285e-05,9.632193694797982e-05,-13.196902386635404,-13.078528790528008
25,25,9.35202947074845e-05,9.580943917267417e-05,-13.198975501423252,-13.101697883279853
26,26,9.340821285600073e-05,9.50252019959551e-05,-13.20342057070786,-13.137392848679205
27,27,9.264523756315874e-05,9.468709973397811e-05,-13.239368863737575,-13.152872720128352
28,28,9.241448911855036e-05,9.452651820059768e-05,-13.248806927944472,-13.160244249867851
29,29,9.190287093269475e-05,9.45269574386705e-05,-13.274500490973011,-13.16022406947491
30,30,9.154053199400204e-05,9.365557956411259e-05,-13.291595299459562,-13.200444305992693
31,31,9.095851831815023e-05,9.235134922690984e-05,-13.318739409178447,-13.261348415865603
32,32,9.06469804905691e-05,9.298334273472919e-05,-13.33345766417512,-13.231729313903173
33,33,9.081469311381297e-05,9.366039471627261e-05,-13.32385267865174,-13.20022102615539
34,34,9.11359489954211e-05,9.323749729542454e-05,-13.309666149214824,-13.219874787656185
35,35,8.981335984984624e-05,9.274881104877415e-05,-13.37477378963732,-13.24269735245803
36,36,8.969498872060867e-05,9.197556669517469e-05,-13.38065094815111,-13.279056139689835
37,37,8.882634492036551e-05,9.114109860475812e-05,-13.420284714565547,-13.31863827112057
38,38,8.830695601177795e-05,9.040046432729516e-05,-13.447755512949477,-13.354074251637334
39,39,8.819796389194456e-05,9.018808869816559e-05,-13.45296168658451,-13.364289030458787
40,40,8.837477101214691e-05,9.14664101161945e-05,-13.445070136650157,-13.303164521463067
41,41,8.822929334032263e-05,8.996543635332368e-05,-13.45177526440362,-13.375023956012246
42,42,8.769760138748847e-05,8.911842221430944e-05,-13.476667932465595,-13.416105973411678
43,43,8.68601136127986e-05,8.859231418586875e-05,-13.520887127008855,-13.441820399650954
44,44,8.629553133115346e-05,8.862417675309668e-05,-13.547256740654262,-13.440258723623836
45,45,8.633045622774102e-05,8.832281501351022e-05,-13.546108535999613,-13.455051839437397
46,46,8.629858730836128e-05,8.876785815166506e-05,-13.548195875551205,-13.433223452594943
47,47,8.54327617790406e-05,8.824156209716181e-05,-13.589610377361192,-13.45904898725137
48,48,8.549697855583479e-05,8.766331608823843e-05,-13.58713652679862,-13.487601914041212
49,49,8.546819858050175e-05,8.755890916003601e-05,-13.58926256130194,-13.492777439930443
50,50,8.499491820291895e-05,8.714592312523899e-05,-13.61529494556738,-13.513310116417664
51,51,8.468399058064907e-05,8.682569444461383e-05,-13.630038875273868,-13.5292982078033
52,52,8.50113304379905e-05,8.959649130702019e-05,-13.6122136216998,-13.392870837621228
53,53,8.614804526999804e-05,8.861698810697387e-05,-13.556069168778409,-13.440611010785533
54,54,8.566187890894595e-05,8.84491241059119e-05,-13.578773982035713,-13.448845497927193
55,55,8.478591493276889e-05,8.82501645767326e-05,-13.625125968948122,-13.458625623563831
56,56,8.494005575728094e-05,8.71080460216801e-05,-13.615566658029806,-13.515198144266407
57,57,8.439612740647172e-05,9.490764626350842e-05,-13.644015106186561,-13.1427688342346
58,58,8.617577034399182e-05,8.769638723032058e-05,-13.551361629563756,-13.48596383933933
59,59,8.49550218770242e-05,8.684191063941016e-05,-13.612840973839493,-13.528487163747666
60,60,8.426211986927191e-05,8.629442929400524e-05,-13.651407734438589,-13.555953254325988
61,61,8.385460113430847e-05,8.560998493952579e-05,-13.672599292223333,-13.59053665678222
62,62,8.335912691071611e-05,8.538419627400704e-05,-13.69679607955038,-13.602005915888736
63,63,8.28897425083962e-05,8.560354992943375e-05,-13.720579825170038,-13.590863113376603
64,64,8.294757211955322e-05,8.467943208463686e-05,-13.720767600218544,-13.638001496320618
65,65,8.269165426231056e-05,8.764983603645018e-05,-13.731953022497992,-13.488269783171168
66,66,8.21845170162071e-05,8.469188277989528e-05,-13.759413546487513,-13.637362985807705
67,67,8.207776720399161e-05,8.410348451242929e-05,-13.766025359636254,-13.667640967942678
68,68,8.160594201793164e-05,8.344769019841854e-05,-13.789403721461023,-13.7016376625884
69,69,8.14524333391185e-05,8.25999243380992e-05,-13.797007351560293,-13.74598436822987
70,70,8.05358942352072e-05,9.018955537804256e-05,-13.84685028547973,-13.364218404081495
71,71,8.061586829837287e-05,8.840424025517055e-05,-13.844219373323819,-13.451049901467094
72,72,8.057845026115436e-05,8.477671010615795e-05,-13.84387463265827,-13.633015272504627
73,73,8.011315704729005e-05,8.866461805729686e-05,-13.870283461558852,-13.438277387400246
74,74,8.026363191431264e-05,9.38668615019292e-05,-13.861557225033582,-13.190657891308044
75,75,7.97452492256572e-05,9.682022439511983e-05,-13.891717932581944,-13.056120014804423
76,76,7.949397245424406e-05,9.548559395816962e-05,-13.903869277663459,-13.116402324028565
77,77,7.942172504551036e-05,8.138667257490421e-05,-13.907158060355593,-13.81024793245276
78,78,7.898064996907968e-05,8.176593607794003e-05,-13.931256304537225,-13.79005673298577
79,79,7.921599996931486e-05,8.108564591231315e-05,-13.91896235189189,-13.826341057642622
80,80,7.875064742264156e-05,8.088135616976375e-05,-13.945761295788241,-13.837296616961135
81,81,7.819634558154107e-05,9.870038239138299e-05,-13.973353710394411,-12.972592510832905
82,82,7.827616602448823e-05,9.198353271992681e-05,-13.96826912295686,-13.278680012539212
83,83,7.898970624850823e-05,8.097174807182072e-05,-13.932053336077288,-13.832445711130514
84,84,7.80429558683854e-05,8.038577078351457e-05,-13.984080585220024,-13.863989059513727
85,85,7.800796046251787e-05,8.076692182313357e-05,-13.98456006770176,-13.843445548975865
86,86,7.783976931379359e-05,7.903925602716442e-05,-13.99359157718087,-13.937352426128859
87,87,7.772698960796278e-05,7.957076128437428e-05,-14.001554463732289,-13.908245731829382
88,88,7.705103566830488e-05,7.932685739912191e-05,-14.04303258605443,-13.921578366459173
89,89,7.727178604703291e-05,7.877976704070246e-05,-14.025504265250525,-13.951633941031123
90,90,7.694800893359664e-05,7.826811557415088e-05,-14.045302294079622,-13.97993208692975
91,91,7.652550221351215e-05,8.78929303756817e-05,-14.071640587869542,-13.476241421108144
92,92,7.634946236929366e-05,7.830577325014594e-05,-14.080414378685953,-13.977843038580232
93,93,7.705711968154311e-05,8.023507957420263e-05,-14.040384930222327,-13.872137986596446
94,94,7.7185659261586e-05,7.936411259977736e-05,-14.03121056049855,-13.91953921724177
95,95,7.66877812341206e-05,7.935129236246116e-05,-14.060254402298632,-13.920240820005102
96,96,7.660955475096005e-05,7.875314086528593e-05,-14.062289591071135,-13.95310202808943
97,97,7.632610159470056e-05,7.793891716956798e-05,-14.079507193499483,-13.998237186221282
98,98,7.62201670272823e-05,7.874758548017493e-05,-14.08739352326558,-13.953408397863784
99,99,7.653776205207231e-05,7.877989609321383e-05,-14.06964471555537,-13.951626826672987
100,100,7.628588838960025e-05,7.846004308176864e-05,-14.084180042251955,-13.969295440667256
101,101,7.592516550110154e-05,7.816162197789374e-05,-14.103142619320908,-13.985845232228227
102,102,7.570997402900062e-05,7.795282688580061e-05,-14.115513945505185,-13.997462172373394
103,103,7.587691933875568e-05,7.818908144192966e-05,-14.10742145288163,-13.984319752192821
104,104,7.588915899966018e-05,7.79109365171998e-05,-14.104762046401806,-13.999796615732013
105,105,7.545135281595987e-05,7.717240920388384e-05,-14.129610617258754,-14.041160278607187
106,106,7.552320315993449e-05,7.751695643252645e-05,-14.128212423839777,-14.02181373762291
107,107,7.56712331926839e-05,7.85020988826689e-05,-14.117431964339602,-13.966968178504356
108,108,7.556155488253859e-05,7.660750193999295e-05,-14.125383360663042,-14.073067854731702
109,109,7.520276518597402e-05,7.639368835187174e-05,-14.14431901051773,-14.085206076891614
110,110,7.48590494733491e-05,7.671368994603032e-05,-14.166181911347767,-14.067052134155473
111,111,7.484269529591871e-05,7.635207293787971e-05,-14.164916547081718,-14.087572537990559
112,112,7.474133044243646e-05,7.644832083698068e-05,-14.174141763357127,-14.08210135614738
113,113,7.451089463897587e-05,7.600872624224346e-05,-14.18550619184643,-14.107146316615077
114,114,7.441819638863552e-05,7.583683633895002e-05,-14.190698184040231,-14.116978789439834
115,115,7.494229843003493e-05,7.646700702791445e-05,-14.159177972978178,-14.081039943957505
116,116,7.411453407257795e-05,7.644092999582522e-05,-14.2074023767187,-14.082521241981794
117,117,7.420893699727646e-05,7.783344220737682e-05,-14.20467378171988,-14.004118486503605
118,118,7.445022406641e-05,7.609768133414419e-05,-14.18835669403369,-14.102066621345223
119,119,7.407561197490479e-05,7.558745787001068e-05,-14.207073370135316,-14.131283467754061
120,120,7.397042225551858e-05,7.677604566867415e-05,-14.217339640601267,-14.063523462008028
121,121,7.399476453429088e-05,7.61056308922554e-05,-14.215213070737633,-14.10161295852095
122,122,7.4125445796208e-05,9.027032999591411e-05,-14.206949833769977,-13.360330562405265
123,123,7.36448955743156e-05,7.542017709439326e-05,-14.235001999078843,-14.140905384886025
124,124,7.378516617331884e-05,7.53288255318215e-05,-14.228256790166112,-14.146168900226526
125,125,7.348611287637038e-05,0.00011579139046309712,-14.244537295204447,-12.279018172073624
126,126,7.353828880592662e-05,0.00014521897958873428,-14.245004727738259,-11.29554705556173
127,127,8.730335572444037e-05,7.745746782012774e-05,-13.496108005846374,-14.025147910663962
128,128,7.511836797816286e-05,7.742955648082945e-05,-14.149393903500192,-14.02671314710978
129,129,7.503099351600485e-05,7.694165220815002e-05,-14.156406627508995,-14.054165784254497
130,130,7.512570008066646e-05,7.70648571472664e-05,-14.147526354319353,-14.04721708619748
131,131,7.48850125654423e-05,7.778148650877963e-05,-14.162429601912546,-14.00701847485675
132,132,7.497052820795456e-05,7.673019985974718e-05,-14.15866321120555,-14.066117569154459
133,133,7.503270966687345e-05,7.70425896534059e-05,-14.154073926217539,-14.04847213908136
134,134,7.458608907307786e-05,7.630175930803249e-05,-14.182436002041037,-14.090435346251173
135,135,7.480460427012582e-05,7.696255411964988e-05,-14.167890799065539,-14.052986143346944
136,136,7.47174169200943e-05,7.656816083717306e-05,-14.17217638859743,-14.075298708371577
137,137,7.442610580462137e-05,7.64726658082126e-05,-14.190990102835029,-14.080718565336333
138,138,7.482841656664531e-05,7.635748816507035e-05,-14.167601376012886,-14.08726452803085
139,139,7.435762066605319e-05,7.603891763689095e-05,-14.193309066622767,-14.105421599817873
140,140,7.430468702427178e-05,7.685054994286283e-05,-14.19886350304568,-14.059311066678132
141,141,7.483141726157723e-05,7.690365907221444e-05,-14.167987472059039,-14.056310823253105
142,142,7.426125090749282e-05,7.650869481853748e-05,-14.19795578943209,-14.07867293041745
143,143,7.408895210564598e-05,7.685297858092541e-05,-14.210797567584383,-14.059173822709912
144,144,7.448648522636787e-05,7.586263841643047e-05,-14.187570815038367,-14.115501434294405
145,145,7.464719185252798e-05,7.622340528637563e-05,-14.17501921976531,-14.094897393195938
146,146,7.432745968396103e-05,7.572692725501072e-05,-14.196151743768631,-14.123277513607285
147,147,7.399282534156696e-05,7.604706824119938e-05,-14.217189063173985,-14.10495610492585
148,148,7.345585153106907e-05,7.649567621564002e-05,-14.24889893693755,-14.07941198216818
149,149,7.391391844385467e-05,7.609951985374976e-05,-14.220021511070833,-14.101961697087301
150,150,7.368103349305325e-05,7.544639313556744e-05,-14.235161770092517,-14.139396040288803
151,151,7.348117831441545e-05,7.498606589108117e-05,-14.244156981154855,-14.165975171872578
152,152,7.345113142233909e-05,7.585639104945585e-05,-14.248498265162475,-14.115859095032754
153,153,7.360957650084903e-05,7.526663141202574e-05,-14.237641346864415,-14.14975606880623
154,154,7.353781294329668e-05,7.621778058819473e-05,-14.243293754545228,-14.095217880781943
155,155,7.330211527230334e-05,7.575647645066248e-05,-14.256735406756565,-14.121583195620618
156,156,7.362592336481687e-05,7.501367164015966e-05,-14.23816556730593,-14.164376632458273
157,157,7.289545142485462e-05,7.461634729559974e-05,-14.280458279586107,-14.187441011807127
158,158,7.299009704399498e-05,7.503001305801598e-05,-14.274701932580067,-14.163430642942778
159,159,7.280304890093586e-05,7.424946057941078e-05,-14.284325612315293,-14.208847834663715
160,160,7.335291030761527e-05,8.424442019436116e-05,-14.252697833092522,-13.66036940690103
161,161,7.2958116659945e-05,7.485741623799855e-05,-14.276431105676672,-14.173432533029281
162,162,7.280907133106891e-05,0.00012405483836406156,-14.28677297207319,-11.979643791155523
163,163,7.306485537069936e-05,0.00014220802212979548,-14.27284169731865,-11.386539901560955
164,164,7.298796792627437e-05,0.00010844208162253428,-14.275488827169344,-12.563802407493348
165,165,7.442640558157606e-05,7.536534700959332e-05,-14.190904952521606,-14.14406383188708
166,166,7.330592783658823e-05,7.591799237017862e-05,-14.255767892348825,-14.112333715514271
167,167,7.32875807218604e-05,7.587439559804472e-05,-14.256536946497837,-14.11482841743452
168,168,7.344052258857344e-05,7.540180568436259e-05,-14.24821299237478,-14.141963400686315
169,169,7.290684114889597e-05,7.539366733429855e-05,-14.280035441717967,-14.142432173449485
170,170,7.326896998493634e-05,7.479382321961518e-05,-14.259197620919238,-14.17712352800319
171,171,7.313508156341376e-05,7.470218329935481e-05,-14.267926515122495,-14.182447913263072
172,172,7.329584399691888e-05,7.527137954878669e-05,-14.258148734185866,-14.14948210615957
173,173,7.312037047723635e-05,7.540239695165503e-05,-14.26749596003663,-14.14192934538574
174,174,7.333903985707685e-05,7.546668654724367e-05,-14.256017598383366,-14.138228041228466
175,175,7.313782358680103e-05,7.522615717454373e-05,-14.264480411346312,-14.152092092822606
176,176,7.35334514567662e-05,7.442283822456375e-05,-14.24300756069094,-14.198718578667178
177,177,7.345308625462138e-05,7.472082889810401e-05,-14.24594734926539,-14.181364053344645
178,178,7.317525130029306e-05,7.521350619897835e-05,-14.264812378528294,-14.152822518399011
179,179,7.300876358826405e-05,7.415088628859896e-05,-14.27245825653282,-14.214617400268768
180,180,7.306731963252947e-05,7.423543138429523e-05,-14.268029304118352,-14.209668497555647
181,181,7.303223762776434e-05,7.506629174857058e-05,-14.270236289390459,-14.161331239437054
182,182,7.276439691381289e-05,7.4258748913723e-05,-14.289610091690667,-14.208304582225766
183,183,7.285447041870134e-05,7.381159613080519e-05,-14.282217471581049,-14.234534895454726
184,184,7.27156497980348e-05,7.490423128106876e-05,-14.291200524771583,-14.170717349819896
185,185,7.252482115741118e-05,7.411037911783511e-05,-14.301405054889099,-14.216990513857102
186,186,7.241029210884325e-05,7.416819617470824e-05,-14.30910109281329,-14.21360369550079
187,187,7.202069060702943e-05,7.414621857031689e-05,-14.333900611502754,-14.214890792563997
188,188,7.206275846872758e-05,7.421482472349645e-05,-14.33104373477457,-14.210874202330768
189,189,7.186174885064997e-05,7.335318744145824e-05,-14.341322444168371,-14.261590961899998
190,190,7.216662561404519e-05,0.00011453129876539798,-14.322037760041422,-12.326539007556834
191,191,7.216062853724897e-05,0.00011493027590117173,-14.324010592010163,-12.311436370582303
192,192,7.253273807438426e-05,0.00012715750007804386,-14.303210530554455,-11.872361052495092
193,193,7.167517349481601e-05,7.358142848763811e-05,-14.351812920196494,-14.248098714889535
194,194,7.147304487946328e-05,0.00014847088268173762,-14.36483622555259,-11.199367958433239
195,195,7.128768888411362e-05,0.00011672842466443973,-14.37748892401396,-12.244014618869324
196,196,7.128374719033353e-05,0.00012064839163366215,-14.377149248301183,-12.100565496336667
197,197,7.187779473750517e-05,0.00012024761465574174,-14.339358224807931,-12.115016162684661
198,198,7.160660592039817e-05,0.00015363326996234,-14.358754924942755,-11.0509281206172
199,199,7.113252638763575e-05,0.00021375416729011034,-14.385955170269437,-9.616634959641067
200,200,7.586852355875776e-05,7.421952882156659e-05,-14.106851063407657,-14.210598934000211
201,201,7.20039859834756e-05,7.359692359674035e-05,-14.333974097698675,-14.247184254262796
202,202,7.205467769268842e-05,7.347801262145175e-05,-14.331816509625693,-14.254206850088577
203,203,7.18377036859819e-05,7.381046069847224e-05,-14.344293215210273,-14.234601702815004
204,204,7.245881246977736e-05,7.362786173440614e-05,-14.30527072707559,-14.245358982432899
205,205,7.133467934369205e-05,7.366064222112887e-05,-14.3728144328053,-14.243425853322274
206,206,7.178525584563853e-05,7.414994271177995e-05,-14.34656120975369,-14.214672664990957
207,207,7.156583700465883e-05,7.397735814600692e-05,-14.360911535660605,-14.224792684468586
208,208,7.178698636089768e-05,7.324472780486471e-05,-14.346235224708161,-14.268017169284594
209,209,7.166484617310115e-05,7.388035316436894e-05,-14.354338685623926,-14.230491235313663
210,210,7.166212894047668e-05,7.35350128563464e-05,-14.353943330364498,-14.25083913642621
211,211,7.16234648017544e-05,7.343620841550689e-05,-14.3561518000975,-14.25667840611958
212,212,7.143037997668648e-05,7.435121369780973e-05,-14.367968105248439,-14.202900240555055
213,213,7.190248764992557e-05,7.31871646406178e-05,-14.33944729220274,-14.27143163937899
214,214,7.144404321245263e-05,7.337235422853969e-05,-14.369001341889076,-14.260456322379449
215,215,7.145711184496099e-05,7.379335032677965e-05,-14.367270769361248,-14.235608579262308
216,216,7.163896461673917e-05,7.315987903367434e-05,-14.353646103538747,-14.273051076078323
217,217,7.177415453455622e-05,7.344965668284873e-05,-14.349156829107395,-14.255883161688113
218,218,7.145938790702145e-05,7.358126688479005e-05,-14.367462112546141,-14.248108253071068
219,219,7.139492952342855e-05,7.304280619504617e-05,-14.370621771653976,-14.280006365385727
220,220,7.136030601650793e-05,7.231090364113793e-05,-14.372423334323363,-14.323742975514477
221,221,7.221374242775353e-05,7.375500641309803e-05,-14.320750126484633,-14.237865812195201
222,222,7.18502592134587e-05,7.338584691751748e-05,-14.343557796440694,-14.25965775707409
223,223,7.15557901073516e-05,7.395615179312269e-05,-14.360761314324865,-14.226037811702541
224,224,7.119492526266954e-05,7.267766915519085e-05,-14.382163227306396,-14.301770957225584
225,225,7.138673859539192e-05,7.321339140425583e-05,-14.369614388217617,-14.269875615391687
226,226,7.149378334642533e-05,7.32583070394436e-05,-14.36470905578359,-14.267212081981217
227,227,7.091464888701724e-05,7.26545067185438e-05,-14.402085794677667,-14.303155278137032
228,228,7.114379793362328e-05,7.226758201508538e-05,-14.384957071261672,-14.326345623290099
229,229,7.101348650788158e-05,7.22095738685886e-05,-14.392573633813635,-14.329833042339652
230,230,7.111723382492819e-05,7.253463531685013e-05,-14.388967556817875,-14.31032654444422
231,231,7.037914632015487e-05,7.260320164373537e-05,-14.431948233093376,-14.30622313760703
232,232,7.093844336869205e-05,7.321880012137913e-05,-14.399156805869957,-14.26955478757679
233,233,7.112436373832098e-05,7.215783912933578e-05,-14.383686969122856,-14.33294567174478
234,234,7.091450363039952e-05,0.00010603175752820741,-14.399360234298268,-12.66142126217645
235,235,7.036231763027224e-05,0.0002384534587020569,-14.431686913566772,-9.141744601898713
236,236,7.051062107400623e-05,0.0001222363992526784,-14.42432168494224,-12.043775380259298
237,237,7.108226268475434e-05,9.479310813874595e-05,-14.389120815229601,-13.148013228939654
238,238,7.096599066928845e-05,0.00019526036014308614,-14.39816567828939,-10.009640003285432
239,239,7.01018714645431e-05,0.0001388013923516203,-14.45077656479388,-11.491842636701719
240,240,7.030910217640057e-05,0.00022735588955631676,-14.435912410761185,-9.348718774296643
241,241,7.026131777482865e-05,0.00022732823479026067,-14.441588996080716,-9.349247066870243
242,242,8.169269956139483e-05,7.421861090207178e-05,-13.785607361681114,-14.210652646256666
243,243,7.261367230142044e-05,7.350320887972454e-05,-14.30025553416547,-14.25271787130232
244,244,7.12940819755307e-05,7.315798192346272e-05,-14.375555331786686,-14.273163694523006
245,245,7.128460969135031e-05,7.30532674903148e-05,-14.375283086369326,-14.279384407149356
246,246,7.142952205127192e-05,7.405131672337455e-05,-14.370778492826961,-14.22045301112609
247,247,7.128752307479088e-05,7.28568353990436e-05,-14.377750007305973,-14.291077829764623
248,248,7.102841632284665e-05,7.273823077986507e-05,-14.394012375388554,-14.298153528740318
249,249,7.137566117495394e-05,7.307332500778629e-05,-14.370989724746755,-14.278192171148456
250,250,7.170771341500852e-05,7.330787392627252e-05,-14.351596028066304,-14.26427462040396
251,251,7.124594622771688e-05,7.29088898974863e-05,-14.380202324805014,-14.287976005608506
252,252,7.110547996546171e-05,7.267235425962626e-05,-14.387802010935495,-14.302088567056305
253,253,7.082629134547272e-05,7.268030822160654e-05,-14.404632375308605,-14.30161325938161
254,254,7.097009325924464e-05,7.286591311353014e-05,-14.397160669515884,-14.290536747283657
255,255,7.12359723150154e-05,7.276471335085501e-05,-14.38078147367599,-14.296572635014318
256,256,7.092381029278185e-05,7.273270717920049e-05,-14.399464302944239,-14.298483336098911
257,257,7.04243346300461e-05,7.294540563108105e-05,-14.429690475716972,-14.285801426947424
258,258,7.098804777230078e-05,7.208013151907117e-05,-14.39481599737196,-14.337625159323977
259,259,7.078321572614008e-05,7.240698821413772e-05,-14.406706748603025,-14.317976030536691
260,260,7.119641762158411e-05,7.279968581554528e-05,-14.385158172448861,-14.294485813124796
261,261,7.048436289307537e-05,7.209465011807257e-05,-14.425794129916126,-14.336750478276294
262,262,7.084680272004634e-05,7.261811429328334e-05,-14.40298596492783,-14.305331191216073
263,263,7.114189902120078e-05,7.367126894869695e-05,-14.387400696475073,-14.242799359154803
264,264,7.053595340808316e-05,7.223229936483364e-05,-14.42163371789427,-14.328466463870647
265,265,7.024572599774044e-05,7.230738265207037e-05,-14.441284645609722,-14.323954448926642
266,266,7.042972090145209e-05,7.248217776865012e-05,-14.4302075568399,-14.313468528359932
267,267,7.072254747888026e-05,7.326427370763237e-05,-14.411572472308187,-14.266858376626324
268,268,7.054784464813078e-05,7.229809661542899e-05,-14.423172941472952,-14.324512225090874
269,269,7.03634864341026e-05,7.191483095276023e-05,-14.432130121855591,-14.347596224159428
270,270,7.069710338009358e-05,7.199434644701939e-05,-14.412637597325897,-14.342796927197156
271,271,7.05040598854653e-05,7.180328745897369e-05,-14.425997666594643,-14.354337577874038
272,272,7.058283281554563e-05,7.152310488316671e-05,-14.418624328799499,-14.371317270115105
273,273,7.025663460846078e-05,7.15747569062698e-05,-14.441139951674167,-14.368182046526643
274,274,7.017162423244841e-05,7.168384304110844e-05,-14.445056475991215,-14.361568060966757
275,275,7.031748070412785e-05,7.209337223014843e-05,-14.43651644560877,-14.336827458272959
276,276,7.022640431724662e-05,7.178887838228165e-05,-14.44140986298036,-14.355209182878532
277,277,6.970723357487269e-05,7.165371138590242e-05,-14.473697451435257,-14.363393962326892
278,278,7.002438581638643e-05,7.352323748483813e-05,-14.45642216046398,-14.25153464026465
279,279,6.975714514390853e-05,7.222644987785698e-05,-14.470522396140293,-14.328818176720253
280,280,7.054269837081126e-05,7.240080135249484e-05,-14.421091968406664,-14.318347132102634
281,281,7.033778347624658e-05,7.204685741606609e-05,-14.435499127187136,-14.339630440873101
282,282,6.983520971825971e-05,7.209225958305117e-05,-14.46639998222767,-14.336894485269834
283,283,7.007762309813094e-05,7.146037157661722e-05,-14.450607218219522,-14.37512816229492
284,284,7.093005197677166e-05,7.276344350477877e-05,-14.398485920302361,-14.29664842614034
285,285,7.028139675499333e-05,7.248498188442012e-05,-14.437361740492564,-14.313300516237932
