,epoch,train_loss,test_loss,train_dbs,test_dbs
0,0,0.00012186428745932513,0.00011201008677936013,-12.048091687898436,-12.423209526276151
1,1,9.72774150702123e-05,8.74264963050863e-05,-13.025720202331392,-13.499350123299209
2,2,7.698955922717584e-05,7.298208449930443e-05,-14.04417480468297,-14.283618228923105
3,3,6.774055757127779e-05,6.802098735198869e-05,-14.596501710814223,-14.589351547263307
4,4,6.458757958433725e-05,6.547544035129249e-05,-14.804444257462187,-14.754996583983132
5,5,6.295762946091102e-05,6.440496949117484e-05,-14.918997061000178,-14.82658707487789
6,6,6.24194399654126e-05,6.419992458081412e-05,-14.953236594356982,-14.840435684483445
7,7,6.127088242474482e-05,6.358646772385232e-05,-15.035587554074475,-14.882133860595705
8,8,6.0281504796801095e-05,6.140580999750742e-05,-15.104827412305495,-15.033686218563478
9,9,5.83835058445327e-05,5.918330230327372e-05,-15.24510370888419,-15.193788921122906
10,10,5.548311482644496e-05,5.647879439301936e-05,-15.466028521318442,-15.396926687169614
11,11,5.454481873402046e-05,5.540894677611313e-05,-15.540658800352576,-15.47998191242302
12,12,5.3454688220637726e-05,5.5022443312306057e-05,-15.62816053544821,-15.510382146781957
13,13,5.2927420650111975e-05,5.4222661435089415e-05,-15.67207272775651,-15.573972558903584
14,14,5.2206030342915126e-05,5.370713188312948e-05,-15.730816122300336,-15.615461259201362
15,15,5.147786319379445e-05,5.311503666330521e-05,-15.790122901306784,-15.66360600736874
16,16,5.138230147908355e-05,5.256561187132703e-05,-15.80053121119761,-15.708763622980413
17,17,5.080179883960452e-05,5.2120948423276115e-05,-15.846163465770974,-15.745657765388907
18,18,5.066366200893397e-05,5.2491589342121426e-05,-15.860110170436139,-15.71488363777599
19,19,5.018288551976175e-05,5.175061539232143e-05,-15.901614931388288,-15.776625677563862
20,20,5.033306368523441e-05,5.180591860583885e-05,-15.888010303618172,-15.771987074509449
21,21,5.012625992957013e-05,5.1465645810822025e-05,-15.90564801343001,-15.800606594867405
22,22,5.0091845137619215e-05,5.12952922834206e-05,-15.91041730664995,-15.815005775347641
23,23,4.956773019452176e-05,5.153606693248117e-05,-15.955762379822371,-15.794668148117989
24,24,4.938839842954209e-05,5.064237982304277e-05,-15.97031287731645,-15.870639801611663
25,25,4.9166847357932075e-05,5.055821614070354e-05,-15.99131055219373,-15.877863441135812
26,26,4.90000852222852e-05,5.035544381826185e-05,-16.00530284671866,-15.895316582618253
27,27,4.93477500921725e-05,5.067359827654926e-05,-15.97492628950051,-15.867963421681308
28,28,4.8662341551911614e-05,4.958935058216172e-05,-16.034277571693508,-15.961896654824121
29,29,4.842647055185582e-05,4.972830203386318e-05,-16.056963098415626,-15.949744557687307
30,30,4.869052780535283e-05,5.0396304447387686e-05,-16.03328479652494,-15.891793954567657
31,31,4.85972432778505e-05,4.989205397003772e-05,-16.041056839352347,-15.93546702863894
32,32,4.7670173219173484e-05,4.96361572004389e-05,-16.12452378434099,-15.95779935000878
33,33,4.769253173060523e-05,4.933046530870917e-05,-16.12091010235327,-15.984628743716643
34,34,4.8063555237304265e-05,4.9227197642291064e-05,-16.08840442948585,-15.993729729424722
35,35,4.773414371980441e-05,4.907382907204967e-05,-16.119891859170433,-16.00728140432064
36,36,4.7375463200108985e-05,4.8896775345048426e-05,-16.152798052180696,-16.022978672048342
37,37,4.709425696457458e-05,4.886070861462749e-05,-16.176023141708217,-16.026183251805996
38,38,4.707494623552211e-05,4.858412189366247e-05,-16.17980633275002,-16.050837286019874
39,39,4.8427766984983916e-05,4.9131672169192154e-05,-16.056602838381227,-16.002165409698613
40,40,4.746112151139838e-05,4.871268385230858e-05,-16.144973187432548,-16.039360284017874
41,41,4.740753498368839e-05,4.859057547659368e-05,-16.149429530618487,-16.050260437203153
42,42,4.713915607390311e-05,4.838095800981759e-05,-16.172727052683204,-16.0690362258604
43,43,4.695462224301138e-05,4.778956989818988e-05,-16.19230754850698,-16.122449644005656
44,44,4.686274227536807e-05,4.8470721115958635e-05,-16.198862824626538,-16.06098605405348
45,45,4.764014401067452e-05,4.840109900932906e-05,-16.128018239840614,-16.06722863355589
46,46,4.6874739073058496e-05,4.8694105077485895e-05,-16.198844107552997,-16.04101697747272
47,47,4.670352950831995e-05,4.8468636745574735e-05,-16.21235781153638,-16.061172816288362
48,48,4.643301984934933e-05,4.786062651730486e-05,-16.238374901540666,-16.115997069015194
49,49,4.646880269010393e-05,4.801281159559853e-05,-16.235693238884124,-16.10220947642575
50,50,4.6258849588693264e-05,4.77151778269265e-05,-16.25727626731304,-16.129215396149043
51,51,4.637994890199667e-05,4.828170399138655e-05,-16.24474936874189,-16.07795497209977
52,52,4.606467828312985e-05,4.760712564395937e-05,-16.273301327780302,-16.139061252829077
53,53,4.785557213892258e-05,4.865221604919306e-05,-16.109198316571973,-16.04475459688189
54,54,4.6548883042258654e-05,4.8056082098475217e-05,-16.227557298053636,-16.09829725444073
55,55,4.6623581867381816e-05,4.830211688194571e-05,-16.22230672696814,-16.076119218288962
56,56,4.656585359456229e-05,4.800101650241566e-05,-16.22601639164254,-16.103276519373647
57,57,4.6193225664199454e-05,4.770193960499264e-05,-16.261457396949556,-16.130420481133314
58,58,4.6418489912013554e-05,4.747588900499977e-05,-16.23830329440761,-16.151049805048835
59,59,4.768121840411884e-05,4.887882996148332e-05,-16.12125808988831,-16.02457284906643
60,60,4.7432910917253597e-05,4.8880847316468135e-05,-16.146933766160927,-16.02439360826645
61,61,4.725510110258312e-05,4.8644483238029735e-05,-16.163381300453405,-16.045444921887672
62,62,4.686309574063887e-05,4.858042455835905e-05,-16.198017908345644,-16.051167804172724
63,63,4.6740885231087045e-05,4.792809953582228e-05,-16.208618397596226,-16.109878778132053
64,64,4.6604092652338184e-05,4.7872063556784074e-05,-16.224563817460997,-16.114959378931502
65,65,4.6367621066987266e-05,4.769278491853344e-05,-16.24442167816689,-16.131254034528396
66,66,4.641818559696159e-05,4.809329498369296e-05,-16.240432012104407,-16.094935537079028
67,67,4.653368829242458e-05,4.7619419523183946e-05,-16.230605932171663,-16.13793989240826
68,68,4.602376681112819e-05,4.8236700470289706e-05,-16.27679993991313,-16.082004931774087
69,69,4.613049614564852e-05,4.768130632950679e-05,-16.266166726779616,-16.132299410234346
70,70,4.576966867463534e-05,4.800580810344974e-05,-16.300967452159526,-16.102843015630793
71,71,4.5936280884299925e-05,4.7378295628157885e-05,-16.286866426626286,-16.159986528326257
72,72,4.593951954805177e-05,4.7617830875280655e-05,-16.284199248799723,-16.138084781307352
73,73,4.620060236007215e-05,4.748814612149114e-05,-16.260845547319406,-16.149928707345115
74,74,4.6290161616028495e-05,4.726822666462364e-05,-16.251858330220983,-16.170087769002365
75,75,4.593893711514574e-05,4.79003354389294e-05,-16.28695670185712,-16.112395316029424
76,76,4.576339591780591e-05,4.751293684086321e-05,-16.302028835249203,-16.147662107316073
77,77,4.569905886268147e-05,4.720769471819758e-05,-16.30747865575071,-16.175652931749486
78,78,4.555199229423696e-05,4.6994362875059446e-05,-16.32138957547571,-16.195323202875187
79,79,4.557482171764708e-05,4.694611255361355e-05,-16.31984165577538,-16.19978450671703
80,80,4.561450645944449e-05,4.750092404336963e-05,-16.317272822259476,-16.14876028218086
81,81,4.579822412666807e-05,4.721118392281871e-05,-16.29673190193971,-16.17533194884105
82,82,4.527430897236552e-05,4.721720803277812e-05,-16.34604627665652,-16.174777827847752
83,83,4.531638140966588e-05,4.656676556853774e-05,-16.345206089361113,-16.2350201254627
84,84,4.5021926405414764e-05,4.6746516761088154e-05,-16.373176946877283,-16.21828830644398
85,85,4.6057995259803814e-05,4.747769995255543e-05,-16.27289899332598,-16.15088414842876
86,86,4.5882155523172186e-05,4.715147990378012e-05,-16.289168852344,-16.180827582055375
87,87,4.555112006068926e-05,4.689941967004224e-05,-16.32228233688037,-16.204106175073964
88,88,4.5626055054395396e-05,4.700126641852732e-05,-16.318688190116085,-16.19468526452388
89,89,4.5301561746698297e-05,4.675856957634862e-05,-16.344582027585837,-16.217168694368734
90,90,4.5334104104711644e-05,4.6874555233731176e-05,-16.34302578547033,-16.206409263484083
91,91,4.666715515846478e-05,4.807101581000576e-05,-16.219589202167505,-16.09694786832478
92,92,4.599755693655509e-05,4.706748031343235e-05,-16.281126554397922,-16.18857136699026
93,93,4.5945049125818805e-05,4.686053408046351e-05,-16.28612544283887,-16.207708522829552
94,94,4.559262375438528e-05,4.752973970761033e-05,-16.31763088369551,-16.1461265040167
95,95,4.515994989616825e-05,4.7058089924240975e-05,-16.359981615607808,-16.189437910313604
96,96,4.527184891108827e-05,4.663747772850145e-05,-16.346836658385616,-16.22843031674123
97,97,4.518657346893961e-05,4.6614038805465065e-05,-16.35614390714569,-16.230613529525144
98,98,4.516076763504372e-05,4.661318502928081e-05,-16.360479330882328,-16.230693075020625
99,99,4.531402690603143e-05,4.696680307939747e-05,-16.34607572758742,-16.1978708654973
100,100,4.500275682618952e-05,4.70072066635016e-05,-16.376230933533723,-16.194136417056768
101,101,4.51471709330343e-05,4.65687691374976e-05,-16.360694679824245,-16.234833271122678
102,102,4.5152659742935735e-05,4.6521455691330824e-05,-16.36021153992686,-16.23924790657923
103,103,4.493119120093773e-05,4.67192556626335e-05,-16.383039025550914,-16.220821714055813
104,104,4.4992660778663454e-05,4.690146095909815e-05,-16.375142674027664,-16.203917153272215
105,105,4.972930016555972e-05,4.758076867897456e-05,-15.94015745151722,-16.14146632436188
106,106,4.6444402672482426e-05,4.769386290909575e-05,-16.2396826203113,-16.131155872917013
107,107,4.579050171029389e-05,4.799421577971723e-05,-16.298986060690904,-16.103891865839426
108,108,4.577645039220086e-05,4.725897068917555e-05,-16.301971087030665,-16.170938279582835
109,109,4.547761059210146e-05,4.692352855559684e-05,-16.328680721842694,-16.201874235790523
110,110,4.4978366147297115e-05,4.7403077731264364e-05,-16.37858823963328,-16.157715463771503
111,111,4.53669574536556e-05,4.696879113907926e-05,-16.339014198086893,-16.197687036703368
112,112,4.5224954876700685e-05,4.708265566334472e-05,-16.355968584178072,-16.187171353975604
113,113,4.505754698106308e-05,4.6669330913573503e-05,-16.370028528995352,-16.22546511768522
114,114,4.508881222099046e-05,4.661710543012688e-05,-16.366801637911845,-16.23032782710669
115,115,4.512675262695975e-05,4.679888986988532e-05,-16.362107234663966,-16.213425351576088
116,116,4.482231605900019e-05,4.619385895478588e-05,-16.391493267496926,-16.269938423587405
117,117,4.503069622214096e-05,4.6240412063381976e-05,-16.37414927106466,-16.265563907584752
118,118,4.459332273288908e-05,4.5792252900642585e-05,-16.41431844892917,-16.30786075727688
119,119,4.5177852183600804e-05,4.698535926045703e-05,-16.354570049737134,-16.19615534412058
120,120,4.5235904367801434e-05,4.632272095094729e-05,-16.35308784645765,-16.257840248296485
121,121,4.504020858034564e-05,4.6545640017077526e-05,-16.371219065270143,-16.23699079962283
122,122,4.478907376511584e-05,4.621757608746473e-05,-16.394902202797123,-16.26770921460035
123,123,4.476713041457487e-05,4.598043348156161e-05,-16.39683593721997,-16.290050250543906
124,124,4.456843610747343e-05,4.649987290337633e-05,-16.417673436220216,-16.241263204795786
125,125,4.574604673441932e-05,4.7031013596815206e-05,-16.303054357356057,-16.191937477102055
126,126,4.5418481678688734e-05,4.738456922687443e-05,-16.33781380800094,-16.1594114952028
127,127,4.539079215937443e-05,4.655048369865031e-05,-16.33673975704369,-16.23653888302371
128,128,4.517440426105768e-05,4.6217403379207676e-05,-16.357931002296812,-16.267725443574154
129,129,4.536364859941574e-05,4.590815335273204e-05,-16.341733823036833,-16.296882626284525
130,130,4.484967922911254e-05,4.6387083114639515e-05,-16.387818263017543,-16.251810220014747
131,131,4.49377626470787e-05,4.670577580231781e-05,-16.38026421141761,-16.22207496040762
132,132,4.4711819728692395e-05,4.633007636967752e-05,-16.403345462155784,-16.257150702407806
133,133,4.496626682986371e-05,4.639022805158196e-05,-16.377711898390814,-16.251515788381973
134,134,4.499421018258592e-05,4.647555722744743e-05,-16.37744802971622,-16.243534807972143
135,135,4.47755661935872e-05,4.58393919152992e-05,-16.39676323417315,-16.30339238485056
136,136,4.45625371435902e-05,4.642076065034704e-05,-16.41669579019258,-16.248658338024928
137,137,4.676253555556183e-05,4.734633483550217e-05,-16.209262548707905,-16.16291721200302
138,138,4.543018768185668e-05,4.6593929015982306e-05,-16.334821618964668,-16.232487526125272
139,139,4.524942737261131e-05,4.671640655080984e-05,-16.35043303584198,-16.221086570859825
140,140,4.489652491963742e-05,4.671336290285628e-05,-16.38689832503545,-16.22136952981804
141,141,4.5008399837635955e-05,4.6455641782622e-05,-16.375891448339335,-16.24539622115025
142,142,4.4741640859805575e-05,4.6558080564289795e-05,-16.39845932033606,-16.235830188423932
143,143,4.474402367966682e-05,4.626586853287575e-05,-16.40098172879253,-16.26317366890308
144,144,4.496420038289141e-05,4.640073204523345e-05,-16.379676887468495,-16.25053254033809
145,145,4.4619163371365726e-05,4.6275445033403995e-05,-16.409939738366646,-16.262274822498174
146,146,4.474738132782861e-05,4.6195068487002955e-05,-16.3999683945175,-16.26982471014097
147,147,4.457573685585041e-05,4.620232070201861e-05,-16.41809986074546,-16.26914295993201
148,148,4.457453559149782e-05,4.559141043022177e-05,-16.418294642316866,-16.326950584472964
149,149,4.452785764179989e-05,4.60541584623953e-05,-16.420965769884493,-16.283092353838583
150,150,4.437444448805913e-05,4.5860528955113534e-05,-16.437389566285397,-16.301390267546513
151,151,4.451629132576666e-05,4.659120148923983e-05,-16.420728340937337,-16.23274176192607
152,152,4.4698438098739365e-05,4.622820913362758e-05,-16.405559686458894,-16.266710169963826
153,153,4.430062284713524e-05,4.615679522669923e-05,-16.442886215378483,-16.2734243920613
154,154,4.426772951792935e-05,4.6156689342368686e-05,-16.447528373306326,-16.27343435484858
155,155,4.4439759090592e-05,4.5963227182112044e-05,-16.43018351942547,-16.291675724434814
156,156,4.528063924301454e-05,4.729735998185597e-05,-16.34934761863072,-16.16741186125146
157,157,4.475985912632523e-05,4.660695087391344e-05,-16.398575467542084,-16.23127394936782
158,158,4.452276344008422e-05,4.6087709434734856e-05,-16.421520220242783,-16.279929621602722
159,159,4.4344338019391687e-05,4.6376461365358215e-05,-16.437439525844546,-16.252804784667717
160,160,4.451119937434716e-05,4.638757270999792e-05,-16.422178359459704,-16.25176438237501
161,161,4.436818868346085e-05,4.608453826605048e-05,-16.436450260087966,-16.28022845798693
162,162,4.437879221027804e-05,4.600500649662296e-05,-16.436873104043418,-16.287729899605484
163,163,4.4320961830269824e-05,4.6129889692804826e-05,-16.44383522035854,-16.27595670216525
164,164,4.4367097064789106e-05,4.575548442325702e-05,-16.437391414527255,-16.311349286466555
165,165,4.43333211694256e-05,4.661575325084605e-05,-16.44087273438338,-16.230453800719115
166,166,4.409665005781433e-05,4.540085080263548e-05,-16.4631028607906,-16.345140948049497
167,167,4.4331692386305767e-05,4.629622899780148e-05,-16.439697691498722,-16.26032468790332
168,168,4.4664669404323596e-05,4.580673511985591e-05,-16.40792933989652,-16.306487478362257
169,169,4.408877045825273e-05,4.5994205720489845e-05,-16.4644383859143,-16.288749629532163
170,170,4.435886964444959e-05,4.56935108798605e-05,-16.438593774643202,-16.317235577934742
171,171,4.4274330742989626e-05,4.5720263044227306e-05,-16.447663965293785,-16.31469365953527
172,172,4.428229851665614e-05,4.559688922630525e-05,-16.446640682200933,-16.326428716882855
173,173,4.3978498032413776e-05,4.590086801296198e-05,-16.475475860490807,-16.297571879436447
174,174,4.395874512016404e-05,4.5920847218152825e-05,-16.478916935593965,-16.295681943339677
175,175,4.512413785782086e-05,4.621069092536345e-05,-16.3618115636656,-16.268356243482263
176,176,4.4404425671487354e-05,4.584541430200548e-05,-16.43359449848208,-16.302821845537427
177,177,4.430738967524112e-05,4.5891396630874e-05,-16.441286182793043,-16.298468113777624
178,178,4.4215065705411126e-05,4.642765117368024e-05,-16.45275185695138,-16.2480137354501
179,179,4.4025617171428166e-05,4.576307420441146e-05,-16.46915366507227,-16.31062895167737
180,180,4.4177889968832645e-05,4.592859917657303e-05,-16.453211374020622,-16.29494886700531
181,181,4.405440552911443e-05,4.5650964909184134e-05,-16.465488908505492,-16.321281248232495
182,182,4.5010809904833314e-05,4.6138101185390136e-05,-16.375631158305318,-16.27518369174344
183,183,4.564545230733557e-05,4.6214209999705323e-05,-16.312804378773727,-16.26802552858757
184,184,4.457785807878197e-05,4.6247050417342074e-05,-16.41628744638465,-16.264940471624588
185,185,4.470930468517874e-05,4.581350252632738e-05,-16.402292562020243,-16.305845906725203
186,186,4.445923913567874e-05,4.56095200972509e-05,-16.42748382724496,-16.325225837035028
187,187,4.444101381823108e-05,4.568751836287495e-05,-16.430633848600674,-16.31780517472848
188,188,4.435300856055188e-05,4.584546446781851e-05,-16.43892171509004,-16.302817093323018
189,189,4.417442492528617e-05,4.608954240163592e-05,-16.45459122092806,-16.279756900590783
190,190,4.412863338600182e-05,4.65503150113172e-05,-16.45819696876454,-16.23655462080017
191,191,4.422586088245207e-05,4.5774273626432804e-05,-16.45025071103559,-16.309566249441854
192,192,4.409367372233843e-05,4.5708773924209376e-05,-16.46478841076001,-16.31578514242023
193,193,4.3870525446764826e-05,4.572660940251999e-05,-16.483772088049204,-16.31409086398472
194,194,4.417191577004749e-05,4.59529904841666e-05,-16.45479671418308,-16.292643070907914
195,195,4.392985971845547e-05,4.5230864519621004e-05,-16.48003611272516,-16.361431976199086
196,196,4.380024472187326e-05,4.516466498515863e-05,-16.492289091118614,-16.36779293183898
197,197,4.38753574139669e-05,4.542756984224788e-05,-16.48309899351074,-16.34258581569825
198,198,4.506948030164907e-05,4.65164563425596e-05,-16.369460313667485,-16.239714638804635
199,199,4.431744851787051e-05,4.592938804355646e-05,-16.440890018092603,-16.29487427347496
200,200,4.4308617380573703e-05,4.604372493064913e-05,-16.442585405013915,-16.284076355884352
201,201,4.4260331200460964e-05,4.549612640403211e-05,-16.447392890280796,-16.336036644612463
202,202,4.398607911143605e-05,4.593449844641758e-05,-16.475285798474903,-16.294391076029267
203,203,4.416930283865047e-05,4.5781959909761915e-05,-16.456612185706312,-16.30883705595822
204,204,4.3962014331686374e-05,4.5330750971946766e-05,-16.475407012923235,-16.351851724694587
205,205,4.374860935096183e-05,4.5893653326569815e-05,-16.496179041273983,-16.298254556016598
206,206,4.3983359309723456e-05,4.5535068095073495e-05,-16.47402977211365,-16.332320959531113
207,207,4.3743131586264086e-05,4.5106985788535035e-05,-16.49887037430218,-16.37334279384072
208,208,4.358605849457612e-05,4.52249244661193e-05,-16.513216470122437,-16.362002361464782
209,209,4.3706811656071277e-05,4.515846280571024e-05,-16.50190915029192,-16.36838936209562
210,210,4.3866226012151224e-05,4.5455930567665125e-05,-16.485537671792947,-16.33987533318036
211,211,4.511050246946979e-05,4.837145177972209e-05,-16.363928417174666,-16.069889641976122
212,212,4.5441111200789144e-05,4.59884873922228e-05,-16.332308279861504,-16.289289609028575
213,213,4.4486322200175415e-05,4.583312386928714e-05,-16.42462142409157,-16.303986276656907
214,214,4.433536545098063e-05,4.5935680981002456e-05,-16.44115866017527,-16.29427927299414
215,215,4.430068641800203e-05,4.57587132251846e-05,-16.443620803728155,-16.31104283109746
216,216,4.4001036229994646e-05,4.526246993918903e-05,-16.470510065103056,-16.358398369368963
217,217,4.3862089273950673e-05,4.5880290647466226e-05,-16.48794453832067,-16.299519258738925
218,218,4.375145880723871e-05,4.5628424183967964e-05,-16.498129648374785,-16.323426160216616
219,219,4.428232319490413e-05,4.580674277875867e-05,-16.444991490824783,-16.30648675222037
220,220,4.394989359893443e-05,4.5413407382224445e-05,-16.477412092020515,-16.34393997952962
221,221,4.390148717799637e-05,4.525818325131886e-05,-16.482156328740835,-16.35880969757384
222,222,4.398466493156091e-05,4.548019186538448e-05,-16.474828309864094,-16.337557981683194
223,223,4.523119537928502e-05,4.5975248787343794e-05,-16.3528284740255,-16.290539982996755
224,224,4.423848631912986e-05,4.566308435689854e-05,-16.448651026196735,-16.320128433448943
225,225,4.397596796817319e-05,4.5331470142915155e-05,-16.473635722526165,-16.351782824555304
226,226,4.4253761367032244e-05,4.5622962811888245e-05,-16.447889958367092,-16.32394600848167
227,227,4.39104616966641e-05,4.59008101882462e-05,-16.483765329043052,-16.29757735056845
228,228,4.3878645340452384e-05,4.531914581955214e-05,-16.48379541735176,-16.352963706914657
229,229,4.404529057321326e-05,4.540100187449226e-05,-16.466987194215655,-16.345126496874368
230,230,4.419886561701094e-05,4.55541498683344e-05,-16.454604885229664,-16.33050140083061
231,231,4.390840170054082e-05,4.5857010838134506e-05,-16.480911892266118,-16.301723442377604
