,epoch,train_loss,test_loss,train_dbs,test_dbs
0,0,0.00102455794964869,0.0010085027775188025,-19.902960172652712,-19.972979399842497
1,1,0.000996074247409196,0.000978539495630876,-20.01568864523093,-20.10396679364014
2,2,0.0009740175032440919,0.0009600001871340761,-20.114543020413493,-20.187037209285137
3,3,0.000948386611272917,0.0009459906815257119,-20.231906388245605,-20.250881802174288
4,4,0.000936303399959291,0.0009235061374247858,-20.291308076681172,-20.35535252611341
5,5,0.0009206667663673535,0.0009118482642071811,-20.363808364638274,-20.410524629070093
6,6,0.0009085608786692094,0.0009048725539622339,-20.421152974712026,-20.44387622965841
7,7,0.0008999574107367584,0.0008971471504896487,-20.457916525398765,-20.48111356557749
8,8,0.0008925202989125068,0.0008869605494270983,-20.497519359308903,-20.530707350815934
9,9,0.000887150180132426,0.0008852644210779353,-20.520444570974355,-20.53902028421668
10,10,0.0008822916526846664,0.0008819256602835498,-20.547162541580995,-20.5554305971756
11,11,0.0008715124177919297,0.0008761697987976827,-20.591230971488063,-20.58386759472591
12,12,0.0008680985786846464,0.0008714204795021368,-20.606531704843356,-20.60747276427067
13,13,0.0008667443288470974,0.0008627392847924248,-20.61426898850888,-20.650954645589003
14,14,0.000863449414591929,0.0008657776144039082,-20.63750467135879,-20.63568686146621
15,15,0.0008609625372853246,0.0008635231949339964,-20.650386917193334,-20.647010310631913
16,16,0.0008591176064675386,0.0008554967782019,-20.665678282763295,-20.6875666029709
17,17,0.0008613071254377743,0.0008575762131888615,-20.65713866689185,-20.677023122472313
18,18,0.0008513862447160267,0.0008512128659180904,-20.69937256117396,-20.70936859347865
19,19,0.0008515664034273437,0.0008514800115096334,-20.703470230210943,-20.70800581268874
20,20,0.0008466650633448639,0.0008481817571201214,-20.718061423399668,-20.724861113028176
21,21,0.0008454114923580098,0.0008469946792741355,-20.724896476072267,-20.730943564757712
22,22,0.0008421190708309182,0.0008428163005431232,-20.748510626166045,-20.752421121078942
23,23,0.0008403473418474812,0.0008421694878243694,-20.75306074931352,-20.755755359389042
24,24,0.0008404177815182922,0.000837128823868146,-20.75238745433512,-20.781827428904368
25,25,0.0008345090054436443,0.0008352162304187292,-20.78408841257785,-20.79176113416716
26,26,0.0008374364373331755,0.0008337050155540439,-20.77395252607548,-20.799626244131638
27,27,0.0008316960620223401,0.0008335944914602136,-20.8018009779706,-20.80020202555467
28,28,0.0008341069897329531,0.0008339400274532014,-20.790324047625987,-20.79840219022293
29,29,0.0008290394103711413,0.0008285821593170496,-20.81213839677858,-20.826394606090584
30,30,0.0008273175785548447,0.0008300059401479206,-20.824989465675678,-20.81893838099923
31,31,0.0008283276008874102,0.0008275488814290025,-20.81398723800354,-20.8318138263363
32,32,0.000829149442652874,0.0008269691698890375,-20.821654783095276,-20.83485719637393
33,33,0.0008206746610572812,0.0008278374474397616,-20.853619576150166,-20.830299706940465
34,34,0.0008237632237538004,0.000825864422184072,-20.843507113341566,-20.840662812933417
35,35,0.000821992009638127,0.0008232273639326817,-20.852221835683224,-20.854552407592312
36,36,0.0008217756025560354,0.0008240111913581036,-20.85293222481483,-20.850419284915883
37,37,0.0008213772257242698,0.0008230186465784515,-20.854119195285673,-20.85565363784741
38,38,0.0008166447964727341,0.0008204745919149565,-20.87250798304529,-20.869099020628703
39,39,0.0008176175737033415,0.0008231389648771208,-20.87243858952089,-20.85501878280177
40,40,0.0008165993230878232,0.0008165152578026449,-20.87607826673355,-20.89010734038496
41,41,0.0008191685636345413,0.0008216899740019519,-20.868570129999956,-20.862670507419768
42,42,0.0008189777667230936,0.0008191154644775548,-20.863506362878343,-20.876299133597975
43,43,0.000818246632896018,0.0008197519836310102,-20.865646787844717,-20.87292562379777
44,44,0.0008181136697962804,0.0008157389943095806,-20.87030076869881,-20.894238154889145
45,45,0.0008173040210355803,0.0008161492633486265,-20.87022907372427,-20.892054456554764
46,46,0.0008209166915117542,0.0008196594457044021,-20.862256656608306,-20.87341590598339
47,47,0.000820383477533601,0.0008156618538410648,-20.866650255530704,-20.89464886547411
48,48,0.0008161993254427367,0.0008185850578899446,-20.884355596361694,-20.879112256743166
49,49,0.0008179525809948208,0.0008172330777405909,-20.878570985151907,-20.88629102117192
50,50,0.0008104992286330953,0.000816309138348228,-20.908473960080943,-20.89120380296052
51,51,0.0008106687419433339,0.0008143528983438093,-20.91167886765148,-20.901623922245204
52,52,0.0008090748667678575,0.0008130375246860479,-20.913672876568334,-20.908644482739163
53,53,0.0008104761231921075,0.0008125936636995328,-20.909724613267624,-20.911016070874812
54,54,0.0008132761109082662,0.0008134179148136786,-20.897129285556566,-20.906613054980365
55,55,0.0008102910786377478,0.0008115936468943561,-20.907338176745938,-20.916363998818174
56,56,0.0008121518641422244,0.0008131043930341931,-20.901676623967163,-20.908287311519196
57,57,0.0008161247344255524,0.0008138702710551259,-20.889058100921734,-20.904198537056846
58,58,0.0008080876276338685,0.0008065424320337019,-20.930763805697886,-20.943478181550805
59,59,0.0008112068933713221,0.0008073019255933009,-20.909365367857966,-20.93939050252814
60,60,0.0008084544883176838,0.0008154828591566337,-20.919760001799418,-20.895602017005437
61,61,0.0008100561321156157,0.0008084150000573381,-20.912852251007624,-20.933406754181178
62,62,0.0008107152768679578,0.0008120187374420072,-20.915802792171792,-20.914089878650657
63,63,0.0008053562907530859,0.0008103948754356488,-20.93916640587103,-20.92278352543264
64,64,0.0008129315785631614,0.0008077547903858909,-20.901627228433618,-20.936954963470242
65,65,0.0008034868995159788,0.0008075758416548764,-20.95046924034267,-20.93791719925281
66,66,0.0008092448787437272,0.0008068511287044538,-20.917646518171225,-20.94181627752952
67,67,0.0008099617432927732,0.0008084120130852649,-20.91932577650683,-20.933422800740008
68,68,0.0008057536756543001,0.000802575576878888,-20.93529114215853,-20.96489099011702
69,69,0.00080701941504268,0.0008066044415739414,-20.928317936423213,-20.94314429501381
70,70,0.0008053635265054085,0.0008068666303236233,-20.940466509211678,-20.941732839547523
71,71,0.0008055374545966918,0.0008078837050370088,-20.93382341450903,-20.936261900982633
72,72,0.0008077146209411553,0.000806563147833865,-20.92922227741521,-20.943366635749815
73,73,0.000804369410466326,0.0008068903177780541,-20.948934431721824,-20.941605344130544
74,74,0.0008051748376714124,0.0008069850859771433,-20.938959209710795,-20.941095300965177
75,75,0.0008053755886929552,0.000802636082210627,-20.94230970835055,-20.964563592398925
76,76,0.000804867508422737,0.0008020221874559004,-20.949017556462366,-20.967886556826855
77,77,0.0008051558235688999,0.0008058755560532996,-20.947146517800963,-20.94707055743666
78,78,0.0008055424670563991,0.0008031364260731559,-20.941676178691765,-20.96185714943192
79,79,0.0008016830459045074,0.0008043388064068399,-20.956570667894855,-20.955360162966386
80,80,0.0008020719492894396,0.000799076334499803,-20.9582188552327,-20.98386769864211
81,81,0.000802674648212749,0.0008047430555483228,-20.95340994601009,-20.953178009537098
82,82,0.0008018904007952084,0.0008012340894263042,-20.96536503000185,-20.972156200525806
83,83,0.0008006652489486966,0.0008019605210345043,-20.966836843261877,-20.968220492927315
84,84,0.0008025994169112947,0.000804930781381891,-20.952904173598263,-20.95216503048347
85,85,0.000801933011203313,0.0008012085117546743,-20.962210144568587,-20.97229484189295
86,86,0.0007944156862219277,0.0007991380652559823,-20.996645331578957,-20.98353220764929
87,87,0.0007961413705452662,0.0007974511674164157,-20.980381023741437,-20.992709404649958
88,88,0.0007949380321697015,0.0007961388328112662,-20.988293448390046,-20.999862308548497
89,89,0.0007921623620540672,0.0007966101770044157,-21.011549807704103,-20.997291882362376
90,90,0.0007959427708068613,0.0007907928543557462,-20.99496619576856,-21.029123022732282
91,91,0.000789810023054519,0.0007876875889977734,-21.029241353858307,-21.04621035954689
92,92,0.0007900733581129654,0.0007884279873810316,-21.017792214379117,-21.04213006288932
93,93,0.0007895640200772083,0.0007894300077551682,-21.02189277046051,-21.036614078826325
94,94,0.0007877372218459153,0.0007911877106188944,-21.03963130039462,-21.026955058048166
95,95,0.0007902591473653375,0.0007874235039037702,-21.022800377044607,-21.04766664667064
96,96,0.0007906987082174758,0.0007920085274810461,-21.031278342728925,-21.022451810033207
97,97,0.0007889018269236555,0.0007888550110357372,-21.036750639801546,-21.039778499833126
98,98,0.0007880187260956724,0.0007922240459409199,-21.02438383573464,-21.021270184557007
99,99,0.0007873267468218644,0.00078724453985495,-21.039254569364154,-21.04865381472176
100,100,0.0007892064828204817,0.000788639811186218,-21.03228221174088,-21.040963417924978
101,101,0.0007894004235456976,0.0007910385427653397,-21.02930761941131,-21.027773939364653
102,102,0.0007877052742411796,0.0007898235374963597,-21.039859767717033,-21.034449666416222
103,103,0.0007827430873504389,0.0007873033020204227,-21.060774081867613,-21.048329657099583
104,104,0.0007887992122181758,0.0007874574512243271,-21.02869405235415,-21.047479418119202
105,105,0.0007877496128767421,0.000787029529946219,-21.037866965934448,-21.049840109018135
106,106,0.000784969976839139,0.0007906149380448225,-21.049459584209256,-21.030100228899748
107,107,0.000790033475063818,0.0007888288329061316,-21.02251563707302,-21.03992262271654
108,108,0.0007871716384075044,0.0007875535336911286,-21.040422802225294,-21.04694954136798
109,109,0.0007911955826128497,0.0007834637868463209,-21.021346021211748,-21.069561112560105
110,110,0.000786843946678852,0.0007843262895843701,-21.042703071683867,-21.0647826639249
111,111,0.000785763835721678,0.0007836864709756092,-21.047782083576063,-21.068326891543634
112,112,0.0007845313683123395,0.000786660597537105,-21.054825682457977,-21.051876409680013
113,113,0.0007838070069766152,0.0007876912775253387,-21.05195825033766,-21.04619002276058
114,114,0.0007815035222069427,0.000784415874238077,-21.06505029028999,-21.064286647157992
115,115,0.0007849102863830697,0.0007864245624085399,-21.054419218731546,-21.053179692645877
116,116,0.0007853890972010331,0.0007868524346696703,-21.04992948104584,-21.050817456791734
117,117,0.000782083655760345,0.0007868964702969319,-21.066829729086514,-21.050574413827615
118,118,0.0007851642704107942,0.0007894419893426331,-21.05278451852412,-21.036548164207147
119,119,0.0007844670632489256,0.000782724644523114,-21.05200295525735,-21.0736603058591
120,120,0.0007872352173753543,0.000783659450366701,-21.032538016192316,-21.068476633871576
121,121,0.0007813002766570864,0.0007859106898601903,-21.068919202644906,-21.056018425922044
122,122,0.0007817602767993111,0.0007842015842662045,-21.07053323506056,-21.065473232866132
123,123,0.0007828044178223564,0.0007823276253858287,-21.060016258591922,-21.075863723949944
124,124,0.0007854982371653247,0.0007832249117966153,-21.049789152393252,-21.070885461383778
125,125,0.0007826340710024167,0.0007823120502411927,-21.059453741654682,-21.075950187299632
126,126,0.0007828235231368735,0.0007809483427799454,-21.061370270681877,-21.0835273098088
127,127,0.000781560927562262,0.0007858754742253376,-21.069078898751524,-21.056213031985457
128,128,0.0007820192588848475,0.0007852418256286336,-21.06405647102676,-21.05971614539348
129,129,0.0007852385895922012,0.0007856241733718075,-21.056722632352432,-21.057602005569798
130,130,0.0007821666400822014,0.0007828244798522638,-21.05933094221121,-21.073106405225353
131,131,0.0007843213700737382,0.0007779825613588878,-21.04985900804147,-21.100051763281286
132,132,0.0007830399776252044,0.0007795641462220565,-21.064484036664318,-21.091231818280956
133,133,0.0007788843964946639,0.000783428748898012,-21.081859961556574,-21.0697553414209
134,134,0.0007786922866104113,0.0007815166915717878,-21.08206543262524,-21.080367805441618
135,135,0.0007787209625845563,0.0007823162166842897,-21.083126833303545,-21.075927057674733
136,136,0.000781262153639583,0.0007845561638915617,-21.07121130040415,-21.063509998230433
137,137,0.0007828044940323866,0.0007797914471379236,-21.059924430784108,-21.089965711504384
138,138,0.0007806357912018357,0.0007846536096430531,-21.07388615172807,-21.062970616524744
139,139,0.0007794226319337091,0.0007843315926086353,-21.079951806557183,-21.064753300298808
140,140,0.0007802623218482302,0.0007821544882302222,-21.075803100049633,-21.07682496870877
141,141,0.0007761645235226864,0.0007836014234558924,-21.09243851643686,-21.068798223819986
142,142,0.0007807562018495015,0.0007784761102428954,-21.074618008838986,-21.097297490804042
143,143,0.0007793661507000168,0.0007831386327253361,-21.07830397223145,-21.07136390107588
144,144,0.0007756764594868748,0.0007789092365113136,-21.09586480517484,-21.094881847770246
145,145,0.00078072480391711,0.0007815767312422395,-21.073239676191726,-21.08003417346282
146,146,0.0007796228854897787,0.0007796363145309059,-21.083444033831213,-21.09082978789278
147,147,0.0007797046774547047,0.0007816280918440929,-21.083991106595658,-21.079748790182897
148,148,0.0007795793527602842,0.0007805726092651879,-21.081676705115008,-21.085617310523304
149,149,0.000780982681257247,0.0007782954428541032,-21.07525371566117,-21.09830551089804
150,150,0.0007789513923122173,0.0007793601406247992,-21.093874503678226,-21.092368480355177
151,151,0.0007809009907056683,0.0007829319802112877,-21.079394253001936,-21.072510056891616
152,152,0.0007799916232206388,0.0007804182211035176,-21.082526389467674,-21.086476379335227
153,153,0.0007800542126582532,0.0007741861658072786,-21.08226766124477,-21.1212963212742
154,154,0.0007767961630549704,0.0007833914469780499,-21.098198978624005,-21.069962129896687
155,155,0.0007763707976711472,0.0007781839261664764,-21.09190773803347,-21.09892782665915
156,156,0.0007791901235324666,0.0007770033308157796,-21.08494155520452,-21.10552158110716
157,157,0.0007747404881004128,0.000776066591865138,-21.102666155683224,-21.110760503072473
158,158,0.0007788428710293525,0.0007765942198028298,-21.0844421853451,-21.107808848610198
159,159,0.0007771887629264101,0.0007771212289011792,-21.095514962893027,-21.10486265724299
160,160,0.000779756169031691,0.0007791395335899372,-21.087778657119042,-21.093597975877497
161,161,0.000778226947565515,0.0007802195675475033,-21.095288024695883,-21.08758200607682
162,162,0.0007813263860934405,0.0007802613208217448,-21.080107409425352,-21.087349600582538
163,163,0.000777190077699452,0.0007770294936275796,-21.09516369760945,-21.10537535041475
164,164,0.0007756614311089375,0.0007750966347214815,-21.102382282690893,-21.11619187332232
165,165,0.0007750730050641313,0.0007776263856181973,-21.103103356722002,-21.102040504240552
166,166,0.0007739196154624992,0.0007788739841137277,-21.112331304566943,-21.095078408133013
167,167,0.000771717024971875,0.0007805619235640686,-21.12442219297137,-21.085676763964813
168,168,0.0007732779762141176,0.0007787070843685223,-21.109347057510753,-21.09600912872429
169,169,0.0007735127415123981,0.0007758163724486765,-21.111240527537383,-21.11216098126928
170,170,0.0007783762466152842,0.0007785632440477217,-21.09536841434885,-21.09681141791759
171,171,0.0007752972581788667,0.0007784087547885352,-21.107656848287654,-21.09767326813774
172,172,0.0007750222767876057,0.0007768027839790049,-21.10434283017048,-21.10664265257455
173,173,0.000772173641868819,0.0007749975989817789,-21.118874997337677,-21.116746816039832
174,174,0.0007733185049482458,0.0007763788759659388,-21.114342280608742,-21.109013282105252
175,175,0.0007737560465346215,0.0007752087304221565,-21.106411541194056,-21.115563835189608
176,176,0.0007749543946534011,0.0007771054760699993,-21.11003505566162,-21.10495069288971
177,177,0.0007755907904116687,0.0007712856474283495,-21.1034102486882,-21.13759788814642
178,178,0.0007736339640669217,0.0007755628535769096,-21.118649203018297,-21.1135803872559
179,179,0.0007743558662789921,0.0007738832071864683,-21.10370633286785,-21.12299615800294
180,180,0.0007740986964319708,0.0007720448070597884,-21.10999781182621,-21.133325324685362
181,181,0.000773934574831354,0.0007777220973941056,-21.113986171850208,-21.101505998994476
182,182,0.0007742254043084368,0.0007795202852177777,-21.112617697334514,-21.09147617441395
183,183,0.0007772578626208622,0.0007769344343901857,-21.105722214092985,-21.105906684528257
184,184,0.0007741736144921982,0.0007748386614318741,-21.108633922371606,-21.117637564345266
185,185,0.0007744732249249733,0.0007726733272552098,-21.106845459109124,-21.12979118001993
186,186,0.0007733654041208097,0.0007735304932698215,-21.108398379358434,-21.124975999725915
187,187,0.0007730382326606315,0.0007780145480003404,-21.115049110300333,-21.099873207398424
188,188,0.0007739268986210611,0.0007766790712546362,-21.113254897473823,-21.107334360089087
189,189,0.0007737081218270835,0.0007776494327883579,-21.109496336431448,-21.101911790623245
190,190,0.0007750030436562662,0.0007736994578552089,-21.112809400673118,-21.12402746085735
191,191,0.0007755320894858349,0.0007754395513697282,-21.11070318122957,-21.114270901572674
192,192,0.0007735620416009549,0.0007759371625357552,-21.115082477236676,-21.11148486270779
193,193,0.0007760705097492054,0.000776503118686378,-21.09931057537031,-21.108318342912135
194,194,0.0007751268465503974,0.0007746621849946678,-21.108012054109434,-21.118626821542158
195,195,0.0007706455197473316,0.0007779921349873277,-21.123525083345474,-21.09999832058697
196,196,0.0007742506748343789,0.0007724049960655209,-21.109863383677038,-21.131299644081807
197,197,0.0007713874898006007,0.0007737506499612017,-21.121785351430805,-21.123740117840015
198,198,0.0007723051257738748,0.0007715882414853887,-21.115778793669143,-21.135894379753957
199,199,0.0007740229682651223,0.0007758185598313025,-21.116374129631502,-21.112148736530724
200,200,0.0007740351282655425,0.0007739268169787369,-21.103369556495064,-21.122751431688364
201,201,0.0007737764492198901,0.0007772712208526699,-21.11269154497528,-21.104024507558528
202,202,0.0007761284725778957,0.0007752510872179348,-21.10816874065965,-21.115326546580473
203,203,0.0007737440491556046,0.0007789476964573719,-21.11511039194877,-21.094667412901455
204,204,0.0007728444599575296,0.0007768169743940234,-21.117047504318553,-21.10656331760336
205,205,0.0007769791175342482,0.000774961038443603,-21.10412172798316,-21.116951699442588
206,206,0.0007734346370327949,0.0007739405478595904,-21.116982805733805,-21.122674380567293
207,207,0.0007757525194973982,0.0007760093737344601,-21.106100087264743,-21.11108071315214
208,208,0.0007731718108413223,0.0007757857797275248,-21.11750663217868,-21.11233223973223
209,209,0.0007733261961605131,0.0007781984627638993,-21.11390364562386,-21.098846700528565
210,210,0.0007740058816162889,0.0007721395967038054,-21.115152589423122,-21.132792141999545
211,211,0.0007757198391962297,0.000776571929332261,-21.102314719398976,-21.107933505310616
212,212,0.0007745183256608387,0.0007719755767060345,-21.113783607825425,-21.133714780173797
213,213,0.0007741680319574614,0.000775483228560341,-21.115964427105315,-21.11402628897018
214,214,0.0007742121491638809,0.000779501067498993,-21.11491865914402,-21.091583243495574
215,215,0.0007739294249535605,0.000780150597596443,-21.115605185498577,-21.08796593124857
216,216,0.0007780766859890643,0.0007758125981414004,-21.088356202823864,-21.1121821095268
217,217,0.0007741784931342933,0.000778148689086696,-21.107183711316814,-21.09912448474059
218,218,0.00077494410329892,0.0007779091951976481,-21.1083616052925,-21.100461335719395
219,219,0.000774172117295147,0.0007751241332459214,-21.11387463336559,-21.116037799042413
220,220,0.0007751355939016668,0.0007768874056637287,-21.109488149482964,-21.106169575882603
221,221,0.0007748877624837086,0.0007778656068503073,-21.112437143437845,-21.100704689432355
222,222,0.000778940493077731,0.0007760380547934849,-21.09109930757316,-21.11092020226256
223,223,0.0007755463749659967,0.0007789355463740465,-21.10236390779532,-21.094735155001732
224,224,0.0007755389429878482,0.0007724535351276005,-21.100384077492333,-21.131026735638745
225,225,0.0007746666165779239,0.0007756368416410528,-21.11037211324314,-21.11316609362101
226,226,0.0007730362566005554,0.0007807142346313125,-21.111650539963303,-21.084829407705644
227,227,0.0007761109814758307,0.0007744706113283572,-21.107012463669463,-21.119700962981526
228,228,0.0007736562798039738,0.0007790914755069503,-21.112569482557557,-21.09386586119279
229,229,0.0007741436165440636,0.0007765901085038326,-21.111731401094517,-21.107831840272368
230,230,0.0007787930098669507,0.0007788656818631448,-21.08987344705328,-21.095124701126565
231,231,0.0007753219214248826,0.0007830171686548152,-21.102217203044876,-21.07203754000294
232,232,0.0007756371279103086,0.0007805192328401302,-21.100721797935446,-21.08591429608495
233,233,0.0007755682988514759,0.0007783164680739375,-21.094480681894616,-21.098188190236527
234,234,0.0007793773481737554,0.000776785689308063,-21.086691350020917,-21.106738226420365
235,235,0.0007796755400198253,0.0007788802031427622,-21.082590452627304,-21.09504373141682
236,236,0.0007792439434158895,0.0007837508149494074,-21.088739186611164,-21.067970332043224
237,237,0.0007778618745169765,0.0007759480565590294,-21.08644244687659,-21.111423888943296
238,238,0.0007778097438558782,0.0007772357386880015,-21.09392104272021,-21.104222766025362
239,239,0.0007756134103887628,0.0007757342506298109,-21.10232520427363,-21.11262071557998
240,240,0.0007811311575987367,0.0007808077283889839,-21.082992850860073,-21.0843093532452
241,241,0.0007764759993171031,0.000782848547188271,-21.096195743364543,-21.072972886782587
242,242,0.0007781177895988539,0.0007766365612808027,-21.087110347928622,-21.107572068983274
243,243,0.0007796363572628458,0.0007795071272228501,-21.084564015899613,-21.091549482228096
244,244,0.0007788325652729758,0.0007789211690818009,-21.09239306435407,-21.09481531614396
245,245,0.0007756129975344256,0.0007759460009095308,-21.10268704025444,-21.11143539433221
246,246,0.000779083855546166,0.000783495427305369,-21.079787070064803,-21.069385724756167
247,247,0.0007785608303089885,0.000782435076727875,-21.08378352433785,-21.07526726897394
248,248,0.000779813889428474,0.0007793035106978527,-21.077476213817732,-21.09268405921368
249,249,0.0007759080737704392,0.0007813732924037858,-21.096622258393953,-21.081164758115015
250,250,0.0007781782151516719,0.0007757018595982931,-21.086676257525724,-21.112802060414747
251,251,0.0007796130964014027,0.0007805627170263937,-21.079609160545697,-21.085672349246085
252,252,0.000777923930484379,0.0007845101951572456,-21.090509776494272,-21.063764467616565
253,253,0.0007760754447987245,0.0007793991857110278,-21.102774587196752,-21.092150909044307
254,254,0.000779190197342181,0.0007804249670650614,-21.08239985052738,-21.086438838935322
255,255,0.0007768433784691559,0.0007825701920266606,-21.08867414754743,-21.074517369532696
256,256,0.0007788636295614552,0.0007822802167777953,-21.089519932228015,-21.076126911904332
257,257,0.0007794084406659468,0.0007818881330374433,-21.080175707189404,-21.07830416869981
258,258,0.0007808668900175577,0.0007801843182134785,-21.070447521118773,-21.08777821926752
259,259,0.0007787860345489048,0.000780364480114689,-21.082425153456764,-21.08677545254883
260,260,0.0007801241428620115,0.0007824344762698992,-21.075731805803485,-21.075270601847084
261,261,0.0007796457304964898,0.0007804956189111659,-21.074787031886633,-21.08604569008206
262,262,0.000778062887172954,0.0007800928464061336,-21.082437579029538,-21.088287432657626
263,263,0.0007809096708480921,0.0007798222573719135,-21.075754709515895,-21.08979412139113
264,264,0.0007822219925673352,0.0007839271443356809,-21.07190697143007,-21.06699335996391
265,265,0.0007800145132332733,0.0007836935049118964,-21.070693508748608,-21.068287911848063
266,266,0.0007813416815065232,0.000785866329495452,-21.08329163820242,-21.056263568348598
267,267,0.0007788219372741878,0.0007842067739387092,-21.07807005658744,-21.065444492313716
268,268,0.0007771928368625951,0.0007821675665725611,-21.089173415155436,-21.07675235128459
269,269,0.000779542257077992,0.0007823510616282491,-21.08168699417022,-21.075733624002332
270,270,0.0007802400733200237,0.0007831167987253713,-21.081391493971495,-21.07148498459154
271,271,0.0007820244345660369,0.0007808356987018334,-21.070159004760917,-21.084153781847554
272,272,0.0007797934561391774,0.0007797792235291318,-21.07736002332691,-21.090033789802433
273,273,0.0007809262492300309,0.0007818942387147169,-21.072552628166918,-21.07827025526024
274,274,0.0007838059220338221,0.0007815170285635089,-21.065244757499887,-21.080365932754642
275,275,0.0007869537521307309,0.0007826713875769393,-21.046846146163006,-21.073955811882897
276,276,0.0007818991086714584,0.0007811517203471771,-21.075262073872544,-21.08239645068171
277,277,0.0007821312174201012,0.0007800492427409871,-21.06788635317653,-21.088530190433353
278,278,0.0007806051271660349,0.000781533492140864,-21.080734607523183,-21.080274444466795
279,279,0.0007812413182973708,0.0007806839145670988,-21.07431349785611,-21.08499807495541
280,280,0.0007805679294703164,0.0007847620168161628,-21.07176415061053,-21.062370639866405
281,281,0.0007766312085447315,0.0007854582937924485,-21.089811843579866,-21.058519087744028
282,282,0.0007818221023363858,0.0007819952688326961,-21.07201919794733,-21.077709130927687
283,283,0.0007771025957856519,0.0007822569092049411,-21.08651296980114,-21.076256309284677
284,284,0.0007793263768652434,0.0007821595522967216,-21.081206288890787,-21.07679685036322
285,285,0.0007838866362569028,0.0007865720299856836,-21.060889602386116,-21.05236539520225
286,286,0.0007787932018922238,0.0007836853466486852,-21.087108217108398,-21.068333122215563
287,287,0.0007839046194237302,0.0007828634789850758,-21.063202793317156,-21.07289005166541
288,288,0.0007827890305971899,0.0007874504295422843,-21.064960864909445,-21.047518143911383
289,289,0.000781489261930098,0.0007783524771711152,-21.077197905461958,-21.097987266947694
290,290,0.0007791714868796317,0.0007818394469244307,-21.084759658913462,-21.078574600845464
291,291,0.0007829737379071638,0.0007851160603183272,-21.0620311281506,-21.060411772560848
292,292,0.0007807271568267846,0.0007802976454657159,-21.068674293059154,-21.087147421840466
293,293,0.0007823524275343365,0.0007828932476082915,-21.0697717523037,-21.07272491300015
294,294,0.0007836550207731803,0.0007882895756905016,-21.055353336426887,-21.042892551174987
295,295,0.0007808669176211907,0.0007853409011946305,-21.075189146092267,-21.059168221735263
296,296,0.0007831352737674624,0.0007848483203959308,-21.0694724601964,-21.061893054218416
297,297,0.0007801096917600514,0.0007813154523702044,-21.081291740665286,-21.08148625025493
298,298,0.0007812027020149471,0.0007854028709085757,-21.078590576613443,-21.058825541976745
299,299,0.0007847149870790465,0.0007884437432757726,-21.0510580953602,-21.042043274623534
300,300,0.000783031928165787,0.0007847951369752225,-21.058854470131006,-21.062187353742843
301,301,0.0007850461454639576,0.0007832474963690497,-21.05730589442258,-21.070760232811168
302,302,0.0007829206525204107,0.0007883826681216689,-21.056684204473257,-21.042379704838424
303,303,0.0007831969174806067,0.0007835269850482674,-21.063238749070553,-21.06921080251516
304,304,0.0007826196523047215,0.0007873640616277331,-21.064413622746052,-21.04799450616168
305,305,0.0007855198154053123,0.0007878814664620318,-21.050111067222545,-21.045141540468144
306,306,0.0007801120002638817,0.0007889327795342787,-21.071298906789757,-21.039350375975005
307,307,0.0007855633793389137,0.0007838796530114977,-21.050209071261534,-21.067256469169358
308,308,0.0007822916299325519,0.0007857383308491032,-21.06193039522384,-21.056970986789455
309,309,0.0007806893872557996,0.0007868711254559457,-21.069939156402484,-21.050714296293307
310,310,0.0007852165762949543,0.0007847996894270182,-21.052877585548746,-21.062162161194284
311,311,0.0007839906803505091,0.0007818532421400672,-21.055614261220164,-21.078497972156597
312,312,0.0007835337976185777,0.0007859463497114025,-21.05670924353257,-21.055821373948234
313,313,0.0007887228209640562,0.0007877260703887595,-21.03734567083813,-21.04599819614885
314,314,0.0007841729927452799,0.0007855431820069881,-21.056765774890756,-21.058049750397668
315,315,0.0007851348389372153,0.0007877461152690414,-21.054405475085286,-21.045887684760878
316,316,0.00078207141054871,0.0007869642209506741,-21.06298291497415,-21.05020050862435
317,317,0.0007857081393912895,0.0007845893453218435,-21.048106409689204,-21.063326324861833
318,318,0.0007852467560670195,0.0007856129791195455,-21.048334319582153,-21.057663888042203
319,319,0.0007821286202782823,0.0007865336680735805,-21.067373802248287,-21.052577210171396
320,320,0.0007845623617914995,0.0007843282410727912,-21.055960149737956,-21.064771858223118
321,321,0.0007802067245308732,0.0007842442504816541,-21.064459508791792,-21.065236951809723
322,322,0.0007831813502317467,0.0007828195413917696,-21.060632654902527,-21.073133802847195
323,323,0.0007848141063244763,0.0007873248541727662,-21.05368904305812,-21.048210772132364
324,324,0.000783256944580983,0.0007869173576565165,-21.059125898269993,-21.050459136342457
325,325,0.000782842812675637,0.0007882080482024895,-21.063909277210136,-21.043341735971236
326,326,0.0007825745983750166,0.0007900824788712749,-21.055460585792822,-21.033026077796343
327,327,0.0007849949317235384,0.0007860754573668696,-21.05257834461967,-21.055108015619307
328,328,0.0007830364227573358,0.0007860708650887796,-21.05808681547351,-21.05513338731665
329,329,0.0007842487131111016,0.0007875792737314967,-21.052167105496157,-21.04680760086056
330,330,0.0007874122586763781,0.0007889297037189337,-21.03585754198936,-21.03936730786414
331,331,0.0007852692218238162,0.0007863693754188716,-21.04837845164964,-21.053484467537476
332,332,0.000784146156013204,0.0007850377219974211,-21.051068933800604,-21.060845130119866
333,333,0.0007860761900317192,0.0007881714233295306,-21.0479909690017,-21.043543539921572
334,334,0.0007843669616742079,0.0007920056048437561,-21.048640669729245,-21.022467836219107
335,335,0.0007877171186000569,0.0007869484129753944,-21.0372169369376,-21.050287747474666
336,336,0.0007860610710418562,0.0007880119925462886,-21.047757404265038,-21.044422116728644
337,337,0.0007862504847712585,0.0007883109011393236,-21.050737178716055,-21.042775063899242
338,338,0.0007863398941387375,0.0007925660925378141,-21.044642602997467,-21.019395501615907
339,339,0.0007848728870608143,0.0007890302957476754,-21.045002488617335,-21.038813598478857
340,340,0.0007902437655408819,0.000786605018411616,-21.02725383594826,-21.052183258152056
341,341,0.0007878708606345829,0.0007876238791811231,-21.032663166439782,-21.046561640196945
342,342,0.0007863583885728545,0.000786932307834688,-21.049211609625495,-21.050376628082287
343,343,0.0007864052265373625,0.0007927472868591155,-21.041121504948137,-21.01840274276761
344,344,0.0007865661053111796,0.0007856272461235916,-21.042731013952164,-21.057585019374876
345,345,0.0007854018302768777,0.0007919331301787967,-21.052595087187438,-21.022865267589346
346,346,0.0007863162246235099,0.0007904962648784643,-21.045231010011896,-21.030752164086863
347,347,0.0007886781492846605,0.0007902565412223339,-21.029953613420428,-21.032069392959528
348,348,0.0007888203614016937,0.000787881595131598,-21.036379863456105,-21.045140831218333
349,349,0.0007879024235886935,0.0007864758004679492,-21.03956191601697,-21.05289674520689
350,350,0.0007895618963977034,0.0007904672192556685,-21.03132924925521,-21.030911742139505
351,351,0.0007898109099712491,0.0007932906768186704,-21.03235475485374,-21.01542688373278
352,352,0.0007849587121565547,0.0007897663683826594,-21.045654643692096,-21.03476402941049
353,353,0.000790082767351348,0.0007903315494523236,-21.022539597406098,-21.031657196251242
354,354,0.0007905747817070751,0.0007890762369099416,-21.02470328927343,-21.03856073857546
355,355,0.0007872465522671791,0.0007891930290497839,-21.03293703600628,-21.037917981562448
356,356,0.0007893949520255718,0.0007907520783574958,-21.03032078047506,-21.029346965671515
357,357,0.0007902100164990526,0.0007872390989704352,-21.023128521812133,-21.04868383022733
358,358,0.0007881606123698203,0.0007964291910052692,-21.035836468480937,-20.998278690631498
359,359,0.0007920317032576068,0.0007910865058779324,-21.01771647465524,-21.027510621175512
360,360,0.0007883731807466865,0.0007913623336016348,-21.0393325341029,-21.025996632772422
361,361,0.0007906224645827849,0.0007931940643557985,-21.021282236948377,-21.015955830005897
362,362,0.0007855665717590792,0.0007894168038068241,-21.038287756505714,-21.036686719209964
363,363,0.000787563266150999,0.0007886358500017147,-21.0321654152347,-21.040985231747555
364,364,0.0007927252151331259,0.0007921230709670406,-21.016065355921576,-21.02182376115089
365,365,0.0007903665441001967,0.000788133805862775,-21.02746274992251,-21.043750822850487
366,366,0.0007877010982915683,0.0007878455400810038,-21.032134019129806,-21.04533957767856
367,367,0.0007897941011589827,0.0007908168665476536,-21.02809721850487,-21.02899115249518
368,368,0.0007935932467778012,0.0007913848906020192,-21.01777287988414,-21.025872843191287
369,369,0.000789350839619784,0.0007896170718595386,-21.026412326958294,-21.03558509229743
370,370,0.0007891963438860612,0.0007908652034147005,-21.026835079727523,-21.028725708066922
371,371,0.0007860934447026668,0.0007885289899269609,-21.03832078782198,-21.041573740186212
372,372,0.0007842238584398916,0.0007893683566515776,-21.0514564676871,-21.036953257466354
373,373,0.0007893340782137568,0.0007912447541265896,-21.029403277386084,-21.026641949196026
374,374,0.000787280726765004,0.0007907035392954162,-21.035352423492522,-21.02961355863295
375,375,0.0007882760201590424,0.0007917257117744731,-21.030538937153857,-21.024002894792524
376,376,0.00078997960537384,0.0007905279390366846,-21.02188714435634,-21.030578151417075
377,377,0.0007896673896820428,0.0007915165348860778,-21.03613759642339,-21.025150468628325
378,378,0.0007876359579182163,0.0007912247337547964,-21.0296900579971,-21.026751837406348
379,379,0.0007934919540463111,0.0007926025305335459,-21.01247660170209,-21.019195840579847
380,380,0.0007871966725023291,0.0007916548822418248,-21.035790551863833,-21.024391441618494
381,381,0.0007892650211249123,0.0007906564217256872,-21.029893645090066,-21.029872359931133
382,382,0.0007890521281053187,0.000791115603581267,-21.028203392092486,-21.027350882139395
383,383,0.000788538122055188,0.0007910742056801131,-21.027566146711543,-21.027578147919165
384,384,0.0007884591906667524,0.0007894911625618605,-21.030607938435427,-21.036277656773077
385,385,0.0007899783362068006,0.0007896829874401814,-21.03074712027094,-21.035222567484077
386,386,0.000786539032147986,0.0007913929171321031,-21.041537531806576,-21.025828795597153
387,387,0.0007897583712564455,0.0007905241892378973,-21.025322540566545,-21.03059875183742
388,388,0.0007879106182672237,0.0007913249704104505,-21.0348805234862,-21.026201684366875
389,389,0.000785067364856716,0.0007899392083728392,-21.047584797088742,-21.03381368201169
390,390,0.0007858492665655297,0.000788831914848599,-21.040997280354915,-21.03990565492915
391,391,0.0007851199743808391,0.000791006883924925,-21.045989165105347,-21.027947755608682
392,392,0.0007890195414164709,0.00078980903766167,-21.030021754996746,-21.03452939632675
393,393,0.0007896526943479386,0.0007886548655254668,-21.032162971237696,-21.040880516276207
394,394,0.0007886424511863091,0.0007886240154651827,-21.03740432282063,-21.041050403936673
395,395,0.0007864950349573622,0.0007865709362943706,-21.035783983729964,-21.052371433866405
396,396,0.0007870155746674107,0.0007881091074331811,-21.038232502812207,-21.043886923594787
397,397,0.0007896359671464132,0.0007872605193896513,-21.027728743777878,-21.04856566227406
398,398,0.0007883845174387481,0.0007900301655019192,-21.03766523138717,-21.03331364473317
399,399,0.0007884443615150359,0.0007853323477320373,-21.02776517338917,-21.05921552274593
400,400,0.0007920618020190098,0.00078699092907635,-21.016731925775844,-21.050053119524932
401,401,0.0007919949034142509,0.0007909255831404344,-21.02171422028869,-21.028394152440974
402,402,0.00078753684827405,0.0007889063747011518,-21.031440433235154,-21.039495732658455
403,403,0.0007868915791479275,0.0007875156680759238,-21.045292378546378,-21.047158355402587
404,404,0.0007871762932201406,0.0007869003089389911,-21.036723543744856,-21.050553228105464
405,405,0.0007910831824194678,0.0007948072712966486,-21.020245140713275,-21.00713207025383
406,406,0.0007852633038449302,0.0007903588090189977,-21.05115371687363,-21.031507404999296
407,407,0.0007865653708145099,0.0007904519841663147,-21.0386350875695,-21.030995446799725
408,408,0.0007874273320602387,0.0007862602544360255,-21.043613045284147,-21.054087160503272
409,409,0.0007859268861813183,0.0007899679016861084,-21.04587756282654,-21.03365593416003
410,410,0.0007887601326747807,0.0007897555509484128,-21.03386537478493,-21.034823515156702
411,411,0.0007835290923993074,0.0007923326981989177,-21.0490958231737,-21.020674597477615
412,412,0.0007862115984532944,0.000785501444050552,-21.0360593213759,-21.05828050850434
413,413,0.000789688783697784,0.0007879890740456942,-21.02709791538983,-21.044548428551053
414,414,0.0007890472830676464,0.0007916240781349572,-21.029939738758436,-21.02456043336245
415,415,0.0007873167837105845,0.0007904006358187058,-21.038590307572793,-21.03127757688253
416,416,0.0007887564463896159,0.0007878563575152503,-21.034339620058677,-21.04527994771925
417,417,0.0007888772296863273,0.0007875180331450936,-21.030432442016224,-21.047145312678627
418,418,0.0007903522718217724,0.0007910545927619463,-21.027348801540853,-21.027685822871327
419,419,0.0007858229399005854,0.0007902850905482314,-21.04520017608957,-21.03191249972177
420,420,0.0007887229697836429,0.0007880802946410289,-21.030306688563478,-21.044045701932276
421,421,0.0007899882081060757,0.0007899322265170907,-21.029953216483896,-21.033852067178458
422,422,0.0007833782973526449,0.0007870151465268512,-21.056075558166558,-21.049919479569127
423,423,0.000787534562573221,0.0007857882178780672,-21.03975616338453,-21.05669525919933
424,424,0.000786313963525919,0.0007895152789148453,-21.0384006521749,-21.03614499614864
425,425,0.0007869793268967151,0.0007897545491639329,-21.04125427522707,-21.03482902407332
426,426,0.000786753337153416,0.0007874008795050414,-21.03716853651063,-21.04779143076248
427,427,0.000788024930312231,0.0007870709309109339,-21.039927824830677,-21.049611658408125
428,428,0.0007884810335415694,0.0007935040875485069,-21.034661697416578,-21.01425870363807
429,429,0.0007872777059674263,0.0007852941236801838,-21.046452624797748,-21.059426909668304
430,430,0.0007873274915198767,0.0007882349462689538,-21.038990391347948,-21.043193532935902
431,431,0.000785859911966608,0.0007913225685785475,-21.05138589947718,-21.026214866105907
432,432,0.0007861380689758231,0.0007905230067033125,-21.04688783230786,-21.030605248395474
433,433,0.0007840443706168726,0.000787378993424538,-21.05500786676518,-21.047912146097456
434,434,0.000783887524373791,0.0007914688873202785,-21.050940984905928,-21.02541191228559
435,435,0.0007820414288027078,0.0007906992717548029,-21.061611719105883,-21.029636998193407
436,436,0.0007867483739001849,0.0007884241456754113,-21.04649095117074,-21.042151224436644
437,437,0.0007879745662836454,0.0007865363946429601,-21.033765370816266,-21.05256215510088
438,438,0.0007905854745143928,0.00078800503826259,-21.024664468974912,-21.04446044381492
439,439,0.0007868478585937128,0.000789459693662234,-21.040829214933943,-21.03645076880386
440,440,0.0007860291216368834,0.0007895240070004212,-21.047441774550254,-21.03609698519113
441,441,0.0007810684685480118,0.0007903437056627713,-21.066245692488224,-21.031590397266427
442,442,0.0007887387890656738,0.0007880070847214052,-21.030618667492984,-21.04444916514824
443,443,0.0007878874948238666,0.0007901705991427757,-21.032785246673214,-21.032541723128997
444,444,0.0007843699776711538,0.0007883032851264273,-21.050239065011773,-21.042817022070164
445,445,0.0007834977676765513,0.0007857053424231708,-21.05892424714078,-21.057153324745244
446,446,0.0007838282497724538,0.0007881676612764989,-21.058377358419193,-21.04356426945735
447,447,0.0007867947684063279,0.0007853118402540291,-21.03976458538878,-21.05932893206684
448,448,0.0007842579591280022,0.0007859545600551524,-21.051232643070726,-21.055776005859666
449,449,0.0007873162580413994,0.0007872786342264398,-21.04255572371015,-21.048465732416616
450,450,0.0007837449066033683,0.0007921391699806248,-21.056882992985578,-21.021735496562073
451,451,0.0007846568448267417,0.0007914328966044673,-21.051203034832806,-21.02560940488353
452,452,0.0007888013725024984,0.0007867513892338856,-21.033790120625294,-21.051375201690114
453,453,0.0007832537185563945,0.0007853117115844629,-21.05142381066829,-21.059329643637508
454,454,0.0007880181896250657,0.0007885384961570564,-21.03630042992875,-21.041521383475917
455,455,0.0007855628584703603,0.0007854635049098809,-21.0499734907704,-21.058490274603265
456,456,0.0007858698780782828,0.000794801533246707,-21.045426299382278,-21.007163423922982
457,457,0.0007820669963677443,0.0007831917334298946,-21.066549017965418,-21.071069437743212
458,458,0.0007852305245307303,0.0007858422866679336,-21.048474117340618,-21.056396438617476
459,459,0.0007873959575309275,0.0007877555786092815,-21.03631034713205,-21.04583551247236
460,460,0.0007842006587865043,0.0007887334826304332,-21.04754792415485,-21.040447611152516
461,461,0.0007879157735457279,0.0007859640172682703,-21.045144305642246,-21.0557237485032
462,462,0.0007853837018909375,0.0007853518350441989,-21.052539914479876,-21.0591077578339
463,463,0.0007805428239660933,0.0007885726548633293,-21.075697031475737,-21.041333255484606
464,464,0.0007853745410852518,0.0007869107036018058,-21.051637996413753,-21.050495859785308
465,465,0.0007855018760442504,0.0007877829668455218,-21.04624480675419,-21.045684522070967
466,466,0.0007839631031209737,0.0007854803085425182,-21.058931702750296,-21.05839736580706
467,467,0.0007853547930861488,0.000788795715810633,-21.050615668661955,-21.040104954714934
468,468,0.0007812447867538664,0.0007864702247867459,-21.065943981576766,-21.052927534408052
469,469,0.0007862799246459431,0.0007892744462495964,-21.04418912503691,-21.037469964214033
470,470,0.0007845662881082558,0.0007870892081164607,-21.05821317611347,-21.04951080857324
471,471,0.0007831746305473457,0.0007847713422961533,-21.05815308488133,-21.062319032113344
472,472,0.0007853254480239426,0.0007869530175077287,-21.049061338533587,-21.050262336442618
473,473,0.0007844596756766215,0.0007881131023168564,-21.057923604558635,-21.043864909491383
474,474,0.0007871813944915367,0.0007874742242213534,-21.041973684404972,-21.04738691353418
475,475,0.0007848337919153657,0.0007855964358896017,-21.05029282864489,-21.057755341586322
476,476,0.000783277110835134,0.0007855938931338881,-21.058185410698982,-21.057769398505528
477,477,0.0007847760883207942,0.0007860783432414266,-21.049217315069416,-21.05509207163984
478,478,0.0007867635012911537,0.0007842820762705646,-21.046929601962013,-21.06502748728088
479,479,0.0007866162917163876,0.0007849550977545349,-21.04795145234562,-21.061302243710944
480,480,0.0007837594135126733,0.0007857440382634339,-21.052892448127185,-21.056939440796974
481,481,0.0007828476193082548,0.0007863373336333193,-21.066009506508255,-21.053661430865446
482,482,0.0007877272455328979,0.0007874231485306824,-21.03935801517508,-21.047668606690944
483,483,0.0007860928680267685,0.0007857348108173985,-21.04832485823229,-21.05699044280566
484,484,0.000782876486707594,0.0007865818823981834,-21.062606328500337,-21.052310996858278
485,485,0.0007838739055813741,0.0007848462157294547,-21.05442905055531,-21.061904700370143
486,486,0.00078291509578907,0.0007891355566435346,-21.05879594600581,-21.038234264865345
487,487,0.00078559876899667,0.000785516620932245,-21.045992985166997,-21.05819659812649
488,488,0.0007858027094379836,0.0007871033985314792,-21.046403877356358,-21.04943251041693
489,489,0.000785240686868231,0.0007840232084211158,-21.0511577543149,-21.06646119895266
490,490,0.0007832654278975018,0.0007789157220701638,-21.064386623869478,-21.094845686551935
491,491,0.0007826215389530299,0.0007887517812808877,-21.066964894820934,-21.04034685581615
492,492,0.0007835517141766386,0.0007844699675364321,-21.060540401178557,-21.063987168121756
493,493,0.0007855925035720557,0.0007838730969907422,-21.045687525188626,-21.067292791780016
494,494,0.0007814013095543787,0.0007833486704744006,-21.065115567465863,-21.070199279622894
495,495,0.0007852824685672663,0.0007831884738008835,-21.050505454765933,-21.071087513034076
496,496,0.0007871485479684911,0.0007860012180907162,-21.04379754027807,-21.055518195459783
497,497,0.0007899067803890896,0.0007854444618140789,-21.03255218341087,-21.058595567995376
498,498,0.0007837446557703553,0.0007843693571263238,-21.0502654359812,-21.064544198345377
499,499,0.0007813287336024043,0.0007840744526076474,-21.066782098226426,-21.066177350975572
