,epoch,train_loss,test_loss,train_dbs,test_dbs
0,0,0.1401751791271045,0.006427406627488763,1.463832739913096,-11.949572900221497
1,1,0.006032129495222236,0.0058288173995127805,-12.190784525777993,-12.374126159749787
2,2,0.005752508758960925,0.005660754505937037,-12.38969324727887,-12.501187453525805
3,3,0.005602771152271745,0.0055714968689962435,-12.525795542528385,-12.570211754855746
4,4,0.005460633593851451,0.005539856875609411,-12.626473480360104,-12.594945215766211
5,5,0.00548824368371177,0.005418513337836454,-12.603244812350614,-12.69112919546259
6,6,0.0055328944419539465,0.0054965770166171225,-12.597856277101936,-12.62900748710286
7,7,0.005315910035878727,0.005353017685640799,-12.738399950095268,-12.743943880449294
8,8,0.005235386637913198,0.005197522303971805,-12.804503640249283,-12.871967045980943
9,9,0.005218456235243795,0.0051198298552710755,-12.821692871211285,-12.937375377548108
