,epoch,train_loss,test_loss,train_dbs,test_dbs
0,0,0.00102348163719145,0.001014144328349319,-19.89813470865618,-19.939923453943575
1,1,0.001020651190666501,0.0010175173213754437,-19.908323989320976,-19.92550300549119
2,2,0.0010177445845179183,0.0010146740150000703,-19.92143152043389,-19.937655730019056
3,3,0.0010188094198646158,0.001010810634684994,-19.926918368894075,-19.9542230911919
4,4,0.001009739711568643,0.0010081861370341166,-19.954194369082295,-19.965513901613228
5,5,0.0010046812048009068,0.0010066528798473116,-19.97012530860367,-19.97212371270509
6,6,0.001007185774836113,0.0010016129542093136,-19.971630789191103,-19.993921787957518
7,7,0.00100259647462229,0.0010014002297171636,-19.99081438816705,-19.994844248919783
8,8,0.001001713369593754,0.000997884024400264,-19.99461106296969,-20.01012041725557
9,9,0.0009984909814840048,0.0009942715068494803,-20.008858718194368,-20.02587117700452
10,10,0.0009904831291426012,0.0009889922221191227,-20.03324714368099,-20.04899235457344
11,11,0.0009916307513851712,0.0009908321448356698,-20.034857397579437,-20.04092023942722
12,12,0.0009887918737505744,0.0009896532129986507,-20.047426454717943,-20.04609072604363
13,13,0.0009877967351769126,0.0009858830231486966,-20.058030807208482,-20.062667234289368
14,14,0.0009854116678698775,0.000984800930478071,-20.062823254789592,-20.06743661318573
15,15,0.000981104917243392,0.000978797030831246,-20.08141569629204,-20.093994683254977
16,16,0.0009781162064887352,0.000975690785133721,-20.09848713821406,-20.1077990824501
17,17,0.000981090605959834,0.0009751252303096024,-20.08289853711417,-20.11031718097159
18,18,0.0009747595657095237,0.0009694222152527226,-20.111198105786467,-20.13579143799145
19,19,0.000977420828967672,0.0009659865999741381,-20.107874050959204,-20.151210095929972
20,20,0.0009691223421748536,0.0009669992386510497,-20.13557883880665,-20.14665979430863
21,21,0.0009656987493838539,0.0009652666723061549,-20.148491727029505,-20.15444799986049
22,22,0.0009712200172571945,0.0009597685022622739,-20.138884712485993,-20.179256184512106
23,23,0.0009634120524236836,0.0009634295404937706,-20.172910148347665,-20.162721531427067
24,24,0.0009610566884260049,0.0009579530482082383,-20.172551390284383,-20.18747887891896
25,25,0.0009559120739253296,0.0009549332745863419,-20.193106832959895,-20.20119085013661
26,26,0.0009563633573203127,0.000952116204548235,-20.18788863071681,-20.214021548825375
27,27,0.0009556030338514865,0.0009472327748019444,-20.201328781056684,-20.23635395101163
28,28,0.0009530839485058695,0.0009507199681952203,-20.20703718932811,-20.220394959853184
29,29,0.0009456003131584946,0.0009506359929218888,-20.231576990990078,-20.22077858079102
30,30,0.00095126107239078,0.0009461773504307004,-20.222987702611874,-20.241195638735412
31,31,0.000943697265291721,0.0009401781931764594,-20.25720847700103,-20.268819377901192
32,32,0.0009449462438741526,0.0009419666327487089,-20.24581788318487,-20.26056592513271
33,33,0.0009378285846941787,0.0009392749849020651,-20.272430796472698,-20.272993553713082
34,34,0.0009361132331307709,0.000935824232568082,-20.287351782985922,-20.288978248015454
35,35,0.0009353546894961948,0.000932875407957717,-20.291108350868818,-20.30268467029547
36,36,0.0009348199201133294,0.0009316191640927604,-20.289938901939927,-20.308536978682014
37,37,0.0009356090083679895,0.0009298511615366136,-20.29124049080388,-20.31678673667644
38,38,0.0009331943661684996,0.0009308942550744273,-20.30162196626491,-20.311917614753693
39,39,0.000935667522069182,0.0009243809035979211,-20.29321192386044,-20.3424114659029
40,40,0.0009281298202059241,0.0009274536737632987,-20.328219659761672,-20.32799885726009
41,41,0.0009259241657120358,0.0009172334225456181,-20.329825425763623,-20.376122402250875
42,42,0.000925812404602766,0.0009223399254934568,-20.33340044669639,-20.352011031526267
43,43,0.0009212871850228187,0.0009161796923236627,-20.343584322013367,-20.38111450433073
44,44,0.0009211072195369328,0.0009195112445587782,-20.359869671603494,-20.365350670546114
45,45,0.0009188870107275002,0.0009149662831700162,-20.36464862378997,-20.38687021123673
46,46,0.0009218517633289406,0.0009172195905672485,-20.358505282898953,-20.376187894818273
47,47,0.0009141975699338256,0.0009131295281756474,-20.38974354772201,-20.3955972464625
48,48,0.0009161575178894185,0.000913118352304752,-20.38094624879159,-20.395650400463254
49,49,0.0009141481348274986,0.0009090138819852942,-20.39135159960601,-20.415215959891402
50,50,0.0009129155666048917,0.000910109938367417,-20.39594245432304,-20.40998254707049
51,51,0.0009119980650493087,0.0009059970279371268,-20.402029871056374,-20.429653385752342
52,52,0.0009088232385993158,0.0009047901135330138,-20.419253449891084,-20.435442650889573
53,53,0.0009092733164356311,0.0009049127662652417,-20.41681139065738,-20.43485396414466
54,54,0.0009089558308502448,0.0009027225467817564,-20.419555416399927,-20.44537821861627
55,55,0.0009076067392915948,0.0009035983515021048,-20.422239398044553,-20.44116681645136
56,56,0.0009066274938096782,0.0008985480434555365,-20.43109568546482,-20.465508087108923
57,57,0.0009041453853307158,0.0008980438119339707,-20.436461652230445,-20.467945869207405
58,58,0.0009002610464993212,0.0008976753972666828,-20.45169799302108,-20.46972789012115
59,59,0.0008963685201903441,0.0008976521356472451,-20.463906630183732,-20.469840431067325
60,60,0.0008981826075487147,0.0008977268007583916,-20.46547262408179,-20.469479207649552
61,61,0.0008981444353247349,0.0008975938054438876,-20.4644292359716,-20.47012264850479
62,62,0.0008995244219495924,0.0008938478299808738,-20.464348187314776,-20.488285214472693
63,63,0.0008951136878374772,0.0008922537641697808,-20.48543095719237,-20.496037227814213
64,64,0.0008986843785885529,0.000889452698174864,-20.47361312094897,-20.509692546835222
65,65,0.0008949396709345051,0.0008915786196379677,-20.47673953148211,-20.49932466178296
66,66,0.0008967894317879889,0.0008924628185157321,-20.470663985249075,-20.49501979849058
67,67,0.0008937615976841717,0.0008887340510754209,-20.489504316896525,-20.513202914763088
68,68,0.0008938285382944591,0.0008887781694188322,-20.48556138256788,-20.512987328587343
69,69,0.0008894336000612946,0.0008863393756511964,-20.503603210719294,-20.524920683030544
70,70,0.0008916499017564984,0.0008866053938522542,-20.50140983050364,-20.52361742486188
71,71,0.0008934819626804326,0.0008858414305570094,-20.48958417311286,-20.52736123324562
72,72,0.0008844741351288004,0.0008909216175149931,-20.526132079448644,-20.50252614701792
73,73,0.0008920803102040567,0.0008842565891283908,-20.50098202863694,-20.535138068916922
74,74,0.0008894645155301874,0.0008853578198652126,-20.504420657927547,-20.52973284061849
75,75,0.0008845424583210543,0.0008816312214261607,-20.52534223640094,-20.548051500215173
76,76,0.00088897828773605,0.0008829568212508763,-20.509757799182744,-20.541526455462986
77,77,0.000887421225005588,0.0008838753350765297,-20.51727784161188,-20.537010966874657
78,78,0.0008820848582677313,0.000882465741597116,-20.540082662901256,-20.54394257037838
79,79,0.0008836270270379472,0.0008850776847746028,-20.53353685434173,-20.53110720443729
80,80,0.0008855611319922525,0.0008848191998702916,-20.53111013473975,-20.53237573673846
81,81,0.0008844558981285651,0.0008817957438479521,-20.53833831287669,-20.54724113288443
82,82,0.0008837841625190964,0.0008836990087538174,-20.541133597053275,-20.53787743735144
83,83,0.0008846632272158702,0.0008802537340670824,-20.53660590130129,-20.55484235541789
84,84,0.0008838490682615678,0.0008815146345449122,-20.53424080863437,-20.54862584905978
85,85,0.0008827612030838337,0.0008758880859731059,-20.540148095592112,-20.576434925689206
86,86,0.0008861952264476375,0.000881344551759723,-20.531435906073053,-20.54946387419392
87,87,0.0008824020732174983,0.0008831540747594676,-20.54445117887631,-20.54055634525227
88,88,0.0008813862025152085,0.000878556349657868,-20.546122615680336,-20.563224896753873
89,89,0.0008838618685462579,0.0008804959422712656,-20.538902977699415,-20.553647527003317
90,90,0.0008810754042099585,0.0008807419676725802,-20.55185631400107,-20.552434204552206
91,91,0.0008828608822029506,0.0008786060283646771,-20.54315885295333,-20.56297932823373
92,92,0.0008842091756565592,0.0008784403387261065,-20.539186690659154,-20.563798408450403
93,93,0.0008836661233835537,0.000877828943837238,-20.546685965952825,-20.5668221524726
94,94,0.00088331731967628,0.0008786248416933967,-20.539718805482554,-20.562886335047818
95,95,0.0008782555202751891,0.0008777612942810121,-20.561741924716415,-20.567156852772797
96,96,0.0008812637539993319,0.0008734617700898333,-20.548955881029656,-20.58848210163294
97,97,0.0008816163009992734,0.0008778105839155614,-20.54484249275225,-20.566912986753174
98,98,0.000879284134254666,0.0008761673356945577,-20.56013920116691,-20.575050533247886
99,99,0.0008788792885715122,0.0008771820484023346,-20.559544093334644,-20.57002376353615
100,100,0.0008757914021640018,0.0008773022809212929,-20.56852954463599,-20.569428530865924
101,101,0.0008771987001834073,0.0008679922964227827,-20.56786096760689,-20.615762408230523
102,102,0.0008740654838098617,0.0008764225272706857,-20.581142423145977,-20.573785795884447
103,103,0.0008770529842052186,0.0008760668570175767,-20.571853653560023,-20.575548609762897
104,104,0.0008792765108513233,0.0008721203990525714,-20.555623654669375,-20.59515666745551
105,105,0.0008751069334786885,0.000874295754137596,-20.57589624990321,-20.58433742260959
106,106,0.0008785381352711353,0.0008753988383288838,-20.56189794055348,-20.578861456199412
107,107,0.0008740150291693502,0.0008765032858048615,-20.575687469447686,-20.57338563079449
108,108,0.0008744552351063905,0.0008765266914116708,-20.588395780033796,-20.57326966100486
109,109,0.0008780735091200655,0.0008743531622090622,-20.57108330156934,-20.584052265212577
110,110,0.000875851482671407,0.0008725093334521118,-20.572922514555884,-20.593220301667472
111,111,0.0008721720912138518,0.0008741065761760661,-20.591862006748084,-20.585277239992422
112,112,0.0008775778042786207,0.000869949559656609,-20.56819353215079,-20.605980389591885
113,113,0.0008721453642962289,0.0008748388898215796,-20.587155481053667,-20.58164030790919
114,114,0.0008762714029385795,0.0008721979163391026,-20.567209182020516,-20.594770667612273
115,115,0.0008757963096098878,0.0008738428954721281,-20.578888865646626,-20.586587519007125
116,116,0.0008733245110878548,0.0008715193681909065,-20.58274595578242,-20.598150684934538
117,117,0.0008788088056950148,0.0008725289678152063,-20.558631441496914,-20.593122572058423
118,118,0.0008737276327441033,0.0008732461198968323,-20.578454204355985,-20.589554469712965
119,119,0.0008712747637134468,0.0008762605904944633,-20.597011188783597,-20.574588316862915
120,120,0.0008762237848713994,0.0008715328386690663,-20.575759394202144,-20.598083559528764
121,121,0.000874063717177349,0.0008680793352572149,-20.587680495722786,-20.61532693673445
122,122,0.0008756339192371239,0.0008721425332815239,-20.577821312028032,-20.595046445844794
123,123,0.0008727640889287379,0.0008697056113497207,-20.59706292175624,-20.607198394240292
124,124,0.0008732067383873785,0.0008663580183086818,-20.586046424740214,-20.623947123520075
125,125,0.0008725413600146079,0.0008705274514412801,-20.591451599208913,-20.60309640754739
126,126,0.0008734573859759827,0.0008655140164161199,-20.590828973392142,-20.628180062055065
127,127,0.0008667780160807918,0.0008703327069892303,-20.616470976978473,-20.604068070214836
128,128,0.000871085030141949,0.000870213908216867,-20.596282203368126,-20.604660914450363
129,129,0.0008732378902873889,0.0008683814789707723,-20.589228041661,-20.61381559426373
130,130,0.0008723101327819846,0.0008682430427717535,-20.593077143914222,-20.61450799583591
131,131,0.0008681816320155853,0.0008679768407570297,-20.61204349122102,-20.61583974036975
132,132,0.0008710883113738034,0.0008682505025430338,-20.59877643535672,-20.614470682279382
133,133,0.0008688695799588159,0.0008684950513078979,-20.60628634556281,-20.613247634037187
134,134,0.000869839518815855,0.0008642528126457412,-20.602284954713067,-20.634513099848245
135,135,0.0008692343211636792,0.0008669246300613802,-20.605043110027896,-20.621107697802916
136,136,0.0008711075313034054,0.0008655985492575718,-20.600145170523916,-20.627755916943542
137,137,0.0008691291033155908,0.0008665700381817786,-20.614322897470988,-20.62288442433814
138,138,0.0008688836428096768,0.0008689706232153663,-20.61016801363809,-20.610870168244936
139,139,0.0008703107638380577,0.0008648591526587935,-20.6023576799759,-20.631467257382248
140,140,0.000869280383226068,0.0008659950077631756,-20.611366109048582,-20.625767231508696
141,141,0.0008715768482718501,0.0008640003721474817,-20.599138368225027,-20.63578182039391
142,142,0.000863521083224488,0.0008652167652096404,-20.630788007127748,-20.629671854555124
143,143,0.0008687956010221897,0.000868614000194755,-20.61130411004293,-20.612652866020444
144,144,0.0008676921175888826,0.0008635660633444786,-20.622308038862368,-20.63796544606161
145,145,0.0008694442893983316,0.0008654133140991785,-20.607107801544984,-20.628685391884236
146,146,0.0008652377507610957,0.0008623689921621821,-20.63189760919474,-20.643989792002337
147,147,0.000868036435105713,0.0008659233571961522,-20.611345395255913,-20.626126572301324
148,148,0.00087043068302104,0.0008649632402107512,-20.603908660472467,-20.630944606621213
149,149,0.0008673175140860077,0.0008629692019894719,-20.619851295015877,-20.640968148739873
150,150,0.0008693000766179841,0.0008650730750033338,-20.616715607773678,-20.6303931656603
151,151,0.0008658692954809012,0.0008600340316709327,-20.62517675972024,-20.65576474901276
152,152,0.0008651956624217024,0.0008641888608077639,-20.630251632814677,-20.634834475232566
153,153,0.0008641893089720115,0.0008633030382426162,-20.631683243105243,-20.63928842243682
154,154,0.0008652787721600652,0.0008597969886307654,-20.624375858948337,-20.656961918778336
155,155,0.0008652188182693243,0.0008598409599232438,-20.626390033472042,-20.65673981982192
156,156,0.0008634090442786512,0.0008625302304464736,-20.638266799654335,-20.64317786170026
157,157,0.0008602524206243916,0.000863515790306816,-20.64502381193919,-20.63821828066589
158,158,0.0008636859735262763,0.0008640342949595498,-20.633412254691606,-20.635611308883067
159,159,0.0008676209896274833,0.0008592366142884681,-20.61832197165257,-20.659793364223816
160,160,0.0008644875026183183,0.0008625650263734554,-20.631057185948933,-20.643002663501512
161,161,0.0008669802180933046,0.0008602864997412421,-20.619027839663488,-20.654490038997075
162,162,0.0008631395692120969,0.0008594803695910071,-20.64164872995314,-20.658561496679244
163,163,0.0008650858629706133,0.0008597221764686861,-20.63639638121505,-20.65733982104137
164,164,0.0008622409503417301,0.0008588512305562434,-20.64481752840142,-20.661741693369258
165,165,0.0008599113009284375,0.0008594976235671263,-20.65061984708239,-20.658474313403488
166,166,0.0008582023444067034,0.0008592273960331161,-20.664358181540464,-20.6598399574304
167,167,0.000859887908049619,0.0008561989525333047,-20.65402688900296,-20.67517419393929
168,168,0.0008587602312321362,0.0008558761481636841,-20.658207637692506,-20.676811880955057
169,169,0.0008577454862780101,0.000859230952827554,-20.66580734849001,-20.659821979733138
170,170,0.0008554531455750472,0.0008599112502691385,-20.665607030197044,-20.656384806940537
171,171,0.0008554116405124209,0.0008540938142687082,-20.677339036010633,-20.685865350581103
172,172,0.0008571743245054152,0.0008562003832163388,-20.66647188218017,-20.675166937013472
173,173,0.0008567059172567018,0.0008573364405157534,-20.66644552707632,-20.669408280628407
174,174,0.0008576638029273791,0.0008565131911860877,-20.66667904294785,-20.673580556445255
175,175,0.0008589367486642117,0.0008535196048844801,-20.66272155521129,-20.68878610505199
176,176,0.0008587946451614736,0.0008533798574813103,-20.658277192472255,-20.689497236873528
177,177,0.0008556080559633442,0.0008511880143104415,-20.67657157119164,-20.700666119435503
178,178,0.0008526495537845437,0.0008544761957110543,-20.691786224966187,-20.68392143078624
179,179,0.0008555101002710536,0.0008528709601561882,-20.67488493371605,-20.692087844355434
180,180,0.0008535323221687727,0.000850110550680639,-20.690464925179697,-20.706167053616788
181,181,0.0008507562932059092,0.0008495767956207457,-20.698362034684422,-20.708894695089484
182,182,0.0008455245562387419,0.000847829208635774,-20.727547419170374,-20.717837371744153
183,183,0.000848281736720891,0.0008471385287856193,-20.714142495198857,-20.721376772024925
184,184,0.0008498575297165086,0.000846021192908091,-20.707961183133214,-20.72710869288585
185,185,0.0008451876124923991,0.0008399784411793869,-20.723426566335,-20.75823971943374
186,186,0.0008441287455312216,0.000842344784790552,-20.732041225831566,-20.746022202199057
187,187,0.0008435211535639216,0.0008369818985413172,-20.74128773430165,-20.773760459987614
188,188,0.0008417672865313583,0.0008388365324782697,-20.748726390610646,-20.764147752564188
189,189,0.0008388496941368374,0.0008359067387094623,-20.757085072706758,-20.779342852455727
190,190,0.000835865941234701,0.0008315873136253733,-20.770497358083215,-20.801842562990593
191,191,0.0008352175841021553,0.000833638033854138,-20.782745303410508,-20.791145909461267
192,192,0.0008334749517482274,0.0008302183337754718,-20.785182423265294,-20.80899791873355
193,193,0.0008305535296496656,0.0008275040339580492,-20.80447577178443,-20.82321992006902
194,194,0.0008299548674576445,0.0008282977873214373,-20.818675539531807,-20.819056103751294
195,195,0.0008307622617216224,0.0008231390292119039,-20.803782615075775,-20.84618917291253
196,196,0.000824243842009647,0.0008246887744845528,-20.841214612774994,-20.83802028515383
197,197,0.0008212224281508207,0.0008197550931455273,-20.84777117408054,-20.864079879550978
198,198,0.000822944241364669,0.0008210666342883518,-20.835284808856784,-20.857137075309645
199,199,0.0008224105539242017,0.0008123486094470872,-20.84769784265395,-20.903496701851438
200,200,0.0008175189435222791,0.0008170505354524051,-20.86749240992276,-20.87843192637367
201,201,0.0008121337075525722,0.0008123905802341668,-20.898599877620228,-20.90327232514717
202,202,0.0008140783840982416,0.0008094093308931118,-20.897050797621276,-20.919239049370955
203,203,0.0008073902998561251,0.0008047947378240918,-20.926602658523855,-20.94406983507381
204,204,0.0008063202252198663,0.0008048878118738924,-20.930755475553973,-20.94356760503734
205,205,0.0008034020213448663,0.000802342893286167,-20.945514805600993,-20.957321013551624
206,206,0.0008030594722607854,0.0008001692599224809,-20.943705544676902,-20.969102484944035
207,207,0.0008043274847483358,0.000797985317675691,-20.94673636244648,-20.980972108449492
208,208,0.0007992523011857087,0.0007944592170564359,-20.970856288272486,-21.000205036327877
209,209,0.0007944272353419478,0.0007971623471300853,-20.995593257351647,-20.985453343714696
210,210,0.0007931916949281603,0.0007930763286391372,-20.998981233061738,-21.007771241220183
211,211,0.0007929816444826879,0.0007898557784133836,-21.005259801177054,-21.025443118812195
212,212,0.0007896817471716821,0.0007868530565725738,-21.02176369571699,-21.041984753814962
213,213,0.0007890968105861361,0.0007830450317430261,-21.03091990992634,-21.0630537318115
214,214,0.0007872044699285756,0.0007840730219246133,-21.03727152019684,-21.057356005002653
215,215,0.0007862292305739193,0.0007829446817356113,-21.047239292178794,-21.063610331311015
216,216,0.0007846063775845717,0.0007819287466669554,-21.057142746218087,-21.069249318442736
217,217,0.0007785474341458728,0.000780779957207606,-21.0858419125584,-21.0756345521296
218,218,0.0007807771200026126,0.0007765742944014308,-21.070671696905045,-21.09909100833008
219,219,0.0007774874414365316,0.0007737041512308153,-21.08836534454334,-21.11517184553621
220,220,0.0007766518044554311,0.0007750093967555777,-21.103351173445333,-21.1078514335222
221,221,0.0007739822865108546,0.0007737169967425105,-21.113389475461616,-21.1150997418965
222,222,0.0007726687634334967,0.0007714327841408943,-21.115700492652625,-21.127940201291512
223,223,0.0007732255089087124,0.0007680081793009059,-21.11191721071448,-21.14726266280103
224,224,0.0007704218847139441,0.000767298517626171,-21.133314902021425,-21.151277524091245
225,225,0.0007682401133633996,0.0007666248252223197,-21.144717260646487,-21.155092328966198
226,226,0.0007699253937690375,0.0007626732511102761,-21.1434557873142,-21.17753596735971
227,227,0.0007647268057647209,0.0007606375515215883,-21.16513788659864,-21.189143495159616
228,228,0.0007643408043617287,0.0007595720235258341,-21.161943912017144,-21.195231511078532
229,229,0.0007620591204613447,0.0007570964945970397,-21.182381982418153,-21.209408762013243
230,230,0.0007592163729174159,0.0007587069627142659,-21.192694671497385,-21.20018041942849
231,231,0.0007560136872007675,0.0007520663815452472,-21.2148097737155,-21.23835936059841
232,232,0.0007544835650160448,0.0007528964871246563,-21.2278858957613,-21.233568407723755
233,233,0.0007575313583467655,0.0007553563704469094,-21.208696939182452,-21.219402153108625
234,234,0.0007527311525749254,0.0007506392246700431,-21.23368681964476,-21.246608568420598
235,235,0.0007516145880199661,0.0007471430734241087,-21.23479934615531,-21.266883370086788
236,236,0.0007511930817440536,0.0007448268925624067,-21.245113980848807,-21.280367627791055
237,237,0.0007487478751218734,0.0007426626367592498,-21.260103371220694,-21.293005364023365
238,238,0.0007451722547219894,0.0007449272027435271,-21.27480119586265,-21.279782777467872
239,239,0.0007443746909518371,0.0007412016734872994,-21.280940152737443,-21.30155720380964
240,240,0.0007474927385289644,0.0007390906409311452,-21.274377017922962,-21.31394408716833
241,241,0.0007436381660152188,0.0007410050908985891,-21.28946724850699,-21.302709198741347
242,242,0.0007384348667908422,0.0007376149419303003,-21.30828222400111,-21.322624059043477
243,243,0.0007365251970525409,0.0007366439615572361,-21.325087887821486,-21.328344783917984
244,244,0.000737392841046196,0.0007310701338084121,-21.32464673364467,-21.36133069417299
245,245,0.0007342588853753489,0.0007326904819101879,-21.343146007147165,-21.351715617510216
246,246,0.0007337619569728669,0.0007318725172234209,-21.342411141921843,-21.35656672445475
247,247,0.0007348874471025522,0.0007305256777295941,-21.346578763657988,-21.36456625738054
248,248,0.0007268106522873889,0.0007285792472478198,-21.377032270123216,-21.376153148831577
249,249,0.0007254481201597787,0.0007249101916769225,-21.389456750005785,-21.398079059404253
250,250,0.0007291245136227574,0.0007228314000377921,-21.374200805065534,-21.41055101384044
251,251,0.0007260351198168529,0.0007207924745192653,-21.39313964172417,-21.42281867865401
252,252,0.0007259064964882876,0.0007220322976967221,-21.390076503941344,-21.415354868669535
253,253,0.0007212151108386437,0.0007228686100509213,-21.418344145350183,-21.410327452890527
254,254,0.0007208130375203705,0.000719071941842374,-21.425837675307683,-21.433197686491916
255,255,0.0007188035800486573,0.0007164909927125432,-21.43445108065506,-21.448813764977565
256,256,0.0007214801819255748,0.0007199666027812974,-21.419200887348424,-21.42779760377056
257,257,0.0007173585424622156,0.0007162778975295001,-21.439929362008606,-21.450105614115667
258,258,0.0007176546340318608,0.0007166785132875176,-21.443164286547095,-21.447677274826486
259,259,0.000717334511099364,0.0007137265638448298,-21.43757893044107,-21.46560250725635
260,260,0.0007158068402372685,0.0007143048814644939,-21.448489599966052,-21.46208493534905
261,261,0.0007140941458235774,0.000713015321372567,-21.46235139308518,-21.4699324944781
262,262,0.0007127094881839512,0.0007101055878018471,-21.470470846265712,-21.487691814664434
263,263,0.0007114750921207759,0.000708686249134572,-21.472224131726307,-21.496381054914213
264,264,0.000714211965330214,0.0007136591655006142,-21.464238200505644,-21.46601263786649
265,265,0.0007104137366320746,0.0007084418658020073,-21.484669840246987,-21.49787893407892
266,266,0.0007085063669964979,0.0007098060940686418,-21.498751778370973,-21.489523879000345
267,267,0.0007096000211361373,0.0007067817618678275,-21.49132754531884,-21.50806777341982
268,268,0.0007087394982797199,0.0007096309533440753,-21.49147018142856,-21.49059560882112
269,269,0.0007071735651817979,0.0007064791126666885,-21.49982709299577,-21.509927852933583
270,270,0.0007090535478128754,0.000703623815513167,-21.49502464835198,-21.527515810067484
271,271,0.0007078432707240825,0.0007025262549225437,-21.503880432243214,-21.534295521776585
272,272,0.0007094055205372345,0.0007052886618399306,-21.496542205866852,-21.517252093604213
273,273,0.0007055625643523544,0.0007064842257501656,-21.512428146844115,-21.509896421347506
274,274,0.0007065620138933978,0.0007010908631951009,-21.511917029793093,-21.543178042741317
275,275,0.0007076021829936845,0.000705476911542447,-21.509270956135747,-21.51609306606554
276,276,0.0007049679790969132,0.0007080088467582277,-21.525170402660393,-21.50053427231926
277,277,0.0007032502806246204,0.0007017462079315201,-21.524918566716135,-21.53912037090852
278,278,0.0007032188658900175,0.0007030320151610986,-21.526973334045767,-21.531170089058136
279,279,0.0007021998153692207,0.0006973975595380915,-21.53988347961393,-21.56611688300852
280,280,0.0006991261970395818,0.0007004444211672403,-21.549036680562196,-21.547184309706
281,281,0.000702970290374126,0.0006991823289641424,-21.538785954070146,-21.555016681128887
282,282,0.0006990504742734442,0.0006966998855779437,-21.55033017892468,-21.570463723717772
283,283,0.0006995511381675672,0.000698192572025092,-21.550034958859293,-21.561168874769024
284,284,0.0007010136302512561,0.0007018205237967011,-21.543376312203122,-21.538660471575394
285,285,0.0006984948983521576,0.0007015720628643114,-21.561840711545578,-21.54019824816134
286,286,0.0007005705943417534,0.0007007709967805759,-21.546513268347454,-21.545159924482324
287,287,0.0006998229781453757,0.0006994218289803125,-21.55006010339099,-21.553529290492097
288,288,0.0007011491136827035,0.000702558933928805,-21.547997685438865,-21.53409350823024
289,289,0.0006991166341809806,0.0006983778960267572,-21.554973778302543,-21.560016262801334
290,290,0.0006976430034312929,0.0006975449260177189,-21.561325623139197,-21.565199276012954
291,291,0.0007026505502920176,0.0007003626639121457,-21.541294459040266,-21.547691256382123
292,292,0.0006967178172643114,0.0006955505446775964,-21.564407437560295,-21.577634165376676
293,293,0.0006977345970862536,0.0006949156553386466,-21.55904827364099,-21.581600158303132
294,294,0.0006969251463516164,0.0006929484202134374,-21.567424654107956,-21.593912025822757
295,295,0.000696617122811563,0.0006968395104386696,-21.568247258163037,-21.56959344610774
296,296,0.000699116035902239,0.0006981951086536834,-21.55680156141369,-21.561153096288376
297,297,0.0006932001746950921,0.0006957837735841933,-21.585082857986425,-21.576178152587016
298,298,0.0006957987399013309,0.0006943392892074036,-21.57883838507995,-21.585203710634527
299,299,0.0006963326589722839,0.0006962904283825896,-21.57189385339054,-21.5730168643083
300,300,0.0006954480249425108,0.0006932664852540352,-21.577334136314214,-21.59191906075079
301,301,0.0006946488163558786,0.0006956864228030961,-21.57530018689066,-21.576785839438205
302,302,0.0006965054943197474,0.0006957940732766138,-21.583073564919676,-21.576113864418105
303,303,0.000693735544757015,0.000690831330996987,-21.579030274131537,-21.607200858543045
304,304,0.0006934662383126537,0.0006863267381528491,-21.585855964594145,-21.635611929663966
305,305,0.0006899644000234908,0.0006930241146811137,-21.606905243262474,-21.593437648606365
306,306,0.0006948153034678286,0.0006901246869299365,-21.57993353452207,-21.611645484465836
307,307,0.0006929638959976278,0.0006944400068421505,-21.593318176038167,-21.58457378890107
308,308,0.0006928360359695231,0.000691634599781154,-21.59816953467598,-21.602154003760717
309,309,0.0006922814717813942,0.0006919145388038535,-21.592223934766075,-21.60039655299737
310,310,0.0006900883751402888,0.0006889469437546244,-21.61199135917026,-21.619063336810925
311,311,0.0006928144025222696,0.0006909135569769301,-21.595240759848803,-21.60668397167469
312,312,0.000692808087891179,0.0006859971418682681,-21.59927606540267,-21.63769805310007
313,313,0.000693488575652549,0.0006881737897760774,-21.590431004198045,-21.62393983795782
314,314,0.0006911896682853244,0.0006905491096212676,-21.604404764810823,-21.608975419471395
315,315,0.0006886102413979464,0.0006896119877254884,-21.61704050928849,-21.614873092308788
316,316,0.0006897296899324763,0.0006921297386533728,-21.609411672680046,-21.59904601661023
317,317,0.0006857376471257855,0.0006925906146582412,-21.63834119545242,-21.596155094805432
318,318,0.0006885292607397993,0.0006852581159603831,-21.618956573322098,-21.642379237044782
319,319,0.0006873517341614154,0.0006855094229410353,-21.624947237434718,-21.64078682647061
320,320,0.0006864922536421836,0.0006879107830555816,-21.63265322636938,-21.625599944771903
321,321,0.0006879794185731522,0.00068441213500735,-21.62509456966599,-21.647744103605312
322,322,0.000689153127449075,0.0006834281590080968,-21.62139211798887,-21.653992426927616
323,323,0.0006892680095691118,0.0006839782397850956,-21.618131305180054,-21.650498263683254
324,324,0.0006872590597642144,0.0006846918411994059,-21.636309501838802,-21.645969587431743
325,325,0.0006897876281579284,0.0006852431657822116,-21.62131741604048,-21.642473987483474
326,326,0.0006857327570821898,0.0006845106621959099,-21.642119738292685,-21.647118943231476
327,327,0.0006841784109092635,0.0006798212906639827,-21.65062302115992,-21.676973498723775
328,328,0.0006815448172928131,0.0006831859538674747,-21.65982401312227,-21.655531827935867
329,329,0.0006837024318639995,0.0006830904013967436,-21.64913737518939,-21.656139287922688
330,330,0.0006799956095961796,0.0006816059926916894,-21.6765553457985,-21.66558711480245
331,331,0.0006806687247872199,0.0006791528614581024,-21.66604885489513,-21.68124576745845
332,332,0.0006808485966607852,0.0006817085637809022,-21.669016278598615,-21.66493361839664
333,333,0.0006822315992825886,0.0006802576980063398,-21.67054323820485,-21.67418646490102
334,334,0.000678865693884028,0.0006805144826342401,-21.684202179936843,-21.6725473933526
335,335,0.0006792649672337875,0.0006785927413913765,-21.676334635409802,-21.684829017037334
336,336,0.0006774646966938966,0.0006773821292690149,-21.693012733096083,-21.692583767004106
337,337,0.0006792887807679698,0.000673570749840062,-21.682088259048115,-21.717088921428314
338,338,0.0006751141447295464,0.0006753205242076595,-21.70130410933696,-21.70582162667617
339,339,0.0006779359915226544,0.0006741704174170369,-21.68767018032852,-21.71322419809464
340,340,0.0006774651755569215,0.0006731041020860797,-21.699747218971453,-21.7200987430251
341,341,0.0006762686774816326,0.0006751181484249077,-21.698242411975848,-21.707123287953483
342,342,0.0006727742483676172,0.0006723805042718979,-21.71232646107951,-21.72476999034563
343,343,0.0006753741757531372,0.0006720796441904417,-21.70938409324816,-21.726713698019402
344,344,0.0006750943931299693,0.0006739964347185665,-21.714048150982283,-21.71434512353784
345,345,0.0006730637054640762,0.000673533610288838,-21.718913186763732,-21.717328390657848
346,346,0.0006694551203255877,0.0006736965519131014,-21.741834912667898,-21.716277870106566
347,347,0.0006747626490679752,0.0006710050633716348,-21.711721563543385,-21.733663142338436
348,348,0.0006737346507695302,0.0006703201552705938,-21.719058064179645,-21.738098335692154
349,349,0.0006715660745556437,0.0006706376045354103,-21.72686694222065,-21.73604209692458
350,350,0.0006710796073299938,0.0006713637757409168,-21.73043364560983,-21.731342069295934
351,351,0.0006703463858281521,0.0006696534631038574,-21.73784966223449,-21.742419924551264
352,352,0.0006719732323431017,0.0006681971288727302,-21.72711464271067,-21.751875063622855
353,353,0.0006700778996917544,0.0006673279445079204,-21.740378227447792,-21.75752800169513
354,354,0.0006686629314628459,0.0006700357863385426,-21.742560043088485,-21.739941127685437
355,355,0.0006720858017587554,0.0006668273034799648,-21.733957222642104,-21.76078737718968
356,356,0.0006696856412652534,0.0006666474540619866,-21.738975782996096,-21.761958867086033
357,357,0.0006672043518940966,0.0006663914996591446,-21.755138392076812,-21.76362662909447
358,358,0.0006675738565258912,0.0006689856404830751,-21.746884077020184,-21.746753156747754
359,359,0.0006649510685316066,0.0006672440672685441,-21.76362601963391,-21.758073905879314
360,360,0.0006699396919017446,0.000665300439945177,-21.746783078425477,-21.770743009469456
361,361,0.0006682417390282391,0.00066684507519791,-21.746799599638567,-21.760671634235695
362,362,0.0006678449206015805,0.0006675199623905906,-21.756409816341836,-21.75627853638879
363,363,0.0006683433786053787,0.0006638867688659383,-21.751487246599922,-21.77998098251587
364,364,0.0006660466873298216,0.0006639489897918937,-21.766403791264324,-21.779573971262487
365,365,0.0006687013665214181,0.0006654182675686714,-21.751739607714875,-21.769973923011978
366,366,0.0006661844012548321,0.0006634940877311715,-21.760918172291678,-21.782550542775894
367,367,0.0006644733558581738,0.0006646200812323705,-21.76830273280897,-21.775186524036805
368,368,0.0006660917070550248,0.000664610636273497,-21.767963048860572,-21.775248242344492
369,369,0.0006641249896084756,0.0006652962857563244,-21.781755989454563,-21.770770127246927
370,370,0.0006650333669631905,0.0006649659297085906,-21.772773255331686,-21.772927172825995
371,371,0.0006668229981027928,0.0006624737258167251,-21.76301430599935,-21.789234530606233
372,372,0.0006646201213744958,0.0006599326979515976,-21.773646538644755,-21.80592464521167
373,373,0.0006649072153599376,0.0006641562856537732,-21.775023382322424,-21.778218243650656
374,374,0.0006657510032138028,0.0006642786657290632,-21.77378267320167,-21.777418069107096
375,375,0.0006645781470501085,0.0006657880761562602,-21.76750392548155,-21.767560986297262
376,376,0.0006661096662186931,0.0006617192810058201,-21.76650119755226,-21.794183223916658
377,377,0.0006656338131900147,0.0006631874773455294,-21.77174115819511,-21.78455794537279
378,378,0.0006623890019290764,0.0006636703129563676,-21.78331099197896,-21.781397201964694
379,379,0.0006654127578961558,0.0006620346286677217,-21.76947998910462,-21.792114051526916
380,380,0.000663394076610464,0.0006596673261619321,-21.779330364534314,-21.807671379121224
381,381,0.0006644537518780256,0.0006636891293486482,-21.775255691110708,-21.781274072462963
382,382,0.0006618341845076185,0.0006611594458502767,-21.781504125730624,-21.79785904587081
383,383,0.000662908672124685,0.0006601257850170919,-21.786614769536552,-21.80465414623377
384,384,0.000662228801844584,0.0006595591579465882,-21.78027070183964,-21.80838356705426
385,385,0.0006620888382234832,0.0006618711723651933,-21.794574673151462,-21.79318645668634
386,386,0.0006627015200606787,0.0006596471924383781,-21.792778000941297,-21.807803932275412
387,387,0.0006624407977461047,0.0006593833279207741,-21.79021438612103,-21.809541494882573
388,388,0.0006615098496207718,0.0006585079092091243,-21.79145536112769,-21.81531116025451
389,389,0.0006594760187411893,0.0006596041524684743,-21.809742333400273,-21.80808730544019
390,390,0.000662093529040858,0.0006610418204218149,-21.79326381879495,-21.798631758406337
391,391,0.0006604488901841963,0.0006600257015394929,-21.79788555835305,-21.805312641907587
392,392,0.0006619235212655412,0.0006624292275917373,-21.79059580468651,-21.789526255121213
393,393,0.0006598460928479344,0.000659208625285445,-21.804049096207425,-21.810692304134168
394,394,0.0006584574602851548,0.0006587075829309853,-21.806617686098917,-21.813994485849037
395,395,0.0006602567700986011,0.0006573508848975363,-21.79808499738481,-21.82294859681992
396,396,0.0006573945679941896,0.0006567571422477302,-21.81771759763977,-21.826873071348672
397,397,0.0006584291257559485,0.0006613901902088209,-21.8081553018783,-21.79634362444645
398,398,0.0006593857470602181,0.0006581362287857031,-21.806731230050353,-21.817763132758742
399,399,0.0006624288885786976,0.0006560557736328951,-21.79755617670533,-21.831513497177795
400,400,0.0006614952929049116,0.0006605760488463076,-21.79422048115372,-21.80169288580403
401,401,0.0006577386214762696,0.0006601967279015011,-21.813542267102083,-21.80418744051668
402,402,0.0006577132579380858,0.0006617206902439264,-21.81525908837724,-21.794173974923936
403,403,0.0006583509678693162,0.0006591822020709515,-21.816192528645942,-21.81086638690253
404,404,0.0006584054094345606,0.0006577168793515547,-21.81094502163148,-21.820531240388377
405,405,0.000657964353185608,0.0006577820351690446,-21.81895184961202,-21.82010103384528
406,406,0.0006613563098128617,0.0006579160138866619,-21.805366465707863,-21.819216541875463
407,407,0.0006600901497691178,0.0006549201268506678,-21.8146888173121,-21.83903774310938
408,408,0.0006581882774570631,0.0006568721085051564,-21.817615736371422,-21.826112899309198
409,409,0.0006588079448136472,0.0006590750111315987,-21.819669178167082,-21.811572659291663
410,410,0.000653597604862616,0.0006598016541255148,-21.83918730540092,-21.806787115915004
411,411,0.0006613954337621012,0.0006567481200602886,-21.803434495580902,-21.826932732871672
412,412,0.0006571946912877185,0.0006539320211710507,-21.822692772886274,-21.845595075446248
413,413,0.0006590342003919338,0.0006563207103968843,-21.811500203934106,-21.82976002814483
414,414,0.0006568490175923967,0.0006562165891457545,-21.819129622284002,-21.830449064333365
415,415,0.0006580904321793045,0.0006557998069758085,-21.81506702208715,-21.833208270745523
416,416,0.0006581695663944347,0.0006576433661393821,-21.816221339941613,-21.821016679758102
417,417,0.0006562373792925446,0.0006546123063583907,-21.829120570036437,-21.841079460294605
418,418,0.0006581465917706643,0.0006548475020712143,-21.813722859736142,-21.839519363517486
419,419,0.0006579140233615241,0.0006554116874835209,-21.820153014205932,-21.83577930004865
420,420,0.0006566362181851237,0.0006524971870117282,-21.831757128450082,-21.855134678579557
421,421,0.0006586311873499804,0.0006567461287455732,-21.818550794863235,-21.826945901060164
422,422,0.0006556054703247993,0.0006544011075196689,-21.822356392288572,-21.842480859089527
423,423,0.000655172183298381,0.0006549030321797258,-21.829180182196165,-21.839151103775045
424,424,0.0006574697038830863,0.0006562744659420691,-21.82225362704814,-21.830066043463418
425,425,0.0006555932827207461,0.0006586238435518585,-21.831262995303614,-21.814546625570156
426,426,0.0006567051612589624,0.0006561539699568561,-21.827176689981513,-21.830863507769816
427,427,0.0006546448626958756,0.0006552988381468152,-21.832225676511392,-21.836527136331036
428,428,0.0006577595294280381,0.0006529497975287469,-21.824849066063443,-21.85212320036257
429,429,0.0006571982083506114,0.0006506042034169169,-21.82836287971151,-21.867752467400766
430,430,0.0006512382491395722,0.0006552705921134667,-21.85707899050511,-21.836714338872735
431,431,0.00065317605358078,0.0006506362758380803,-21.84602311419562,-21.86753838129205
432,432,0.0006540576788145549,0.000652138621693379,-21.846444175215957,-21.857521903306072
433,433,0.0006545133919925572,0.0006508546893631941,-21.844561222226933,-21.86608073322293
434,434,0.0006529110232992194,0.000651587290983451,-21.850790016856536,-21.861195066460546
435,435,0.0006527709834680883,0.0006523412027347245,-21.850887791125125,-21.856173015765545
436,436,0.000652547845300095,0.000650541939601106,-21.85244791169682,-21.86816811374141
437,437,0.0006536527755238192,0.0006529892531321629,-21.85039311819859,-21.851860778454895
438,438,0.0006530940875929502,0.0006562589061152386,-21.849130451778954,-21.830169012989007
439,439,0.0006547908427088147,0.0006514685381645043,-21.84158977630944,-21.861986647188985
440,440,0.0006533012504583781,0.0006513803137319261,-21.846080311661854,-21.8625748256909
441,441,0.0006525374945377951,0.0006521119840296084,-21.84999404846883,-21.857699301581178
442,442,0.0006516303029391415,0.0006517141224130204,-21.852057566854626,-21.86034979475898
443,443,0.0006534120706438096,0.0006496549008022013,-21.849246964291915,-21.874093925947626
444,444,0.000651172253653676,0.0006497132279419977,-21.85635579683128,-21.8737040263585
445,445,0.000652901213808158,0.000647876840574961,-21.855171570157673,-21.88599655929235
446,446,0.0006523523815744317,0.0006476678995807704,-21.84977083281052,-21.887397389673495
447,447,0.0006511899769863056,0.0006507630398693053,-21.862344277947688,-21.866692323993963
448,448,0.0006535904135161377,0.0006493716071800966,-21.84202923432006,-21.875988157636247
449,449,0.0006517680384669953,0.0006510786846966335,-21.860536244540665,-21.86458634126428
450,450,0.0006518128313623445,0.0006534099903594898,-21.850518482253626,-21.849063412130825
451,451,0.0006527147446663032,0.0006543429090494388,-21.853822730121095,-21.842867111468493
452,452,0.0006548825701813876,0.0006506520164150157,-21.84110137578507,-21.86743331547772
453,453,0.0006545968005702514,0.0006517656024937567,-21.844071771972313,-21.86000675121828
454,454,0.0006526400630371933,0.0006516566806423821,-21.85430566465285,-21.8607325967057
455,455,0.0006517983724593578,0.0006511069491113487,-21.853097754554454,-21.86439781085773
456,456,0.0006529892435940655,0.0006516180552640243,-21.85449498717407,-21.86099002191659
457,457,0.0006525367504398617,0.0006522134644910693,-21.848408201545176,-21.857023513117916
458,458,0.0006518430249362262,0.0006522363431653694,-21.86264915760458,-21.85687117177148
459,459,0.0006523118858446472,0.0006506970415725128,-21.86073177504482,-21.8671327938408
460,460,0.000654827099480695,0.0006486713200023299,-21.847253990182672,-21.880674148834057
461,461,0.0006536002218070411,0.0006522837088835475,-21.843774336655002,-21.85655579647291
462,462,0.0006512849028798339,0.0006500375702192908,-21.863267645860187,-21.871536532952852
463,463,0.0006495299185002127,0.0006501460692992336,-21.871204640794776,-21.870811703776603
464,464,0.0006522761433404515,0.0006514995781655767,-21.85629934210329,-21.86177972729559
465,465,0.000651368340261319,0.0006518860892882865,-21.85497244841936,-21.859203979274128
466,466,0.0006511283854800324,0.0006486271066885246,-21.86227704646881,-21.880970173215566
467,467,0.0006499403143138385,0.0006521167846298532,-21.871721126373682,-21.857667330591944
468,468,0.0006515612278479276,0.0006510289539092858,-21.862369525588093,-21.864918077380338
469,469,0.0006514534560637068,0.000650498620847142,-21.85139142191197,-21.86845731449946
470,470,0.0006493316884104585,0.0006498596202091951,-21.871813083708545,-21.872725591725978
471,471,0.0006536958761964493,0.0006509493258291561,-21.84958336885998,-21.865449300310647
472,472,0.000652552167068898,0.0006506947224567595,-21.85580159303067,-21.867148272333935
473,473,0.000650997449447084,0.0006531011527649275,-21.867203305324825,-21.85111661261559
474,474,0.0006508330614114008,0.0006503534172416517,-21.86347992145052,-21.86942685020425
475,475,0.0006509334756272662,0.0006515208392796156,-21.85523559295642,-21.861638001434915
476,476,0.0006519624418531035,0.000647091245474784,-21.854487831802764,-21.891265873069994
477,477,0.0006542079427913215,0.0006486042647769576,-21.85245726377304,-21.88112311611178
478,478,0.0006525488234288299,0.000647991037878551,-21.857955880495954,-21.88523112232535
479,479,0.00065271469365959,0.0006505101245190753,-21.845706057839518,-21.868380512844432
480,480,0.0006527755494690357,0.0006481114940374697,-21.856334253911342,-21.88442387993531
481,481,0.0006516216504003507,0.0006525743305438051,-21.867963539439682,-21.854621250619726
482,482,0.0006526109610069735,0.0006503213203119996,-21.852850603184425,-21.869641193099273
483,483,0.0006512471507111392,0.0006498298025690019,-21.859029050965674,-21.872924864511837
484,484,0.0006531172740446,0.0006532069038305627,-21.855126332779328,-21.85041345375304
485,485,0.0006522750607979743,0.000650444836968458,-21.857795991269008,-21.868816408380148
486,486,0.0006510083888868619,0.0006501485967371417,-21.86200679534722,-21.87079482064441
487,487,0.0006521910833454086,0.0006501222256031868,-21.851863052054913,-21.870970981452803
488,488,0.0006485415476172702,0.0006507075832862603,-21.87443921976332,-21.867062435890272
489,489,0.0006518733517276411,0.0006491725431068948,-21.86423309204731,-21.877319686166793
490,490,0.0006519599515253428,0.0006509650817238971,-21.861229226770206,-21.86534418282974
491,491,0.0006536253831186092,0.000651429563540181,-21.849495194741728,-21.862246475095112
492,492,0.0006494189056894291,0.0006521749494009112,-21.862735383611533,-21.857279984134557
493,493,0.0006526917466394527,0.0006519550898749577,-21.85443292960967,-21.85874431325734
494,494,0.0006521589593174532,0.0006488807205306856,-21.850797604933412,-21.87927240937512
495,495,0.0006551117109394027,0.0006479054174729084,-21.84180933663737,-21.885805002585762
496,496,0.0006526963894505092,0.0006529982109848214,-21.849732236695154,-21.851801201374926
497,497,0.0006526978950486662,0.0006530514189140185,-21.858467229076403,-21.85144734177377
498,498,0.0006507291061294832,0.0006526176370435247,-21.860978249572934,-21.854333051269244
499,499,0.0006513112127425667,0.0006514700791357379,-21.862134210374855,-21.861976374482435
500,500,0.0006510316563491738,0.0006501021408966105,-21.8635531302383,-21.871105153330554
501,501,0.000651814938239638,0.0006495212345678164,-21.861887597528764,-21.874987577033643
502,502,0.000654358879456623,0.0006498355283646992,-21.84400850682517,-21.872886598022507
503,503,0.0006531731395972605,0.0006484485991103085,-21.850201362637698,-21.88216555227232
504,504,0.0006525648827424523,0.0006500798994430193,-21.857180463549565,-21.87125373776359
505,505,0.0006502483390540499,0.0006527937244084713,-21.86022590153613,-21.853161408771697
506,506,0.0006509513405785349,0.00064979241793289,-21.861080333268717,-21.873174720830384
507,507,0.0006506554806393754,0.0006502519857971684,-21.870073975706052,-21.870104244233474
508,508,0.0006514748314769996,0.0006505245018113209,-21.861462074072314,-21.86828452802495
509,509,0.0006501674526083024,0.0006523357005789876,-21.861969045119288,-21.85620964638067
510,510,0.000653481383966378,0.0006539167830181357,-21.85251218125647,-21.84569627744612
511,511,0.0006524635894108832,0.0006510805994223215,-21.853711810158586,-21.86457356932753
512,512,0.000653241223358002,0.0006492706781596338,-21.84606566178794,-21.876663215228838
513,513,0.0006542434854692174,0.0006528946350475675,-21.84915654756667,-21.85249011636881
514,514,0.0006497340095613498,0.0006544520698585792,-21.866282588145175,-21.84214265977172
515,515,0.0006519480117539078,0.0006511343679832,-21.851416370715175,-21.864214928244646
516,516,0.0006512579461319622,0.0006547239946054393,-21.86691378958131,-21.84033854156397
517,517,0.000651581805156179,0.000653765482926055,-21.858392863278695,-21.846701243210454
518,518,0.0006515828138889419,0.0006497776546319457,-21.863911728324652,-21.87327339377262
519,519,0.0006538292641521038,0.0006509962503945357,-21.852563137970577,-21.865136244524123
520,520,0.0006515830167156365,0.0006499043298198989,-21.865218881597585,-21.872426812286466
521,521,0.0006527471657333531,0.0006541604739858916,-21.857166553236592,-21.844078121588065
522,522,0.0006522207650519216,0.0006500623697464011,-21.863579841179146,-21.871370848801224
523,523,0.0006520030083922074,0.0006488802364880317,-21.8554940018279,-21.87927564906348
524,524,0.0006539037207515968,0.0006501939068058212,-21.84990893105198,-21.870492163263663
525,525,0.0006521551338139653,0.0006488709906606298,-21.85552814597152,-21.87933753167607
526,526,0.0006506643978129957,0.0006508363141237121,-21.860656882628543,-21.866203347039722
527,527,0.0006495829570808055,0.0006479718538589383,-21.86926834701915,-21.88535969875161
528,528,0.0006515883004110422,0.0006527812342698637,-21.85149322462737,-21.853244504701802
529,529,0.0006524385079098193,0.0006526409507435011,-21.85417170894729,-21.854177909424585
530,530,0.00065191151855091,0.0006472695263494787,-21.860933659579196,-21.89006950800264
531,531,0.0006525247974666892,0.0006556133433294139,-21.852338452521927,-21.834443276406887
532,532,0.0006523459877329159,0.0006538392687951656,-21.854661543085484,-21.84621111351662
533,533,0.000652981919630133,0.0006510728118500035,-21.861954302701708,-21.86462551558295
534,534,0.0006494207395307874,0.0006518661730775708,-21.87016949485454,-21.859336665531547
535,535,0.0006511784698718141,0.0006472723999697911,-21.862120874922518,-21.89005022709069
536,536,0.000653205206617713,0.000653049151878804,-21.851832529252807,-21.85146241811484
537,537,0.0006508562220596545,0.0006482941741859051,-21.861608031929837,-21.88319992692602
538,538,0.00065015622213022,0.0006507366595446671,-21.86833731129982,-21.866868379807546
539,539,0.0006521720476400529,0.0006499252723235833,-21.859873776712373,-21.872286867577202
