,epoch,train_loss,test_loss,train_dbs,test_dbs
0,0,0.0002609936302328559,0.00024588318927654704,-8.740557141536227,-9.008492487400177
1,1,0.00023133255818561104,0.00022186188787025842,-9.263472814040425,-9.45495382154556
2,2,0.00021285751337046284,0.00020800027414225042,-9.627603293663261,-9.735141789690015
3,3,0.0002012199219064211,0.00019923389711613325,-9.868279619605111,-9.922148562658105
4,4,0.00019346090446504735,0.00019215231785844815,-10.040002215866489,-10.079324587709868
5,5,0.00018762408836130244,0.00018648689958928642,-10.176594782185415,-10.209297576143378
6,6,0.00018252604118951588,0.00018273366578413467,-10.293186927604065,-10.2975951972319
7,7,0.00017855432020745133,0.00017912434352757898,-10.39042527884877,-10.384234745644543
8,8,0.00017514497974225002,0.00017584673141276367,-10.472691327686993,-10.464437861377542
9,9,0.000172322379249945,0.00017321429837274512,-10.544588587885983,-10.529943473296777
10,10,0.0001699680961445262,0.00017132795657840018,-10.60396276746252,-10.577498512252344
11,11,0.00016793205562412507,0.0001692225939079531,-10.656857787286992,-10.631197385322835
12,12,0.0001661847315527038,0.00016746518361431204,-10.702107344851548,-10.67653556363203
13,13,0.0001643230673825829,0.0001655002775614297,-10.751894692901576,-10.72779359857837
14,14,0.00016284259723273788,0.00016451220787865552,-10.790342632129581,-10.753799553633478
15,15,0.00016154689920139644,0.00016303764852254013,-10.823341751056727,-10.792901834109067
16,16,0.0001605247668249859,0.00016209307528027383,-10.853246263501061,-10.81813624420759
17,17,0.0001589944439138449,0.00016100437450835385,-10.891134889597518,-10.847404103020374
18,18,0.00015803642787600954,0.0001599139742259132,-10.919503900869113,-10.876916697109195
19,19,0.0001573414279546435,0.00015872371180816308,-10.93874035503865,-10.909362752743457
20,20,0.00015631700132627847,0.0001582161701088281,-10.966481810468704,-10.923272188592485
21,21,0.00015562374343418698,0.00015712827735114843,-10.985542453587541,-10.95323737109263
22,22,0.00015451954635695468,0.0001565840571665352,-11.01825335465339,-10.968305446791817
23,23,0.0001541442443621489,0.00015544957300574568,-11.028479570157367,-10.999885528820885
24,24,0.00015312426926966603,0.00015511355473120747,-11.056122015897174,-11.00928335659642
25,25,0.00015255444852356828,0.00015413273113632671,-11.07378540584218,-11.036832124214763
26,26,0.00015184157629996616,0.0001536167240517802,-11.093364164270785,-11.051395869863816
27,27,0.00015121132985103068,0.00015319036595572375,-11.111756527741667,-11.06346632675072
28,28,0.00015070019667900945,0.0001525254789923661,-11.125069406905068,-11.08235688799053
29,29,0.00014999304943389173,0.0001520782396638472,-11.147079928816009,-11.095110094871888
30,30,0.0001495546480093497,0.0001512639941402564,-11.159730469597909,-11.118425225289663
31,31,0.00014906344571050025,0.0001505496949999054,-11.173461621081513,-11.138982063196147
32,32,0.00014824950278463016,0.00015054239376791214,-11.197058630059713,-11.139192688774479
33,33,0.00014804598179852263,0.00014969521036714708,-11.20144763105837,-11.163701814049514
34,34,0.00014750204005845122,0.00014938121373569104,-11.218583081934664,-11.172821025293986
35,35,0.00014698358262245804,0.0001490521566378639,-11.235494934866605,-11.18239822100453
36,36,0.00014642572115036208,0.00014850621856136344,-11.252159027891393,-11.198334466117307
37,37,0.0001459490317616074,0.00014787410327699035,-11.263690451370088,-11.21685962288057
38,38,0.00014567685536452156,0.00014735154476702998,-11.27379907910827,-11.232233931708926
39,39,0.00014489532517960544,0.00014701932377647609,-11.297003540650458,-11.242036654712106
40,40,0.00014455961032000072,0.00014650020105029014,-11.307883463161911,-11.25739865631099
41,41,0.00014437242955948735,0.00014612059366252077,-11.313060622381206,-11.26866658321562
42,42,0.00014387232643916972,0.00014582107542082667,-11.326772421347076,-11.277577895235247
43,43,0.00014344516029334196,0.00014537905716631365,-11.342232056473005,-11.290762383481539
44,44,0.00014304199033073563,0.00014560788296971863,-11.352504367517522,-11.283931987301273
45,45,0.00014258385883444998,0.0001448074418524476,-11.367045255050066,-11.30787204905928
46,46,0.00014253512499541926,0.00014458102324217754,-11.369013730900424,-11.31466792276995
47,47,0.00014181798763546766,0.0001438626258229641,-11.388541651902745,-11.336301034201172
48,48,0.00014137054347077902,0.00014359211184599094,-11.403054922490341,-11.344475034957673
49,49,0.00014103018219964388,0.00014353017353354707,-11.41418739547317,-11.346348763964427
50,50,0.0001406879815364199,0.0001430967592903854,-11.426654560127751,-11.359482879156719
51,51,0.0001404200522733142,0.0001427477905771842,-11.433760723319889,-11.3700869128432
52,52,0.00014001023726112967,0.00014228312418134394,-11.445383836036086,-11.384246936894202
53,53,0.0001396661549002489,0.00014147219343086412,-11.457611675739006,-11.409069993033107
54,54,0.00013940403387658587,0.00014142310063011552,-11.463896532475912,-11.410577316281525
55,55,0.00013875526861532484,0.00014096046767295584,-11.48586825423646,-11.424807543727766
56,56,0.00013877586302582712,0.00014056242147681157,-11.483552707189402,-11.43708856160492
57,57,0.00013822316230795606,0.00014056331910021407,-11.501432050452518,-11.437060827901863
58,58,0.0001379260558547385,0.00013995457802114911,-11.508750200430516,-11.455909771890955
59,59,0.00013781712494296088,0.00014004217365781138,-11.511699677580168,-11.453192433017971
60,60,0.00013725523754099826,0.00013952754900521157,-11.532442286277963,-11.469181210141972
61,61,0.00013684372978102531,0.00013912354265094588,-11.545619240197578,-11.481774582894428
62,62,0.00013667098152002357,0.0001389628312991638,-11.549564518364912,-11.486794322627603
63,63,0.00013617850885397668,0.00013870826162593928,-11.564501986762947,-11.494757573980303
64,64,0.000136055318415453,0.0001382055660973205,-11.5716491568198,-11.510525521415353
65,65,0.00013565139017804746,0.0001377742523082385,-11.58232733567657,-11.524100235114062
66,66,0.00013529043584658773,0.0001376449164174693,-11.594642659861156,-11.528179099200528
67,67,0.00013511113104765717,0.00013734414594517532,-11.601369400162454,-11.537679332220886
68,68,0.00013465417600620885,0.0001370711841828827,-11.614423279175492,-11.54631921587292
69,69,0.00013417933291045124,0.00013655387661664893,-11.6291916986781,-11.562740525271632
70,70,0.00013407057879694266,0.00013619251771352107,-11.633410295293775,-11.57424837818574
71,71,0.00013386282545379988,0.00013620965335959276,-11.641824859281165,-11.57370198631865
72,72,0.0001336030632655914,0.000135612558025107,-11.647899579506177,-11.592781782977077
73,73,0.00013302677059270077,0.00013536290230388803,-11.667931445090215,-11.600784288639206
74,74,0.00013279135990947887,0.00013550589325237334,-11.675047115766645,-11.59619902915737
75,75,0.00013252600858566476,0.0001348249425063841,-11.68575494832854,-11.61807842564511
76,76,0.00013215547999410323,0.0001342751424281711,-11.696359513438473,-11.635824646157465
77,77,0.00013186006973912824,0.00013415407853531897,-11.70541820672247,-11.639742057533141
78,78,0.0001316429400119268,0.00013378524454310536,-11.712487609546432,-11.651698695095234
79,79,0.00013158946194849217,0.00013345501716493775,-11.714880328525386,-11.662431808451053
80,80,0.00013116155305490878,0.00013361543747841527,-11.73023712052331,-11.657214483651838
81,81,0.0001309687022981474,0.00013321076288488448,-11.733543039744898,-11.670387708578495
82,82,0.00013043284084655096,0.00013255069298841255,-11.750695046293478,-11.691960837173907
83,83,0.0001306490427016319,0.00013260096755785575,-11.746696004668095,-11.690313933035657
84,84,0.00012992429559013433,0.00013236185623100027,-11.77051397522626,-11.698152372898193
85,85,0.00012979655587786482,0.00013229357213468144,-11.773317613711995,-11.700393430795565
86,86,0.0001294573092534322,0.00013187062454802034,-11.784341218595769,-11.714300232874193
87,87,0.00012920586596010253,0.00013141805424024105,-11.794450629129102,-11.729230535371444
88,88,0.00012917242993447047,0.0001308186934023213,-11.799119097844033,-11.749082791790293
89,89,0.00012863582618517764,0.0001312348800925783,-11.812094369081265,-11.735288075498032
90,90,0.00012856254011474203,0.00013062275760794843,-11.816131715945406,-11.75559238312756
91,91,0.00012823332771094823,0.00013034600124228746,-11.82969334662269,-11.764803739155496
92,92,0.00012782193914166238,0.00012989218789459156,-11.842420193050991,-11.779950542409296
93,93,0.00012765216674732487,0.00013014185357238412,-11.848230736595792,-11.771610983565978
94,94,0.00012757223555230122,0.0001299595988759967,-11.849015078849767,-11.777697241151337
95,95,0.0001270674059849194,0.0001288914009867432,-11.867174488588674,-11.81354142043336
96,96,0.00012692062216618856,0.00012905341894733474,-11.869797050172773,-11.808085717502365
97,97,0.00012650770969633684,0.0001289807711911731,-11.885068071141376,-11.810531170210812
98,98,0.00012635556379688386,0.0001284087415306682,-11.892148785624027,-11.829834966346816
99,99,0.00012603066963642914,0.0001285372567700075,-11.903639871585023,-11.825490593263844
100,100,0.0001259831373055331,0.0001279146151653932,-11.905497932086837,-11.846579177439908
101,101,0.00012572202088908992,0.00012810122165032417,-11.912886558289786,-11.84024814869944
102,102,0.0001254096373251985,0.00012729983504150848,-11.92373579853529,-11.867502454441105
103,103,0.00012509621209921026,0.0001273467033139528,-11.936076756739237,-11.865903796751887
104,104,0.00012483364319159967,0.0001269660443588356,-11.943242993511403,-11.878904970202287
105,105,0.0001245818499022058,0.00012689005923579986,-11.951733172760527,-11.881504862043325
106,106,0.00012461535013628855,0.00012620857006894718,-11.953301016904119,-11.904892400783552
107,107,0.00012424264355807458,0.000126559633492051,-11.964033245655223,-11.892828778592326
108,108,0.0001240467308233156,0.00012591320525021538,-11.972538989966866,-11.915068068430276
109,109,0.000123546839755907,0.00012540426235462196,-11.988340699084842,-11.932657883847321
110,110,0.00012327537940306225,0.0001260526937824723,-11.999861516437349,-11.910259552177148
111,111,0.00012309169462766767,0.00012514765234970438,-12.004123232376958,-11.941553792564253
112,112,0.0001228691182086081,0.000125202631783108,-12.015322591357311,-11.93964628404978
113,113,0.00012285467423258598,0.00012457731377492709,-12.013787124449411,-11.961391242567782
114,114,0.00012242720602200242,0.00012449372374440397,-12.028710202513018,-11.964306289674248
115,115,0.0001222497453407826,0.00012434058551566283,-12.03396842665345,-11.969651782127029
116,116,0.0001218898697262966,0.0001241416286670995,-12.046760075155852,-11.976606475461285
117,117,0.00012155674443251367,0.00012389013595805553,-12.061445286081858,-11.985413567840942
118,118,0.00012166739884612736,0.0001233184984333715,-12.055274552766084,-12.005498583537587
119,119,0.00012110796711736445,0.00012350909635547156,-12.07209870847818,-11.998791420802926
120,120,0.00012116929826437083,0.00012338648842782468,-12.073994691728513,-12.003104819184555
121,121,0.00012087779684885184,0.00012253241775876008,-12.08375763749025,-12.033270834134582
122,122,0.00012044322557840976,0.00012270927637521374,-12.098799238429251,-12.027006912757798
123,123,0.00012033808123999631,0.00012228990970853423,-12.10239768105248,-12.041874619873065
124,124,0.00012020249587013242,0.00012276287567434147,-12.10881253319,-12.025110332634908
125,125,0.0001198851170988043,0.00012205126059645983,-12.118937332396884,-12.050358169764621
126,126,0.00011978322691368131,0.00012158566670749631,-12.126179840084328,-12.066957057722384
127,127,0.00011946760059799999,0.00012171301741067222,-12.13391596456976,-12.062410570929213
128,128,0.00011943655101145551,0.00012170655597736568,-12.135482805213954,-12.062641132900202
129,129,0.0001190905111929469,0.00012122458773726401,-12.150042004479129,-12.079873704941917
130,130,0.00011867496865194233,0.00012123384505302008,-12.161820418896278,-12.07954206861929
131,131,0.00011840306379059425,0.00012039028852565312,-12.172749268803651,-12.109866310491332
132,132,0.00011827367026066004,0.0001204638656896637,-12.178688177996197,-12.10721290744566
133,133,0.0001182616550292935,0.00012012034858344123,-12.178140705927039,-12.119615024975086
134,134,0.00011795734950358087,0.00012035001227080724,-12.191764302791615,-12.111319474364322
135,135,0.00011770818966078409,0.00011969723211797445,-12.1991072933843,-12.134939784426571
136,136,0.00011735651232530218,0.0001194022490955448,-12.211322938165265,-12.145655789600962
137,137,0.00011734298084437674,0.00011922069212519808,-12.213671899584114,-12.152264475688266
138,138,0.0001171965611235661,0.00011915307550225407,-12.219118244299876,-12.154728297719473
139,139,0.00011685424126965503,0.00011931080792381085,-12.230119113033595,-12.148982997483184
140,140,0.00011649794910179892,0.0001188121126400993,-12.245842796960586,-12.167173680345256
141,141,0.0001166245816683531,0.0001181328644681918,-12.24092618834698,-12.192073515284559
142,142,0.00011612498246435767,0.00011846437777613143,-12.256321780290163,-12.17990308648574
143,143,0.00011587175671143227,0.00011791823482398238,-12.268556177617722,-12.199971169317935
144,144,0.00011582676488990156,0.0001173699469961177,-12.2702563691411,-12.220211778710812
145,145,0.0001155371131428239,0.00011762689667337231,-12.277938847683656,-12.210714470603378
146,146,0.00011519098061211312,0.0001173319588384689,-12.293459889874878,-12.221617651179546
147,147,0.00011529596090393582,0.0001169475129388861,-12.290944238771582,-12.23587095996309
148,148,0.00011487345407133653,0.00011694909488524947,-12.306966114777095,-12.23581221344405
149,149,0.00011449797010258051,0.00011717613616431328,-12.319305902374566,-12.227389131051059
150,150,0.00011426168360408952,0.00011637950573410643,-12.329712669659811,-12.257015779231747
151,151,0.00011432313101639798,0.00011628305832058878,-12.32457699821331,-12.260616408499631
152,152,0.00011393570682614773,0.00011585652713333012,-12.341884655329613,-12.276575801989678
153,153,0.00011368634550683393,0.00011622466837778982,-12.349901476542197,-12.26279770637299
154,154,0.00011350464436751262,0.00011579060657440048,-12.358264527177116,-12.279047573196314
155,155,0.00011327072870605577,0.00011506945769437344,-12.366723534210418,-12.306180199959647
156,156,0.00011309280798928908,0.00011491237015242835,-12.374123238459628,-12.312113039427084
157,157,0.00011316779520861881,0.0001151432221185563,-12.370234029197263,-12.303397079281345
158,158,0.00011280103458797309,0.00011455405489725403,-12.38421051399589,-12.325676197048082
159,159,0.00011232866584287342,0.00011451873701604966,-12.400915279523222,-12.327015366218983
