,epoch,train_loss,test_loss,train_dbs,test_dbs
0,0,0.0005983517963688859,0.0005779596088503144,-5.137290230980456,-5.296805978491436
1,1,0.0005602906860132731,0.0005474428272512006,-5.421706388728655,-5.532393164336709
2,2,0.0005366640782329379,0.0005285232542327753,-5.611467870938888,-5.685139859563214
3,3,0.0005201717683224526,0.0005151700246834049,-5.743521603694754,-5.796275007907676
4,4,0.0005083735009112885,0.0005041289274997421,-5.844105306651258,-5.890364678560552
5,5,0.0004995117331830996,0.0004956323567679838,-5.92402379342968,-5.9641843530042475
6,6,0.0004912740283900123,0.0004886929512538604,-5.993197218383118,-6.025420113750508
7,7,0.00048448377800145256,0.00048240580393834725,-6.055336503813735,-6.081655620646822
8,8,0.00047863512503981746,0.00047649408684504265,-6.106622597151874,-6.13520570790037
9,9,0.0004735170745353224,0.0004715084000245521,-6.154648972439483,-6.180886521350749
10,10,0.0004687211431260461,0.00046738323994520073,-6.198491423775881,-6.2190495150618466
11,11,0.0004644670065242759,0.00046261390027786166,-6.238645135999702,-6.263594083401324
12,12,0.00046094546674213077,0.0004596358293814487,-6.2715230619289954,-6.291642110110166
13,13,0.0004572356344781547,0.0004560786351488021,-6.307479328879348,-6.325383579902452
14,14,0.00045399535141318805,0.0004531289374235233,-6.337508776721795,-6.353562886331946
15,15,0.00045087970175165874,0.00044984927119098996,-6.365721173579788,-6.385110651204937
16,16,0.0004484364711895547,0.00044751167756897444,-6.3916574770616705,-6.40773713854481
17,17,0.00044516724631545545,0.0004448987295434467,-6.419722339260135,-6.4331692075301925
18,18,0.00044286588552532735,0.0004426090255085575,-6.444353674122293,-6.455578206846599
19,19,0.0004406937142382808,0.0004401966963134902,-6.465802667346068,-6.479313074885525
20,20,0.00043840129852544557,0.0004384262827347572,-6.4878256446683,-6.49681505029167
21,21,0.00043636335890509726,0.00043577632382757177,-6.507818270780573,-6.523144554391022
22,22,0.0004344783014060987,0.00043383538631085113,-6.528406680128024,-6.542531134473746
23,23,0.00043243965759306915,0.0004328066578110386,-6.548497553295837,-6.5528415347991045
24,24,0.0004304233955257793,0.00043072712479012186,-6.567603615521895,-6.573758642617053
25,25,0.0004288652424518134,0.00042859892710112035,-6.584825667741264,-6.5952700677708105
26,26,0.00042709032584884273,0.00042706039293031946,-6.6020738583427105,-6.610887910177028
27,27,0.0004252604723154308,0.0004258331058448867,-6.621049684551447,-6.623386642493908
28,28,0.00042380687520243997,0.0004242847376429525,-6.634527620343147,-6.639206767075148
29,29,0.0004222796838034482,0.0004224553413223475,-6.651789398310887,-6.6579728083476954
30,30,0.0004208010516955143,0.00042127622107632066,-6.666961454100878,-6.670111402482213
31,31,0.0004194263175619555,0.00041992443852665787,-6.680616406802576,-6.6840693612805415
32,32,0.0004179246226186413,0.0004179895316299639,-6.696011494910639,-6.704126811372063
33,33,0.00041650696783614605,0.00041706898972686187,-6.7091911634287325,-6.713701863194075
34,34,0.0004150811471789115,0.00041560854572851797,-6.7252332680838816,-6.728936174028199
35,35,0.0004140749278468723,0.0004145278454464125,-6.7373938742939465,-6.740243772134784
36,36,0.0004129965649197627,0.00041336618596687913,-6.748868349589331,-6.75243138585738
37,37,0.0004112765099373214,0.00041182258466601764,-6.7643635784067,-6.768679263506745
38,38,0.00041029347705693204,0.0004101342009993172,-6.776758534495243,-6.786520998105412
39,39,0.00040877747083005987,0.000409398548072204,-6.792677756483068,-6.794317882196146
40,40,0.0004078815652167943,0.00040831056264180104,-6.803012379626914,-6.8058747143617975
41,41,0.00040689435878710954,0.0004067393234244695,-6.813086584577719,-6.822619244453159
42,42,0.00040566424758788007,0.0004062330102131359,-6.82487774699376,-6.828028753562591
43,43,0.0004046197354159865,0.0004046225068649571,-6.8386204402386985,-6.8452804987182425
44,44,0.00040326197511641326,0.0004042119743596566,-6.851267082555221,-6.849689114353282
45,45,0.0004025481826716976,0.00040307196047108034,-6.859570192851821,-6.86195498634331
46,46,0.0004017371732319139,0.0004024329429835473,-6.86881254619049,-6.868845616697119
47,47,0.0004003777405122276,0.0004010589327663183,-6.881155593858367,-6.883698925239321
48,48,0.0003993823637072112,0.0004000837645052295,-6.892755368250554,-6.894271583651417
49,49,0.00039846248343855756,0.0003990980254265627,-6.903433691347977,-6.904985072495979
50,50,0.00039756016838172277,0.0003983759134395146,-6.915195889612389,-6.912850140474239
51,51,0.0003967373208838909,0.0003973250706238966,-6.92302146439519,-6.924321170688738
52,52,0.0003955753999594215,0.0003964840036228691,-6.934688993015237,-6.933524161835933
53,53,0.00039493949836619274,0.00039529837637306437,-6.943217742630687,-6.946530557786331
54,54,0.00039355016671140325,0.0003942694181061693,-6.956648934869715,-6.957849944253739
55,55,0.0003928324443494575,0.00039368473900187954,-6.966289586074552,-6.964295064264581
56,56,0.0003919400897035471,0.00039227302553818415,-6.974495198573592,-6.97989641218189
57,57,0.000390998142430578,0.0003922623827269203,-6.985493355644384,-6.980014242789798
58,58,0.0003899100375212921,0.0003908323767398925,-6.995569218571479,-6.995875526295132
59,59,0.0003894352316304312,0.0003902157385662002,-7.000379145019018,-7.002733045225372
60,60,0.0003886541112244475,0.0003899190464596215,-7.012098882885082,-7.0060363654566125
61,61,0.00038788028987911865,0.0003891275739174728,-7.020891152193592,-7.014860799499556
62,62,0.0003871840695471301,0.00038798833664163555,-7.027152849861099,-7.0275941590971485
63,63,0.00038592531027742806,0.00038687533110772307,-7.040555110521517,-7.040070482720466
64,64,0.0003857406236701789,0.00038555882240057384,-7.045850604241916,-7.054874411778136
65,65,0.0003844463022200141,0.0003854223346264151,-7.058212943927994,-7.056412085876742
66,66,0.0003840326536782854,0.00038435308899926514,-7.063632085770162,-7.068477105363514
67,67,0.00038331443625118236,0.0003838804627057949,-7.072728937908939,-7.073820767240733
68,68,0.00038215710323054303,0.0003830289550885362,-7.084202182576488,-7.083464806102628
69,69,0.00038105802647721445,0.00038294999180116544,-7.096136843720994,-7.084360217660317
70,70,0.00038067282197910563,0.0003815406403430787,-7.101226422108127,-7.100372820796671
71,71,0.00038014382445589477,0.00038121425467053135,-7.108945337389163,-7.104089545687921
72,72,0.0003793839270431433,0.00038050246688439265,-7.1152744610726915,-7.112206095818299
73,73,0.0003783069860031732,0.0003790726033529561,-7.128878313619987,-7.128556884553219
74,74,0.0003778518368994107,0.00037859329543272525,-7.133529922396051,-7.134051676201908
75,75,0.00037713826588383807,0.0003781461809443212,-7.143760131181703,-7.1391836769432535
76,76,0.0003766026296868882,0.00037741021400219515,-7.1483777953434435,-7.147644368562184
77,77,0.000375650794612551,0.0003767125063428753,-7.158708099348223,-7.1556804789910675
78,78,0.00037505556397216834,0.00037600871291942894,-7.165507212519035,-7.163801777592744
79,79,0.00037443546305852225,0.0003753813231780537,-7.173321696440508,-7.1710542550788094
80,80,0.000373803703210403,0.0003747472625323816,-7.181866629184089,-7.178396172462974
81,81,0.00037307427870829775,0.00037400483913523584,-7.187265203023543,-7.187008648863797
82,82,0.0003719082919487096,0.0003730020390847992,-7.2002059665124865,-7.198668803613818
83,83,0.000371536485713993,0.00037208187246793196,-7.207743634765721,-7.209395742717117
84,84,0.00037091177919418696,0.00037157144642582064,-7.214711428000905,-7.215357532779447
85,85,0.00037029527815433277,0.00037119972617610504,-7.2204675593414205,-7.219704391480894
86,86,0.00036948700627484885,0.000370731773345094,-7.229615277096587,-7.225182777541582
87,87,0.00036895200346126077,0.0003700263746156308,-7.237574210679095,-7.233454056614016
88,88,0.0003685772250353637,0.0003685285521082972,-7.2455324321888686,-7.251069454415662
89,89,0.00036751225107042217,0.00036844448339635213,-7.25299556168909,-7.252060279753846
90,90,0.0003669248100552593,0.0003678814483512389,-7.261505380600223,-7.258701986919796
91,91,0.0003665668701455381,0.0003671318654118008,-7.268170357991379,-7.267560053599378
92,92,0.00036561454930726786,0.0003663340283214654,-7.278239513263375,-7.277008247044019
93,93,0.00036512415846521706,0.00036594297240586266,-7.284106954821655,-7.2816467497482655
94,94,0.0003646207252066083,0.0003652469696182954,-7.288163234600261,-7.289914649618048
95,95,0.00036373788691317836,0.0003645125834736973,-7.2996307348113465,-7.2986556097466115
96,96,0.0003629403168421968,0.0003638565096097361,-7.306766833422451,-7.306479372138595
97,97,0.00036239622493236106,0.00036330014700070024,-7.314401354254704,-7.313125127382527
98,98,0.00036177499617027483,0.00036257239806122685,-7.323707008706353,-7.321833473129235
99,99,0.0003612007940975354,0.00036186690895671124,-7.330915345150981,-7.330292156114069
100,100,0.0003607195526596696,0.0003616780848364885,-7.336925286957846,-7.332558919785384
101,101,0.00036005241875584746,0.00036101685040385316,-7.343342764302384,-7.340506133235191
102,102,0.00035952911508202397,0.00036042958565399443,-7.3497042594696715,-7.347576537463835
103,103,0.00035864730892443705,0.0003595440280868819,-7.361842586761265,-7.358260066732423
104,104,0.00035823334744152104,0.00035900569606670424,-7.364899333998194,-7.364767470790299
105,105,0.00035728977875515205,0.0003581804707401285,-7.3760750044656165,-7.374761834329737
106,106,0.00035698673076994873,0.00035781981147776703,-7.382495701179752,-7.379137037653765
107,107,0.00035647308656744196,0.0003576429612861064,-7.38647261493525,-7.381284041435086
108,108,0.00035577869587625886,0.00035621435841006274,-7.3965928333049415,-7.3986666515745565
109,109,0.0003547546659000986,0.0003562040097006646,-7.4073759461911255,-7.398792824272734
110,110,0.00035462994848560426,0.00035532349628690437,-7.410870905055081,-7.409541595299113
111,111,0.0003539021582985969,0.00035490990328406423,-7.417578627605793,-7.4145996840710495
112,112,0.0003535283985067658,0.0003542714326421877,-7.425506947492815,-7.422419527529774
113,113,0.0003530017670949671,0.0003534205270146853,-7.429935176774272,-7.43286316170376
114,114,0.00035220776149311785,0.0003531132395820398,-7.439500364368387,-7.4366408507847375
115,115,0.0003516077551241849,0.00035247803163273553,-7.445863603954189,-7.4444603177487885
116,116,0.00035074812848572186,0.0003521486635834567,-7.456482579882898,-7.448520417591906
117,117,0.0003503780630801219,0.00035164791686264306,-7.46386681292474,-7.4547003730057
118,118,0.00034948831817768896,0.00035078966787918225,-7.472690147386885,-7.465312931080285
119,119,0.0003487729448249045,0.0003502152271960911,-7.478397968237407,-7.472430612467143
120,120,0.00034880657565117496,0.0003497464916252188,-7.482073983173998,-7.478247196341876
121,121,0.00034797957680696986,0.00034917683009744475,-7.4916854397206905,-7.485326682893827
122,122,0.0003472010907477018,0.00034814716108437434,-7.500812207759624,-7.498152281933043
123,123,0.0003467375282366213,0.0003477784523152207,-7.506420016647794,-7.502754158793795
