,epoch,train_loss,test_loss,train_dbs,test_dbs
0,0,5.2063883521975754e-05,4.9775570483976286e-05,-32.8361870251884,-33.03665617974393
1,1,4.208909474270053e-05,4.2556168505382774e-05,-33.755583317847496,-33.71719344351365
2,2,3.675142675233146e-05,3.853574219790875e-05,-34.35202858471501,-34.1481813629637
3,3,3.35521602857025e-05,3.694248066734106e-05,-34.743660598736746,-34.3315580948523
4,4,3.2807243563362024e-05,3.633276633320891e-05,-34.839775971443856,-34.40383398423131
5,5,3.244414533723684e-05,3.5696326545133305e-05,-34.88760189792823,-34.480583383804905
6,6,3.269452609697275e-05,3.522781423127622e-05,-34.85166436277655,-34.5379616671638
7,7,3.2428872577135555e-05,3.492937484177099e-05,-34.89642737340985,-34.57491051404615
8,8,3.152664713834571e-05,3.49799535653897e-05,-35.00814918978043,-34.5686263557221
9,9,3.1023342165371074e-05,3.4569815685053505e-05,-35.08069188863297,-34.619848001726965
10,10,3.0482400895201974e-05,3.397621912881732e-05,-35.16104404350503,-34.69506815241604
11,11,3.08910658560242e-05,3.396083287187043e-05,-35.10614222463811,-34.697035316550085
12,12,3.077493575923673e-05,3.351688639285337e-05,-35.11749655510225,-34.754181968844584
13,13,2.9093069446689604e-05,3.2949291619986886e-05,-35.36032506380647,-34.82835782113945
14,14,2.894089189307049e-05,3.226657319924255e-05,-35.38355044935491,-34.91929019646793
15,15,2.901946132136725e-05,3.1378918624556574e-05,-35.367213799343574,-35.040438912857
16,16,2.8363161430947395e-05,3.0789505073794555e-05,-35.474598246672265,-35.12279156316855
17,17,2.747475791130858e-05,3.074133469214614e-05,-35.61410952680243,-35.12959144930515
18,18,2.777981359200173e-05,3.0533875982846916e-05,-35.562991548939415,-35.158999268859844
19,19,2.7182688989848157e-05,3.0348562990854445e-05,-35.65547261175107,-35.185437322178835
20,20,2.728350098306654e-05,3.0176005997131333e-05,-35.64860013505482,-35.21020106836957
21,21,2.6676700032374956e-05,3.0098886973543192e-05,-35.74188324543332,-35.2213142808596
22,22,2.671774089640635e-05,2.9833688083607213e-05,-35.73761018188933,-35.25974919413288
23,23,2.740526735916441e-05,2.996762257106112e-05,-35.62728023998308,-35.24029573886314
24,24,2.664001272258003e-05,2.9659026231935347e-05,-35.749683285360696,-35.28524976077882
25,25,2.7917152392640757e-05,2.9520717362174764e-05,-35.542392481385974,-35.3055495744143
26,26,2.7221310541715436e-05,2.94050194880631e-05,-35.654574274821556,-35.32260392640051
27,27,2.691314033860912e-05,2.9246605424161414e-05,-35.701962161739054,-35.34606398269308
28,28,2.578197895626048e-05,2.913767332900438e-05,-35.877086323784724,-35.3622699421517
29,29,2.6155724946275047e-05,2.9048430070887615e-05,-35.824291820846156,-35.375591983901856
30,30,2.6838451152254548e-05,2.8921057635575142e-05,-35.72262618656141,-35.394676932557516
31,31,2.5292206176805078e-05,2.862889663160068e-05,-35.96442084263876,-35.438772537330614
32,32,2.564502958812602e-05,2.8554226159222278e-05,-35.89503993138534,-35.45011469248565
33,33,2.6595674912126005e-05,2.847816645762099e-05,-35.75559341659148,-35.461698400188666
34,34,2.4957997327911688e-05,2.8354530992433674e-05,-36.0315218638146,-35.4805939611633
35,35,2.65122685659756e-05,2.8183658670107098e-05,-35.76669645956081,-35.506844937036874
36,36,2.5131287028924226e-05,2.8232466176728178e-05,-35.995592778673306,-35.4993304768903
37,37,2.5129912735548677e-05,2.7915888686517353e-05,-36.001519936798715,-35.54830406279634
38,38,2.4271389792346846e-05,2.7912417767526532e-05,-36.1396277964349,-35.54884407594111
39,39,2.580204797886461e-05,2.7709580152938878e-05,-35.8858680919863,-35.580519186699206
40,40,2.4609770709090654e-05,2.7633696893309734e-05,-36.08640668130259,-35.5924287458497
41,41,2.4609200859090707e-05,2.7636568694632795e-05,-36.0865585595955,-35.59197743357335
42,42,2.4796421393588878e-05,2.7414318346449075e-05,-36.050008268626414,-35.62704412528688
43,43,2.4911114094945716e-05,2.739558964860503e-05,-36.035842431837125,-35.630012118024325
44,44,2.4505467643900102e-05,2.7251867466379497e-05,-36.107496923980904,-35.65285596030891
45,45,2.4073299370974918e-05,2.7424402823702333e-05,-36.18886606796489,-35.62544684775017
46,46,2.4857525823256193e-05,2.7244508026725318e-05,-36.04726041436922,-35.65402894255671
47,47,2.5377514417020402e-05,2.7060674639008203e-05,-35.96226947330986,-35.683432445841554
48,48,2.361315976664515e-05,2.6892519886850525e-05,-36.259684398173185,-35.71050365749833
49,49,2.4535410534788508e-05,2.6640479853468652e-05,-36.108729441657566,-35.75139821040387
50,50,2.4040461961628832e-05,2.650342388446198e-05,-36.19162327994409,-35.77379881661748
51,51,2.360690268687904e-05,2.602478171435283e-05,-36.26246857491999,-35.85294768698878
52,52,2.335911795319017e-05,2.5686633211750487e-05,-36.32151812509914,-35.90974679883545
53,53,2.361514449036157e-05,2.5600010734419093e-05,-36.27516365132355,-35.92441716787953
54,54,2.3675515886051725e-05,2.5561006910529133e-05,-36.25978731519766,-35.93103906460874
55,55,2.31535373085038e-05,2.5485983458470162e-05,-36.35664044906068,-35.94380467310643
56,56,2.2981740097673107e-05,2.5709255982962387e-05,-36.38251083282252,-35.905923557136106
57,57,2.2601031109984105e-05,2.546829972217031e-05,-36.461490893299235,-35.94681912014538
58,58,2.312732352404111e-05,2.5382165404153056e-05,-36.36186360382826,-35.96153194320466
59,59,2.2787393456533163e-05,2.5434085010171036e-05,-36.417876414530774,-35.9526574567723
60,60,2.3067440639520617e-05,2.536057189373471e-05,-36.37372256606241,-35.96522821324648
61,61,2.2650732135684613e-05,2.5125972522226603e-05,-36.44033372315975,-36.00558983712468
62,62,2.2715525925921555e-05,2.507035998477429e-05,-36.4404111505782,-36.01521294176829
63,63,2.3316005400871646e-05,2.517024758593547e-05,-36.33266013907064,-35.99794376718939
64,64,2.2179259270994887e-05,2.515722792993888e-05,-36.53703648571812,-36.00019079620238
65,65,2.2102666727882887e-05,2.493596558021014e-05,-36.55464219035605,-36.03855674404453
66,66,2.160635996971774e-05,2.50232644343908e-05,-36.64747839807553,-36.02337898841276
67,67,2.1821252865021924e-05,2.4859777304778906e-05,-36.607037910812,-36.051846303154505
68,68,2.2465580251573745e-05,2.480062348216674e-05,-36.48403452231236,-36.062192651749065
69,69,2.2584218687867534e-05,2.4821442007362892e-05,-36.46480771724959,-36.058548558720965
70,70,2.1245256134206263e-05,2.489702245312449e-05,-36.71987013974756,-36.045344532339676
71,71,2.2059786790554634e-05,2.4716297718298035e-05,-36.56112574000985,-36.07698446369754
72,72,2.228663359665475e-05,2.4654144860840843e-05,-36.51367235398608,-36.08791920759606
73,73,2.327700298637771e-05,2.462291175968283e-05,-36.33234944760915,-36.09342455480319
74,74,2.268173341587133e-05,2.451283006322276e-05,-36.441773408682664,-36.112884097508214
75,75,2.302410489532703e-05,2.4385777387100172e-05,-36.38579778194494,-36.13545259309534
76,76,2.213920360537889e-05,2.455396631711138e-05,-36.542006858836544,-36.10560208458968
77,77,2.2153087463931987e-05,2.4143775398873625e-05,-36.54332405361268,-36.17876681845063
78,78,2.188651228841747e-05,2.437571655670916e-05,-36.59192147468157,-36.13724472981257
79,79,2.2079298602322298e-05,2.4194719452153596e-05,-36.56317346113071,-36.169612735567064
80,80,2.1502665384611374e-05,2.420219703038272e-05,-36.67382053952593,-36.168270719907895
81,81,2.24974082155632e-05,2.4236985681406958e-05,-36.474409414654936,-36.16203257924386
82,82,2.1974214234301753e-05,2.428118147547234e-05,-36.57267542377201,-36.154120493557414
83,83,2.139134989961677e-05,2.3962228768045623e-05,-36.692911381924226,-36.211546541336915
84,84,2.1370797185227275e-05,2.3955616550091164e-05,-36.69689914421721,-36.21274511350556
85,85,2.2319503410265677e-05,2.3905595107383927e-05,-36.51698299237196,-36.221823046847426
86,86,2.1919161441736523e-05,2.3883709314089318e-05,-36.58745973316517,-36.22580087412049
87,87,2.1788700221279833e-05,2.3873462946779144e-05,-36.62065565709877,-36.22766444377505
88,88,2.1750788253428384e-05,2.380232198399761e-05,-36.62736326816976,-36.240625384239635
89,89,2.1896245822606887e-05,2.3774249041851265e-05,-36.59647829031649,-36.245750564561384
90,90,2.144407856754584e-05,2.3797938028062498e-05,-36.688820576919845,-36.24142534956606
91,91,2.1163727660209167e-05,2.3807668376799772e-05,-36.74737209929512,-36.23964999697985
92,92,2.181085929083734e-05,2.3632968230614144e-05,-36.61845986572713,-36.27163593050156
93,93,2.1362939488548382e-05,2.3602652187324374e-05,-36.699968927847856,-36.27721057607842
94,94,2.154553970557544e-05,2.360043244583434e-05,-36.6695498166997,-36.2776190330632
95,95,2.0910776780960848e-05,2.3550705583674197e-05,-36.79155978222154,-36.28677940999055
96,96,2.1351801947697748e-05,2.339708369522429e-05,-36.713518308997,-36.31520135598526
97,97,2.1056644822913103e-05,2.344101353389162e-05,-36.77148793535599,-36.307054785886535
98,98,2.0937118213473742e-05,2.326861680270859e-05,-36.78476148166362,-36.33911296681479
99,99,2.09198065068946e-05,2.3187285286870686e-05,-36.79345051068894,-36.354319587731446
100,100,2.0495242209755215e-05,2.3233536060280657e-05,-36.889150115230294,-36.3456655132281
101,101,2.1477129736275547e-05,2.311812261866994e-05,-36.68206399027501,-36.36729301301735
102,102,2.091723643426337e-05,2.32572139410829e-05,-36.79496071343345,-36.34124176275542
103,103,2.1202130652060996e-05,2.3202576669159736e-05,-36.73709746121244,-36.35145647803061
104,104,2.083111219915211e-05,2.3070689693620233e-05,-36.81791750415732,-36.376212863439946
105,105,2.0998969572697067e-05,2.3020715065956066e-05,-36.77376186813345,-36.385630547126475
106,106,2.0636863745935023e-05,2.307609831500725e-05,-36.84914532519694,-36.37519483616862
107,107,2.0640898770748725e-05,2.3032700099927178e-05,-36.85267263761485,-36.383370113576504
108,108,2.0681915312829024e-05,2.286409423839742e-05,-36.83809876989697,-36.41527862733297
109,109,2.0452978712933847e-05,2.2896351239117058e-05,-36.895407907616146,-36.409155854886386
110,110,2.0669479163564002e-05,2.265427888472148e-05,-36.84758375522851,-36.45531621630427
111,111,2.0954937577492453e-05,2.2712384012074356e-05,-36.78874805301959,-36.44419141744675
112,112,1.974222058632541e-05,2.274541925304986e-05,-37.03214936213324,-36.437879178685016
113,113,2.0348698516378117e-05,2.27382100236259e-05,-36.91596904806727,-36.439255906370825
114,114,2.0448845462692353e-05,2.2532906433824745e-05,-36.88839640185266,-36.478646508762886
115,115,2.0479077479133584e-05,2.2648715744971443e-05,-36.887453170161784,-36.45638283052145
116,116,2.0347867772666038e-05,2.270061132118204e-05,-36.914383010098646,-36.446443114243536
117,117,2.0427562845987868e-05,2.2557142744373875e-05,-36.89869579530729,-36.473977763823065
118,118,2.0054966372890233e-05,2.238999762707145e-05,-36.97233012311909,-36.506278166533995
119,119,2.0698683310348717e-05,2.2461690892477666e-05,-36.84386270004053,-36.49239417817088
120,120,2.0102870058911594e-05,2.2257763511764717e-05,-36.96561646846614,-36.53200340473181
121,121,2.0140394741416065e-05,2.217887346265151e-05,-36.954906013198006,-36.54742381065594
122,122,1.9562437496320272e-05,2.2263450630003046e-05,-37.08354301375519,-36.530893873408424
123,123,2.0236600350247116e-05,2.2245811985493147e-05,-36.938318189354405,-36.53433601822493
124,124,2.045034222843692e-05,2.2055321766713048e-05,-36.89472192462759,-36.57168466090378
125,125,1.9705640465638015e-05,2.206995132406806e-05,-37.05286092939531,-36.56880488891837
126,126,1.9911793126234396e-05,2.2066136424607402e-05,-37.00678816306651,-36.56955565314484
127,127,1.9577374840401278e-05,2.2051486762632666e-05,-37.0927822713722,-36.57243988268015
128,128,1.9322568676347446e-05,2.202889328672379e-05,-37.12927087476381,-36.57689185099917
129,129,1.9399606731219802e-05,2.1991093059401273e-05,-37.1175683461641,-36.58435047856293
130,130,1.981156948232572e-05,2.2031327094545734e-05,-37.033016570211494,-36.57641205797997
131,131,1.9815264646784216e-05,2.1980468533767732e-05,-37.03350620428121,-36.58644918635411
132,132,1.9744392440920773e-05,2.1949992706619303e-05,-37.04022713164443,-36.59247483931177
133,133,1.9679897874440714e-05,2.185381096129085e-05,-37.05930618202797,-36.61154682160032
134,134,1.8992538918103764e-05,2.185787783865204e-05,-37.2070118262954,-36.610738697983905
135,135,1.971538149143843e-05,2.1779387297053626e-05,-37.055084504049375,-36.62636206290098
136,136,1.9448067646830094e-05,2.176693052254115e-05,-37.1005904571822,-36.628846731571734
137,137,1.9523340363110074e-05,2.162375082997115e-05,-37.090933683571926,-36.657508358519294
138,138,2.0038562267013592e-05,2.1678144261577952e-05,-36.97409775981949,-36.64659762143795
139,139,1.9124036831253198e-05,2.1689230619047424e-05,-37.181380534334366,-36.6443771762339
140,140,1.9317983135328384e-05,2.1644618707221908e-05,-37.13508687249591,-36.653319245438006
141,141,2.0034771455591664e-05,2.158000126272734e-05,-36.97286377975767,-36.66630398446091
142,142,2.010692301108478e-05,2.152336745846122e-05,-36.967753204559074,-36.677716439480236
143,143,1.9055933296034165e-05,2.1556205482690865e-05,-37.19674480063046,-36.67109549386353
144,144,1.879274048443437e-05,2.1565815203709798e-05,-37.26127915972283,-36.66915984761421
145,145,1.968510955099266e-05,2.1363727252097114e-05,-37.05923868039592,-36.710048394533715
146,146,1.9014738071061785e-05,2.1498948722422173e-05,-37.204271746450516,-36.68264640346034
147,147,1.882600500936963e-05,2.1557847407836417e-05,-37.24999209271819,-36.67076470657589
148,148,1.926498496630433e-05,2.1589235936852147e-05,-37.1486552604095,-36.66444591684799
149,149,1.9369721129121373e-05,2.1412131086675034e-05,-37.119238436401496,-36.70021970702217
150,150,1.9132180587456385e-05,2.142583774624846e-05,-37.17866740899182,-36.69744052444962
151,151,1.898893312790813e-05,2.136568276144221e-05,-37.2087307890274,-36.709650885221876
152,152,1.9055811254971915e-05,2.1440558205205506e-05,-37.1998713555563,-36.69445776174912
153,153,1.943251195886669e-05,2.1420725715870503e-05,-37.12145107125138,-36.69847683934426
154,154,1.898854489556151e-05,2.131065244420346e-05,-37.21268107579033,-36.720851179832614
155,155,1.910721896154465e-05,2.1417253743780556e-05,-37.173754224616914,-36.69918082134449
156,156,1.9387771739200186e-05,2.138678562340302e-05,-37.12576767298887,-36.70536348026375
157,157,1.91589936070365e-05,2.130551638401812e-05,-37.17759953286479,-36.72189799500599
158,158,1.8982135264467588e-05,2.1334319315332994e-05,-37.21915131773941,-36.71603073223159
159,159,1.890220965767944e-05,2.1292549095769093e-05,-37.23845500327345,-36.724542069023116
160,160,1.891153361921357e-05,2.1275900172967293e-05,-37.23686107037873,-36.72793920271971
161,161,1.8333189566958738e-05,2.128341633291903e-05,-37.367792195425864,-36.726405236907254
162,162,1.988222362511412e-05,2.1295141538614286e-05,-37.025030841932114,-36.72401333238258
163,163,1.8935736604652983e-05,2.1335043703928885e-05,-37.22232259711251,-36.71588327375191
164,164,1.873022323444584e-05,2.1292448141857196e-05,-37.27447053729112,-36.72456266018418
165,165,1.865370701387892e-05,2.1198330566556634e-05,-37.29026356811045,-36.74380203950055
166,166,1.9542060764467453e-05,2.1274911360753896e-05,-37.08955563898397,-36.728141048782106
167,167,1.9356660522669362e-05,2.1264940522470217e-05,-37.130117566859155,-36.73017691864726
168,168,1.8590521125888607e-05,2.121110518553331e-05,-37.30718232993268,-36.74118566576231
169,169,1.928753645000883e-05,2.1196811518932106e-05,-37.144035327079365,-36.744113261007975
170,170,1.9188734918269304e-05,2.1268523405045637e-05,-37.186067323067874,-36.72944524716235
171,171,1.8645480784321126e-05,2.114906879126609e-05,-37.29891455296594,-36.753906143720485
172,172,1.8701432795235623e-05,2.1261097668014516e-05,-37.27177307400973,-36.730961816822784
173,173,1.8530158984541448e-05,2.1267974884004186e-05,-37.31664853169475,-36.729557254342595
174,174,1.8774576393794988e-05,2.1243404358086226e-05,-37.25987525065197,-36.73457748431494
175,175,1.849054107654026e-05,2.1139995959330055e-05,-37.3282236849965,-36.75576964244232
176,176,1.913980874454977e-05,2.1221323310639588e-05,-37.179156725347326,-36.73909402236969
177,177,1.954471095701855e-05,2.106027965821436e-05,-37.090043934672266,-36.772177303465654
178,178,1.8655655385935968e-05,2.122625420796746e-05,-37.295356919792766,-36.7380850312163
179,179,1.9247282917725916e-05,2.118560218820532e-05,-37.15403600877087,-36.7464105112909
180,180,1.9313877010531962e-05,2.110851954440525e-05,-37.13507032339129,-36.76224089269962
181,181,1.919425765138549e-05,2.1168135342457773e-05,-37.168924581455904,-36.74999260609374
182,182,1.828469494378708e-05,2.1161074217065778e-05,-37.37908597938956,-36.751441538334205
183,183,1.8851176522280323e-05,2.1203304640948772e-05,-37.241319034567226,-36.74278311036708
184,184,1.8791482690766755e-05,2.1070119337788417e-05,-37.263058482334486,-36.77014868815593
185,185,1.9353567528089545e-05,2.1115261915838346e-05,-37.13287287332963,-36.76085391378302
186,186,1.9039084587891865e-05,2.1090077193787837e-05,-37.19877231634113,-36.76603694860456
187,187,1.8803426803398118e-05,2.1027870915483953e-05,-37.25358221703956,-36.77886561869129
188,188,1.91335947579553e-05,2.1079040619186247e-05,-37.18621138930912,-36.768310234746934
189,189,1.891091266873811e-05,2.1040490489548047e-05,-37.23696091962069,-36.77626004463927
190,190,1.8485952675769815e-05,2.1109539040097796e-05,-37.32268325759325,-36.76203114295341
191,191,1.7912924460650867e-05,2.1126023487963003e-05,-37.46329410561203,-36.75864105901462
192,192,1.885295583146142e-05,2.107265481754439e-05,-37.248036380146765,-36.769626109901225
193,193,1.9028207678218808e-05,2.108784457576755e-05,-37.20680098853421,-36.766496721702254
194,194,1.8446382389661313e-05,2.1079402693813837e-05,-37.34357584858346,-36.76823563663541
195,195,1.921609582870925e-05,2.103783667974456e-05,-37.16360565371189,-36.77680784918985
196,196,1.8785803177641207e-05,2.1052012973661094e-05,-37.26272462162625,-36.77388235218509
197,197,1.946435893785878e-05,2.106711034636981e-05,-37.10793957473396,-36.770768941732726
198,198,1.889226288917551e-05,2.1055546408445624e-05,-37.244553559770125,-36.77315348009884
199,199,1.8938017307949305e-05,2.1051686704403867e-05,-37.23305343872342,-36.77394966073
200,200,1.8688177678808472e-05,2.0948048777905858e-05,-37.291440511976404,-36.79538287712107
201,201,1.9564931771475533e-05,2.1055430998354784e-05,-37.09208501204799,-36.77317728480189
202,202,1.8675655568229784e-05,2.0994353594448368e-05,-37.28746915798871,-36.78579356733301
203,203,1.8958754096565452e-05,2.1009216844073596e-05,-37.224743171470664,-36.7827200059679
204,204,1.922820088439789e-05,2.1073366329610028e-05,-37.16340857928043,-36.76947947410712
205,205,1.841341934815534e-05,2.097854581064128e-05,-37.346641363640416,-36.78906483698577
206,206,1.8721628547019024e-05,2.0907949012900262e-05,-37.28305370365073,-36.80370431868971
207,207,1.8604228776875408e-05,2.089383872915182e-05,-37.30663265750448,-36.8066362596108
208,208,1.8447908540523357e-05,2.0911431803190345e-05,-37.33910918602584,-36.80298094279146
209,209,1.9338571460654757e-05,2.1006706782301127e-05,-37.14253860743312,-36.78323890731969
210,210,1.9325630457444147e-05,2.0969380258113807e-05,-37.140187959873415,-36.79096268954854
211,211,1.8380965032979614e-05,2.0948531193042935e-05,-37.35150106122872,-36.79528286407362
212,212,1.8344332077213413e-05,2.10237255822377e-05,-37.37163115042697,-36.779721850325885
213,213,1.900596247857542e-05,2.079330821097277e-05,-37.20724611523235,-36.82758273215617
214,214,1.8562522912821035e-05,2.1027927782836886e-05,-37.30548930138053,-36.77885387373419
215,215,1.8267301232665032e-05,2.0894647557150548e-05,-37.37807808912397,-36.80646814175446
216,216,1.8906434766885814e-05,2.0866603670966516e-05,-37.23195376432515,-36.812300968354926
217,217,1.874053287258331e-05,2.091427967044231e-05,-37.27226638219445,-36.802389530002024
218,218,1.817909011039127e-05,2.0850768889527228e-05,-37.40835195217229,-36.81559789628179
219,219,1.869405908100535e-05,2.099754257008164e-05,-37.286309635527466,-36.78513393790466
220,220,1.8367647611477278e-05,2.0962195824387508e-05,-37.361171584852634,-36.79245090451444
221,221,1.8838878972506865e-05,2.097419115000919e-05,-37.24887251214718,-36.78996642540498
222,222,1.8655679360966405e-05,2.0932631741743535e-05,-37.28965351758488,-36.79858031037763
223,223,1.8708423837226066e-05,2.093629068679691e-05,-37.28279561623458,-36.79782124634725
224,224,1.8987557878156705e-05,2.0844570252321366e-05,-37.21696892176382,-36.81688918399359
225,225,1.8619825560872603e-05,2.086233613035323e-05,-37.30342437890043,-36.81318925804306
226,226,1.844251622144642e-05,2.081773805242081e-05,-37.33808717903726,-36.82248324655972
227,227,1.7913971335933777e-05,2.0900454250008088e-05,-37.460554041270356,-36.80526139044949
228,228,1.8118061487576158e-05,2.0747952523953772e-05,-37.42250217397207,-36.837066186473095
229,229,1.85313043477867e-05,2.0756519533231193e-05,-37.32396399328887,-36.835273317066964
230,230,1.8538929617000004e-05,2.075337727690471e-05,-37.31723006512947,-36.835930829945
231,231,1.8882314911137392e-05,2.0883638267390014e-05,-37.23626320722634,-36.80875702163978
232,232,1.9382169655015326e-05,2.0601575287353052e-05,-37.12409990050909,-36.86781434493901
233,233,1.8119198946656116e-05,2.071314113556199e-05,-37.424755841365865,-36.844358998169135
234,234,1.783075591803711e-05,2.064222745071962e-05,-37.48272570605949,-36.859253050988
235,235,1.8922618015569672e-05,2.0747534108522814e-05,-37.23284376501313,-36.8371537697394
236,236,1.862841356304455e-05,2.082424232771461e-05,-37.292776929966934,-36.82112655273005
237,237,1.893758459474841e-05,2.0724560320224172e-05,-37.23080560808535,-36.841965386150164
238,238,1.845998158574899e-05,2.064771127295803e-05,-37.33836323468688,-36.85809945579
239,239,1.830609265376439e-05,2.075700458111609e-05,-37.37980687414826,-36.83517183032289
240,240,1.8441417711242655e-05,2.071738110412537e-05,-37.337528886753105,-36.84347009073693
241,241,1.8317918963391292e-05,2.05984263773548e-05,-37.37258889757549,-36.86847820619322
242,242,1.8554389348584252e-05,2.0592729350411038e-05,-37.315190672289674,-36.86967952591198
243,243,1.8960928060813476e-05,2.064890247167664e-05,-37.22823436289122,-36.85784891174603
244,244,1.850047747492934e-05,2.06657424841021e-05,-37.332243157706856,-36.85430850863502
245,245,1.849980709294803e-05,2.065709213638911e-05,-37.32565603970121,-36.856126776122075
246,246,1.81649474959074e-05,2.061897612293251e-05,-37.41057539812217,-36.86414768495364
247,247,1.9077203779891806e-05,2.0593727066098883e-05,-37.19578113973594,-36.869469115764794
248,248,1.8089674207677143e-05,2.0630965656508987e-05,-37.42140925071536,-36.86162308094458
249,249,1.9099559206542554e-05,2.05911486964875e-05,-37.18053908502747,-36.87001289387521
250,250,1.836880355111453e-05,2.0568432390925745e-05,-37.364267405529205,-36.87480670707532
251,251,1.8281122870529045e-05,2.0583653215573194e-05,-37.384827718583516,-36.87159407745598
252,252,1.8906702458367626e-05,2.0431587328953594e-05,-37.2361528805488,-36.90379755946396
253,253,1.8492591330756376e-05,2.0512401342306187e-05,-37.328521827607375,-36.8866535894819
254,254,1.8860631113507086e-05,2.0539278777601123e-05,-37.24905914617975,-36.880966746229646
255,255,1.8915036739646482e-05,2.0451649633239294e-05,-37.23287624305483,-36.89953520188548
256,256,1.8407474253200637e-05,2.0628490729952892e-05,-37.34542859119687,-36.862144099417364
257,257,1.759359714849348e-05,2.0645515800616092e-05,-37.54196916381453,-36.85856126591807
258,258,1.8120243515385454e-05,2.0434089157405604e-05,-37.412886955058376,-36.90326580255393
259,259,1.847104622637997e-05,2.0404805294866062e-05,-37.33969035248862,-36.90949409166901
260,260,1.880677285315841e-05,2.0434445822933124e-05,-37.26377090577351,-36.90318999955753
261,261,1.853396137561241e-05,2.055535452726824e-05,-37.31449804159274,-36.87756892555695
262,262,1.876371973678746e-05,2.0366808856028672e-05,-37.27003640411844,-36.91758876677077
263,263,1.8045760971852867e-05,2.0401925786772107e-05,-37.43585888495102,-36.91010700745262
264,264,1.8086605516295957e-05,2.0389701651430714e-05,-37.431464734161736,-36.912709931149045
265,265,1.8694982996355075e-05,2.0276647295471967e-05,-37.28352467881093,-36.93685717362819
266,266,1.8361441078988867e-05,2.0425590599571525e-05,-37.3637305198487,-36.905072413299116
267,267,1.8479494522664738e-05,2.038057506357099e-05,-37.336023188363335,-36.914654301966046
268,268,1.809072228311801e-05,2.0291034400686743e-05,-37.4258002542912,-36.93377677050628
269,269,1.806566201922419e-05,2.03108266807823e-05,-37.427533535298004,-36.92954264010846
270,270,1.7824304881493665e-05,2.026532920832611e-05,-37.481220465616424,-36.9392820099804
271,271,1.859307939384118e-05,2.028149021115448e-05,-37.300843246477946,-36.935820019707165
272,272,1.822932354678921e-05,2.0067829561747586e-05,-37.387431480678934,-36.98181460343941
273,273,1.8808927024176376e-05,2.0006720899944315e-05,-37.25981950245088,-36.995059505693796
274,274,1.7972622698994436e-05,1.9919069736237073e-05,-37.44930547850727,-37.014128121382385
275,275,1.893695217713872e-05,1.9808605860529688e-05,-37.23529773953121,-37.03827953451351
276,276,1.8483033216529593e-05,1.9913587876592493e-05,-37.331051587899886,-37.015323492995485
277,277,1.8351031115147186e-05,1.983415136476795e-05,-37.37037397986284,-37.03268240967142
278,278,1.8504930811048455e-05,1.9736640608339496e-05,-37.32387657535859,-37.05408631242374
279,279,1.840867978373972e-05,1.9752405980972598e-05,-37.35225908745005,-37.0506186092023
280,280,1.7559410452188025e-05,1.9668996269741145e-05,-37.54904007905181,-37.06899666239855
281,281,1.800412748294904e-05,1.9589294664145103e-05,-37.44416211639438,-37.08663065218337
282,282,1.7989728165929656e-05,1.9363688807061408e-05,-37.44517683591581,-37.13693769706596
283,283,1.7802490116626303e-05,1.9538982518210296e-05,-37.49979717460735,-37.09779919880372
284,284,1.8113363900560328e-05,1.9341877448727917e-05,-37.42370393610062,-37.141832369582644
285,285,1.7539774564715324e-05,1.9266046508978196e-05,-37.566006899346014,-37.15889259850178
286,286,1.7323209080525876e-05,1.9135408700477503e-05,-37.61230811546811,-37.18844121738398
287,287,1.7401926662696685e-05,1.9158486458381e-05,-37.59490365609584,-37.183206678518744
288,288,1.7082671678808672e-05,1.908662469711424e-05,-37.67012621420066,-37.19952730207757
289,289,1.7403822087160115e-05,1.905615595445086e-05,-37.599567812569916,-37.20646565811648
290,290,1.7181615297998824e-05,1.8996689505001996e-05,-37.647214997793455,-37.22003939830107
291,291,1.741922298287577e-05,1.9010256054523205e-05,-37.598988209543094,-37.21693897664969
292,292,1.81316394652462e-05,1.8979725561956384e-05,-37.419259543291744,-37.2239193576564
293,293,1.7667131435972778e-05,1.8905312907391864e-05,-37.52668932736913,-37.24097994311504
294,294,1.7254151747899234e-05,1.8897816516982857e-05,-37.63015472223091,-37.242702361910034
295,295,1.707789861310883e-05,1.88483302401054e-05,-37.672043484528075,-37.25408981792209
296,296,1.736631932629083e-05,1.88004410837924e-05,-37.6006287620035,-37.26513825685665
297,297,1.6770808664678606e-05,1.8773024796820736e-05,-37.75763550699374,-37.27147610404756
298,298,1.6961123253271036e-05,1.8862225069345807e-05,-37.707150640926,-37.250889415334726
299,299,1.6627636018101746e-05,1.8766045621688183e-05,-37.78900299910737,-37.27309096411172
300,300,1.7356783039936888e-05,1.8745448343045274e-05,-37.603645506062996,-37.27786032113293
301,301,1.6870201274211947e-05,1.8693740314215813e-05,-37.728782452722015,-37.2898565885066
302,302,1.6912315323238965e-05,1.8698907345089155e-05,-37.714161728678654,-37.288656345597445
303,303,1.7509406630385465e-05,1.8725371630448773e-05,-37.570341321747954,-37.28251418583936
304,304,1.6410986513479075e-05,1.8734657284145023e-05,-37.843035310847156,-37.28036111315865
305,305,1.7262499709103556e-05,1.8748069746116496e-05,-37.62636149687972,-37.27725303702168
306,306,1.745434221129003e-05,1.8726019382149006e-05,-37.58838823490896,-37.28236395644522
307,307,1.6604112322065984e-05,1.879195243466376e-05,-37.79685731162458,-37.26709959700714
308,308,1.6787978574470378e-05,1.866706909487747e-05,-37.75227266196468,-37.29605729215044
309,309,1.686312586486762e-05,1.8758986363153734e-05,-37.73675996431673,-37.27472496515147
310,310,1.7042978067093855e-05,1.8707982331091588e-05,-37.681373047810375,-37.28654913141543
311,311,1.6419693031249274e-05,1.870717374243357e-05,-37.841501229562645,-37.286736844432944
312,312,1.7284419665940602e-05,1.875255690576619e-05,-37.621620058260234,-37.27621372175761
313,313,1.6810220801847573e-05,1.8819731610021433e-05,-37.74508413854997,-37.260684385846154
314,314,1.7278796232070836e-05,1.8667647006958233e-05,-37.62171919338578,-37.29592284140115
315,315,1.6373562616114288e-05,1.8654568999696303e-05,-37.854926384061855,-37.29896644771841
316,316,1.6970826239689953e-05,1.871642445238601e-05,-37.70588868893965,-37.2845897861266
317,317,1.7427175567043133e-05,1.864923280280843e-05,-37.59813319317582,-37.300208938170634
318,318,1.6976370735045346e-05,1.877675774602195e-05,-37.70798486538905,-37.27061261076751
319,319,1.760639112297813e-05,1.870685719040921e-05,-37.539326521073036,-37.28681033386672
320,320,1.6910314041093236e-05,1.869953432201567e-05,-37.72450227012519,-37.288510728503596
321,321,1.682493501031092e-05,1.8643458181606165e-05,-37.73631622635924,-37.3015539127901
322,322,1.7263588074222088e-05,1.8763731197012883e-05,-37.62722153791222,-37.27362661444153
323,323,1.723988370753263e-05,1.873624722448815e-05,-37.630943410646694,-37.27999255930224
324,324,1.6813164836197212e-05,1.8680043850556677e-05,-37.74501381948219,-37.29303972823301
325,325,1.671480814112919e-05,1.8655182238466007e-05,-37.76632148495836,-37.29882368278166
326,326,1.7338914178778686e-05,1.8678952409046407e-05,-37.60782238286214,-37.29329348613489
327,327,1.6241446687250647e-05,1.859191726046112e-05,-37.89094860698797,-37.31357686229742
328,328,1.6765416111195816e-05,1.856606176213398e-05,-37.75146135310848,-37.31962073355089
329,329,1.6583992414639725e-05,1.861488276757116e-05,-37.80301269061039,-37.308215587330956
330,330,1.6502851432266754e-05,1.866983175683632e-05,-37.833761563789345,-37.29541459882619
331,331,1.7114032200026356e-05,1.8652023036817188e-05,-37.66391297279423,-37.29955921032196
332,332,1.675383739040495e-05,1.8723042462385675e-05,-37.75854981526567,-37.28305441957851
333,333,1.676950203020788e-05,1.8616209002318913e-05,-37.75565650878204,-37.307906181183824
334,334,1.679337724125776e-05,1.866884706128315e-05,-37.75055753807159,-37.295643663088086
335,335,1.632103100849601e-05,1.8628625376119378e-05,-37.87228461043987,-37.305010551270826
336,336,1.6526332241408024e-05,1.8611647886389522e-05,-37.809512004068836,-37.308970366799066
337,337,1.7034112575275524e-05,1.8566493149831475e-05,-37.68887568443361,-37.31951982517168
338,338,1.6867942258144956e-05,1.85351140987079e-05,-37.73478621797218,-37.32686600395493
339,339,1.719531009416876e-05,1.8639088777586277e-05,-37.64587500128811,-37.302571873320424
340,340,1.6347644211152526e-05,1.859186877003307e-05,-37.86345645461138,-37.313588189344806
341,341,1.6736079046917365e-05,1.8561109276273974e-05,-37.76122816975893,-37.32077936602048
342,342,1.7093793973902758e-05,1.8669584134936724e-05,-37.66569563865046,-37.295472200597416
343,343,1.649347652027686e-05,1.8573094405981367e-05,-37.82417743341899,-37.317975979728914
344,344,1.625333338920099e-05,1.8591372712475468e-05,-37.885214892381384,-37.31370406684844
345,345,1.7023513417783405e-05,1.8668058960189993e-05,-37.68806738463766,-37.295827003376544
346,346,1.7185094743440787e-05,1.8566455094658425e-05,-37.652890030362514,-37.31952872678195
347,347,1.7183563970095364e-05,1.864948205222486e-05,-37.64797607171066,-37.300150894537445
348,348,1.663202267982061e-05,1.8593526108720414e-05,-37.78722997034731,-37.3132010625982
349,349,1.6612540375061463e-05,1.854943442786431e-05,-37.79331719145223,-37.323511916882076
350,350,1.6620439064635574e-05,1.8532874635543283e-05,-37.788117225351165,-37.327390762124566
351,351,1.6746933753668216e-05,1.8496910773759928e-05,-37.76159280660475,-37.335826626096605
352,352,1.6720637458345982e-05,1.854147357287155e-05,-37.77573761122564,-37.325376177227284
353,353,1.6202732620082108e-05,1.8589018892319137e-05,-37.91621980673936,-37.314253954067226
354,354,1.6891252551093992e-05,1.8508364327748207e-05,-37.72694537013106,-37.33313824426969
355,355,1.6747325849023254e-05,1.8536821411735698e-05,-37.76080520028308,-37.32646598349894
356,356,1.7170448812713712e-05,1.8561950750345684e-05,-37.65309073786371,-37.32058248163336
357,357,1.700099828573827e-05,1.8475336937148025e-05,-37.688790378203926,-37.340894967805596
358,358,1.7060016568965573e-05,1.8500517446802023e-05,-37.673170258319104,-37.33497988713094
359,359,1.6408566310572722e-05,1.850127137004165e-05,-37.853096627972235,-37.33480290936135
360,360,1.699677673950083e-05,1.853630094142557e-05,-37.694558052718726,-37.32658792487822
361,361,1.6849172406529253e-05,1.8499800908581453e-05,-37.73336021899493,-37.33514809573516
362,362,1.6909282467824277e-05,1.8439298736139837e-05,-37.716212610764245,-37.34937463800816
363,363,1.6608993026932592e-05,1.8347511286265217e-05,-37.790993281969016,-37.37104700682079
364,364,1.6556288334033955e-05,1.836632025898373e-05,-37.81282747682086,-37.36659711236261
365,365,1.701408209836953e-05,1.841567968528436e-05,-37.69157592130797,-37.354941117923744
366,366,1.6742234835227155e-05,1.833243770402317e-05,-37.765726235418434,-37.37461646323442
367,367,1.716375436913462e-05,1.8393201188653046e-05,-37.65456680714411,-37.360245429291126
368,368,1.6973282672364633e-05,1.833376910853028e-05,-37.701432795341205,-37.374301065662024
369,369,1.6874913469400406e-05,1.8290471990966533e-05,-37.72221993313786,-37.38456951488348
370,370,1.64307028396636e-05,1.835303388169881e-05,-37.84796531966768,-37.36973997842122
371,371,1.606211537233021e-05,1.8330598035582195e-05,-37.933927002518544,-37.375052301586045
372,372,1.6571088635078248e-05,1.8256546163205424e-05,-37.810949191847854,-37.39263244574178
373,373,1.6178035038297147e-05,1.8209479573047965e-05,-37.913889538181124,-37.40384330369816
374,374,1.6494784879974648e-05,1.817308982840347e-05,-37.81999367744686,-37.412530909234
375,375,1.6866072543315258e-05,1.8137395751469548e-05,-37.732722816641406,-37.4210693495191
376,376,1.6745262936891186e-05,1.8133875480424122e-05,-37.7600047400231,-37.421912349636116
377,377,1.6315001208643e-05,1.807483103651688e-05,-37.867229229893596,-37.43607618003567
378,378,1.5433434754479243e-05,1.809726913243618e-05,-38.11112896394754,-37.43068819180909
379,379,1.686660836696188e-05,1.8075542165637382e-05,-37.724677690087006,-37.43590531626546
380,380,1.632817862421867e-05,1.804874165444696e-05,-37.87495358117463,-37.44234935613384
381,381,1.618397972069755e-05,1.793972186485342e-05,-37.9071719412081,-37.46866158690863
382,382,1.6374279813632157e-05,1.8028253563036406e-05,-37.869288464409095,-37.447282065161986
383,383,1.6440272917965013e-05,1.7904289004371477e-05,-37.84357066934394,-37.477247847444005
384,384,1.6118616530519895e-05,1.785883973513448e-05,-37.93026425862731,-37.48828624266161
385,385,1.601572557305677e-05,1.7890672959191234e-05,-37.95348505649889,-37.480551873065465
386,386,1.61612898062737e-05,1.7729205290762413e-05,-37.91769416334653,-37.51992595359597
387,387,1.597091500350627e-05,1.7816574511112105e-05,-37.96385529602598,-37.49857655745952
388,388,1.601496630437677e-05,1.7695281569199562e-05,-37.96277935308693,-37.5282438663676
389,389,1.629342920385114e-05,1.763276046212444e-05,-37.8773287612328,-37.543615564650786
390,390,1.621951864809986e-05,1.7588294308791918e-05,-37.90002588441991,-37.55458140051765
391,391,1.5576461666250437e-05,1.7614309208032576e-05,-38.080393392228075,-37.548162483667454
392,392,1.5952131865766935e-05,1.7439919630353535e-05,-37.973556121492614,-37.591373849947914
393,393,1.5912929606220695e-05,1.7347453697431392e-05,-37.98003103173754,-37.614461272287436
394,394,1.5827290825626798e-05,1.7474919092676016e-05,-38.002062371226074,-37.582666905277144
395,395,1.551029911461603e-05,1.7364181076118257e-05,-38.09477599483615,-37.61027558131083
396,396,1.562055354746186e-05,1.735007466968933e-05,-38.05525363591355,-37.61380515996787
397,397,1.5796386430066405e-05,1.720863862206706e-05,-38.00944064156746,-37.64935349619059
398,398,1.5725773083272308e-05,1.7145700583473388e-05,-38.03266853580225,-37.6652662886211
399,399,1.5531968969786323e-05,1.714819618906691e-05,-38.08535232627709,-37.66463420662273
400,400,1.5534773982713868e-05,1.7037685785525308e-05,-38.08776744328916,-37.692712596213894
401,401,1.563455514338578e-05,1.699016899549047e-05,-38.06440249761137,-37.70484165533678
402,402,1.5161161313371099e-05,1.701097995752015e-05,-38.196838994662585,-37.699525313166276
403,403,1.5187765402328127e-05,1.6938692504864822e-05,-38.19272437356115,-37.71801980042702
404,404,1.528712061944012e-05,1.682773965608488e-05,-38.16479155616374,-37.74656079828642
405,405,1.5389521068595733e-05,1.6734454220568296e-05,-38.12224937726773,-37.770703114110525
406,406,1.4965668418243667e-05,1.6728142614546843e-05,-38.244551996956474,-37.77234141834201
407,407,1.504003536218679e-05,1.6634271608046747e-05,-38.227226412420535,-37.79678075744075
408,408,1.4763593303682355e-05,1.6714475254718165e-05,-38.299427477123004,-37.775891175905514
409,409,1.4806216866643284e-05,1.6609440679435227e-05,-38.296680617578915,-37.803268563127894
410,410,1.4784474561312572e-05,1.656823659638911e-05,-38.30468365391727,-37.81405576498662
411,411,1.4743295041532207e-05,1.6520585679819832e-05,-38.31475370294859,-37.82656424549814
412,412,1.531785707727264e-05,1.6510943695673058e-05,-38.154767911241485,-37.82909967798198
413,413,1.4359396118379664e-05,1.6483069837130116e-05,-38.4205314059719,-37.83643765511074
414,414,1.4613738637036504e-05,1.641349421046662e-05,-38.35127079775102,-37.854808179002134
415,415,1.4616953156985697e-05,1.6403175131448445e-05,-38.347872265384936,-37.85753942462424
416,416,1.4879625371942949e-05,1.636333854548866e-05,-38.280072962801825,-37.86809948490706
417,417,1.5128806630058271e-05,1.6316688551772752e-05,-38.2054691142954,-37.88049840278583
418,418,1.4612350129290153e-05,1.636395776777614e-05,-38.352934451236216,-37.86793514207838
419,419,1.4584359951655155e-05,1.624967669493727e-05,-38.36441702438522,-37.89837139567316
420,420,1.5141850874981887e-05,1.6263941736389442e-05,-38.20096958228785,-37.894560543800495
421,421,1.4647868747769534e-05,1.6305148739392233e-05,-38.33826276908265,-37.88357099308992
422,422,1.5181423017584729e-05,1.6183230400201865e-05,-38.18562597016386,-37.91616646993901
423,423,1.5239713742555546e-05,1.614063814103199e-05,-38.17899653871659,-37.92761163084926
424,424,1.4520172747503126e-05,1.6109910527455596e-05,-38.38317327966227,-37.93588735799645
425,425,1.4428668241775667e-05,1.6245957675365436e-05,-38.405604920055495,-37.89936546747172
426,426,1.4402698923863072e-05,1.616314243859195e-05,-38.41840121524938,-37.92156064012613
427,427,1.4069001820447288e-05,1.60987862584175e-05,-38.511020759588824,-37.938887298591794
428,428,1.4879703054041961e-05,1.616297652761109e-05,-38.27098757194634,-37.92160521969571
429,429,1.4412663160291016e-05,1.6194485397136305e-05,-38.407643408410415,-37.91314711966122
430,430,1.4145454648295873e-05,1.6029677729085578e-05,-38.49953450351815,-37.95757073097881
431,431,1.4468562692423597e-05,1.6053478295936274e-05,-38.40167218376662,-37.95112718986489
432,432,1.4255347214765203e-05,1.597267055331031e-05,-38.464276618045695,-37.97304330057702
433,433,1.4234292928112032e-05,1.606024072412095e-05,-38.47321201494651,-37.949298136502094
434,434,1.4502277567255978e-05,1.6109620446513873e-05,-38.37545118304584,-37.93596555935351
435,435,1.4028424301773392e-05,1.6023196047554895e-05,-38.52339657716013,-37.959327177892256
436,436,1.4774416993851005e-05,1.6038389683097576e-05,-38.303744519008454,-37.9552110292865
437,437,1.4277354136172961e-05,1.6070839305221423e-05,-38.45590632911252,-37.94643305667866
438,438,1.4373681486026772e-05,1.598504183532082e-05,-38.419827882776055,-37.96968086980333
439,439,1.412914872096585e-05,1.609892713435999e-05,-38.496980882875626,-37.938849294871645
440,440,1.3658107641229848e-05,1.6274863235977183e-05,-38.64439561779095,-37.891645164955314
441,441,1.4872221288090624e-05,1.5906570105902286e-05,-38.27854517367048,-37.99105320301305
442,442,1.4007313860854561e-05,1.607367271629444e-05,-38.53588034504187,-37.94566743000102
443,443,1.4459402871242551e-05,1.6089497684764576e-05,-38.405513775871405,-37.941393785984104
444,444,1.4387380398363452e-05,1.6063314385399663e-05,-38.41600631405762,-37.948467049075994
445,445,1.4230973497480178e-05,1.586058954815503e-05,-38.47582807270294,-38.00362537922729
446,446,1.433500780229824e-05,1.5802491601023478e-05,-38.44302618260052,-38.019562960315355
447,447,1.458454628555421e-05,1.6108741300214253e-05,-38.35817775732756,-37.93620257226547
448,448,1.3584485198398116e-05,1.577550043102268e-05,-38.65997974697357,-38.026987193644864
449,449,1.4113738795936819e-05,1.60736370545285e-05,-38.50742333397182,-37.94567706546245
450,450,1.4215603843376343e-05,1.5736100593992313e-05,-38.4757829531418,-38.03784741030813
451,451,1.419854378554257e-05,1.571079213279422e-05,-38.4745510863422,-38.0448378163316
452,452,1.4032541068595446e-05,1.614604226281364e-05,-38.525405725439086,-37.92615779275761
453,453,1.3715541181508596e-05,1.5725447826154875e-05,-38.63325500806013,-38.040788421604724
454,454,1.4048900618607936e-05,1.5907172047790435e-05,-38.517832046583216,-37.99088885891344
455,455,1.4317767064434538e-05,1.579135608297197e-05,-38.44724608625988,-38.022624375494374
456,456,1.3852783772610151e-05,1.5739860062144306e-05,-38.58131031211229,-38.03680997332636
457,457,1.3831449342836367e-05,1.57947968450332e-05,-38.586256967364186,-38.02167819886688
458,458,1.4113931590061125e-05,1.5740416002747798e-05,-38.505249485916494,-38.03665658081107
459,459,1.4120942912845795e-05,1.5610027395795394e-05,-38.50380535312923,-38.07278198949802
460,460,1.4369368634022263e-05,1.559551018497012e-05,-38.43244934392064,-38.07682277552361
461,461,1.362361275748777e-05,1.5765836188189785e-05,-38.65072000843661,-38.02964854406011
462,462,1.3808987186513554e-05,1.5639624698930054e-05,-38.59845514250363,-38.064555370375885
463,463,1.3938324815340426e-05,1.5560249697668233e-05,-38.55977781432031,-38.08665302306706
464,464,1.4166783686735086e-05,1.561823486745676e-05,-38.49345564453231,-38.070499147305306
465,465,1.3861914339940995e-05,1.5916380873118453e-05,-38.58346254998835,-37.98837541099872
466,466,1.3994355070927977e-05,1.586080993308171e-05,-38.54475709487399,-38.003565033871084
467,467,1.3348084197337043e-05,1.5536534048901796e-05,-38.74423973505115,-38.093277230557305
468,468,1.4252342141131971e-05,1.550767860623493e-05,-38.460427746138485,-38.101350724494026
469,469,1.3850421833622116e-05,1.5551008896421225e-05,-38.581581990196796,-38.08923294383486
470,470,1.3922123733059426e-05,1.6161987140979984e-05,-38.56741476925523,-37.921871073145006
471,471,1.447359913653759e-05,1.5402458972714255e-05,-38.39978635867132,-38.13091803561531
472,472,1.4189649583695614e-05,1.545592653871465e-05,-38.48332570544062,-38.11586819309932
473,473,1.4071690305538196e-05,1.5476026946041537e-05,-38.51745608138638,-38.110223869846905
474,474,1.3685197494119962e-05,1.546423209219938e-05,-38.63543155802035,-38.11353505103664
475,475,1.335949293638102e-05,1.5480888626035793e-05,-38.73326606857211,-38.10885977993509
476,476,1.3848394044862758e-05,1.5618275603245773e-05,-38.587745648235824,-38.07048781996552
477,477,1.3362082783489838e-05,1.6041467413168376e-05,-38.734203771485234,-37.95437770812386
478,478,1.3790840048105311e-05,1.5361904364621487e-05,-38.60553596407936,-38.14236807117715
479,479,1.3682379195068785e-05,1.5270369706405817e-05,-38.63190700169636,-38.168323124461985
480,480,1.4129181068973285e-05,1.541224599733189e-05,-38.50028517180056,-38.12815931964983
481,481,1.405897665725056e-05,1.528361281089019e-05,-38.517429719630165,-38.16455837297158
482,482,1.3768492122441794e-05,1.5314609347689456e-05,-38.6129761660844,-38.15575941110702
483,483,1.3141120830040723e-05,1.527078974935361e-05,-38.80330137089521,-38.1682036644692
484,484,1.3932681213191245e-05,1.5216002171463946e-05,-38.56275982707206,-38.18381302634019
485,485,1.3867365991826932e-05,1.5200407640230351e-05,-38.58119611579971,-38.188266293177385
486,486,1.368730455893812e-05,1.5242654099940984e-05,-38.6418894745555,-38.176212698656244
487,487,1.3671392217784347e-05,1.5200876700155755e-05,-38.641371095847525,-38.188132279012045
488,488,1.349063070838102e-05,1.5104008812877031e-05,-38.69821138656921,-38.2158963384927
489,489,1.3397935655336472e-05,1.5057481218000726e-05,-38.73193001227656,-38.22929534080904
490,490,1.3524129339127763e-05,1.4997338631043308e-05,-38.686916072482596,-38.246676665094846
491,491,1.3982310220038101e-05,1.4929187560291643e-05,-38.54630806152638,-38.266456899485334
492,492,1.3444291371999179e-05,1.5513782368782957e-05,-38.71134919579457,-38.09964169445847
493,493,1.3731061539822139e-05,1.5312356337840594e-05,-38.61641776854307,-38.15639837074595
494,494,1.364582198052115e-05,1.5157501988333502e-05,-38.660127509132394,-38.20054230328226
495,495,1.310707544295847e-05,1.4724876564287115e-05,-38.82146391803518,-38.326302013350976
496,496,1.3221712946425523e-05,1.4930911818641776e-05,-38.78460634938069,-38.265955336594885
497,497,1.3359073031115821e-05,1.4794059576448298e-05,-38.74529177481582,-38.30594500909289
498,498,1.3311965434245535e-05,1.4866492404651485e-05,-38.75433139532228,-38.28473350894899
499,499,1.3320738213861687e-05,1.4927903114432028e-05,-38.74957391376874,-38.26683056465958
500,500,1.2988603050393273e-05,1.4914824867829387e-05,-38.86583569445017,-38.27063706029864
501,501,1.3662039030528718e-05,1.4924547988477188e-05,-38.64146828858537,-38.267806774411596
502,502,1.3476737858019482e-05,1.4764900745496179e-05,-38.70307512014504,-38.31451332364184
503,503,1.3266832753550861e-05,1.4771909551008752e-05,-38.76836738193975,-38.312452244205424
504,504,1.329076518775708e-05,1.4468443001341688e-05,-38.76974592656755,-38.402600664868615
505,505,1.3069150629666388e-05,1.4469866169077394e-05,-38.836625744898214,-38.40217349831144
506,506,1.3349077712472039e-05,1.4339649887436903e-05,-38.74844202649588,-38.44143316346941
507,507,1.3003006071025102e-05,1.4290876367196784e-05,-38.85830630011554,-38.45623002120484
508,508,1.2815401786020189e-05,1.440073672136733e-05,-38.927054617102826,-38.42297153648819
509,509,1.2587662409320738e-05,1.4453371333825329e-05,-38.99562253352969,-38.40712703555345
510,510,1.2844817498149759e-05,1.4195425041850141e-05,-38.9252124089183,-38.48533463428805
511,511,1.3107299919377596e-05,1.4159723066672756e-05,-38.82836706137601,-38.496271046220635
512,512,1.262509024470382e-05,1.4221664969227277e-05,-38.988307560618644,-38.47731420791796
513,513,1.28332016756008e-05,1.4695372508293459e-05,-38.91749739414589,-38.335012648652345
514,514,1.2577980331903727e-05,1.4131353485649206e-05,-39.00204016447037,-38.50498104111913
515,515,1.2984235684964061e-05,1.3984554099902438e-05,-38.86746425328228,-38.550332408368774
516,516,1.2799611157760475e-05,1.4026124900785936e-05,-38.93041694525765,-38.537441622903266
517,517,1.2546075501547617e-05,1.4019301680060667e-05,-39.019915943399724,-38.53955482817737
518,518,1.228092817645748e-05,1.4788420948638017e-05,-39.10936143234326,-38.30760060046298
519,519,1.29980563383235e-05,1.4657354480923937e-05,-38.86227228372252,-38.346262730280756
520,520,1.2381898168595652e-05,1.3934118645633326e-05,-39.073609900812805,-38.56602360078949
521,521,1.2742389164074112e-05,1.3817203149588558e-05,-38.9462702390161,-38.602617212846894
522,522,1.2420364121859053e-05,1.4614076223408215e-05,-39.056793772730636,-38.359104960174506
523,523,1.2348090244016667e-05,1.4171904024949886e-05,-39.07561086804049,-38.49253661665688
524,524,1.2770212472871921e-05,1.4098760115494338e-05,-38.93968318512413,-38.51500942945261
525,525,1.2782210470720305e-05,1.4224846956111784e-05,-38.933405729895306,-38.476342616494165
526,526,1.2542069739960351e-05,1.4250444493020615e-05,-39.01300979107944,-38.468534533444924
527,527,1.2563349196873965e-05,1.3696002497454174e-05,-39.01064788611336,-38.64088037678886
528,528,1.2541235902091038e-05,1.3640782239427177e-05,-39.01600755163551,-38.658425882743394
529,529,1.2348486352399874e-05,1.3637766546468666e-05,-39.0886758098798,-38.65938612357337
530,530,1.250975123953468e-05,1.54891535394678e-05,-39.031199132699456,-38.10654179382261
531,531,1.2520425744443537e-05,1.3968683178015789e-05,-39.02484443798703,-38.55526396922536
532,532,1.2359286058161855e-05,1.4102340844003361e-05,-39.08330645736422,-38.51390657134558
533,533,1.2810619587868395e-05,1.3943188844821538e-05,-38.92497567693519,-38.563197547665425
534,534,1.2124579764522141e-05,1.4232594845739904e-05,-39.16624028342546,-38.47397777581841
535,535,1.2169242011426381e-05,1.3969262430404533e-05,-39.149190068371134,-38.555083880023645
536,536,1.2490822123207594e-05,1.415103533394071e-05,-39.026490494032814,-38.49893648841813
537,537,1.2290341230967447e-05,1.4114679192732039e-05,-39.10969107370169,-38.510108525270404
538,538,1.2357003901549255e-05,1.364059091046281e-05,-39.08390200971249,-38.65848679838206
539,539,1.2391912445984661e-05,1.4445938990990582e-05,-39.06726876107331,-38.409360878171576
