,epoch,train_loss,test_loss,train_dbs,test_dbs
0,0,0.000994594907508107,0.0010016904561780393,-20.019018577303566,-20.001927973203145
1,1,0.0009947304017409759,0.0009942553036748187,-20.026876820241792,-20.034284169502307
2,2,0.0009886566885583795,0.0009934279307919113,-20.050345302721226,-20.037899670121767
3,3,0.0009897438216397597,0.0009929577967053966,-20.045485213941255,-20.039955430395455
4,4,0.000987479200985129,0.0009922734890623313,-20.058538451053607,-20.042949449754396
5,5,0.0009833482722991828,0.0009835547657291357,-20.07035760276213,-20.081277862162118
6,6,0.0009822270001246373,0.0009835759226820972,-20.08391195070604,-20.08118444337729
7,7,0.0009823114450387273,0.0009765683177025302,-20.077520306210197,-20.112237026927787
8,8,0.000973747652528097,0.0009788651491123204,-20.10849329049346,-20.10203466839399
9,9,0.000975450059187781,0.0009766195465712563,-20.10753596573519,-20.112009210490736
10,10,0.0009724587506912265,0.0009740471447768964,-20.118840053120724,-20.12346355640328
11,11,0.0009715367665456742,0.0009710881338258716,-20.128170997570546,-20.136676859697445
12,12,0.0009654476841402807,0.0009676094877680665,-20.14677521934056,-20.152262151513078
13,13,0.0009680599695522838,0.0009627441697950033,-20.140525308464756,-20.174154359859692
14,14,0.0009641160152746921,0.000967695592216363,-20.157972069764302,-20.151875704051392
15,15,0.0009588696939880316,0.0009668722877425975,-20.175001585855284,-20.155572205116805
16,16,0.0009579808312016971,0.0009610794429471227,-20.18283272010609,-20.181670452910787
17,17,0.0009591971192816176,0.0009592012992422832,-20.189627935393837,-20.1901657493474
18,18,0.0009574187756276008,0.0009521462825911218,-20.195109224319204,-20.222226571203127
19,19,0.0009503462447871253,0.0009540423542555226,-20.210109705818795,-20.21358677851101
20,20,0.0009522518963965866,0.0009540003375150263,-20.211575352259715,-20.21377804926849
21,21,0.0009486849975445759,0.0009511411036854904,-20.227148435017654,-20.226813831075447
22,22,0.0009451025044401512,0.0009522799825246789,-20.241037048901553,-20.221616779744842
23,23,0.0009468516014449145,0.0009464606287349996,-20.24156897349115,-20.248237805675707
24,24,0.0009409271933128769,0.0009456695743689412,-20.2629873483585,-20.25186916852291
25,25,0.0009417395022236886,0.0009463052326617273,-20.262862226983195,-20.248950917198478
26,26,0.0009388924089077976,0.0009438708779941264,-20.26998879041994,-20.260137466194724
27,27,0.0009378822929629115,0.0009405095969620896,-20.282051343790684,-20.27563101828774
28,28,0.0009329398492706421,0.0009380311974765439,-20.30549249971022,-20.287090506931442
29,29,0.0009322557640357961,0.0009364741088479365,-20.308282339022533,-20.294305585517694
30,30,0.000930050464188584,0.000933582339999511,-20.312174131032275,-20.307737054451266
31,31,0.0009288239105575785,0.0009306206269875953,-20.32128394297782,-20.32153658940568
32,32,0.0009288800863510708,0.0009296591559081877,-20.322137654135414,-20.326025824039263
33,33,0.0009258600940793445,0.0009297077960677837,-20.333991791376356,-20.325798605276514
34,34,0.0009270438536780781,0.0009253913518286458,-20.333622239499228,-20.346008967614054
35,35,0.0009247109242330891,0.000924176171936683,-20.345883777778813,-20.351715663809284
36,36,0.0009185828792997012,0.0009230228055170492,-20.37329866772292,-20.357139018227155
37,37,0.000918050000765697,0.000920083741412351,-20.36492434905107,-20.370989768273745
38,38,0.0009198278469542406,0.0009151026575924142,-20.369955699135048,-20.39456516672145
39,39,0.0009163777348729446,0.0009171824510160246,-20.382234815073925,-20.384705967505724
40,40,0.0009138590179758204,0.0009132333522613504,-20.38684936502857,-20.403445692716357
41,41,0.0009087989227990284,0.0009145801396746384,-20.41457297568374,-20.397045669406324
42,42,0.0009091076844362254,0.0009134685173385629,-20.409441243556063,-20.402327492777623
43,43,0.0009112120011927003,0.0009079542605353421,-20.416021838805044,-20.428623623989473
44,44,0.0009070575728138775,0.0009118209004794297,-20.425290556048363,-20.410167905345293
45,45,0.0009038248309414334,0.0009131923832587505,-20.43750601363715,-20.4036405280323
46,46,0.0008994634905301956,0.0009056718830068252,-20.45654905290673,-20.439554481962155
47,47,0.0009015446082333621,0.000905284293510608,-20.45395545552538,-20.44141347760439
48,48,0.0008982783159452308,0.0009013708760520737,-20.45858603135479,-20.46022811688283
49,49,0.0008971026778153921,0.0009004701553892932,-20.47076724378707,-20.464570098659685
50,50,0.0008926135967917664,0.0009020489401576158,-20.491516039685752,-20.45696232695812
51,51,0.0008933471561380729,0.0009002739955720148,-20.490253828815298,-20.465516275566678
52,52,0.00089120442532579,0.0008962467729457115,-20.500600670633048,-20.484987283353576
53,53,0.0008917610207812611,0.0008962485681925165,-20.498589917336666,-20.484978584131177
54,54,0.0008892050437802045,0.0008926279934760379,-20.504452703874957,-20.502558307644772
55,55,0.0008903540107997653,0.0008918760638487967,-20.509742852365598,-20.506218247849187
56,56,0.0008869564116298768,0.0008916941373363921,-20.52046354301765,-20.507104220048888
57,57,0.0008883847172141613,0.0008880050031860408,-20.51216162621166,-20.52510920597955
58,58,0.0008847212320500889,0.0008867195574566722,-20.535168934102884,-20.531400459248438
59,59,0.0008813424681591772,0.0008892564801499248,-20.55054427549407,-20.518992946390608
60,60,0.0008826064421152024,0.0008864973206073046,-20.542846806302613,-20.532489059735557
61,61,0.0008815550551384918,0.0008826402114018014,-20.544179023105315,-20.551426240908857
62,62,0.0008783701197580271,0.0008818324208014497,-20.56614694829813,-20.555402715447173
63,63,0.0008755364292061206,0.0008831555575230404,-20.577125325237287,-20.54889127070429
64,64,0.0008777014691545868,0.0008855788803071176,-20.567515273653008,-20.536990825402725
65,65,0.000873591866675457,0.000883667028239487,-20.588173931338687,-20.546376825645652
66,66,0.0008745573145414213,0.0008806239531718587,-20.57886062212191,-20.561358390868016
67,67,0.0008740914204234699,0.000878156475281637,-20.586174653445713,-20.573544252362463
68,68,0.0008718838300747969,0.0008754992741160095,-20.59344765405152,-20.58670542937356
69,69,0.0008721665164801417,0.000874433038437641,-20.598354465231623,-20.591997752116615
70,70,0.0008720947542352622,0.0008750999787528263,-20.595532814430683,-20.588686599828222
71,71,0.0008647212939884168,0.000875083999218125,-20.618609192389215,-20.588765903762344
72,72,0.0008698831691608293,0.0008750213800292266,-20.603563581342218,-20.589076686970415
73,73,0.0008710031355635176,0.0008730098733825511,-20.605172222388788,-20.599071778543877
74,74,0.0008660457475043679,0.0008729064291784246,-20.629795742682397,-20.599586410854982
75,75,0.0008633099082310099,0.0008706329880576385,-20.642662918771872,-20.610912148414968
76,76,0.0008652152562005081,0.0008716364268605647,-20.62566123200829,-20.605909615747045
77,77,0.0008639309035623734,0.0008725294365400547,-20.63281970488445,-20.60146245601166
78,78,0.0008600626024417579,0.0008648185788555757,-20.65262591152446,-20.640013223069147
79,79,0.0008606008630841202,0.0008624621213560826,-20.648093856854523,-20.651863029804787
80,80,0.0008656167876474636,0.000865248301507611,-20.634616621356173,-20.63785577837745
81,81,0.0008611196055576282,0.0008665211008567559,-20.648417403066,-20.63147190495087
82,82,0.000860144617035985,0.000861149296581157,-20.664512343705532,-20.65847882104148
83,83,0.0008600998727470329,0.0008639571881902061,-20.668451923337464,-20.64434110932048
84,84,0.0008582391490506911,0.0008613079584105627,-20.669921263230066,-20.657678732017565
85,85,0.0008572777343155412,0.0008634664455281669,-20.677117912681624,-20.646808678152254
86,86,0.0008501854746784899,0.0008602784272577418,-20.696554657997723,-20.66287300812987
87,87,0.000850788827087807,0.0008567682786011382,-20.691699788382095,-20.68062954684998
88,88,0.00085095149409698,0.0008568840995921116,-20.702232942829653,-20.68004249176244
89,89,0.0008553753957421202,0.0008550507941675422,-20.684603536910103,-20.689344185849055
90,90,0.0008455499449802428,0.0008510436531842539,-20.72573654666465,-20.709744960495993
91,91,0.0008491203968998851,0.0008529034492216612,-20.707229206967384,-20.700264625383397
92,92,0.000847279124763631,0.0008504238763922139,-20.719450319075996,-20.712908883968176
93,93,0.0008461223387149806,0.0008507548819149011,-20.72314696533491,-20.711218833782745
94,94,0.0008430021122510824,0.0008459263848827073,-20.740788048138462,-20.735937622386125
95,95,0.0008451575917412632,0.0008464129182117942,-20.724148440728474,-20.733440502033016
96,96,0.0008460484359883847,0.0008444744162261486,-20.727303019727707,-20.74339836341401
97,97,0.0008405156561999207,0.000844352198519597,-20.753809309219196,-20.744026947487413
98,98,0.000838885859096634,0.0008390868376744421,-20.760940195803343,-20.771194246902034
99,99,0.0008362206929248095,0.0008427059081824202,-20.77328298742583,-20.752502945239385
100,100,0.000837146829016814,0.0008379906158600198,-20.77223195404777,-20.77687178018168
101,101,0.0008319119680384846,0.0008400644874200225,-20.793992256455276,-20.76613707389599
102,102,0.000834064811981792,0.0008391112420021704,-20.792653066711356,-20.771067936843693
103,103,0.0008303312765981656,0.0008403202641363206,-20.808904220037306,-20.76481496695301
104,104,0.0008318891368335901,0.0008336520036927572,-20.801396378632262,-20.799415349389573
105,105,0.0008260653835490884,0.0008359261126698632,-20.82341796868036,-20.78758441340517
106,106,0.0008254602621069428,0.0008328348447225595,-20.827468523817792,-20.803674460829612
107,107,0.0008304957918505924,0.0008342138761164326,-20.812820877761474,-20.796489237580214
108,108,0.0008256091891077452,0.0008314400941966788,-20.829129256693975,-20.81095369798767
109,109,0.0008279661631173233,0.0008313928632751891,-20.8248301636429,-20.8112004110263
110,110,0.0008229549713768833,0.0008283826540910491,-20.843876002435465,-20.826953368673017
111,111,0.0008231487554814859,0.0008251171583603872,-20.847111661982556,-20.84410714891031
112,112,0.0008203277608005272,0.0008284513268766826,-20.85818029378021,-20.826593354184936
113,113,0.000823146770420225,0.0008269457428373004,-20.848153065332042,-20.834493175111277
114,114,0.000820836910411485,0.0008242610615285996,-20.85378648208262,-20.84861549222326
115,115,0.0008165811821002245,0.0008289787097294864,-20.879300629519435,-20.823829563671982
116,116,0.0008226340059335008,0.0008257971004288839,-20.848735785368213,-20.840529796501038
117,117,0.0008209205128146892,0.0008241176347885477,-20.854833885903407,-20.84937125838377
118,118,0.000817654218726321,0.000822880280841338,-20.879144052097544,-20.855896780819915
119,119,0.0008154515814295365,0.0008200465480944043,-20.885450671398566,-20.870878284486565
120,120,0.0008141833739163182,0.0008206480507444786,-20.890172311921454,-20.867693910092136
121,121,0.0008150277546482141,0.0008221362582652977,-20.893602388162744,-20.85982531179255
122,122,0.0008139423275913697,0.000820731655326917,-20.88734661391353,-20.867251489502774
123,123,0.000816324290689849,0.0008195805191797646,-20.8790777578473,-20.873347062851174
124,124,0.0008167964022260966,0.0008211243303345615,-20.879205209169047,-20.86517412591252
125,125,0.0008136758661214454,0.0008201928178191577,-20.901512165996262,-20.870103712971964
126,126,0.0008168155525465371,0.0008217027276068142,-20.876375225718373,-20.86211604681829
127,127,0.0008157404222448846,0.0008204155111391293,-20.88310556208027,-20.868924705418394
128,128,0.0008152257903123793,0.0008172310925529976,-20.890825409241614,-20.885814517420282
129,129,0.0008149005631080915,0.0008163921179642019,-20.892108615993795,-20.89027530206216
130,130,0.0008088399232461204,0.0008187024964411792,-20.917059807279582,-20.87800218608967
131,131,0.0008110445270017174,0.0008177086190124484,-20.91012932299177,-20.883277578464888
132,132,0.0008093756767585105,0.0008173561746891784,-20.908250404838142,-20.885149854447278
133,133,0.000813507912416472,0.0008146010284116002,-20.899935494204747,-20.899813792443997
134,134,0.0008150485215814228,0.0008165315498205784,-20.884890542807057,-20.889533632538132
135,135,0.0008120034082034199,0.0008199019541375731,-20.907020671040385,-20.87164411777518
136,136,0.0008106166520876061,0.0008160640963500267,-20.908601436517024,-20.89202062273477
137,137,0.0008110048755830558,0.000818366043906855,-20.90497130929585,-20.879787321867866
138,138,0.000812111786667488,0.0008156807406952506,-20.90196151543404,-20.894061251205088
139,139,0.0008113367324598978,0.0008194621952593719,-20.909032567643166,-20.87397410478657
140,140,0.0008105092397506934,0.0008163189509344336,-20.90690413778588,-20.890664544689493
141,141,0.0008141658210061183,0.0008175681118461254,-20.89351596508606,-20.884023892357824
142,142,0.0008122317892614484,0.0008167816834573291,-20.901616765860574,-20.888203432588544
143,143,0.0008129166209945436,0.0008162431155429467,-20.902353142146207,-20.89106801960485
144,144,0.0008137829724180791,0.0008187742909955743,-20.896028881872613,-20.877621356522326
145,145,0.0008084337117832116,0.0008143194902100061,-20.919115459322413,-20.901315038050726
146,146,0.0008074964310244186,0.0008134088987533591,-20.928672207250397,-20.90617413971444
147,147,0.0008112385115326987,0.0008166530138910993,-20.903444656748796,-20.88888764093564
148,148,0.0008099114686759553,0.0008193035364935273,-20.90663466908797,-20.874815038001024
149,149,0.0008067844703207849,0.0008156334975195166,-20.927518629009988,-20.894312796248396
150,150,0.0008074314040659936,0.0008176821038911217,-20.91700244397284,-20.8834184056167
151,151,0.0008093050606644799,0.0008147748977583097,-20.919065179725592,-20.898886928398422
152,152,0.0008078459560266245,0.0008166402235235038,-20.92670976486666,-20.888955660394007
153,153,0.000810692647889679,0.0008187735342959824,-20.917891701417545,-20.877625370212215
154,154,0.0008076598439317619,0.0008149433139662602,-20.917753936976332,-20.8979893225484
155,155,0.0008069234942182054,0.0008126864038211735,-20.930041253092007,-20.91003339178168
156,156,0.0008085625415389455,0.0008147541145598026,-20.914942308717638,-20.898997709223558
157,157,0.0008100686641650025,0.0008160666207243738,-20.917879599816416,-20.89200718849402
158,158,0.0008067660106912486,0.0008164122026707781,-20.93140218707915,-20.890168459164613
159,159,0.000809741614520857,0.0008149590361618289,-20.919274387774344,-20.89790553761762
160,160,0.000808337428511034,0.0008134451743803526,-20.925673789045945,-20.905980461561082
161,161,0.0008083773541657888,0.0008158713217677647,-20.921993096204766,-20.89304665522095
162,162,0.0008046050638814946,0.0008152419927922127,-20.94108077146665,-20.89639791368358
163,163,0.0008082427396487022,0.0008158616960587862,-20.927150536586176,-20.893097893900908
164,164,0.0008100519507652936,0.0008145523759977598,-20.920208773518063,-20.90007318452839
165,165,0.0008075184815265622,0.0008131648493489545,-20.93158620998299,-20.90747736141667
166,166,0.000807802339286073,0.0008161980597498385,-20.92598150404203,-20.89130775237594
167,167,0.000807416666126282,0.0008149558316769177,-20.928003993153975,-20.89792261446184
168,168,0.0008076985814301393,0.0008116282712619164,-20.925994843071294,-20.915691669745442
169,169,0.0008068003724137149,0.0008177225367705289,-20.93176892870919,-20.88320366027501
170,170,0.0008087169778648495,0.0008129376924204591,-20.917987514279346,-20.908690728946446
171,171,0.0008045834196328195,0.0008116612780692154,-20.94153045240207,-20.915515057085265
172,172,0.0008068207180914805,0.0008150248537085167,-20.931056997575194,-20.897554807803274
173,173,0.0008046173991049765,0.0008146158162210332,-20.939539249256285,-20.89973495377918
174,174,0.0008058825540164313,0.000811937176254823,-20.941509968782274,-20.91403906330847
175,175,0.000803719607743521,0.0008115105539266216,-20.950711800248513,-20.916321609568694
176,176,0.0008054912875204818,0.000810950197965691,-20.933043528036404,-20.91932149121299
177,177,0.0008067125448544231,0.0008139533977220325,-20.932656877681342,-20.90326792876396
178,178,0.0008074651633091655,0.0008114714904590265,-20.9380008916888,-20.916530669779586
179,179,0.0008049195928777539,0.0008116139399230873,-20.945403752845714,-20.91576835603821
180,180,0.0008028407830783387,0.0008095405432150552,-20.950863384038428,-20.926877294136812
181,181,0.0008015115283304806,0.0008098529284133723,-20.957769870874703,-20.925201763490094
182,182,0.0008038209778851993,0.0008098752219475022,-20.948325102159444,-20.92508221307229
183,183,0.0008057964192799379,0.0008093549526835743,-20.94192958494402,-20.927873046416966
184,184,0.0008065239748360647,0.0008093657241644044,-20.934136532880167,-20.92781524775221
185,185,0.0008056462333134385,0.0008063007354442226,-20.936014126395406,-20.944292773508128
186,186,0.0008004145527536952,0.000806456345966772,-20.960812155025643,-20.943454695755964
187,187,0.0008037455413567344,0.0008093733800035951,-20.951624690407957,-20.927774167769574
188,188,0.0007995245192132736,0.0008070451072662285,-20.963515999703333,-20.94028524345273
189,189,0.000799598881600367,0.000805259532123608,-20.971277680946905,-20.94990458869991
190,190,0.0008009620684141427,0.0008076852628667103,-20.96880207554102,-20.936841745212327
191,191,0.0008035918581299484,0.00080567552389479,-20.95543163637034,-20.947661631305916
192,192,0.0008017212031265125,0.0008062085620813855,-20.96375538581905,-20.944789271518573
193,193,0.0007975428105936837,0.0008032737655173007,-20.977661283784634,-20.960627499053672
194,194,0.00079872094085152,0.0008055713536266826,-20.97688515180294,-20.94822319109308
195,195,0.0008019604828189482,0.0008014557104998905,-20.96725672900396,-20.970468056125426
196,196,0.0007999492437127478,0.0008023711423830766,-20.974713887230827,-20.96551032570851
197,197,0.0007966141379678372,0.0008055568170292597,-20.985446442607348,-20.94830156057555
198,198,0.0007948250300971043,0.0008004937278057792,-20.999153548011105,-20.97568399885081
199,199,0.0007985513975373326,0.0008023858627941655,-20.984414393437063,-20.965430650177737
200,200,0.0007947783445526567,0.0008006429416127503,-20.996206202648324,-20.97487453974071
201,201,0.0007962215596992407,0.0008004158888453324,-20.99114223661533,-20.976106321643726
202,202,0.000796952451094409,0.0008000771876571602,-20.987425073456443,-20.97794445592113
203,203,0.0007970645332459322,0.0008002405489892944,-20.987238246168083,-20.977057795432103
204,204,0.0007942830321628639,0.0008028232903023692,-20.997809406276264,-20.96306370182859
205,205,0.0007953025291424206,0.0008005579124744001,-20.989464378959863,-20.97533578962734
206,206,0.0007948003194448491,0.0008034742817184643,-21.001348401315624,-20.959543532213946
207,207,0.0007925729828973099,0.0008018218795768917,-21.011114632937364,-20.968484304673595
208,208,0.0007914938710716352,0.0008003561248953797,-21.007496907487244,-20.976430604595585
209,209,0.0007964643750570177,0.000801610683801731,-20.987423056883028,-20.969628364765413
210,210,0.0007940017043363265,0.0008015032232690014,-20.999308645508012,-20.970210600578486
211,211,0.0007968216656812841,0.0007988459547050297,-20.988060291947953,-20.984632929789193
212,212,0.000795667548183851,0.0008034130595134277,-20.997858883313235,-20.95987446351383
213,213,0.0007953836658211021,0.0008002713898588952,-21.00181345961188,-20.976890423741068
214,214,0.0007944464432699702,0.0008030931593997306,-20.997512481296464,-20.961604065980843
215,215,0.0007974121487968284,0.0008022990292183271,-20.990159940937737,-20.965900665731013
216,216,0.0007923174170613981,0.0008021802488273304,-21.0070284038297,-20.96654368641901
217,217,0.0007929487673556144,0.0008009561539725645,-21.014344399504246,-20.973175907397067
218,218,0.0007942633201684995,0.0008025050200031776,-20.99410849830474,-20.9647857550138
219,219,0.0007949478050559451,0.0007962411526884688,-21.01088025639062,-20.9988171350603
220,220,0.0007993051525416601,0.000800213191388665,-20.979756951435114,-20.97720626901422
221,221,0.0007977229729054746,0.0007981468929517034,-20.991621153264006,-20.98843505929548
222,222,0.0007948342209067388,0.0007991279983942054,-21.00001465144265,-20.98309986325955
223,223,0.0007939426457634215,0.0007974866526446453,-21.006409180698608,-20.99202910179028
224,224,0.0007949245525956077,0.0007976347084255203,-20.99215472504776,-20.991222895937835
225,225,0.0007937645237201575,0.0008011042495797339,-20.9939206938351,-20.972372977557114
226,226,0.0007941618696162381,0.0008002185832562023,-21.003454997533595,-20.977177006182085
227,227,0.0007922939671750766,0.0007966612343137202,-21.011188622639185,-20.996526484515563
228,228,0.0007957603395964528,0.0007997679426089713,-21.001667242837424,-20.979623411178938
229,229,0.0007934670639704413,0.0007979068905115128,-21.00695241457299,-20.989741177388538
230,230,0.0007937662141426399,0.0007992321962343627,-21.00661197571649,-20.98253362609696
231,231,0.0007922468495737646,0.000801738081990104,-21.00701717801516,-20.968938205125642
232,232,0.0007905967319960293,0.0008014222410948653,-21.01931385102023,-20.970649424618305
233,233,0.0007894190830015338,0.0008025077159369463,-21.02703929332624,-20.96477116535812
234,234,0.0007913442581805602,0.0007998076800600087,-21.009667027556247,-20.979407632000147
235,235,0.000791090012518401,0.0008021074249164054,-21.015525221818443,-20.966937967609404
236,236,0.0007913210315236188,0.0007990721435482172,-21.01146485840274,-20.983403422879825
237,237,0.000795625424439798,0.0008014666933664366,-20.99714019022119,-20.97040854234828
238,238,0.0007923465616972253,0.000798676374343861,-21.012796987205192,-20.98555495527869
239,239,0.0007918635491262545,0.0007993624680430481,-21.00606169126793,-20.98182580029159
240,240,0.0007925936838218308,0.0007996076325836935,-21.011063790468892,-20.980494022943745
241,241,0.0007904271064710218,0.0008007866348826179,-21.01360760962072,-20.974095171165608
242,242,0.0007946342295851827,0.0007984722982846984,-21.00000395391442,-20.9866647969407
243,243,0.000791271173361612,0.0008012427715584636,-21.013382481439656,-20.971622087389868
244,244,0.0007942335256471385,0.0007995383654672064,-20.996652214435578,-20.98087025283799
245,245,0.0007947265661379188,0.0007994157372434673,-20.996988951042994,-20.981536397799992
246,246,0.000793210730633516,0.0007957570426362125,-21.00622979847769,-21.001458423617372
247,247,0.0007909859042163439,0.0007974674992606436,-21.018165824000192,-20.992133408349464
248,248,0.0007942715406504258,0.0007995803852712637,-21.005475954598595,-20.98064201501602
249,249,0.0007947895630291596,0.0007971265524821846,-21.001442767750124,-20.993990574524165
250,250,0.0007881216402405623,0.0007989591318427733,-21.031459585931845,-20.984017683200037
251,251,0.0007940782264076634,0.0007963940672772495,-21.00299630892334,-20.99798317180894
252,252,0.0007919110981843521,0.0007959623288020099,-21.01092451628685,-21.000338192864252
253,253,0.0007919862958813835,0.0007991930316692512,-21.008066580579783,-20.982746447494172
254,254,0.0007927327899300714,0.0007958520099667734,-21.006025203733767,-21.00094015831089
255,255,0.0007918439127418414,0.0007977388817571887,-21.015925527651646,-20.990655732190767
256,256,0.0007929899195718012,0.0007978008575982562,-21.010511902594477,-20.990318344595376
257,257,0.0007900118230141161,0.0008027190587630397,-21.020664651822017,-20.963627588324158
258,258,0.0007918200926067903,0.0008009906129078253,-21.00747386001206,-20.97298906816186
259,259,0.000791297006761636,0.0007971992875498376,-21.01269933919935,-20.993594313763015
260,260,0.000793540413424219,0.000798305582353159,-21.006523354108868,-20.987571670842872
261,261,0.0007916832535969305,0.0007970071563154067,-21.00934891281692,-20.994641123423584
262,262,0.0007907868130132556,0.000798688662287436,-21.02107038534175,-20.985488137914263
263,263,0.0007934413991926104,0.0008001765695792672,-20.999467829448317,-20.97740502871801
264,264,0.0007947028792204009,0.0008013321386993324,-20.994738505891636,-20.97113772118727
265,265,0.0007949776127790436,0.0008010290115826616,-21.00552064010794,-20.972780876797135
266,266,0.0007920020347528313,0.0007975066730164384,-21.00914435117881,-20.99192007641875
267,267,0.0007885135392197551,0.0007997016532738742,-21.031093956274788,-20.979983394169956
268,268,0.0007938663739250185,0.0007954493171143296,-21.002176475671163,-21.0031381994295
269,269,0.0007942051809165895,0.0007973915658352014,-21.004222660015213,-20.99254695545727
270,270,0.0007910075580662827,0.0007977990133344735,-21.01424542591613,-20.99032838412469
271,271,0.0007939017395796158,0.0007994963977436878,-21.008725295208738,-20.981098219748596
272,272,0.0007917219064841719,0.0007999610756278822,-21.00509491140569,-20.978574776018387
273,273,0.0007928800781151836,0.0007994148671921147,-21.009737288941267,-20.981541124485865
274,274,0.0007914472683380867,0.0007971500683771936,-21.011755622947106,-20.993862455936632
275,275,0.0007955815016589675,0.0007955914173324249,-20.996712264425778,-21.002362438766383
276,276,0.000790737229087342,0.0007996472505558478,-21.018975679018034,-20.980278849404165
277,277,0.0007898458759732468,0.0007989658195966561,-21.02114527981758,-20.98398133037126
278,278,0.0007913743005345393,0.0007993690455087313,-21.02005841891371,-20.981790064997362
279,279,0.0007961726826663638,0.0007969678753349734,-20.99528219221302,-20.99485517336427
280,280,0.0007892367081985492,0.0007975936352618431,-21.01968803118779,-20.991446536000574
281,281,0.0007915118494378307,0.0007941806321277431,-21.017636291546744,-21.01007041665649
282,282,0.0007931331914283105,0.0007980837774659065,-21.007558367051352,-20.988778502229216
283,283,0.0007913921234802794,0.0007970294835487087,-21.01232570116401,-20.994519462553598
284,284,0.0007931042820234428,0.0007973234812532993,-21.00124195505363,-20.992917789836675
285,285,0.0007899176268166257,0.0008010211535484382,-21.01983173348828,-20.972823480967413
286,286,0.000789026706359474,0.0007976910350599179,-21.02339207591603,-20.990916220682166
287,287,0.0007927709327501812,0.0008010292107141332,-21.011820290221817,-20.97277979716472
288,288,0.0007926037321443256,0.0008006413240524891,-21.0098375739532,-20.974883313916667
289,289,0.0007893509422332893,0.0007984166027438876,-21.022017308594094,-20.986967739318658
290,290,0.0007869753741764838,0.0007976543764877869,-21.03422008571726,-20.99111580900302
291,291,0.0007905669044703245,0.0007980507338958743,-21.01941405291257,-20.98895831965723
292,292,0.0007939141300103636,0.0007942719599477163,-21.00371984059983,-21.009571022862804
293,293,0.0007921377456142116,0.0007991980405916509,-21.009319098117153,-20.982719228281105
294,294,0.0007943410796026901,0.0007980015453588413,-20.997705609146887,-20.989226009011652
295,295,0.000794522661701344,0.000800129105827134,-21.000115811918555,-20.977662645071746
296,296,0.0007936851632752523,0.0007969576062781638,-21.005594334516267,-20.99491113325397
297,297,0.0007887767884669077,0.0007983722086799773,-21.030992352818476,-20.98720922519146
298,298,0.0007940714407145747,0.0007992199266721544,-20.99951182209558,-20.982600298136568
299,299,0.0007885420969783415,0.0007983119331153208,-21.02849917894783,-20.98753712154179
300,300,0.0007905695448178298,0.0007993156966557237,-21.017843980821397,-20.982079917172403
301,301,0.0007917711321629354,0.0007993466478135241,-21.015029291171064,-20.98191175261796
302,302,0.0007908992072058477,0.000795202801543239,-21.01836955327906,-21.004484318443573
303,303,0.0007909244705308421,0.0007942858409430636,-21.014206429603966,-21.009495124589797
304,304,0.0007964131013087006,0.0007991806579459654,-21.00325520749267,-20.982813688838032
305,305,0.0007918667151429451,0.0007983030212160788,-21.01003525131616,-20.987585603972118
306,306,0.0007914966536378584,0.000796980273566748,-21.011161485130447,-20.994787611773276
307,307,0.0007965500399316709,0.0007994131117716039,-20.992887034494217,-20.981550661089567
308,308,0.0007927448347153276,0.0007979408715312418,-21.011521732522734,-20.989556225293345
309,309,0.0007952614147312095,0.0007974248085367052,-21.00263884423711,-20.992365904872877
310,310,0.0007906584549195988,0.0007966809299480366,-21.01848697291482,-20.996419116424846
311,311,0.0007932943054330871,0.0007957536022570965,-21.006588021672357,-21.00147719996261
312,312,0.0007912250422901407,0.0007962649412404158,-21.01400841264023,-20.998687386899423
313,313,0.0007903362569139944,0.0007992451979876741,-21.024743398335033,-20.98246297649329
314,314,0.0007919981522418405,0.0007960832843213881,-21.006826969517107,-20.999678283194708
315,315,0.0007918246310041047,0.0007958403623074686,-21.016061391095633,-21.001003719765997
316,316,0.0007922058983840356,0.0007965695204850482,-21.012031069255105,-20.99702648502874
317,317,0.0007900687537069634,0.0008010448471299912,-21.023722325938596,-20.972695021943615
318,318,0.0007885809880969374,0.0007977493407547866,-21.025335507113393,-20.99059879306857
319,319,0.0007952783369584029,0.00079901570662562,-21.00540746386671,-20.983710167519263
320,320,0.0007973254475857794,0.0007993634300012337,-20.992797413763356,-20.98182057396565
321,321,0.0007907462242712296,0.0007988786551562187,-21.017079410766392,-20.98445515665581
322,322,0.0007928143724674339,0.0008015630883164704,-21.008544287512375,-20.96988623396185
323,323,0.0007896433973243248,0.0007987431722301009,-21.025881653437665,-20.98519174508165
324,324,0.0007941357043725391,0.0007944102827949743,-20.99963886686417,-21.008814762764704
325,325,0.0007933446664612778,0.0007982782921508738,-21.01103677302771,-20.987720137634412
326,326,0.0007932506862922197,0.0008001942738988682,-21.003976898985457,-20.977308939885347
327,327,0.0007872996082500622,0.0007979447622538397,-21.03488678397836,-20.98953504934791
328,328,0.0007872091145398691,0.0007993953768163919,-21.031278252817973,-20.981647010255095
329,329,0.0007903537144116366,0.0007968950483604873,-21.01922607330995,-20.995252050068096
330,330,0.0007918625823990202,0.0008004480838089398,-21.009832938720233,-20.97593163978093
331,331,0.0007921661419515527,0.0007971880075178648,-21.011927285111945,-20.993655765025917
332,332,0.0007887950194663531,0.0007983499856077527,-21.030958913330867,-20.98733011481989
333,333,0.0007938893335468145,0.0007986534068262891,-21.006646943084068,-20.98567984703571
334,334,0.0007925459403381443,0.0007959854127349038,-21.014311029239558,-21.000212243696254
335,335,0.0007910571851978827,0.0007980623325382016,-21.02080014491705,-20.98889520099143
336,336,0.0007894005153577813,0.0007993667999184446,-21.024211245464556,-20.9818022652301
337,337,0.0007919118650852866,0.0007972999959939012,-21.01739619423612,-20.99304571368464
338,338,0.0007938722847029567,0.0007953786070605642,-20.998177403936467,-21.003524274953055
339,339,0.0007900591314405433,0.000797486251318141,-21.01970780415401,-20.992031287330683
340,340,0.0007923863091285235,0.0007986422646545657,-21.01506969167764,-20.985740436740947
341,341,0.0007915435696126337,0.0008006980612040742,-21.022964440418054,-20.974575563641
342,342,0.0007938056003263931,0.0007963333505597946,-21.006678098360332,-20.998314288547025
343,343,0.0007873930267451965,0.0007940456240535959,-21.030173584618716,-21.01080876563577
344,344,0.0007905383389107115,0.000798741076754308,-21.01812438086682,-20.985203138665955
345,345,0.0007923495500905381,0.0007964158706416033,-21.01427434787128,-20.997864273996953
346,346,0.0007908029239336701,0.000794198121998067,-21.020422657454986,-21.009974775057767
347,347,0.0007928824022210674,0.0007968751321497717,-21.012128963333012,-20.995360591444015
348,348,0.000792966271659417,0.0007970883651930643,-21.008852010126645,-20.994198633409617
349,349,0.0007864643793226671,0.0007976036653608867,-21.03801890686592,-20.991391921857662
350,350,0.0007910497508194182,0.0008000099761901717,-21.01276780499042,-20.978309305660694
351,351,0.0007903121901464831,0.0007951756553283255,-21.02079159459919,-21.00463257813977
352,352,0.0007924864215046628,0.0007980580435526606,-21.009629596705572,-20.988918541120178
353,353,0.0007907563362020961,0.0007979625860523237,-21.018487557595527,-20.98943804149421
354,354,0.0007897400130402565,0.0007963994989710811,-21.020615561243613,-20.997953551465052
355,355,0.0007914394355071805,0.0007981260147828021,-21.007980498724752,-20.988548664851304
356,356,0.000789875719101005,0.0007991558002111944,-21.0240767506005,-20.982948774000974
357,357,0.0007951246519313799,0.0007960260171737326,-21.000195334192373,-20.99999070905904
358,358,0.0007895354215132514,0.0007962037466074291,-21.01627377360041,-20.99902116415538
359,359,0.0007908126182095675,0.000797560628454544,-21.02567784256857,-20.99162626374984
360,360,0.0007900605986336458,0.0007964153620904606,-21.02734896898322,-20.997867047184098
361,361,0.0007901810902919736,0.0007976926618108624,-21.022653249632558,-20.990907364017023
362,362,0.0007890380958584857,0.0007975851828967663,-21.023981330228647,-20.991492559875393
363,363,0.0007920735953711741,0.0007947019797651784,-21.011342419934085,-21.00722038345048
364,364,0.0007946722403879172,0.0007993813702150396,-21.00094401165943,-20.98172310580363
365,365,0.0007900476747326861,0.0007960565302422957,-21.022224598711986,-20.999824239583877
366,366,0.0007922728695983509,0.0008003320636864947,-21.010909285762757,-20.976561169065565
367,367,0.000789666685789401,0.0007954549571303161,-21.026971291849385,-21.00310740652938
368,368,0.0007904180872839751,0.0007985448311573188,-21.02007072987952,-20.986270303659737
369,369,0.0007933532085855367,0.0007967481873684415,-21.006898991288065,-20.996052491687685
370,370,0.0007917822270231686,0.0007965557957313171,-21.01943768329504,-20.9971013138542
371,371,0.000792893208443312,0.0007987380989729182,-21.01358586767336,-20.985219329600344
372,372,0.0007952694959948127,0.000795913961299352,-21.003932120273696,-21.000602104572025
373,373,0.000791393224025126,0.0007986970778897797,-21.017923891267802,-20.985442377525054
374,374,0.0007905529820379446,0.0007957657707217885,-21.015233205900117,-21.00141078924642
375,375,0.0007862309425992449,0.0007942969402249314,-21.03409089494724,-21.00943443707731
376,376,0.0007920840067414509,0.0007960550107159897,-21.016174727141184,-20.99983252947906
377,377,0.0007922056079458099,0.0008002090831532291,-21.016698945924194,-20.977228565429474
378,378,0.0007904275109242532,0.0007974986771219655,-21.015376840313582,-20.991963619505892
379,379,0.0007920797809852844,0.0007987016456593809,-21.009942596320915,-20.985417540180396
380,380,0.0007926052311416139,0.0007964449162643991,-21.01582990627015,-20.997705887855382
381,381,0.0007919446546008292,0.0007963335282463385,-21.014305450772138,-20.998313319502127
382,382,0.0007898477464194227,0.000796386233751515,-21.019921483476377,-20.99802589028051
383,383,0.0007898921450628832,0.0007997552625295755,-21.019431109301202,-20.97969226780439
384,384,0.0007945513640789641,0.0007977981984272207,-20.9992468517034,-20.99033282020318
385,385,0.0007930060478945061,0.0007978538663959817,-21.007524302460425,-20.990029793093512
386,386,0.0007895880712426661,0.0007963172852453825,-21.0221822920604,-20.998401904465325
387,387,0.0007901276316560959,0.0007967921218981868,-21.020911340030672,-20.99581301831224
388,388,0.0007908243719565193,0.0007983831180210569,-21.01763239912337,-20.98714988151428
389,389,0.000790365030100934,0.0007998857395968548,-21.020896304420816,-20.978983790459978
390,390,0.0007864360825984364,0.0008024052490088108,-21.03611950554967,-20.96532572280141
391,391,0.000789262126943999,0.0007948352416094981,-21.032240347888845,-21.006492185544907
392,392,0.0007904218029730098,0.0007961653295512262,-21.023079978890664,-20.999230717528057
393,393,0.0007914238700585574,0.0007997092876681372,-21.019196723879773,-20.97994193421471
394,394,0.0007880460392904573,0.0007957709695849763,-21.033435106397576,-21.001382416196183
395,395,0.000791836531170327,0.0007984154998618914,-21.012157845678846,-20.986973738391
396,396,0.0007906177389608292,0.0007976406302891279,-21.019611765944877,-20.991190652818105
397,397,0.000792034154580234,0.0007961803410006197,-21.01155480231884,-20.999148833427668
398,398,0.0007917208395437481,0.0007971886049122794,-21.011981795979327,-20.993652510523866
399,399,0.0007907471681954627,0.0007968620691252383,-21.020972531428956,-20.99543178510715
400,400,0.0007919739966626404,0.0007957929935257294,-21.01320426994799,-21.001262221517724
401,401,0.0007901263060816324,0.0007960508167008428,-21.02301334635863,-20.999855410340416
402,402,0.0007908815294792203,0.0007920903950243405,-21.016014358812694,-21.021515862607973
403,403,0.0007910853679071075,0.00079937563829222,-21.01724994102833,-20.981754246776752
404,404,0.000787888126707031,0.000795698770640516,-21.027332934192522,-21.001776462057155
405,405,0.0007910390040049925,0.0007944761646764451,-21.020790204587453,-21.008454609430377
406,406,0.0007893949118202802,0.0007985070911481193,-21.020855093719128,-20.986475560326934
407,407,0.000791349564078888,0.0007967134619033651,-21.017099580166878,-20.996241778676467
408,408,0.000791514294159589,0.0007915509999484608,-21.00987284234055,-21.02447431412134
409,409,0.0007928651541509887,0.0007948262929475229,-21.0100902019716,-21.006541080915795
410,410,0.0007905862366146955,0.0007958229245176833,-21.01808906794664,-21.001098879790646
411,411,0.0007934719150089035,0.0008000005281677371,-21.010460220324447,-20.97836059562407
412,412,0.0007901924299844301,0.0007998505270255631,-21.018788026339795,-20.97917497979196
413,413,0.000789177767841203,0.0007962195208835366,-21.024622549544972,-20.998935123198684
414,414,0.0007899300712544817,0.0007936422235185379,-21.022111571209784,-21.013015680936032
415,415,0.000792211186880073,0.0007990419674713753,-21.013801319265042,-20.983567432490517
416,416,0.0007907610342204187,0.0007952378241737422,-21.021888905641504,-21.004293048993766
417,417,0.0007882465814845156,0.0007947979519437803,-21.026584727772367,-21.006695939418716
418,418,0.0007920349232814054,0.0007979842423657445,-21.01350082204576,-20.989320177700126
419,419,0.0007903281114419404,0.0007950519180954679,-21.021802546645205,-21.00530843609171
420,420,0.0007902511951187145,0.0007972064225836412,-21.028186998251503,-20.993555444035078
421,421,0.0007909128848060043,0.0007984095810618447,-21.025831193300778,-20.987005933554144
422,422,0.0007878485857029014,0.0007959125520612456,-21.031926072658585,-21.000609794157896
423,423,0.0007918879915432064,0.0007969443625035254,-21.02084243935927,-20.994983304546277
424,424,0.0007927436129545275,0.0007983259979243341,-21.012729635736935,-20.987460607401363
425,425,0.0007919782038163586,0.000794321200565288,-21.010532234668226,-21.009301791834556
426,426,0.0007902714771881085,0.0007961207179744777,-21.022820605865753,-20.99947407281772
427,427,0.0007893126121885383,0.0007981938573433773,-21.02758798253985,-20.98817952016761
428,428,0.0007905886381307675,0.0007959493454300651,-21.014946081513337,-21.000409033563308
429,429,0.0007888540540360989,0.0008013680313811882,-21.03177318922191,-20.970943199542305
430,430,0.0007936851026672754,0.0007988806066446399,-21.004407216058866,-20.984444547790343
431,431,0.0007893540326400285,0.0007962837116792798,-21.02999917759863,-20.998585011402046
432,432,0.0007916157189084543,0.0007957242901044849,-21.024681573062338,-21.00163717838511
433,433,0.0007953210643819082,0.0007964891020061547,-20.999480968914686,-20.99746495353408
434,434,0.000783998330157327,0.000797021432510136,-21.052107731422034,-20.994563332189003
435,435,0.0007914398855664144,0.0007965389645266297,-21.020481427226372,-20.99719308114265
436,436,0.0007915119196470711,0.0007954350715552113,-21.023717617814572,-21.003215977145608
437,437,0.0007892207731012755,0.0007950475126946051,-21.020912564084142,-21.005332500514953
438,438,0.0007931124466980241,0.0007959373423976725,-21.014461638880615,-21.000474526299374
439,439,0.0007893765878085931,0.0007929684483985367,-21.02818008541753,-21.016704258599468
440,440,0.0007916726231978266,0.0007972048080869411,-21.017358639701605,-20.993564239344522
441,441,0.0007888999258734516,0.0007943923824074629,-21.03062129420692,-21.008912623118174
442,442,0.0007934782758460755,0.0007968695013244686,-21.007921832721976,-20.99539127937615
443,443,0.0007905247021159253,0.0007968413563886363,-21.019973648380493,-20.995544672198537
444,444,0.0007885340607206616,0.0007925899975050829,-21.02872785423005,-21.018777460482934
445,445,0.0007863634994455142,0.0007976576238625535,-21.042477568885438,-20.9910981282366
446,446,0.0007911622728288328,0.0007974702166393399,-21.016534124164224,-20.992118609745592
447,447,0.000789858114584013,0.0007963993886828815,-21.01976219488489,-20.997954152891346
448,448,0.0007906306580611572,0.0007945963022250094,-21.022949385474096,-21.007797936111857
449,449,0.0007872567788131305,0.0007974288034203806,-21.031227079127923,-20.992344147942674
450,450,0.0007941171733336043,0.0007947080639975244,-21.008994367684313,-21.007187134025074
451,451,0.0007902395457855051,0.0007952151048046194,-21.020097400127934,-21.00441712555665
452,452,0.0007888982006463885,0.0007976752822287381,-21.026890406724217,-20.991001986159116
453,453,0.0007891227441993495,0.0007961112209350654,-21.032094083638793,-20.999525880744827
454,454,0.0007932880766132904,0.0007957593954511379,-21.01290399658657,-21.001445582850987
455,455,0.0007918694154983482,0.0007964341172115191,-21.014272227360983,-20.99776477455019
456,456,0.000791589000992016,0.0007947993856903754,-21.01401853841107,-21.00668810512987
457,457,0.0007926308809174705,0.0007946095306818423,-21.012211426401876,-21.007725635272184
458,458,0.0007883017149408223,0.0007996175799665874,-21.02859015657621,-20.980439995612677
459,459,0.000789760115686036,0.0007948052401556389,-21.023041215419063,-21.006656115263745
460,460,0.0007895902963355184,0.0007945574470795691,-21.02575731365605,-21.00801030795151
461,461,0.000790740521720697,0.0007976173747968124,-21.017032575680794,-20.991317274743277
462,462,0.0007917297519167367,0.0007932755612081996,-21.013982035820792,-21.01502258289993
463,463,0.0007933595394187598,0.0007980640818315901,-21.01561253465779,-20.988885681589224
464,464,0.0007900306924975948,0.0007979623624123633,-21.02571606216248,-20.989439258664238
465,465,0.0007905990465006494,0.0007971798860173868,-21.020873449152155,-20.99370000980602
466,466,0.000791430296904417,0.0007949316978307539,-21.019326218349164,-21.005965184968296
467,467,0.0007876582064464228,0.0007968264582910036,-21.031345981029865,-20.995625870570407
468,468,0.000789554904877525,0.0007963337610769821,-21.021132689859094,-20.998312049719488
469,469,0.0007931392384241767,0.0007961661934754566,-21.011901067777245,-20.99922600497266
470,470,0.0007904837359242218,0.0007970745883587943,-21.023856150631488,-20.994273697292996
471,471,0.0007899653474973111,0.0007950667794303675,-21.02399475662097,-21.005227257299826
472,472,0.0007934864741250796,0.0007985027010650619,-21.006411318414436,-20.986499437310734
473,473,0.0007901972186146784,0.0007965536359207411,-21.026474145624295,-20.997113089489904
474,474,0.0007880286760052148,0.0007952698108151947,-21.030801453301763,-21.004118367381757
475,475,0.0007899296091936683,0.0007945033108913585,-21.022887468916025,-21.008306219202257
476,476,0.0007898003179771998,0.0007919170219745291,-21.02787245907148,-21.022466552085007
477,477,0.0007884473949142722,0.0007952262316585371,-21.029643082740265,-21.004356358382825
478,478,0.0007928936795053101,0.0007962869835625353,-21.010923270186936,-20.998567166532144
479,479,0.0007933988175882967,0.0007981638895886901,-21.01330513254463,-20.988342576732116
480,480,0.0007882919642575009,0.0007966983769285051,-21.030589191123255,-20.996324008783986
481,481,0.0007893595263630766,0.0007967308292312449,-21.026588857375188,-20.996147109101813
482,482,0.0007908289463585723,0.0007958622912778274,-21.017167986648463,-21.000884053812058
483,483,0.0007920025664228062,0.0007954914165709756,-21.016137687239098,-21.002908353510925
484,484,0.0007908539918548975,0.0007953523921682254,-21.02225131839068,-21.003667416478468
485,485,0.0007879761582931754,0.0007961214134028475,-21.03284783121127,-20.999470279164765
486,486,0.0007897391321243162,0.0007973286525444372,-21.022528713617916,-20.9928896223993
487,487,0.0007940513524706907,0.0007961076151236499,-21.00902613224346,-20.999545551206765
488,488,0.0007932072345733873,0.000796815947212867,-21.005262492055785,-20.99568315949819
489,489,0.0007913696469220612,0.0007935667404365775,-21.017388890648885,-21.013428756803695
490,490,0.0007914038292209128,0.0007967893861381239,-21.017110598982715,-20.995827929698866
491,491,0.000791838651849437,0.0007954913461090703,-21.012150145456015,-21.002908738194115
492,492,0.0007896960854587942,0.0007979648469604159,-21.027365733639645,-20.98942573642459
493,493,0.0007899492233751592,0.0007979157166310438,-21.022488024036136,-20.989693137775713
494,494,0.0007922981539261096,0.0007941884779077219,-21.01044349994816,-21.010027512536414
495,495,0.0007906043481984243,0.000794501138826538,-21.0184380837891,-21.00831809224347
496,496,0.0007918430978345886,0.0007956560860436998,-21.0114297955325,-21.002009441958354
497,497,0.0007907007706889249,0.0007974921119105266,-21.016352474766688,-20.991999371876624
498,498,0.0007911886438996214,0.0007975527091490987,-21.016017194455937,-20.991669386838012
499,499,0.0007881185828381669,0.0007982553981587683,-21.033728353927273,-20.98784469165418
500,500,0.0007910352151063223,0.0007987842882836336,-21.01207625012055,-20.984968193679716
501,501,0.0007881682075694511,0.0007998288737757033,-21.02592064330399,-20.979292551937043
502,502,0.0007903097592265412,0.0007939191541242364,-21.01903790649141,-21.01150053403414
503,503,0.0007888814962478643,0.0007914150758695445,-21.024826917736064,-21.025220142834634
504,504,0.0007895393724332458,0.0007938669081532249,-21.025955294011446,-21.011786342525088
505,505,0.0007916942368424737,0.0007953992523988219,-21.01401727311293,-21.003411548258633
506,506,0.000788296451648102,0.0007937966331251358,-21.028931457204607,-21.012170807572513
507,507,0.0007885260406651141,0.0007961715914701161,-21.032234602054793,-20.999196559972788
508,508,0.0007939223288894468,0.0007924756960404155,-21.002723558884316,-21.019403813014147
509,509,0.0007869002826934316,0.0007950334417584695,-21.02863529536919,-21.005409363644496
510,510,0.0007921952181783764,0.0007965397916881269,-21.01534027927513,-20.997188571237885
511,511,0.0007883298340416753,0.0007976264245563039,-21.024794668728354,-20.99126800001033
512,512,0.0007885331450001404,0.0007960907103934963,-21.02731680880104,-20.999637771263856
513,513,0.0007877059973363486,0.0007959642067649647,-21.038145162345756,-21.000327946299095
514,514,0.000789878729097161,0.0007943553531444387,-21.02948198597467,-21.009115066895035
515,515,0.0007895717910999797,0.0007928066065927085,-21.03072768240231,-21.017590727373655
516,516,0.000788829114753753,0.0007947816200995524,-21.029228621531075,-21.00678518100124
517,517,0.0007892000367720947,0.000795515428762883,-21.02557834962431,-21.00277726215233
518,518,0.0007899620512634823,0.0007955150733897952,-21.02100815792359,-21.002779202235445
519,519,0.0007875169760585984,0.0007957778748516974,-21.03502609136905,-21.00134473065177
520,520,0.0007942158293180628,0.000792612906814994,-21.00770930797701,-21.018651932238544
521,521,0.000792086264838647,0.0007952103225857412,-21.011113628593264,-21.004443242987048
522,522,0.0007889546458753422,0.0007945117142394577,-21.034657677292174,-21.00826028473781
523,523,0.000789511749597708,0.0007948531389334484,-21.029431720812056,-21.006394396454567
524,524,0.0007889205349858888,0.0007960887129516586,-21.02892426816039,-20.999648668000184
525,525,0.0007906601261395539,0.0007928377997718359,-21.03001513444414,-21.01741985645814
526,526,0.0007883781926063149,0.0007944637909531593,-21.03300834727177,-21.008522249994446
527,527,0.0007906503232493613,0.0007974571260427566,-21.022720455246994,-20.99218990043964
528,528,0.0007855920511125059,0.0007953072536589676,-21.043697191709217,-21.00391389793726
529,529,0.0007875449043343362,0.0007960613859866403,-21.027431653405785,-20.99979774879506
530,530,0.000791923819258617,0.0007949935480658161,-21.01661595665479,-21.00562729215384
531,531,0.0007895072316030789,0.0007951134834193477,-21.02598378473006,-21.004972150565365
532,532,0.0007881590521644763,0.000795503961853683,-21.0285396377366,-21.002839863719842
533,533,0.00078671729520981,0.0007963351366159163,-21.040112659432797,-20.99830454798489
534,534,0.0007868361492526055,0.0007992024950094913,-21.043194413252728,-20.982695022469787
535,535,0.0007889869733300713,0.0007931701256893575,-21.027148477931764,-21.015599848979384
536,536,0.0007931143789523348,0.0007953615614065999,-21.01254254440956,-21.003617349027678
537,537,0.0007910392548380055,0.0007969873258844018,-21.020429520367294,-20.99474918210077
538,538,0.0007863540368001024,0.0007956771878525615,-21.041893469929285,-21.001894263079137
539,539,0.0007881737270958952,0.0007978662921998062,-21.027762856627803,-20.989962156446758
540,540,0.000786155537274887,0.00079318477257498,-21.052687748858546,-21.01551965177244
541,541,0.0007879778313133674,0.0007931193042742578,-21.036324976325442,-21.01587812682365
542,542,0.0007856641422006657,0.0007966175509959852,-21.045527240518403,-20.996764627695818
543,543,0.0007898895263182211,0.0007973342986875459,-21.029473052231985,-20.992858868705625
544,544,0.000792512585548204,0.0007912123722857551,-21.01464141804773,-21.02633263520908
545,545,0.0007906406343741746,0.0007953375767867424,-21.02628368856046,-21.003748315189732
546,546,0.0007866210191385801,0.0007963757533089895,-21.03795064887983,-20.998083043808702
547,547,0.0007908166825444889,0.0007989883275800629,-21.023811832117847,-20.983858985271304
548,548,0.0007923002422009547,0.0007972862957486589,-21.017843859822754,-20.993120340450723
549,549,0.0007881912229985921,0.0007950935488272654,-21.03640478408783,-21.005081035549082
550,550,0.0007893148060772836,0.000798309050304325,-21.028077130490757,-20.9875528045238
551,551,0.0007930165672789991,0.0007944442178612869,-21.014278707112428,-21.00862924782877
552,552,0.0007887436293027143,0.0007944168755784631,-21.03128856778055,-21.00877872096526
553,553,0.0007889852385017445,0.0007934186540200914,-21.03271812736098,-21.014239263490598
554,554,0.0007911618167688091,0.0007962901390304691,-21.022526911499135,-20.998549956661527
555,555,0.0007894952474257996,0.0007911151624284685,-21.03726015533742,-21.02686625045287
556,556,0.0007903679128803467,0.0007973844920726199,-21.023703468895782,-20.992585482447193
557,557,0.0007908279838318908,0.000797952102546237,-21.02480795249104,-20.98949509879028
558,558,0.0007869555799712994,0.0007963768439367414,-21.032267334932037,-20.998077096198067
559,559,0.0007878027006638111,0.000794581538924065,-21.037675574259556,-21.007878627145537
560,560,0.0007915225758495712,0.0007954111696515037,-21.02133606777345,-21.003346479574052
561,561,0.0007888702735708086,0.0007973657829049779,-21.03685907518051,-20.992687382893873
562,562,0.0007909791617289416,0.0007929560348489567,-21.023630563983726,-21.016772245898242
563,563,0.0007912348133761474,0.0007979235899830727,-21.01384178378304,-20.98965028442167
564,564,0.0007890351944766247,0.0007940955294639265,-21.02871644672035,-21.010535822084336
565,565,0.000788655064246358,0.0007963794387729937,-21.028541207172875,-20.99806294559539
566,566,0.0007894664562364906,0.000794475251735237,-21.023224184213852,-21.008459599958403
567,567,0.0007905132940144653,0.0007918455307126829,-21.017537058882812,-21.022858634351287
568,568,0.0007889843809888842,0.0007953188645555393,-21.030686605378378,-21.003850494623894
569,569,0.0007907162737293341,0.0007956371348547308,-21.024246128674235,-21.00211288482717
570,570,0.0007889638786905052,0.0007954514616071002,-21.033771189877683,-21.00312649107673
571,571,0.0007937323150810661,0.0007958649504488628,-21.010983942319633,-21.00086954299291
572,572,0.0007900910874463848,0.0007954720426105747,-21.025053327531143,-21.0030141259477
573,573,0.0007914426045242659,0.0007920542388762298,-21.01491907369298,-21.0217141073298
574,574,0.0007885172969143185,0.0007953585989430154,-21.027189368178362,-21.003633525117223
575,575,0.000788177666614389,0.0007929439245919255,-21.036962231431588,-21.0168385731312
576,576,0.0007893157199975679,0.0007925597111400412,-21.025281894688224,-21.018943415801154
577,577,0.0007927690443016358,0.0007982783595492181,-21.018531969756623,-20.98771977096119
578,578,0.0007884171707363627,0.0007972825827126048,-21.027249954223702,-20.993140565993706
579,579,0.0007889250385786224,0.0007940839583936491,-21.027716778026438,-21.010599105258684
