,epoch,train_loss,test_loss,train_dbs,test_dbs
0,0,0.00041870206664076324,0.0003903040242700004,-6.687805178035883,-7.0017505718536395
1,1,0.00036335815573543235,0.0003450402551894321,-7.302491293388714,-7.537083199885931
2,2,0.00032538782562772483,0.00031383277382701635,-7.784480139311688,-7.94879790961613
3,3,0.0002986535174320884,0.00029150559260558923,-8.15331303999545,-8.269311951077917
4,4,0.00027835490386068977,0.00027098891855291044,-8.459945586299877,-8.586265545299167
5,5,0.0002605556900440187,0.00025547869001074056,-8.750475115226822,-8.842234057190275
6,6,0.0002478037750199629,0.0002458380461719475,-8.965356091483956,-9.009289906745336
7,7,0.00023746991574466613,0.00023616101718385165,-9.15204292348157,-9.183698756040245
8,8,0.00023048114827858073,0.00022939092779875194,-9.280314172532949,-9.310018483722516
9,9,0.0002256896103475454,0.0002271976654332033,-9.372889743435048,-9.3517422185352
10,10,0.00022245185751559155,0.00022368131919249304,-9.435276500027296,-9.419483709410509
11,11,0.0002197197318309918,0.00022027513631129344,-9.489503225677824,-9.48612607661916
12,12,0.00021712981361281318,0.0002178217293572073,-9.540823948121785,-9.534768846031824
13,13,0.00021637651781892384,0.00022059158302573976,-9.556778751538836,-9.479891490088827
14,14,0.00021924558212649384,0.00021880328361141053,-9.498714327441931,-9.515242510996671
15,15,0.00021574495224637393,0.00021682197601828528,-9.566921581292343,-9.554747882595304
16,16,0.00021566893214110247,0.00021598229451276558,-9.570790861123701,-9.571599356888356
17,17,0.00021272502118270344,0.00021424092119559646,-9.626768614806178,-9.606756592714639
18,18,0.0002121732973183995,0.00021447728412519944,-9.6401686910785,-9.601967846858752
19,19,0.00021295600763363668,0.00021344474378948738,-9.62427226476435,-9.622926218298627
20,20,0.0002108861312099742,0.00021346725790001648,-9.666063767234032,-9.622468149472352
21,21,0.00020798286360078827,0.00020852796258527393,-9.726025496810552,-9.724137863359617
22,22,0.00020631184002154113,0.00020899756514393774,-9.762846075292602,-9.714368597895893
23,23,0.0002057560479218025,0.0002066030926806362,-9.774226605569256,-9.764412680596418
24,24,0.00020280173474433112,0.00020365927546089026,-9.835845652038332,-9.82673891941452
25,25,0.0001997389848951308,0.00019787393409244128,-9.903405784832383,-9.951894979092115
26,26,0.0001920177509765784,0.00018959192828716417,-10.073857413612203,-10.137582426452473
27,27,0.00018631949865969722,0.00018560136270121132,-10.20501678707495,-10.229969258057709
28,28,0.0001824161490262246,0.00018318903733559541,-10.295574766747215,-10.286786058994842
29,29,0.00018080212889940085,0.000180287847270895,-10.335755876436972,-10.35611633266411
30,30,0.0001782811061988018,0.0001798416350012351,-10.396676418429958,-10.366878441026689
31,31,0.00017510743445078313,0.00017560431871587704,-10.474127330493065,-10.470428938271928
32,32,0.00017387117979299161,0.0001746645261607084,-10.50471507447703,-10.493733762906409
33,33,0.0001712510436977327,0.00017148847722350374,-10.569081605526483,-10.573431423943784
34,34,0.00017009520232341414,0.00017079733400973245,-10.599642710033043,-10.590969988618657
35,35,0.00016863251686427436,0.0001682655879688498,-10.638770003170052,-10.655827789279924
36,36,0.00016737250432962572,0.00016818574850300424,-10.671491600477456,-10.657888939666142
37,37,0.0001663499840021556,0.00016885504393078583,-10.69547499884932,-10.640640481933282
38,38,0.00016556782020884806,0.00016684181403099117,-10.717945348570435,-10.692731831487524
39,39,0.0001648278431678863,0.0001647710205840045,-10.737241521680087,-10.746972546169385
40,40,0.00016456742554341356,0.0001685404016538278,-10.744914399860319,-10.648740617608345
41,41,0.00016468124117308594,0.0001661539511252685,-10.741461957249271,-10.71067413108564
42,42,0.00016370958188961538,0.00016538524773511055,-10.765804090829347,-10.730813181909642
43,43,0.0001629757532578672,0.0001679753239793507,-10.78786108800349,-10.663325989276974
44,44,0.00016291400468092143,0.0001643274713148314,-10.787555617061583,-10.758679139875111
45,45,0.00016259914279084884,0.000164579747912572,-10.796566379193276,-10.752016935496929
46,46,0.00016225679293298883,0.00016275721320294236,-10.806203862779304,-10.800378412546598
47,47,0.0001612208968450882,0.00016308408062047275,-10.831641510023465,-10.79166516680054
48,48,0.00016036220272935774,0.00016108432119883793,-10.855624067364442,-10.845248149849741
49,49,0.0001599736674928788,0.0001599482539428496,-10.866823051463326,-10.875985828087934
50,50,0.00015922688510624174,0.00015824369697120825,-10.889060555782166,-10.92251665743612
51,51,0.00015810180490550863,0.00015938233532085034,-10.918683747944726,-10.891379003706358
52,52,0.00015736561653818744,0.00015892976999135785,-10.93788327566119,-10.903728314615602
53,53,0.00015677523063543762,0.00015879183238690816,-10.955748961284673,-10.907499260234328
54,54,0.00015592086203900386,0.00015712500699967342,-10.977607669920701,-10.953327762867051
55,55,0.00015415948441794585,0.000156335177292165,-11.028660587721912,-10.975213758393307
56,56,0.00015482626712554586,0.0001579043409468508,-11.008245645030875,-10.931840169696631
57,57,0.00015367787093111343,0.0001556596865779475,-11.04112694566524,-10.994019346697199
58,58,0.00015429200570953567,0.00015725119584730188,-11.021779126446077,-10.949841295211439
59,59,0.00015332517091103245,0.00015624997123316127,-11.048596959775045,-10.977581402687422
60,60,0.0001527492325847786,0.0001542651987524311,-11.067941173515985,-11.033101232878115
61,61,0.00015157063666565497,0.00015242870799020718,-11.101717518740681,-11.085113178308914
62,62,0.0001507335493686734,0.0001527752695102735,-11.124228394753947,-11.075250277980718
63,63,0.00015023352935929427,0.00015311981444124525,-11.137919030249165,-11.065466921959803
64,64,0.0001507988412619674,0.00015493859475674597,-11.124824343140105,-11.014184735906522
65,65,0.00015022903641796257,0.00015181765775196254,-11.139031007584766,-11.102557994966215
66,66,0.0001495814944927091,0.00015194310445191435,-11.158534938602587,-11.098970908058476
67,67,0.00014948222080195207,0.00015027034494682754,-11.162385282189963,-11.14704802990941
68,68,0.0001484955392163439,0.00015812977998345894,-11.189487468638111,-10.925644196557847
69,69,0.0001493175149494398,0.0001495564019454545,-11.164940447928661,-11.16773078053965
70,70,0.00014759711724689193,0.00014885585589677488,-11.215966385440538,-11.188121621342892
71,71,0.00014719834368791162,0.00014907125870721708,-11.229395501418322,-11.181841678116765
72,72,0.0001468063880762652,0.0001472973450099265,-11.238614200425395,-11.233831674413054
73,73,0.00014664759487693782,0.00014755295552803496,-11.244572479827422,-11.226301733616783
74,74,0.0001473622893903779,0.00014782290580976558,-11.222881700743834,-11.218363512134912
75,75,0.0001461925689393856,0.0001477624923848596,-11.259513152104407,-11.220138783687236
76,76,0.00014526805081032697,0.0001460865544351308,-11.285510184980463,-11.269678403000785
77,77,0.0001452666057451369,0.0001468012847717067,-11.284893327155403,-11.248482298839042
78,78,0.0001451396564869018,0.00014609800296296415,-11.288602430145541,-11.26933806793922
79,79,0.00014473608297118246,0.00014793199002987852,-11.301323289794922,-11.21515986765278
80,80,0.00014423110570936204,0.00014969607429137746,-11.317713295356665,-11.163676750024923
81,81,0.00014389893859168804,0.00014494498119395422,-11.324642377453667,-11.303749040808357
82,82,0.00014417042669818554,0.00014590052351674162,-11.31580274179317,-11.275212361066211
83,83,0.00014346016211778443,0.00014483989492107771,-11.34044515080928,-11.306898852561575
84,84,0.00014259847218276375,0.0001437713585083226,-11.366268959545177,-11.339057098826103
85,85,0.000143486993824199,0.00014513984589077729,-11.337823932385756,-11.297914287151778
86,86,0.00014355170439098262,0.0001448588062837524,-11.335523446573294,-11.306331842738446
87,87,0.00014341936739864904,0.0001450938940060472,-11.34119491473385,-11.29928949943035
88,88,0.00014264425160795372,0.0001439217663382327,-11.368274643944103,-11.334516059025363
89,89,0.00014164884974964,0.00014273018275975789,-11.393583248851067,-11.370622644400132
90,90,0.0001418262654999463,0.0001429983063931822,-11.38970948728904,-11.362471924184002
91,91,0.0001411548137278344,0.00014201718103753306,-11.412745539576722,-11.392371984347536
92,92,0.00013993297821779727,0.0001418706064884502,-11.449273437010135,-11.396856610055838
93,93,0.0001404619316352032,0.00014912388838925645,-11.432926279595627,-11.180308669886823
94,94,0.00014045106090446839,0.00014136691415363826,-11.431326499587918,-11.412303082803474
95,95,0.0001390069701676449,0.0001413183444559476,-11.4771503553075,-11.413795452940217
96,96,0.0001391566946734098,0.00013971913033042495,-11.470077927709553,-11.463222125820689
97,97,0.00014041363120321474,0.00013991406778682416,-11.432145297465336,-11.457167031081246
98,98,0.00013879721818645436,0.00014346594444329016,-11.48428486515769,-11.348292646699745
99,99,0.0001391205565671475,0.00013978696906154879,-11.474489245099772,-11.461113979542022
100,100,0.00013895259543619665,0.0001392523585022182,-11.47995549221249,-11.477755268208742
101,101,0.00013860921539275033,0.0001444087867735346,-11.489079040192138,-11.319844669781673
102,102,0.00014008849093536895,0.00014033102611153337,-11.443020347628401,-11.444243855106668
103,103,0.0001379269037663351,0.00014126863013524073,-11.512028480569933,-11.415323524459334
104,104,0.00013763844310101986,0.00013979100760096977,-11.519161932116514,-11.460988510761787
105,105,0.00013865885827642356,0.00013852107344734433,-11.486804727768796,-11.500622379403882
106,106,0.00013798814032589247,0.00013951224804929408,-11.510598820897817,-11.469657494944327
107,107,0.00013787583749532488,0.00013938430301526465,-11.511858445545059,-11.47364218575186
108,108,0.00013832137880957272,0.00013958507196021905,-11.499499127827846,-11.467391115361607
109,109,0.00013783860754536118,0.00013844751657942603,-11.512948336404909,-11.502929163909013
110,110,0.0001373411987046471,0.00013869706048066482,-11.530616659041058,-11.495108295123602
111,111,0.00013737548211680667,0.0001380158508637626,-11.527318444003566,-11.516491191487512
112,112,0.00013771785770305288,0.00013835066669056877,-11.51984742298773,-11.505968300475821
113,113,0.00013774996335358963,0.00013838834006731448,-11.516789051236536,-11.504785862197382
114,114,0.00013659470315576175,0.000137413136575273,-11.553150999056335,-11.535498334482863
115,115,0.0001367615343379961,0.00013942426946749422,-11.5468084124584,-11.472397087035642
116,116,0.00013631814078142213,0.00013848110086799257,-11.560899661969914,-11.501875789836728
117,117,0.00013848745659264956,0.0001379457711376936,-11.49513149518901,-11.518696950299812
118,118,0.00013677644029982177,0.00014034624435130114,-11.546903818182388,-11.443772908702565
119,119,0.00013634006429185188,0.000138983531015631,-11.557590906435655,-11.48614745158526
120,120,0.00013582011513452803,0.00013735268868530462,-11.578279676302088,-11.537409211532772
121,121,0.00013658912609674554,0.0001376854503943928,-11.55306173182925,-11.526900367556177
122,122,0.00013609714594552024,0.00013993155076413562,-11.568132838050726,-11.456624391848742
123,123,0.0001365693199649914,0.00013776916373325023,-11.552897037186849,-11.52426064105445
124,124,0.00013544125744674508,0.00013714716432763167,-11.590437615756187,-11.543912538229186
125,125,0.0001352207269219528,0.00013717245019506663,-11.596157387594538,-11.543111901880422
126,126,0.00013634541632125116,0.00013936864362269836,-11.563734502870403,-11.474130129493489
127,127,0.00013618228920152142,0.00013618157582210474,-11.565211074923248,-11.574597310274292
128,128,0.00013596490819124774,0.0001375822987603514,-11.572587004562232,-11.53015524850013
129,129,0.00013700660921815667,0.00013696919287260818,-11.54139841820783,-11.549551897551103
130,130,0.00013614410460091283,0.0001374321398447807,-11.565423275751726,-11.534897777310771
131,131,0.00013564490910005015,0.00013717863437609355,-11.582343683282055,-11.542916112190017
132,132,0.00013646553690574065,0.00013711094154706714,-11.55733903600915,-11.545059731582661
133,133,0.0001360186570403214,0.00013665977894561365,-11.570595405029502,-11.559373724348097
134,134,0.0001348142343220426,0.00013668859441838177,-11.611656862129305,-11.558458086862569
135,135,0.00013551234272752706,0.0001397353365686477,-11.587385562930073,-11.46271841014074
136,136,0.00013664750425509877,0.00013744116662756393,-11.550377841073798,-11.534612534483536
137,137,0.00013598615676284643,0.00013640478228856074,-11.573296063572338,-11.56748489576869
138,138,0.00013669169264588716,0.00013720013789440455,-11.550845714905122,-11.542235384647883
139,139,0.00013595029934352628,0.00013707212010079898,-11.572762230227989,-11.546289562477767
140,140,0.00013535765466849158,0.0001366206737369985,-11.594197387771207,-11.560616636255219
141,141,0.00013554232447352931,0.00013659495207799695,-11.588077885100079,-11.56143436214988
142,142,0.00013585374033505808,0.00013654192413301453,-11.574862395036023,-11.563120677414327
143,143,0.00013415915007911834,0.0001371034702874328,-11.632129107612803,-11.545296387767955
144,144,0.00013429487406722626,0.0001353039942363179,-11.627751270289002,-11.602674689675773
145,145,0.00013562018734633385,0.00013560719870790643,-11.581910566734859,-11.592953416630563
146,146,0.00013619361554222066,0.0001361283073875759,-11.566077151145882,-11.576296417717467
147,147,0.00013469068578638848,0.00013545672922382916,-11.615709528926732,-11.597775015272653
148,148,0.00013482438975863506,0.0001360299410359738,-11.61147828057292,-11.579435765197355
149,149,0.000135740463801338,0.00013586208852326594,-11.580190487494415,-11.584797998832649
150,150,0.00013474071332068692,0.00013715988040387042,-11.613730437193688,-11.54350988566506
151,151,0.00013538577091896944,0.00013463797720185923,-11.59018787695092,-11.624105081422503
152,152,0.00013616557295143737,0.00013611156426027025,-11.567809986514163,-11.57683061190172
153,153,0.0001356002378707137,0.00013559625145525818,-11.584380024183165,-11.593304026581642
154,154,0.00013495593959736858,0.00013603700177842066,-11.606480817992626,-11.579210347037264
155,155,0.00013456699593213494,0.00013507033528233143,-11.61851490546871,-11.610181084221956
156,156,0.0001342256227028124,0.0001350482224983065,-11.630118837478356,-11.610892139410602
157,157,0.00013348228236919596,0.0001343269771161048,-11.65322633844945,-11.634148447975674
158,158,0.0001333803660806374,0.00013418770533079574,-11.656422292603583,-11.638653600000683
159,159,0.00013306739548948527,0.00013281549801927452,-11.665104720624612,-11.683293312390937
160,160,0.00013502344383183656,0.00013422398095778925,-11.60277951982614,-11.637479708882557
161,161,0.0001348034097973891,0.0001338139562377412,-11.610158475191316,-11.650766754300353
162,162,0.00013455748318012841,0.00013528373107730754,-11.619549336295968,-11.603325138852682
163,163,0.00013297536752736387,0.00013427590525488516,-11.672214993594125,-11.635799973646563
164,164,0.0001327974535614857,0.00013258960212911725,-11.67610407889253,-11.690686189333794
165,165,0.0001323734264287944,0.00013360832503837484,-11.690167299973893,-11.657445667692814
166,166,0.00013383298075083432,0.00013517289296846444,-11.641527334899585,-11.60688477669996
167,167,0.00013323855016574975,0.00013391137939546943,-11.660541819193266,-11.64760602678994
168,168,0.00013334623891404188,0.0001336491967729097,-11.657762870545989,-11.656117333224067
169,169,0.0001319817315514641,0.00013304276676775006,-11.702580041937471,-11.675868184005802
170,170,0.00013282045526382004,0.00013385704637345808,-11.675748838420075,-11.649368484921494
171,171,0.00013185863907583365,0.0001321072268183343,-11.70809812543904,-11.706515103372816
172,172,0.00013315349684658547,0.00013624384767976344,-11.665416472312078,-11.572611862346385
173,173,0.00013237764100848995,0.00013387541663465336,-11.689733415430304,-11.648772509148433
174,174,0.0001330180772485394,0.0001334120208507796,-11.670263138886918,-11.663831236591859
175,175,0.00013224145645976605,0.00013414191313418806,-11.692224499725922,-11.640135903639601
176,176,0.0001317597880657071,0.0001318980997128069,-11.710028194967075,-11.71339547719986
177,177,0.00013213805685098254,0.00013265769858231865,-11.6957686702193,-11.688456276762922
