,epoch,train_loss,test_loss,train_dbs,test_dbs
0,0,0.00015782083495107202,0.00016221529068915466,-28.012165817919417,-27.907968312130407
1,1,0.00015188030539723784,0.0001577475708664248,-28.18289974514197,-28.02925940028622
2,2,0.00014940702175474295,0.000153134492728369,-28.25923042852008,-28.158155961196854
3,3,0.00014171857652662455,0.00014935497433486345,-28.487198762706182,-28.266689287992573
4,4,0.00014117495447862893,0.00014494479125316597,-28.500100548261127,-28.396860072215866
5,5,0.00013659775920797946,0.0001414480158066573,-28.634332354490212,-28.50291760680323
6,6,0.00013124779798090458,0.0001382126344986701,-28.817556631452717,-28.603408751288903
7,7,0.00013031663772765278,0.00013425906179595346,-28.853296285840013,-28.72945012350019
8,8,0.00012334848995039662,0.00013085711926626238,-29.083954605285367,-28.84091264994985
9,9,0.00012240171766739107,0.0001275301631386882,-29.1228856888187,-28.95275705110307
10,10,0.00011762209160411826,0.0001242455186193662,-29.293335068277386,-29.066078871256384
11,11,0.00011644057900111969,0.00012206469354599616,-29.33619516240649,-29.142985552256157
12,12,0.00011266291808497794,0.00011891072714015057,-29.474036203768552,-29.256675855198502
13,13,0.0001117107323394877,0.00011625161546123166,-29.520407458566794,-29.354896236865386
14,14,0.00010738600297175712,0.00011385215513751303,-29.687843526493886,-29.445473644501966
15,15,0.00010592371048933836,0.00011121485065239922,-29.755291286579318,-29.547258373728038
16,16,0.00010602895219056608,0.00010834709208115543,-29.740833853631315,-29.660713605363483
17,17,0.00010089488512807592,0.00010598295653165366,-29.97348819881664,-29.756525898005126
18,18,9.926943357172182e-05,0.00010368386536260674,-30.034088043537164,-29.8517744090978
19,19,9.893877580269844e-05,0.00010132043634688384,-30.052005537706616,-29.951915688977042
20,20,9.609423259743634e-05,9.959383667017774e-05,-30.174790553085447,-30.026561572612724
21,21,9.273919837966984e-05,9.692159341954578e-05,-30.3243644700082,-30.144680749007403
22,22,8.996470756924798e-05,9.480052042482911e-05,-30.463772411805074,-30.24077898870359
23,23,8.96630020357294e-05,9.311760061935179e-05,-30.479403466559507,-30.318568434606764
24,24,8.831968953768176e-05,9.112725781865026e-05,-30.54075566577791,-30.41240318577783
25,25,8.588320813885861e-05,8.919224484615322e-05,-30.65932574650082,-30.505615256970508
26,26,8.253384354229075e-05,8.719701336782524e-05,-30.833447525353257,-30.60387010422533
27,27,8.083889481417125e-05,8.566091932344104e-05,-30.920475278722243,-30.681058893671658
28,28,7.934881124907107e-05,8.372346124624049e-05,-31.003276989658456,-30.78041445968518
29,29,7.77767579081425e-05,8.245040953624994e-05,-31.098830888258966,-30.846958032008423
30,30,7.747665751088152e-05,8.059893987496922e-05,-31.107794334067115,-30.94559290825434
31,31,7.472904960111206e-05,7.905388146785921e-05,-31.26792682946938,-31.02965422130297
32,32,7.379488659015683e-05,7.728155124871256e-05,-31.323906323283328,-31.128127894001636
33,33,7.244820108567605e-05,7.590643680917932e-05,-31.404524176187508,-31.206100150491803
34,34,7.157502143845423e-05,7.447699738948263e-05,-31.44640619144463,-31.28866461020259
35,35,6.928408694556751e-05,7.277175934991407e-05,-31.5870613694784,-31.389257456838205
36,36,6.752318413700122e-05,7.168850846171968e-05,-31.699167297642262,-31.454390757273636
37,37,6.798799998803813e-05,7.033719080745389e-05,-31.67651961110471,-31.537036012862416
38,38,6.512603667755516e-05,6.881444814529172e-05,-31.860620787047196,-31.632089889353043
39,39,6.443196822878348e-05,6.782002827477347e-05,-31.910460949666337,-31.695306538507715
40,40,6.359453311102398e-05,6.665991397887028e-05,-31.9653757134556,-31.770238714635354
41,41,6.266704009042947e-05,6.545016041950715e-05,-32.030654357659365,-31.849779050025347
42,42,6.0267393189523194e-05,6.417583311926329e-05,-32.19281206064443,-31.93517105040233
43,43,6.08658015106315e-05,6.312119053051759e-05,-32.16001475217579,-32.00713438835284
44,44,5.7942708492154235e-05,6.199567781693891e-05,-32.36212257740728,-32.08527207721746
45,45,5.954296588261621e-05,6.102311970990788e-05,-32.257826668866215,-32.1539421386574
46,46,5.651559222690022e-05,6.011161243996436e-05,-32.484957601258955,-32.219302426701944
47,47,5.479237512828177e-05,5.924726811874854e-05,-32.61245568652387,-32.282202904535
48,48,5.486471877468164e-05,5.7988699202389016e-05,-32.610372081056454,-32.37545253553831
49,49,5.365681874874221e-05,5.709064728427237e-05,-32.71194553843816,-32.44323653360845
50,50,5.154439781314799e-05,5.627598281870106e-05,-32.880058079061165,-32.505655319812185
51,51,5.252998654242154e-05,5.532448899190824e-05,-32.795915874192936,-32.579712091243486
52,52,5.122506540969552e-05,5.4233448808142716e-05,-32.90537907591715,-32.666213974285114
53,53,5.023605064200909e-05,5.367836542733896e-05,-32.98667246560531,-32.71089337796293
54,54,4.974792423548859e-05,5.282309996944509e-05,-33.03431859557626,-32.780647357869
55,55,4.8664288001840685e-05,5.178879655431956e-05,-33.13113665913891,-32.866528011665096
56,56,4.7692868149882546e-05,5.1052517511906394e-05,-33.225656029187604,-32.92871457387185
57,57,4.774388142641797e-05,5.0169667941334316e-05,-33.21563368950669,-33.004473937876604
58,58,4.662975240450775e-05,4.945369437336922e-05,-33.30997084853779,-33.066898798094314
59,59,4.562579717045439e-05,4.8766233560040984e-05,-33.40686373812717,-33.12769406022686
60,60,4.506576885067205e-05,4.8072871179197375e-05,-33.47051265825742,-33.18988558969293
61,61,4.402964364511643e-05,4.722100608265273e-05,-33.56016765265749,-33.26753384509122
62,62,4.438051781239055e-05,4.6613964897053515e-05,-33.528139533825524,-33.32372575570478
63,63,4.225629262944813e-05,4.581418416867229e-05,-33.74164918729142,-33.39888663038117
64,64,4.1826044402976964e-05,4.525784013247559e-05,-33.78405989260247,-33.451947963414554
65,65,4.160388389490689e-05,4.435625497104698e-05,-33.80290771089534,-33.53933749109358
66,66,4.1176367996796996e-05,4.3920199172326214e-05,-33.85208412804728,-33.5822431943926
67,67,4.028034713086264e-05,4.3244806300591386e-05,-33.94778699152398,-33.649546641703154
68,68,4.0522967256694434e-05,4.2521429637226425e-05,-33.922720554032196,-33.72280762595024
69,69,4.0033796900276034e-05,4.208528671848686e-05,-33.97851143573832,-33.76758330072264
70,70,3.90942029307834e-05,4.155735031848675e-05,-34.07825266509785,-33.82240771044157
71,71,3.8240094037280065e-05,4.0940933870029095e-05,-34.17581581208921,-33.8873087557978
72,72,3.802648902397852e-05,4.048385486193614e-05,-34.20152250549581,-33.93606761147888
73,73,3.713377907505552e-05,3.997133832231875e-05,-34.30019290958612,-33.991399307813325
74,74,3.761217765751314e-05,3.951286328772671e-05,-34.252557451258156,-34.04150118513632
75,75,3.613354313051083e-05,3.911346443362019e-05,-34.42039583348752,-34.085623355252565
76,76,3.482240622970588e-05,3.8560527556048905e-05,-34.57727713903223,-34.14745653393194
77,77,3.49014660162904e-05,3.7967656968057305e-05,-34.56419330433042,-34.21474823246989
78,78,3.5262449845382416e-05,3.754330990839088e-05,-34.53006232435125,-34.26356061936065
79,79,3.3936316633360585e-05,3.713096999777726e-05,-34.6817516851631,-34.31152325607361
80,80,3.4508560198333985e-05,3.690535126416331e-05,-34.6161579528143,-34.33799277067741
81,81,3.40390980107765e-05,3.659725246650755e-05,-34.682656308120805,-34.37440138331959
82,82,3.341338860897765e-05,3.60556377448742e-05,-34.7668010538661,-34.43915438675718
83,83,3.320911427997005e-05,3.555575935216008e-05,-34.78476663328041,-34.49978662200456
84,84,3.20611501611546e-05,3.525746730079654e-05,-34.935406559710984,-34.53637508556269
85,85,3.2421621954105744e-05,3.486261697329801e-05,-34.89016048120596,-34.58528635904742
86,86,3.1175205446377676e-05,3.4376686782802846e-05,-35.063272023020644,-34.64624603188793
87,87,3.142684931610591e-05,3.422112862800101e-05,-35.0345527261452,-34.665942916881875
88,88,3.057336726135301e-05,3.3747248380677775e-05,-35.14587980817733,-34.72650252425734
89,89,3.134697764141596e-05,3.3550732041476294e-05,-35.04043734896563,-34.75186619899614
90,90,3.026269504769835e-05,3.339646613504125e-05,-35.193851839186486,-34.77188106214646
91,91,3.008675999227148e-05,3.293189040146229e-05,-35.21428562516315,-34.8327195896017
92,92,2.9713868758504366e-05,3.2428203810827416e-05,-35.27313624767386,-34.89965726465283
93,93,3.0006451947649356e-05,3.2216990707399274e-05,-35.224964471910354,-34.92803648523139
94,94,2.9212667568665976e-05,3.189044726145527e-05,-35.347691100223855,-34.97228010116488
95,95,2.9089293749756946e-05,3.1583125650956246e-05,-35.36414744651839,-35.01433512231245
96,96,2.8251297276865536e-05,3.147536737838221e-05,-35.495799890257416,-35.02917812488492
97,97,2.783084822759829e-05,3.121736929307716e-05,-35.54868094859375,-35.064923183489945
98,98,2.8606681356454967e-05,3.08550028612923e-05,-35.43290459754955,-35.11563029330059
99,99,2.8032080643749123e-05,3.0641310953988544e-05,-35.5224665545093,-35.145812781956415
100,100,2.784871511037111e-05,3.0450361966933614e-05,-35.55589380446409,-35.172961608463815
101,101,2.760148135232307e-05,3.024569598078654e-05,-35.58292838632232,-35.20225037887418
102,102,2.7707176769515933e-05,2.9944997023496972e-05,-35.58002643226075,-35.245643461023235
103,103,2.592781787562981e-05,2.9696071865864244e-05,-35.855315524998716,-35.28189614801386
104,104,2.6907944986080637e-05,2.9419310234707634e-05,-35.703473878872444,-35.32256134313791
105,105,2.6802751366181067e-05,2.925844340719969e-05,-35.71601310936579,-35.34637403064002
106,106,2.618256486627062e-05,2.9027267182276485e-05,-35.82757679762771,-35.38082469934923
107,107,2.6369350906083428e-05,2.9000006849712106e-05,-35.79234449913077,-35.38490519876128
108,108,2.6185375261156504e-05,2.8672035880031455e-05,-35.82144461023984,-35.43430088897963
109,109,2.6343487802150027e-05,2.8414989413393317e-05,-35.799276677965565,-35.47341121778948
110,110,2.5179574015393093e-05,2.8268925330178862e-05,-35.9872521251881,-35.49579321664541
111,111,2.537389029628722e-05,2.800789814883549e-05,-35.96198906667599,-35.53608101913015
112,112,2.476486316510025e-05,2.7896678722371642e-05,-36.060696858216765,-35.55336119532402
113,113,2.539776706379195e-05,2.7681038102998985e-05,-35.955107641639046,-35.587062472157
114,114,2.4423601494210332e-05,2.7626394033799634e-05,-36.121420309163696,-35.59564418514822
115,115,2.5073036781155753e-05,2.7389597801773464e-05,-36.00233927279638,-35.63302965382111
116,116,2.4518685902351245e-05,2.7258289073391718e-05,-36.105573572564495,-35.65390027450611
117,117,2.4476213999975896e-05,2.7131530403398518e-05,-36.11507408248991,-35.6741432873017
118,118,2.453381985668381e-05,2.6976211685043955e-05,-36.09749182041726,-35.699076594436505
119,119,2.4326861580682572e-05,2.6923441557875394e-05,-36.13812467297633,-35.70758046449214
120,120,2.459644574909615e-05,2.6709894978251358e-05,-36.099663740991474,-35.74216439949946
121,121,2.4563949109599973e-05,2.659823928153951e-05,-36.094170872947736,-35.76035731678699
122,122,2.409846962747025e-05,2.6530861041943642e-05,-36.18122484260514,-35.771372753964094
123,123,2.4533825388661892e-05,2.63543687125141e-05,-36.09651166066626,-35.80036002685141
124,124,2.4087917744950153e-05,2.6223038443468365e-05,-36.17923834315604,-35.822056087140204
125,125,2.3137567697312518e-05,2.603215187647086e-05,-36.35582237225305,-35.853785509982366
126,126,2.3197615275383907e-05,2.5893236804557474e-05,-36.354001122189686,-35.87702277200326
127,127,2.3507647598570347e-05,2.594477863519722e-05,-36.284028097067996,-35.868386507740226
128,128,2.310946719890782e-05,2.571522427866799e-05,-36.35994436497287,-35.90698303924763
129,129,2.2912089221303102e-05,2.56680551070818e-05,-36.39947246066134,-35.91495657341479
130,130,2.3105018400885982e-05,2.563179412773982e-05,-36.36379415542458,-35.921096141500946
131,131,2.41843412668365e-05,2.553769665705898e-05,-36.170482720204696,-35.937068963476094
132,132,2.3127817426545344e-05,2.5498511795855227e-05,-36.355215345055505,-35.94373786496967
133,133,2.303933353087092e-05,2.5414561413957638e-05,-36.37536107344802,-35.95806000989463
134,134,2.322247821643238e-05,2.5259328571050183e-05,-36.345266481699724,-35.98466818147603
135,135,2.3492969122934922e-05,2.5168502887888616e-05,-36.29182453989432,-36.000312374186265
136,136,2.2705667697195656e-05,2.5124794487247098e-05,-36.44184869000907,-36.00786102300476
137,137,2.2940562368753444e-05,2.5210901711895866e-05,-36.390678806740794,-35.99300241099829
138,138,2.2762532475117604e-05,2.498071300674622e-05,-36.42765335994498,-36.032837903801955
139,139,2.2350648878179444e-05,2.4879893029911298e-05,-36.51175547818071,-36.05040111562788
140,140,2.265111144185642e-05,2.486479551359815e-05,-36.45300565109576,-36.053037283797195
141,141,2.2475198936272418e-05,2.483232636127229e-05,-36.46996238839292,-36.05871212980904
142,142,2.2609092092793196e-05,2.4747099718967403e-05,-36.46528315038625,-36.07364312028148
143,143,2.2387100188163607e-05,2.4732128191604524e-05,-36.49884125916047,-36.07627131485621
144,144,2.2470766237244424e-05,2.475043344786268e-05,-36.48122355024388,-36.073058113323384
145,145,2.2467615991379568e-05,2.4564951864273387e-05,-36.486707271378684,-36.10572702894912
146,146,2.3441501755384997e-05,2.4647158601223246e-05,-36.31299678013677,-36.0912176063282
147,147,2.222410216042412e-05,2.458716124620926e-05,-36.533951422226664,-36.10180230951499
148,148,2.218167355749756e-05,2.4601085418620833e-05,-36.53202760284146,-36.099343514247835
149,149,2.2402046824092543e-05,2.452511944284197e-05,-36.4968252960299,-36.112774891852716
150,150,2.178922148363499e-05,2.4518020310145067e-05,-36.61579041092168,-36.11403219886594
151,151,2.2428098634112213e-05,2.446229796317455e-05,-36.48916821780923,-36.123913685594204
152,152,2.2662601022790284e-05,2.43788922249989e-05,-36.44583150026404,-36.13874652931494
153,153,2.2577359672628592e-05,2.4326689143842822e-05,-36.46648064271406,-36.14805614769081
154,154,2.2864206706818203e-05,2.4369620836009026e-05,-36.41270472694894,-36.140398482522784
155,155,2.2161943992070575e-05,2.4331719511170185e-05,-36.53650083028923,-36.147158189520624
156,156,2.1692251655472365e-05,2.425597009086663e-05,-36.63973218694093,-36.16069971914174
157,157,2.2249293485317337e-05,2.4245842628021675e-05,-36.53017472738779,-36.16251338384687
158,158,2.160512470714052e-05,2.418160970831339e-05,-36.647150467266975,-36.17403412986959
159,159,2.1868026789851467e-05,2.4214178426375026e-05,-36.61060658913105,-36.16818882092134
160,160,2.1443386376444153e-05,2.422118862006372e-05,-36.693309667127465,-36.16693168645824
161,161,2.140255196771006e-05,2.4036772868528617e-05,-36.688950994940015,-36.200124606618985
162,162,2.1569798442102446e-05,2.4003181304004484e-05,-36.66225505740346,-36.20619814841987
163,163,2.1334902701653976e-05,2.4033074097180935e-05,-36.70681930835827,-36.20079294907925
164,164,2.1510841713851612e-05,2.4000121476618868e-05,-36.66989367697136,-36.2067518045535
165,165,2.1879966842573492e-05,2.394919082641871e-05,-36.60097279767581,-36.21597775904487
166,166,2.0982843312763696e-05,2.3870124431069645e-05,-36.77327386732537,-36.2303393743508
167,167,2.142778009432188e-05,2.3791999219132488e-05,-36.692004278898054,-36.244576834300354
168,168,2.0945360785807463e-05,2.3865419662845517e-05,-36.78927949432107,-36.23119544708393
169,169,2.1032813755173076e-05,2.378062182335845e-05,-36.77046196876708,-36.2466541385098
170,170,2.038774825272525e-05,2.3612847335722397e-05,-36.91219348967988,-36.27740261075756
171,171,2.1420707516600233e-05,2.3482848854128908e-05,-36.697614915095954,-36.301378375495716
172,172,2.1315802384669576e-05,2.3453871491303863e-05,-36.70791916325599,-36.30674079122536
173,173,2.1812980073085894e-05,2.3388698632755367e-05,-36.61975744696092,-36.3188256239004
174,174,2.1560820641752798e-05,2.3318430593414968e-05,-36.666869845120736,-36.33189302721495
175,175,2.076653486865419e-05,2.32932367285493e-05,-36.829615272887864,-36.33658779922511
176,176,2.15656694205425e-05,2.3326044978794496e-05,-36.656340507465515,-36.33047511628671
177,177,2.0725735095728634e-05,2.323870352196728e-05,-36.833456161449504,-36.346767250765026
178,178,2.0753829462076273e-05,2.3181434555322323e-05,-36.83677909677491,-36.357483121008805
179,179,2.063340603460356e-05,2.3078194269481556e-05,-36.857995129064804,-36.37686795483909
180,180,2.0234129796963972e-05,2.29646785603683e-05,-36.935409987444565,-36.398282494347136
181,181,2.0490643185711605e-05,2.3034822669088545e-05,-36.88548091953122,-36.38503747118258
182,182,2.0706707810231163e-05,2.2910376509044956e-05,-36.85130161964563,-36.40856393912118
183,183,2.033792153860745e-05,2.2918316924340998e-05,-36.9123440533643,-36.407058996115715
184,184,2.027724181483716e-05,2.2831441703218796e-05,-36.93093681829575,-36.423552842478635
185,185,2.0216680766061098e-05,2.271481825070958e-05,-36.945368983632314,-36.445793541332364
186,186,1.986466677689603e-05,2.2739160301984828e-05,-37.010769154404656,-36.44114197071334
187,187,2.007520195491583e-05,2.261191802015099e-05,-36.967328527627586,-36.46551218104356
188,188,2.0212249070290145e-05,2.2630850923489658e-05,-36.94231855606503,-36.461877365527904
189,189,2.0088746843855952e-05,2.2654486584590478e-05,-36.970961943977365,-36.45734396081497
190,190,2.04172359368273e-05,2.2559560516368182e-05,-36.89650344978733,-36.475579854672446
191,191,1.9514391872868034e-05,2.2473421746613703e-05,-37.09999770921769,-36.49219418316101
192,192,2.0049093024878396e-05,2.2513549370878056e-05,-36.981593593936374,-36.484446513122826
193,193,2.0409479737881877e-05,2.243054323595348e-05,-36.90143531977503,-36.500488286472
194,194,1.989460971466561e-05,2.2425465383429055e-05,-37.007908467491475,-36.501471558683946
195,195,1.9849974368176826e-05,2.2403220148254676e-05,-37.022268507864126,-36.5057817380092
196,196,2.0028922448283393e-05,2.231710909415453e-05,-36.98436015540274,-36.52250683931332
197,197,1.940120488218303e-05,2.2195902314897946e-05,-37.11768649481393,-36.546158155561066
198,198,1.96331704276033e-05,2.2181125658741957e-05,-37.074541113087655,-36.549050381904166
199,199,1.9538911156186513e-05,2.2146791707200464e-05,-37.08586651178389,-36.55577799265796
200,200,1.951765118308723e-05,2.2070779107851097e-05,-37.09798830884169,-36.57070956142692
201,201,2.0523924803521516e-05,2.2084822184727893e-05,-36.88338637307621,-36.56794713454398
202,202,1.971412195379128e-05,2.186560236862677e-05,-37.053742009237645,-36.61127174265864
203,203,1.9438536676800852e-05,2.183202186164348e-05,-37.1099082203539,-36.61794662808323
204,204,1.954747190164611e-05,2.1826662209365933e-05,-37.100569449707685,-36.61901293022691
205,205,1.9356241433136527e-05,2.1769676191309517e-05,-37.128748538439055,-36.63036651091306
206,206,1.945989848517803e-05,2.1812608362157143e-05,-37.11212211908767,-36.621810185278775
207,207,1.9119556735362138e-05,2.160858165504913e-05,-37.18899081582834,-36.66262358774017
208,208,1.917111124563122e-05,2.1706530740055696e-05,-37.17232126849429,-36.64298202742472
209,209,2.0189957252011117e-05,2.1534085949257898e-05,-36.95694979450769,-36.67762178228947
210,210,1.904457832031617e-05,2.1451589179234458e-05,-37.207110685928455,-36.694291491850265
211,211,1.9108799625831397e-05,2.141877413171307e-05,-37.19156492793008,-36.70094009276923
212,212,1.8554069290835333e-05,2.1388912644301616e-05,-37.30611290805902,-36.70699913603201
213,213,1.9192990453355134e-05,2.1266126647165756e-05,-37.16907271870841,-36.73200224431001
214,214,1.898555047333015e-05,2.1116461060668562e-05,-37.22167982622347,-36.7626748445661
215,215,1.851191957461403e-05,2.129230410661732e-05,-37.33449910090215,-36.72665960012767
216,216,1.9010032373603516e-05,2.122920566187914e-05,-37.20711027309855,-36.73954875981642
217,217,1.9129110245858008e-05,2.1176258661925156e-05,-37.192318867318555,-36.75039387245902
218,218,1.9336168678791247e-05,2.1039160425348918e-05,-37.13953432945373,-36.7786021519148
219,219,1.8429762724164113e-05,2.1100372242998627e-05,-37.34290071831792,-36.76598503366645
220,220,1.9349142330048782e-05,2.1118881991960254e-05,-37.13307798421527,-36.76217696907784
221,221,1.8669216758295527e-05,2.1179128069841107e-05,-37.28898087066067,-36.749805438201996
222,222,1.974436042108153e-05,2.1045769914819272e-05,-37.0491162296577,-36.77723802237694
223,223,1.8907466658946732e-05,2.1045791694823972e-05,-37.234735737939666,-36.77723352791986
224,224,1.890941273382644e-05,2.10975395020796e-05,-37.230836862480515,-36.76656811643087
225,225,1.8923929075622864e-05,2.1088546753545462e-05,-37.230996063155416,-36.7684196753079
226,226,1.8866294837054512e-05,2.0996795970667765e-05,-37.243292228034015,-36.78735592211697
227,227,1.921278836215203e-05,2.0892660359095316e-05,-37.165388848112784,-36.80894876127181
228,228,1.9072346140560933e-05,2.105221607818844e-05,-37.20046792965659,-36.775908014236876
229,229,1.8598552320402153e-05,2.113398448656019e-05,-37.31030313174176,-36.75907236061282
230,230,1.8900678903086484e-05,2.1069098788996742e-05,-37.234069651028506,-36.77242660889169
231,231,1.850761551751705e-05,2.0978585636935588e-05,-37.329749628231966,-36.791124153707386
232,232,1.868793994439442e-05,2.0953205995810047e-05,-37.287324124281966,-36.79638137693124
233,233,1.8764812968171455e-05,2.0900928623297277e-05,-37.26978273164589,-36.807230382136574
234,234,1.8169925188538908e-05,2.095981227811487e-05,-37.40819158267892,-36.795012316866945
235,235,1.93687775330564e-05,2.086015975740003e-05,-37.12284267896413,-36.81570990209353
236,236,1.8318317293941965e-05,2.0918359807278886e-05,-37.375652041828175,-36.80360991524736
237,237,1.8919431961867022e-05,2.0883333778137487e-05,-37.22982827800394,-36.810887904933594
238,238,1.8538198392636013e-05,2.0863084548756505e-05,-37.31416383758739,-36.81510102290878
239,239,1.899188632283842e-05,2.0900253060206426e-05,-37.21840515215366,-36.80737075774834
240,240,1.8870443811240492e-05,2.0889715558855403e-05,-37.248096329458974,-36.80956093828114
241,241,1.899332159924016e-05,2.086826364240168e-05,-37.20621981846656,-36.814023055433296
242,242,1.9739111717781363e-05,2.08654097437638e-05,-37.05645329410753,-36.81461702779743
243,243,1.829683756066928e-05,2.082432030491825e-05,-37.38083322717643,-36.82317785192008
244,244,1.7898805352385736e-05,2.0777007337432895e-05,-37.461426344166085,-36.83305627202105
245,245,1.8586823176688602e-05,2.0824889313524564e-05,-37.30397069562212,-36.82305918589969
246,246,1.8918428057864712e-05,2.081211498175674e-05,-37.23394484177272,-36.82572403754535
247,247,1.8774807855508472e-05,2.086234311910199e-05,-37.270952606858,-36.81525536467384
248,248,1.8608995429231165e-05,2.0833228757653972e-05,-37.30561628590932,-36.82132037733914
249,249,1.8651716523778568e-05,2.083015873435407e-05,-37.295125754735466,-36.82196040891657
250,250,1.8581973854077323e-05,2.083963911565278e-05,-37.31316735013524,-36.819984264290085
251,251,1.8626677609569652e-05,2.0817110740417295e-05,-37.30101131594522,-36.82468167829318
252,252,1.89602191800152e-05,2.0795082347927075e-05,-37.224140953596056,-36.829279758561164
253,253,1.815178367587109e-05,2.0844468245310343e-05,-37.414826157256556,-36.81897799859083
254,254,1.8487089431632223e-05,2.0719671163916293e-05,-37.33597913739502,-36.845057617920105
255,255,1.7615837472495167e-05,2.0823416123580262e-05,-37.53348546948166,-36.823366424457014
256,256,1.773332254761607e-05,2.082832840020082e-05,-37.50940843504311,-36.82234203776485
257,257,1.9024398001813997e-05,2.070374265665458e-05,-37.199462393822614,-36.848397595247725
258,258,1.805910993500651e-05,2.078019430260419e-05,-37.43071600382437,-36.832390162978086
259,259,1.8179207135168308e-05,2.0823328812088892e-05,-37.40441630784878,-36.823384634234976
260,260,1.8933459145533635e-05,2.08721913670735e-05,-37.23509473901555,-36.81320572406685
261,261,1.778436289333916e-05,2.0733290224789496e-05,-37.49512874512178,-36.842203933647326
262,262,1.8320090630461975e-05,2.065037537441209e-05,-37.377660929876036,-36.859606698554394
263,263,1.7699481412416117e-05,2.0697447086460767e-05,-37.52602842011355,-36.84971839372412
264,264,1.8338249911093298e-05,2.078134797269932e-05,-37.365638504600454,-36.832149059049335
265,265,1.861928811513749e-05,2.0789765776977508e-05,-37.30381314511497,-36.83039023872052
266,266,1.8607066503483513e-05,2.0700653869042934e-05,-37.304616632808035,-36.84904556673412
267,267,1.955765976125588e-05,2.0704522093613998e-05,-37.092603254951165,-36.848234098818914
268,268,1.775268783697441e-05,2.0630227338283714e-05,-37.50614359686854,-36.863846065730044
269,269,1.870691837971255e-05,2.0648749245753462e-05,-37.28149269990803,-36.859948700332964
270,270,1.8298869981288253e-05,2.065356324907809e-05,-37.37066296466877,-36.85893631387665
271,271,1.7993812603496745e-05,2.0667332855258503e-05,-37.44356077154413,-36.85604186348119
272,272,1.7945495697465058e-05,2.071475965318601e-05,-37.46498025850275,-36.846087216722786
273,273,1.8119963709809264e-05,2.0664853285492618e-05,-37.42020624836856,-36.85656294091196
274,274,1.800226527848281e-05,2.071714181128252e-05,-37.44662450821172,-36.845587815014966
275,275,1.9132875844586604e-05,2.055149946643628e-05,-37.1776945452939,-36.880451062470414
276,276,1.8642899722743603e-05,2.0639811976396134e-05,-37.3086197873698,-36.861828836966886
277,277,1.7975513251305117e-05,2.0595893626082934e-05,-37.456067428817875,-36.87107980242443
278,278,1.883027468381639e-05,2.0651371366846816e-05,-37.237599607136495,-36.85939723815495
279,279,1.8473309171089023e-05,2.0612431686267403e-05,-37.3353616588316,-36.867593910381665
280,280,1.79697252457755e-05,2.0718166045921144e-05,-37.45725646333858,-36.845373109501814
281,281,1.8876898345119227e-05,2.064569535401748e-05,-37.236631473787654,-36.86059105711705
282,282,1.7884014643228867e-05,2.058588607293419e-05,-37.47802115415304,-36.873190553939864
283,283,1.8906900943865995e-05,2.0524337694376682e-05,-37.22893797524935,-36.88619468707257
284,284,1.790054159652389e-05,2.0669518131686154e-05,-37.47242811926144,-36.85558268312653
285,285,1.8104039113917605e-05,2.0581789277984124e-05,-37.42293457823862,-36.87405492892874
286,286,1.7825461740001855e-05,2.0519249550201685e-05,-37.48983579915116,-36.88727147060832
287,287,1.8852074549847867e-05,2.0556056369969156e-05,-37.24481690824292,-36.879488203926904
288,288,1.8259585276516107e-05,2.0726474615098834e-05,-37.384961909895964,-36.8436318152176
289,289,1.7886648614895074e-05,2.0530688360802168e-05,-37.47260165119538,-36.884851095472705
290,290,1.8228458186021054e-05,2.0688392588023196e-05,-37.3903451860766,-36.851618714607554
291,291,1.8540987700371542e-05,2.0589807861956377e-05,-37.3215621871775,-36.87236326425806
292,292,1.8020757818600576e-05,2.054980187064135e-05,-37.446076889977526,-36.880809813392005
293,293,1.814896223578151e-05,2.0481254595276704e-05,-37.41492566810025,-36.895320641871685
294,294,1.846947112220001e-05,2.063648896996471e-05,-37.33654712667181,-36.86252810668172
295,295,1.824771037924442e-05,2.062239678037402e-05,-37.38437475121656,-36.86549481812042
296,296,1.8112216596434627e-05,2.067160384237803e-05,-37.42647752014124,-36.85514446926012
297,297,1.7775474889182904e-05,2.0684197759117906e-05,-37.49861657837054,-36.85249938997114
298,298,1.8505936946594467e-05,2.0528013393279826e-05,-37.32921725919985,-36.88541697972439
299,299,1.8232312137003e-05,2.056081853209578e-05,-37.38577101746336,-36.87848220298559
300,300,1.8165462063631456e-05,2.0499452914105188e-05,-37.400702251693914,-36.89146349520586
301,301,1.8304469121335622e-05,2.050454723327053e-05,-37.37391696941155,-36.890384364045005
302,302,1.7509743734127867e-05,2.0598026917708156e-05,-37.56428559536188,-36.87062999003963
303,303,1.8629341519551145e-05,2.0570276750444655e-05,-37.302547112322564,-36.87648485665589
304,304,1.839896102649515e-05,2.042306967173078e-05,-37.350613523214435,-36.907676014425654
305,305,1.9077533026350082e-05,2.0551189807424396e-05,-37.19817713900199,-36.88051650013521
306,306,1.8604495765139665e-05,2.0497860293146102e-05,-37.30253160304536,-36.891800915607604
307,307,1.8038090256033176e-05,2.0560069395670372e-05,-37.433976631018226,-36.878640441696945
308,308,1.8581101217351555e-05,2.0552658832840326e-05,-37.31119461802909,-36.880206071962036
309,309,1.838508194044518e-05,2.053098212759084e-05,-37.36004722115031,-36.884788954164875
310,310,1.8232935469041905e-05,2.0519267165678013e-05,-37.38523178764758,-36.88726774225516
311,311,1.8064502029053835e-05,2.0546689148958602e-05,-37.42989794221006,-36.88146769819899
312,312,1.8223066091973733e-05,2.0508012647424995e-05,-37.388385779276064,-36.889650437534314
313,313,1.840427188485076e-05,2.0479787532454602e-05,-37.34294449993278,-36.8956317361483
314,314,1.802882874959398e-05,2.0441937474396055e-05,-37.43721520527913,-36.903665647739004
315,315,1.8436186091440906e-05,2.0583969576124983e-05,-37.34076862620911,-36.87359489054795
316,316,1.7683832552815073e-05,2.049833859162295e-05,-37.52163421320378,-36.89169957821787
317,317,1.794627630645373e-05,2.062370774518441e-05,-37.448285430547195,-36.8652187460938
318,318,1.796320061517109e-05,2.0520561137297927e-05,-37.459118091520516,-36.88699387915305
319,319,1.8607427985434415e-05,2.057722725256003e-05,-37.304228266329204,-36.87501766450559
320,320,1.8016137369862188e-05,2.0389252696125032e-05,-37.44775055672783,-36.91487311981406
321,321,1.913400140522557e-05,2.040472085546322e-05,-37.185994117979476,-36.9115796252202
322,322,1.799460675176737e-05,2.0454376250487066e-05,-37.44659529105013,-36.90102379985957
323,323,1.7656464075754257e-05,2.0483721192776055e-05,-37.534189934543555,-36.894797644035734
324,324,1.8569956138008755e-05,2.0393179176225156e-05,-37.316712345094615,-36.91403685352598
325,325,1.7993367194874962e-05,2.047310906499134e-05,-37.454934569170945,-36.89704820327691
326,326,1.7900122206951564e-05,2.0408459644577786e-05,-37.46278712490434,-36.91078393350193
327,327,1.8490714799404533e-05,2.0462913437911896e-05,-37.33672624539079,-36.899211532492096
328,328,1.8901733804425732e-05,2.0400091862508195e-05,-37.23325500560369,-36.91256497276714
329,329,1.8574313620887288e-05,2.0351122178621345e-05,-37.31581918501327,-36.9230025875621
330,330,1.8385598880356447e-05,2.0386807017003822e-05,-37.35094683272542,-36.91539408478989
331,331,1.829780889163454e-05,2.0416347357049265e-05,-37.373877488898195,-36.90910574306067
332,332,1.805289399815536e-05,2.0460238566125843e-05,-37.44041207514524,-36.8997792708022
333,333,1.7879736192627045e-05,2.0394169998900524e-05,-37.47708922351448,-36.91382585240468
334,334,1.845097950095318e-05,2.0459078338095232e-05,-37.342305269341225,-36.90002555088198
335,335,1.8610266949705413e-05,2.0470991761325613e-05,-37.311002342933264,-36.897497368495245
336,336,1.7949058094449563e-05,2.0445152538166822e-05,-37.46539129411305,-36.90298265246736
337,337,1.857854684991234e-05,2.0494209772885752e-05,-37.30785123239614,-36.892574431464105
338,338,1.8231532156222004e-05,2.0380217009867346e-05,-37.38618618134831,-36.91679816263384
339,339,1.8361386312405848e-05,2.0557466373965756e-05,-37.35877305557438,-36.879190318017564
340,340,1.827193477062614e-05,2.041165680566337e-05,-37.37748469283558,-36.91010362705462
341,341,1.8807249625283055e-05,2.0319283880541517e-05,-37.258346053642974,-36.92980222461207
342,342,1.897017904711808e-05,2.041809396982181e-05,-37.21581844737522,-36.9087342212448
343,343,1.8365287350835134e-05,2.04298944242366e-05,-37.3701602393118,-36.906224980236686
344,344,1.8140848802319205e-05,2.051114863302485e-05,-37.41456926793309,-36.8889863862951
345,345,1.8081736100415134e-05,2.029477630123055e-05,-37.41904962567217,-36.93504351676743
346,346,1.8403844881776394e-05,2.041846805935309e-05,-37.35652503722471,-36.90865465283301
347,347,1.8646564751985896e-05,2.0291500349182906e-05,-37.29998592491456,-36.935744604927166
348,348,1.882991076404464e-05,2.0363032777631335e-05,-37.25376194317613,-36.92046160024242
349,349,1.8506854232946727e-05,2.0283836707485054e-05,-37.32725447567522,-36.93738514698136
350,350,1.7955521882671298e-05,2.0340407373671615e-05,-37.457923573154275,-36.925289737159616
351,351,1.870399299469241e-05,2.0289418659414975e-05,-37.28197578645164,-36.93619016722695
352,352,1.8492046843469504e-05,2.037091771375057e-05,-37.32986307204256,-36.91878025863514
353,353,1.7814270726488495e-05,2.032678405253376e-05,-37.49098950536975,-36.928199470145444
354,354,1.8335354895695212e-05,2.0330275124012443e-05,-37.37329474646391,-36.927453644887265
355,355,1.7871559338317703e-05,2.0347442889607536e-05,-37.47915538178643,-36.92378782159564
356,356,1.7736029466383097e-05,2.035745369778995e-05,-37.51086422435605,-36.92165164673454
357,357,1.8188121852215343e-05,2.0347605258345874e-05,-37.398439772645986,-36.923753165857256
358,358,1.8632410839140012e-05,2.0253831567778864e-05,-37.29680207973909,-36.943814263177394
359,359,1.8110844881523438e-05,2.0300545848409745e-05,-37.419185490512056,-36.93380904816997
360,360,1.7812153329060428e-05,2.0186385546893642e-05,-37.4939642636207,-36.95830056614269
361,361,1.843180810273853e-05,2.0327314527285605e-05,-37.33387538575952,-36.92808613236865
362,362,1.811718332824854e-05,2.0310481024927485e-05,-37.422454987636826,-36.93168411178856
363,363,1.813996460469687e-05,2.0295316206006408e-05,-37.4127322573629,-36.93492798233504
364,364,1.840018677219482e-05,2.015639888429034e-05,-37.351704766042644,-36.96475676131182
365,365,1.898851529479065e-05,2.028650526067634e-05,-37.21300334403018,-36.93681382425097
366,366,1.8546834007324412e-05,2.0176702970562282e-05,-37.32267589056233,-36.96038419735449
367,367,1.7766781610655165e-05,2.0253479258252283e-05,-37.498813298974525,-36.943889808100124
368,368,1.841348882604957e-05,2.0174223448664537e-05,-37.34238065471815,-36.960917936118314
369,369,1.7996471328420813e-05,2.023519606920768e-05,-37.44357544773041,-36.94781203503847
370,370,1.7814279315118875e-05,2.0193792423876738e-05,-37.49059396999553,-36.95670732609293
371,371,1.8845637418259505e-05,2.0084442918519735e-05,-37.249286705324465,-36.98028830129993
372,372,1.815682188271708e-05,1.993975269885452e-05,-37.40770722065313,-37.01168852646723
373,373,1.7814349665002867e-05,1.999466085659438e-05,-37.49468438317321,-36.99974578194087
374,374,1.80383111507309e-05,2.0015784253988195e-05,-37.43413032616938,-36.99516009150221
375,375,1.8540093657703465e-05,1.9924917164883626e-05,-37.31956571766091,-37.01492095802084
376,376,1.7850274790109006e-05,1.9897004293804793e-05,-37.4841250971756,-37.02100926688435
377,377,1.7766027339507908e-05,1.983558142551613e-05,-37.49577016401026,-37.03443685209058
378,378,1.7917658558722042e-05,1.9775900287449506e-05,-37.46511845595887,-37.04752356706698
379,379,1.7336481739886912e-05,1.970005048765176e-05,-37.609032001287225,-37.06421281173206
380,380,1.729955079802672e-05,1.9743215967824462e-05,-37.61055469089581,-37.05470724131854
381,381,1.76366967803615e-05,1.9647141159925684e-05,-37.53984001029636,-37.07589254894325
382,382,1.7771713237848837e-05,1.9627261759811326e-05,-37.506161981516854,-37.08028905856209
383,383,1.74008770683059e-05,1.9542792008570886e-05,-37.59162743373268,-37.09902010444489
384,384,1.7342968537386978e-05,1.9493169403224448e-05,-37.60917253678456,-37.11006163359319
385,385,1.7294919660381527e-05,1.9483573085285332e-05,-37.61377221521243,-37.112200154026496
386,386,1.742283039515989e-05,1.937249664096223e-05,-37.583861941335655,-37.13703026092318
387,387,1.7496109011489417e-05,1.9308778495255147e-05,-37.572272985788196,-37.15133819881287
388,388,1.8045556260535095e-05,1.9276637670516623e-05,-37.43943368920921,-37.15857336040668
389,389,1.7603111410073662e-05,1.9262256118006343e-05,-37.54825069515457,-37.16181467253183
390,390,1.692211673198659e-05,1.910826310784997e-05,-37.70377396561064,-37.19667407760553
391,391,1.742272334669587e-05,1.900417995976137e-05,-37.58678384335326,-37.220394860432066
392,392,1.7082325761406274e-05,1.8911337113087556e-05,-37.673385954632,-37.24166383930749
393,393,1.6327161537231303e-05,1.8828748723439947e-05,-37.87284984732025,-37.260671606965396
394,394,1.6857301601440977e-05,1.876759597507771e-05,-37.73549920991156,-37.27479974883755
395,395,1.6827012043051452e-05,1.902014623498728e-05,-37.74372938093811,-37.216747686988846
396,396,1.714390959792e-05,1.8719179407573966e-05,-37.660172150287934,-37.28601813696346
397,397,1.634596360558716e-05,1.8663481329751546e-05,-37.870614577327714,-37.29895963725981
398,398,1.64665845434299e-05,1.8508234652950994e-05,-37.83014833458235,-37.33523623375628
399,399,1.7065047903032012e-05,1.8598664945258e-05,-37.67847686033435,-37.314068496693636
400,400,1.6134858502557538e-05,1.850809334619522e-05,-37.92430284444585,-37.3352693914181
401,401,1.6396809460087582e-05,1.8465079512297005e-05,-37.85946272202603,-37.345374382518976
402,402,1.6353167488090285e-05,1.8412918650842346e-05,-37.86153601259067,-37.357659859245416
403,403,1.5871293782634593e-05,1.8475834574354322e-05,-37.99096342978602,-37.34284555270982
404,404,1.5900816290069867e-05,1.843976846621923e-05,-37.9889380779916,-37.35133156699118
405,405,1.649156770655122e-05,1.844402686401736e-05,-37.834689164534296,-37.350328742494874
406,406,1.6483322255713648e-05,1.8428918864581073e-05,-37.833231933489046,-37.35388762341708
407,407,1.6324655626169598e-05,1.8406242193841056e-05,-37.87389193651083,-37.35923488072857
408,408,1.5958226549159497e-05,1.841284780599189e-05,-37.97317416510718,-37.357676569028044
409,409,1.606263211534056e-05,1.840191352561018e-05,-37.94239867538201,-37.36025634822597
410,410,1.6346436917881444e-05,1.8402665964937403e-05,-37.85952813765931,-37.36007877236321
411,411,1.6453547630721305e-05,1.8386247766580998e-05,-37.83734087916179,-37.36395512134942
412,412,1.6444226547691025e-05,1.832006010341789e-05,-37.83932534860874,-37.379617262111495
413,413,1.635258201728443e-05,1.8451878962591045e-05,-37.862314390253594,-37.34848023217537
414,414,1.6354425019223347e-05,1.8334097771194618e-05,-37.868722750871584,-37.3762907734915
415,415,1.62700187539701e-05,1.826861769490949e-05,-37.88188190445662,-37.39182932891262
416,416,1.5857551945898485e-05,1.8215717318526004e-05,-38.00531680287015,-37.404423423142674
417,417,1.5911771866346508e-05,1.832791579210224e-05,-37.99098057889853,-37.37775539541025
418,418,1.6421323070784468e-05,1.821050667977512e-05,-37.85104358892444,-37.405665908047084
419,419,1.5919385912207665e-05,1.8289128954500866e-05,-37.970054001751336,-37.38695598270911
420,420,1.600698613532886e-05,1.8338979124995315e-05,-37.962132659389674,-37.375134641957516
421,421,1.631769247847542e-05,1.8306827912869938e-05,-37.87352175269311,-37.38275521234408
422,422,1.606270179951194e-05,1.828550480958687e-05,-37.93840053408704,-37.38781665907463
423,423,1.5799629031836546e-05,1.828442791999183e-05,-38.013977327462094,-37.38807243597876
424,424,1.5838038221379075e-05,1.827231483874034e-05,-37.995769000674464,-37.39095050669398
425,425,1.6052930385337004e-05,1.8262781467408212e-05,-37.941339769538956,-37.3932169797985
426,426,1.6109153631949777e-05,1.824566855870408e-05,-37.930509820610574,-37.397288389216605
427,427,1.643941397991718e-05,1.815937321225647e-05,-37.843303149308596,-37.417877659904164
428,428,1.604857260241898e-05,1.837243373876462e-05,-37.94321991225578,-37.367219306075455
429,429,1.6225098904411873e-05,1.83277825750625e-05,-37.904352856816516,-37.37778696235772
430,430,1.5750565918218872e-05,1.8290231262079415e-05,-38.030526842588436,-37.38669423614163
431,431,1.591964403055452e-05,1.8234598284930382e-05,-37.9792645714449,-37.399924202699694
432,432,1.6255704441888512e-05,1.8430957855966163e-05,-37.88493745859733,-37.35340714285834
433,433,1.6310661212440948e-05,1.8256645058787207e-05,-37.87730634077195,-37.39467648159324
434,434,1.597970813892652e-05,1.8355215185070656e-05,-37.96134898727401,-37.37129140087194
435,435,1.569155830514591e-05,1.8268647660366505e-05,-38.04595947645411,-37.39182220531839
436,436,1.6598352051436657e-05,1.8215230355915418e-05,-37.80305115727095,-37.404539525076984
437,437,1.6072230903670605e-05,1.8169851548583737e-05,-37.94102076686259,-37.41537241306633
438,438,1.614398555380062e-05,1.818119170294315e-05,-37.921263798138526,-37.412662743036826
439,439,1.6125548577245765e-05,1.8215001689800136e-05,-37.93056418806886,-37.40459404486809
440,440,1.5852096684162443e-05,1.815637393807073e-05,-37.99593206138703,-37.41859501715756
441,441,1.5542473446067122e-05,1.8159836049323386e-05,-38.08017341172159,-37.41776697049859
442,442,1.598554931707937e-05,1.812434234843271e-05,-37.95781420406504,-37.4262636343541
443,443,1.616122580410015e-05,1.8179300289040456e-05,-37.905535014156285,-37.41311456894823
444,444,1.638878661042233e-05,1.8181209653496472e-05,-37.85030574369038,-37.41265845518676
445,445,1.6167175755944083e-05,1.8089458583409923e-05,-37.91172232028336,-37.4346305171189
446,446,1.5802440983177277e-05,1.809939256322411e-05,-38.011332026667205,-37.4322462067093
447,447,1.5961746528061206e-05,1.808589446514624e-05,-37.96882611040078,-37.43548628037721
448,448,1.6408114807398813e-05,1.8086821575324346e-05,-37.856077174116315,-37.43526366019347
449,449,1.6132799865988192e-05,1.8142525684532685e-05,-37.93012216581177,-37.42190873765591
450,450,1.5828285231504026e-05,1.8104369844781775e-05,-38.00575462846844,-37.43105207340093
451,451,1.5648315638827626e-05,1.8150491326339664e-05,-38.04660455634076,-37.42000234649747
452,452,1.5832349894593527e-05,1.812339508576674e-05,-38.00225938596534,-37.42649062283832
453,453,1.5507050043244406e-05,1.806150392344295e-05,-38.09166166484926,-37.441347105638314
454,454,1.6192350325507075e-05,1.8071271465726712e-05,-37.90704429579031,-37.4389991045378
455,455,1.5610730873415433e-05,1.8068527089398184e-05,-38.064504553124635,-37.43965869177718
456,456,1.6532996118464146e-05,1.814284912956952e-05,-37.82371036450132,-37.421831312304555
457,457,1.6319741823196835e-05,1.7998641229305096e-05,-37.869667514979845,-37.45648900189076
458,458,1.596570482715177e-05,1.7981131685174707e-05,-37.96200115767357,-37.46071598743335
459,459,1.6331005858820888e-05,1.799367586691484e-05,-37.87356882887768,-37.457687274007924
