,epoch,train_loss,test_loss,train_dbs,test_dbs
0,0,8.408317991836025e-05,7.029267783907831e-05,-30.761567338901727,-31.523130141827465
1,1,6.689601733088829e-05,5.6981077872670106e-05,-31.744671363145777,-32.434924422696
2,2,5.579639479581545e-05,4.937806424047602e-05,-32.53434912943088,-33.05689042147127
3,3,5.1139043450545156e-05,4.572107105846762e-05,-32.92400570438001,-33.39106706913763
4,4,4.57672424990679e-05,4.3856446465820465e-05,-33.38732043057907,-33.571896630999454
5,5,4.511514784961449e-05,4.3301540963033115e-05,-33.460631889250735,-33.62719750730167
6,6,4.481835741298897e-05,4.289632679980346e-05,-33.483252358980586,-33.66802997242386
7,7,4.4302481816800735e-05,4.242650385621298e-05,-33.53441387844075,-33.71585857177121
8,8,4.385830373197228e-05,4.225088253549888e-05,-33.573914604487044,-33.73387317592975
9,9,4.2771955703915645e-05,4.151094253757037e-05,-33.6743793637249,-33.81060508029455
10,10,4.249349631115281e-05,4.128383500899776e-05,-33.71232554527915,-33.83443068783993
11,11,4.294476914849641e-05,4.061247933637596e-05,-33.67487768088343,-33.90563599122831
12,12,4.200988377371836e-05,4.03582837048146e-05,-33.76127182177918,-33.93290413558959
13,13,4.343215260098415e-05,4.0203279288681715e-05,-33.61994958662338,-33.94961623579347
14,14,4.175305827826828e-05,3.9269423340508515e-05,-33.79598788022111,-34.05168578671571
15,15,4.141735594531223e-05,3.874232951554739e-05,-33.826973604264595,-34.11037371892284
16,16,3.9740223430796795e-05,3.831602646785445e-05,-34.00728500290235,-34.158426379188604
17,17,3.901140785883493e-05,3.75770819358111e-05,-34.08751978172185,-34.243000507546896
18,18,3.8071541115941634e-05,3.689505769886493e-05,-34.187368879360974,-34.322549086478
19,19,3.790732113987726e-05,3.588648599505081e-05,-34.213776594179784,-34.44292168210349
20,20,3.7044807765230816e-05,3.531669206399544e-05,-34.31066453345358,-34.51243083865056
21,21,3.707359055343406e-05,3.471459259392424e-05,-34.31917868798287,-34.5871102970968
22,22,3.4907293570775196e-05,3.407062218971796e-05,-34.569297228110294,-34.66843037882606
23,23,3.533734318985695e-05,3.389457532121971e-05,-34.515967181818176,-34.690929056778145
24,24,3.5182423444078354e-05,3.33584605533887e-05,-34.5329840676865,-34.760171021658046
25,25,3.455836739113252e-05,3.290360205267605e-05,-34.610553099958366,-34.819796584788456
26,26,3.4950236478891254e-05,3.273746006016154e-05,-34.564245083044256,-34.84178120914429
27,27,3.352180264647762e-05,3.254014776949158e-05,-34.746122593331144,-34.86803581707923
28,28,3.473254631542884e-05,3.19892472984257e-05,-34.5918348003687,-34.942190811782716
29,29,3.333345957048785e-05,3.1826002477349614e-05,-34.77373359916531,-34.964410102590506
30,30,3.3375732715454037e-05,3.149244874198063e-05,-34.76857213659082,-35.01016671346983
31,31,3.3318289873951125e-05,3.135960631832284e-05,-34.76618002469112,-35.02852500498798
32,32,3.239612189795433e-05,3.110198543397832e-05,-34.89953769449669,-35.06434988866013
33,33,3.22556092608456e-05,3.1010890157439895e-05,-34.911046742369685,-35.077088698099146
34,34,3.172392797816578e-05,3.059149161057767e-05,-34.98573502608662,-35.13622449240816
35,35,3.114331265510607e-05,3.0502721193969545e-05,-35.05776925187935,-35.148845173631656
36,36,3.223921992253757e-05,3.0350293615667494e-05,-34.91954929808511,-35.170602056114134
37,37,3.1307283410869693e-05,3.0035192666170923e-05,-35.04002384396126,-35.21592680354209
38,38,3.1177792443111344e-05,3.002885358383585e-05,-35.058353409239544,-35.21684350118753
39,39,3.129194867386142e-05,2.9893247828065222e-05,-35.05130953580038,-35.23649999873838
40,40,3.075798047144211e-05,2.962291211205363e-05,-35.11590604370818,-35.27595352439622
41,41,3.190361990304736e-05,2.967183957623906e-05,-34.9634510820475,-35.26878630236496
42,42,3.0460076963321363e-05,2.9400694505679176e-05,-35.16823588007564,-35.30865513032835
43,43,3.078863087419862e-05,2.9298487310083338e-05,-35.11491894853789,-35.32377904331774
44,44,3.0256277240528342e-05,2.9414628060246622e-05,-35.19159595851052,-35.3065974128115
45,45,3.0834922748083756e-05,2.9128884738096722e-05,-35.104162563693016,-35.34899245457815
46,46,2.9806381134381134e-05,2.916304459320504e-05,-35.255692914544746,-35.3439024057688
47,47,2.9990927810713494e-05,2.8874330765622864e-05,-35.23836268292713,-35.38711175344077
48,48,2.9209145892665903e-05,2.8797274449301002e-05,-35.33884617908251,-35.398717170964325
49,49,2.999131797456432e-05,2.8656596393710443e-05,-35.22776951967466,-35.419984954829346
50,50,2.9984468879380993e-05,2.8673314821054718e-05,-35.23061198581258,-35.41745199400882
51,51,2.9238971786905974e-05,2.8401442346205985e-05,-35.33919901905784,-35.45882706576384
52,52,3.010629284430833e-05,2.8464575447479117e-05,-35.212645584558565,-35.44918391864818
53,53,2.97213239147035e-05,2.839104251363192e-05,-35.274201376419335,-35.460417624782785
54,54,2.914928870840291e-05,2.816376534036336e-05,-35.348459966323965,-35.49532385374081
55,55,2.956178671120517e-05,2.809406501718944e-05,-35.28585880228236,-35.506085193464415
56,56,2.8967003242176305e-05,2.806148490650996e-05,-35.37121190988294,-35.511124540027566
57,57,2.913414807819171e-05,2.796042290834808e-05,-35.353816484520905,-35.52679366571616
58,58,2.8819667969616705e-05,2.77989347523544e-05,-35.40718199266709,-35.551949483168684
59,59,2.969847930179424e-05,2.7610950430818393e-05,-35.26786229393137,-35.5814174622062
60,60,2.9301770427054245e-05,2.751274386307494e-05,-35.32949560752814,-35.59689197498263
61,61,2.864296141890065e-05,2.748393882556181e-05,-35.432014946622125,-35.601441293005216
62,62,2.8277521290799566e-05,2.7319474707167645e-05,-35.48864299488251,-35.627507579356596
63,63,2.8579890286638738e-05,2.7320765998171593e-05,-35.43729911122754,-35.62730230919292
64,64,2.8174828012478682e-05,2.7237813571302565e-05,-35.49607062983477,-35.64050859472833
65,65,2.806328658837244e-05,2.7357670612553575e-05,-35.51741252140149,-35.62143986183339
66,66,2.888778034662444e-05,2.7201451973125683e-05,-35.388672112640485,-35.64631015859289
67,67,2.714138161574044e-05,2.7052999173879232e-05,-35.666968018436165,-35.67007683250593
68,68,2.8921558117234753e-05,2.6883002551346036e-05,-35.38146518992709,-35.697453292465426
69,69,2.8104465620588636e-05,2.7247295005700405e-05,-35.5133938885011,-35.638997086432354
70,70,2.7770106339396324e-05,2.6753603953310583e-05,-35.56765280392939,-35.71840808799824
71,71,2.707070962060243e-05,2.6713861906931636e-05,-35.66661897344958,-35.724864258808964
72,72,2.6754077385028478e-05,2.6598257662906116e-05,-35.72466432103933,-35.74369913701773
73,73,2.6993858949767338e-05,2.655042972994699e-05,-35.68104996680041,-35.751515477925025
74,74,2.756396358947932e-05,2.6365868554995886e-05,-35.60196409896607,-35.7818101990115
75,75,2.734781742922856e-05,2.6519727677958527e-05,-35.63404239973651,-35.756540423732794
76,76,2.6962810319598727e-05,2.6461939246234434e-05,-35.690432739020544,-35.76601434496826
77,77,2.8068588417414673e-05,2.6332088581464058e-05,-35.52665205383625,-35.787377951125706
78,78,2.73981987850947e-05,2.6327827933863246e-05,-35.61909965618649,-35.788080715531294
79,79,2.6504563008070224e-05,2.6147380451316405e-05,-35.76643164752825,-35.817949164747446
80,80,2.7087569964651173e-05,2.609843891389717e-05,-35.674688508576246,-35.82608571848992
81,81,2.7191623396986672e-05,2.6100109895005037e-05,-35.66008786696524,-35.82580766559714
82,82,2.7219417817607408e-05,2.5962076650007237e-05,-35.644260017363074,-35.84883674718821
83,83,2.5597479648662482e-05,2.5886393096267345e-05,-35.918654009227936,-35.861515606667005
84,84,2.6915889150389837e-05,2.5734877023129038e-05,-35.70344194907887,-35.887010052385826
85,85,2.652994293591113e-05,2.5778192905004527e-05,-35.764968235842446,-35.879706332014564
86,86,2.6118441251737842e-05,2.5691436971292685e-05,-35.82972363410869,-35.89434706638813
87,87,2.7221014871551252e-05,2.5727052496605258e-05,-35.65727609881684,-35.88833069805562
88,88,2.5971421470701187e-05,2.5598585987034695e-05,-35.85689376262082,-35.91007126061845
89,89,2.6396458536313282e-05,2.5650916493185305e-05,-35.78159643237706,-35.901202156781295
90,90,2.663300912581221e-05,2.5547530400983403e-05,-35.746086771688994,-35.918741778821285
91,91,2.552789317764409e-05,2.537751099321452e-05,-35.92263812097076,-35.947740779287464
92,92,2.59621547885808e-05,2.5246341369654002e-05,-35.85872991713255,-35.97024652254102
93,93,2.679168508470913e-05,2.5332259802349943e-05,-35.720514800519524,-35.95549169095601
94,94,2.5243247251900047e-05,2.5045698605122436e-05,-35.98128730915891,-36.0048995244196
95,95,2.5652152244313667e-05,2.4984092210376585e-05,-35.90707519535475,-36.01559528403613
96,96,2.636153999681239e-05,2.521444960285934e-05,-35.788087854572204,-35.975736099661894
97,97,2.6406925113856093e-05,2.5081002700301868e-05,-35.78859388204024,-35.998782075690336
98,98,2.5600052618550032e-05,2.4836269451617754e-05,-35.91578158875898,-36.0413673959537
99,99,2.4809796178891065e-05,2.481411167153917e-05,-36.04499256718292,-36.04524370144845
100,100,2.5623248502691323e-05,2.4715058124887658e-05,-35.90311306086045,-36.06261466334948
101,101,2.678969696679599e-05,2.483648055012485e-05,-35.71530545254622,-36.04133048279034
102,102,2.5276944330640225e-05,2.474526292261496e-05,-35.98224428946761,-36.05731029882743
103,103,2.5211446760276322e-05,2.4704350212950405e-05,-35.99198683388905,-36.06449667177339
104,104,2.486918155105722e-05,2.4567135225975346e-05,-36.037976309495654,-36.08868586160713
105,105,2.4957927287443417e-05,2.4620096825712705e-05,-36.02354003383033,-36.07933345918558
106,106,2.4590632784031523e-05,2.4401180110687977e-05,-36.08717815516877,-36.11812271940097
107,107,2.455961322018843e-05,2.443992793575346e-05,-36.09140567244375,-36.11123181507252
108,108,2.517145909110958e-05,2.415056367585509e-05,-35.982285529517256,-36.16295830837368
109,109,2.3792223352578842e-05,2.4329261194859436e-05,-36.23484640952568,-36.13094181569042
110,110,2.420884717964524e-05,2.415102215692107e-05,-36.155829292670155,-36.16287586147527
111,111,2.468062557829736e-05,2.4028821299955444e-05,-36.07252393161766,-36.18490634885753
112,112,2.4654106663050342e-05,2.4142083068574338e-05,-36.078856751585846,-36.16448362588323
113,113,2.515473400861308e-05,2.3858028821690058e-05,-36.00109488406822,-36.21588543609625
114,114,2.513039484275049e-05,2.3995460651349276e-05,-36.00793760683159,-36.190940108174345
115,115,2.5037852875479094e-05,2.3826590461938297e-05,-36.01412823254968,-36.22161202397455
116,116,2.5160818659435218e-05,2.3728302614089397e-05,-36.00449127335067,-36.23956430100834
117,117,2.4039897737369308e-05,2.3825060404641063e-05,-36.18776028014339,-36.22189092110795
118,118,2.3863418072764523e-05,2.3689708062815235e-05,-36.22276512646879,-36.24663393725497
119,119,2.3999269090091194e-05,2.36396264977214e-05,-36.201783848346935,-36.25582492026162
120,120,2.3859407951228425e-05,2.3520851276484073e-05,-36.22014537929252,-36.27770066650926
121,121,2.4944488518720146e-05,2.3528773166809085e-05,-36.039859352182084,-36.27623819647784
122,122,2.457578969923131e-05,2.3458229598442192e-05,-36.10222307896808,-36.289278698612975
123,123,2.4155096211542675e-05,2.3447898983201748e-05,-36.176309317905584,-36.29119168073356
124,124,2.4081508488905586e-05,2.3431031015781245e-05,-36.17842127249683,-36.29431703597864
125,125,2.3739020500365722e-05,2.331631635331034e-05,-36.24618965247838,-36.31563163358046
126,126,2.4747524201808756e-05,2.3291659090318717e-05,-36.07107206671696,-36.32022677600113
127,127,2.4298561556017524e-05,2.3250859636678606e-05,-36.147995996072225,-36.327840881384276
128,128,2.3393328061952022e-05,2.327102638925058e-05,-36.30539724266627,-36.32407563854625
129,129,2.3858254186877473e-05,2.3215411841336293e-05,-36.2257104430054,-36.33446710053617
130,130,2.3344646382911285e-05,2.305554651109943e-05,-36.30880309053162,-36.364476812674354
131,131,2.315183870056908e-05,2.3058487434019825e-05,-36.35267866672919,-36.363922869985544
132,132,2.342585801520774e-05,2.2942862223748018e-05,-36.30433791621965,-36.3857550540035
133,133,2.285523130678447e-05,2.2918900389126257e-05,-36.40864089156198,-36.390293254415596
134,134,2.3864634957923026e-05,2.295896592841018e-05,-36.2231064837585,-36.38270778959533
135,135,2.3242763417488512e-05,2.287550179110105e-05,-36.326109803032196,-36.39852473092355
136,136,2.3273096584742553e-05,2.2912154427582498e-05,-36.329520148793705,-36.391571747309314
137,137,2.309643839664167e-05,2.2937224601168726e-05,-36.371051533531514,-36.38682235293818
138,138,2.3014049165607333e-05,2.279381614674716e-05,-36.37310760811761,-36.41406061541967
139,139,2.3399263077455132e-05,2.264699823602936e-05,-36.305331069424625,-36.44212456242924
140,140,2.2927996864963622e-05,2.283489687359083e-05,-36.394760955008245,-36.406240479097434
141,141,2.333456871280394e-05,2.267650693523281e-05,-36.31858919469737,-36.436469453895796
142,142,2.2256026905901327e-05,2.265470567707732e-05,-36.52324176752538,-36.44064678174556
143,143,2.2644707511512795e-05,2.2760637971499053e-05,-36.44565105772061,-36.4203867151421
144,144,2.344156251338157e-05,2.2446751723978914e-05,-36.299759106868024,-36.48069599502521
145,145,2.299135436616555e-05,2.2622665136096704e-05,-36.386721565478844,-36.44679335440114
146,146,2.376046586036442e-05,2.2580956953645097e-05,-36.24220427066437,-36.4548075965312
147,147,2.298528903038553e-05,2.2543168884830695e-05,-36.38461636375772,-36.46208137892552
148,148,2.22613651897415e-05,2.2493357583267714e-05,-36.523223495862034,-36.47168815099376
149,149,2.2408625358666448e-05,2.2392923136450055e-05,-36.49401234654873,-36.49112313118761
150,150,2.294495744095424e-05,2.2610625053762067e-05,-36.39893521146417,-36.44910534250597
151,151,2.2849674631701063e-05,2.258277852792832e-05,-36.41328284220809,-36.45445727136364
152,152,2.2777865693175963e-05,2.2391614134233495e-05,-36.424693914757704,-36.49137701008164
153,153,2.2765078328936314e-05,2.2477475412367648e-05,-36.42634015196072,-36.47475571234846
154,154,2.254991431044866e-05,2.2380187721481842e-05,-36.47312456198425,-36.49359377505783
155,155,2.306093995581794e-05,2.2405263543508847e-05,-36.37556796018721,-36.48873045808058
156,156,2.2432882238699113e-05,2.2257936794439476e-05,-36.49017866404143,-36.51738197688764
157,157,2.299577940481033e-05,2.2308593543129973e-05,-36.38481759371758,-36.507509116812905
158,158,2.288248794412567e-05,2.2126163649342122e-05,-36.40830732252507,-36.5431698231454
159,159,2.3136661803084617e-05,2.217394285253249e-05,-36.36255586376162,-36.53380178591946
160,160,2.3093009770388197e-05,2.23582137550693e-05,-36.367164990773325,-36.49785998610291
161,161,2.2935293619064903e-05,2.2247226872040254e-05,-36.3999268807548,-36.51947218840748
162,162,2.3223673555005063e-05,2.218110938357361e-05,-36.34142007211618,-36.532398390023964
163,163,2.2462122887162942e-05,2.2325028782545002e-05,-36.48705089862841,-36.50431075031815
164,164,2.3292068925508557e-05,2.2259675173891562e-05,-36.333048875279495,-36.517042799393394
165,165,2.2862830088136613e-05,2.2290498140807214e-05,-36.419488234108066,-36.51103328446346
166,166,2.330112004800839e-05,2.198657679592112e-05,-36.31936899771193,-36.570654854413064
167,167,2.206581189291439e-05,2.20921848315476e-05,-36.56183966923437,-36.54984434468738
168,168,2.2723264506923216e-05,2.211386182400594e-05,-36.443496845390314,-36.54558510882454
169,169,2.2857403592686603e-05,2.2001608062725464e-05,-36.40349151532386,-36.567686786281044
170,170,2.243439553474429e-05,2.1973773025245847e-05,-36.48807120384199,-36.57318468282967
171,171,2.241655600244616e-05,2.209281774412375e-05,-36.484719473585365,-36.54971992670691
172,172,2.2866057350387864e-05,2.2048869524089815e-05,-36.405059578851166,-36.55836775008564
173,173,2.24912385129221e-05,2.2014540502966968e-05,-36.47875092168413,-36.56513477399507
174,174,2.2874690536631644e-05,2.1916661066107306e-05,-36.4097005588835,-36.584487110439376
175,175,2.3090695153253355e-05,2.1927586012201284e-05,-36.37026130251971,-36.582322792784005
176,176,2.2160810958573082e-05,2.2015478814290346e-05,-36.549777961737306,-36.56494967145075
177,177,2.322776590611368e-05,2.1984824151762662e-05,-36.34650800085336,-36.57100106293531
178,178,2.2012255659816575e-05,2.203374462719933e-05,-36.580114629327966,-36.56134790888208
179,179,2.1719789870497987e-05,2.1891307417382977e-05,-36.622700660487375,-36.5895140273897
180,180,2.2141755816284278e-05,2.1898638519096974e-05,-36.55425215900116,-36.58805987759238
181,181,2.270541720172707e-05,2.1890213917542594e-05,-36.43496227991717,-36.58973096866184
182,182,2.2270466503222142e-05,2.1882403559988905e-05,-36.51808505151851,-36.591280793835075
183,183,2.1767610079907698e-05,2.1750423050099543e-05,-36.62046844902516,-36.617553940191925
184,184,2.2034831859274002e-05,2.18023348057422e-05,-36.570339379510074,-36.60720097941151
185,185,2.268931770156565e-05,2.1798715399774282e-05,-36.43970567353664,-36.60792201160492
186,186,2.280206159018244e-05,2.185173300523801e-05,-36.42279145768255,-36.59737217046442
187,187,2.2143208963788094e-05,2.1770061338381646e-05,-36.534263532827744,-36.61363449814817
188,188,2.1909878913780612e-05,2.172604993240001e-05,-36.59039682501504,-36.62242329177747
189,189,2.3307079469848703e-05,2.166478081658409e-05,-36.32884551240902,-36.634688028882124
190,190,2.200945840103458e-05,2.176722390638468e-05,-36.575107840154764,-36.61420057894714
191,191,2.206511798596187e-05,2.174666051838645e-05,-36.56123328286404,-36.6183052764338
192,192,2.232783409107066e-05,2.185857039493337e-05,-36.5125279244746,-36.59601347907656
193,193,2.1746002979871827e-05,2.170724646451785e-05,-36.630770784789995,-36.626183652389955
194,194,2.2057320494081743e-05,2.171577120622571e-05,-36.556774134965735,-36.62447845154048
195,195,2.1817748244391568e-05,2.181008207308447e-05,-36.60660601844198,-36.60565802640282
196,196,2.2183895574945035e-05,2.1634751407729807e-05,-36.54182087549785,-36.64071193167331
197,197,2.1726868674039034e-05,2.1653659419634525e-05,-36.625054921433865,-36.63691800826551
198,198,2.2168214367336557e-05,2.17633649682332e-05,-36.54575197446009,-36.61497057337768
199,199,2.1969383373495296e-05,2.154880521151139e-05,-36.579328616156154,-36.65799907102197
200,200,2.233874979960017e-05,2.1661522432144632e-05,-36.50682348876769,-36.6353412571885
201,201,2.2501592960082037e-05,2.1613196287561503e-05,-36.475045568438574,-36.64504104832271
202,202,2.197043656835995e-05,2.159906139958797e-05,-36.58079143013633,-36.647882234780774
203,203,2.2349095320585303e-05,2.147896769824193e-05,-36.49842603872369,-36.672096976270346
204,204,2.1740422029718493e-05,2.164102481497378e-05,-36.623314210671055,-36.63945279485097
205,205,2.25078587034884e-05,2.1644197515438702e-05,-36.476243497590026,-36.63881614047659
206,206,2.1050825397623222e-05,2.1509607138700392e-05,-36.76332480791383,-36.66590624200042
207,207,2.199398098587294e-05,2.1534783292353448e-05,-36.584449218167805,-36.66082596754683
208,208,2.1277057160275326e-05,2.1395502220624813e-05,-36.71639646555535,-36.689006172917615
209,209,2.195099516273368e-05,2.1466277853745086e-05,-36.58115293959649,-36.674663560547955
210,210,2.1870907393977833e-05,2.1363914320796828e-05,-36.60004169745622,-36.69542274928621
211,211,2.169889557052622e-05,2.154040282077499e-05,-36.625410046733705,-36.65969281854925
212,212,2.154559886023599e-05,2.1471761053697647e-05,-36.6613452853115,-36.67355436992998
213,213,2.1805987577779177e-05,2.1493076545946104e-05,-36.616178840318184,-36.66924517108775
214,214,2.241514674509388e-05,2.1601385302155424e-05,-36.49749587615922,-36.64741499050922
215,215,2.1334530849588228e-05,2.1456343969667185e-05,-36.713843694587176,-36.67667379707716
216,216,2.1714576825015872e-05,2.1483037926373072e-05,-36.63414564290322,-36.67127407352312
217,217,2.175115916787073e-05,2.1452039379111836e-05,-36.61632771199907,-36.67754516988844
218,218,2.1290746143180157e-05,2.1343077701442925e-05,-36.71273364171605,-36.69966057035319
219,219,2.115455146812349e-05,2.1330139229815503e-05,-36.73850343504119,-36.7022941224537
220,220,2.1828021830909156e-05,2.1294879364799463e-05,-36.60784704092192,-36.7094791836252
221,221,2.1772723005962745e-05,2.1303101675584912e-05,-36.62628482076173,-36.707802623300154
222,222,2.0902744095626085e-05,2.1278430435095768e-05,-36.79304997113912,-36.712835126488265
223,223,2.1723328264323352e-05,2.1393210485448915e-05,-36.63477247013845,-36.68947138342706
224,224,2.1845379659183535e-05,2.131107440187694e-05,-36.60236630015764,-36.706177572017474
225,225,2.1484928231412716e-05,2.1347328583942726e-05,-36.6763279560824,-36.69879567588175
226,226,2.079103927188925e-05,2.1269129942275438e-05,-36.81999104186065,-36.71473377954351
227,227,2.1529149382762833e-05,2.116692389551501e-05,-36.667185085315836,-36.73565354183901
228,228,2.0917840957576792e-05,2.1150576829217915e-05,-36.79144337166686,-36.73900886335832
229,229,2.138246463332085e-05,2.1139904291837746e-05,-36.69928294803006,-36.74120085742774
230,230,2.092649103041808e-05,2.1183980367679494e-05,-36.7895552731562,-36.732155372309386
231,231,2.0945700374251884e-05,2.1196786723234445e-05,-36.79320984482982,-36.72953072433727
232,232,2.1588235024855467e-05,2.1029662572178304e-05,-36.654263356417054,-36.76390798161889
233,233,2.1610030568443052e-05,2.1208457072038744e-05,-36.65643468650206,-36.727140280249735
234,234,2.2068855699770437e-05,2.1058371203253046e-05,-36.560572784847785,-36.75798325628772
235,235,2.133642032951928e-05,2.1112803982472733e-05,-36.705596888564955,-36.74677186904318
236,236,2.124523356561093e-05,2.1036620876800855e-05,-36.732531780378004,-36.76247122368319
237,237,2.1642172176837346e-05,2.109514437171655e-05,-36.656634211867186,-36.75040600538506
238,238,2.1131518571058495e-05,2.0905562881747947e-05,-36.75065825390068,-36.78961237095234
239,239,2.1424653345299523e-05,2.097003801425576e-05,-36.685724318170806,-36.77623884756604
240,240,2.1619238414694844e-05,2.0970578541317464e-05,-36.65268945331614,-36.77612690456686
241,241,2.14429958469202e-05,2.1130550904720286e-05,-36.686088399954414,-36.74312282607446
242,242,2.139387247224636e-05,2.0858523911508536e-05,-36.69173735381794,-36.79939530907756
243,243,2.0904288933322568e-05,2.101509658371613e-05,-36.79009386787699,-36.76691712177937
244,244,2.1060452108378233e-05,2.1020557668586997e-05,-36.76792585897982,-36.765788689699434
245,245,2.130713700981434e-05,2.0951485519043145e-05,-36.712374857722885,-36.780082814169965
246,246,2.1055989105361825e-05,2.10006229807684e-05,-36.755667328513475,-36.76990924292224
247,247,2.1641591178495126e-05,2.0847811882911054e-05,-36.64704762862313,-36.801626229115755
248,248,2.105012555551456e-05,2.0908766409296443e-05,-36.76450552517041,-36.78894691757152
249,249,2.1246720401923648e-05,2.067015645336237e-05,-36.7228383230836,-36.83879338672368
250,250,2.1596183567865964e-05,2.0866464757617858e-05,-36.660896284890256,-36.79774226336153
251,251,2.1280047766379437e-05,2.0794040306339556e-05,-36.7228965674248,-36.81284221050954
252,252,2.103205261124627e-05,2.07947306128182e-05,-36.772170427095766,-36.81269803875937
253,253,2.1408154211290895e-05,2.0722845874843188e-05,-36.68619734276653,-36.8277370554234
254,254,2.0968415210705814e-05,2.0738487747669416e-05,-36.785788987220805,-36.8244601809074
255,255,2.068650221340202e-05,2.0890683787767654e-05,-36.834776391396986,-36.792704470937025
256,256,2.1023102883341334e-05,2.0698639529751073e-05,-36.77514782052959,-36.83281301211332
257,257,2.0945908076588313e-05,2.0686943044941137e-05,-36.78209126033165,-36.83526783750412
258,258,2.1362185526816847e-05,2.0716456674563233e-05,-36.69523587432597,-36.82907626447212
259,259,2.041423532628147e-05,2.071968983249175e-05,-36.897579037896044,-36.82839852642518
260,260,2.0513812638249144e-05,2.0679459195985384e-05,-36.873646120865466,-36.83683925496577
261,261,2.0660969424817577e-05,2.0634815212504594e-05,-36.84396240898642,-36.846225184405455
262,262,2.042312521506077e-05,2.0566459888390166e-05,-36.894888086936994,-36.86063559633369
263,263,2.0672339233737822e-05,2.0523302258592785e-05,-36.84359206794825,-36.86975861208557
264,264,2.0682663226889606e-05,2.0562321304551962e-05,-36.84070404979674,-36.861509614030176
265,265,2.0335656690522884e-05,2.0456509925057425e-05,-36.915505406639454,-36.883915615755704
266,266,2.0755782465992936e-05,2.0352666692097526e-05,-36.830618258099854,-36.90601782125661
267,267,2.0471105523666693e-05,2.0430735371758745e-05,-36.88471787146857,-36.88939103855448
268,268,2.0627892780859987e-05,2.020380184388303e-05,-36.85335583665146,-36.93790002146456
269,269,2.0483466597425767e-05,2.0246159597024272e-05,-36.88236372376871,-36.928804465116045
270,270,2.0940744471988284e-05,2.02411255917181e-05,-36.792257459231486,-36.92988442922202
271,271,2.0512171919183377e-05,2.020570350156815e-05,-36.88260867393753,-36.937491266428985
272,272,2.1090242260414145e-05,2.0042597976785864e-05,-36.759054935173026,-36.97269087215276
273,273,1.9628837032270013e-05,2.0011325192937972e-05,-37.075051343308175,-36.97947253004985
274,274,2.0163271946114844e-05,1.990172557653798e-05,-36.960261359115506,-37.00332369017902
275,275,2.046133940706399e-05,1.985885319299996e-05,-36.89536475460015,-37.012689372162896
276,276,1.9371518871978588e-05,1.9679776606177545e-05,-37.12256446755055,-37.05202938251824
277,277,2.000818355939082e-05,1.967058951298608e-05,-36.98882974879713,-37.05405726908895
278,278,1.9681485449011945e-05,1.9670091444966504e-05,-37.064205919690245,-37.05416723576327
279,279,2.0292379191495147e-05,1.9546024161268417e-05,-36.93072123887676,-37.08164671231427
280,280,2.0024129776878178e-05,1.939366221018932e-05,-36.99140823202291,-37.11563275506737
281,281,1.932406847999184e-05,1.9322907016765767e-05,-37.13439064660545,-37.131506384829905
282,282,1.8770073935585744e-05,1.9349797711536093e-05,-37.25648661164941,-37.12546673370257
283,283,1.9033876736843405e-05,1.9246482512052782e-05,-37.2034569399573,-37.148717330879705
284,284,1.8885048027102328e-05,1.9202983917478522e-05,-37.240649657744676,-37.15854384313484
285,285,1.918995104395285e-05,1.910942683025496e-05,-37.168563847340934,-37.179754415215655
286,286,1.8617991063177954e-05,1.9056540431368997e-05,-37.300233113715635,-37.19179041878257
287,287,1.89956344255143e-05,1.905065231480158e-05,-37.21431923352928,-37.193132515310865
288,288,1.8778457582736817e-05,1.8995151310120588e-05,-37.25560656993074,-37.205803451327334
289,289,1.9264666127465837e-05,1.8998150488570038e-05,-37.150324131972454,-37.20511779012292
290,290,1.919336809993352e-05,1.8930343398288212e-05,-37.16160951705764,-37.220646103271505
291,291,1.909688603284183e-05,1.8935948757739663e-05,-37.19150415381022,-37.219360328215096
292,292,1.9071561781078644e-05,1.8803057747917545e-05,-37.19125180220999,-37.249946226546925
293,293,1.865954645742847e-05,1.886608664024511e-05,-37.286977938332505,-37.23541277954235
294,294,1.8760270285918186e-05,1.8768713361121053e-05,-37.25857805645971,-37.257886007602856
295,295,1.8800745275472866e-05,1.870571022185399e-05,-37.26331373550144,-37.27248900286736
296,296,1.872799163448718e-05,1.861039455482234e-05,-37.281202630310595,-37.29467521898177
297,297,1.8523239558226594e-05,1.8679484894260224e-05,-37.32157165271997,-37.278582065585326
298,298,1.8852725354252508e-05,1.8604056812795245e-05,-37.25042637545875,-37.29615445423343
299,299,1.8667926213442415e-05,1.8520089724916033e-05,-37.29076912058308,-37.31580016114518
300,300,1.8341173514628964e-05,1.8463487992305188e-05,-37.3600590623485,-37.329093542072066
301,301,1.846767526396584e-05,1.8458445466469703e-05,-37.33605693492518,-37.33027979693668
302,302,1.82546948203661e-05,1.8456307483766548e-05,-37.38586362385509,-37.33078285547952
303,303,1.8202525276025234e-05,1.8369457919968562e-05,-37.3998570066851,-37.351267619790434
304,304,1.8326538722867928e-05,1.8288821976104947e-05,-37.366992855804845,-37.37037370007778
305,305,1.845263116208407e-05,1.8263605852553155e-05,-37.33884398303274,-37.376365764463834
306,306,1.826402263553242e-05,1.819465490514535e-05,-37.381402840349566,-37.39279279694476
307,307,1.8086111266871065e-05,1.823720087582172e-05,-37.43114715651119,-37.38264920788194
308,308,1.8035916591824643e-05,1.8058918612950947e-05,-37.43503008691203,-37.42531361761426
309,309,1.787454814418488e-05,1.8062337499271197e-05,-37.47455470954814,-37.424491495890166
310,310,1.8356756309284973e-05,1.802113930400657e-05,-37.35764602444035,-37.43440858716161
311,311,1.8404721981589563e-05,1.8026988599510668e-05,-37.35687156630066,-37.43299918427137
312,312,1.8419089278769705e-05,1.7931892455779137e-05,-37.35113546131493,-37.45596976930739
313,313,1.7927658734255057e-05,1.786860593711026e-05,-37.46945109301248,-37.471324312233016
314,314,1.8049572523504486e-05,1.7794118656112052e-05,-37.44199053111533,-37.48946620269149
315,315,1.7983301920149015e-05,1.7685821292520575e-05,-37.46137679971517,-37.51597870161227
316,316,1.7423405148930242e-05,1.768562330988444e-05,-37.59156966811271,-37.51602731866331
317,317,1.753585686471815e-05,1.7790326350414514e-05,-37.556519834192194,-37.49039187538025
318,318,1.781037229465227e-05,1.756475783048173e-05,-37.48824433213373,-37.545809360595506
319,319,1.7958105522713184e-05,1.7524518960654906e-05,-37.45803644406053,-37.555769968725585
320,320,1.7809590719911492e-05,1.7454543443531484e-05,-37.49479197570259,-37.57314608998583
321,321,1.7557895027737723e-05,1.743509820746687e-05,-37.551026461272826,-37.57798704517881
322,322,1.7102539328034347e-05,1.7451999586850625e-05,-37.66248810384862,-37.57377908473427
323,323,1.7022697366630063e-05,1.7348158125011986e-05,-37.69122764318338,-37.59969730504336
324,324,1.7156326816568497e-05,1.7279458198141872e-05,-37.65839471089952,-37.61692981565825
325,325,1.7407015594968826e-05,1.720183938328103e-05,-37.60092745795038,-37.63648214244863
326,326,1.7753876762203008e-05,1.72176175367081e-05,-37.51230400106844,-37.63250046112001
327,327,1.7120088262710907e-05,1.7174993062278526e-05,-37.66666520171642,-37.64326532205627
328,328,1.709399364080662e-05,1.719740952179755e-05,-37.67280392477005,-37.63760069269013
329,329,1.6891641711687773e-05,1.708849269657788e-05,-37.7198944995575,-37.665193453700816
330,330,1.6984933646415004e-05,1.6914740722552923e-05,-37.70267780600206,-37.7095775741089
331,331,1.6455913667123615e-05,1.695018847002709e-05,-37.827377070076835,-37.70048570998075
332,332,1.6540570512231554e-05,1.693035684231865e-05,-37.815058728097064,-37.705569906462934
333,333,1.6408091648100736e-05,1.6989194878796727e-05,-37.84817277845919,-37.69050304449027
334,334,1.6741283653788843e-05,1.6932748478307314e-05,-37.75917843139854,-37.70495645161023
335,335,1.6662050791300196e-05,1.686794295988205e-05,-37.791849573682505,-37.72160978758527
336,336,1.6852648439022025e-05,1.666447233698196e-05,-37.72655647742006,-37.77431535771434
337,337,1.6410414178777108e-05,1.6689446199866086e-05,-37.8565347508445,-37.76781176632535
338,338,1.6268901885100087e-05,1.6588225375208392e-05,-37.88051154303907,-37.79423175251647
339,339,1.6087529232762107e-05,1.7053543783013563e-05,-37.934286148159096,-37.67408461965098
340,340,1.6209879091904215e-05,1.658885196918977e-05,-37.90672781716791,-37.79406770774199
341,341,1.6629520434866416e-05,1.6735859389882535e-05,-37.789825651665595,-37.75575084128008
342,342,1.5968427385477178e-05,1.6516782795262868e-05,-37.969387277533954,-37.81297644893844
343,343,1.615349563358042e-05,1.6392026114580833e-05,-37.916218559435386,-37.845904652269596
344,344,1.668848884590486e-05,1.661059056794712e-05,-37.784739548128215,-37.78838029005519
345,345,1.6091102206138605e-05,1.6351653692637275e-05,-37.93045243421156,-37.85661421763274
346,346,1.6231745126019304e-05,1.658896541668678e-05,-37.89224182705124,-37.794038007402534
347,347,1.624015202623079e-05,1.6512924670869804e-05,-37.90381407510586,-37.81399102779521
348,348,1.6452556403387415e-05,1.6480919743786982e-05,-37.8414944058936,-37.82241657979255
349,349,1.6305524658276125e-05,1.635967557951134e-05,-37.8743966756059,-37.85448415361442
350,350,1.5813532224184228e-05,1.6411378438581442e-05,-38.003925532508816,-37.84078042287024
351,351,1.6222434778776998e-05,1.6320456875531053e-05,-37.89926138419043,-37.864907902616125
352,352,1.643373959559165e-05,1.63643230974374e-05,-37.84505849588498,-37.85325056879288
353,353,1.630070466452492e-05,1.6235883346158325e-05,-37.87718770914748,-37.88747180230129
354,354,1.628189948325936e-05,1.6289801494981237e-05,-37.87959595140484,-37.87307310412043
355,355,1.6036639741268465e-05,1.6420747287108833e-05,-37.95082401671272,-37.8383018508998
356,356,1.619583913780684e-05,1.634236717731447e-05,-37.9014995987708,-37.859081385856136
357,357,1.646300685380768e-05,1.619435682330636e-05,-37.825107414027165,-37.8985939830128
358,358,1.5949132933567e-05,1.6237639101746026e-05,-37.97661985255576,-37.88700217972475
359,359,1.6546661604526478e-05,1.630125117165e-05,-37.81999294996989,-37.87002163373544
360,360,1.5497428601932924e-05,1.6181818720820285e-05,-38.10412895125479,-37.90195770890317
361,361,1.6062205196652303e-05,1.616883266825952e-05,-37.94237385342515,-37.90544435973065
362,362,1.5884371603852303e-05,1.6054027247791008e-05,-37.989025872994,-37.936391067567406
363,363,1.5817339931579892e-05,1.610840282458077e-05,-38.01088206699686,-37.921706209864354
364,364,1.6730257211935338e-05,1.6143851050736358e-05,-37.764992112780185,-37.912159605604565
365,365,1.610192393667434e-05,1.6093982977556726e-05,-37.93058664326237,-37.92559564864661
366,366,1.620100731800908e-05,1.599235800217445e-05,-37.899748208843434,-37.95310599246529
367,367,1.552680793427442e-05,1.625202984493961e-05,-38.09094515122198,-37.883154913211555
368,368,1.556178629414848e-05,1.6162258361873683e-05,-38.07354614134856,-37.90721057604696
369,369,1.5777631092860996e-05,1.6006217887671053e-05,-38.017581886588225,-37.94934377992925
370,370,1.6071402757175354e-05,1.5996182475263548e-05,-37.932286735846404,-37.95206752835164
371,371,1.5906121016368414e-05,1.611916367868329e-05,-37.985098647825794,-37.91880597243532
372,372,1.6185611719865658e-05,1.5984650273917634e-05,-37.90388913486748,-37.95519963667732
373,373,1.55442698574991e-05,1.6026544807046823e-05,-38.078575141342235,-37.943832004258795
374,374,1.562449143449092e-05,1.5996681979327388e-05,-38.05648536762621,-37.9519319157003
375,375,1.57133215944884e-05,1.621677151170412e-05,-38.03649345953223,-37.89258704802674
376,376,1.5401050301623344e-05,1.597799875621843e-05,-38.1279191055101,-37.9570071949132
377,377,1.571813015861031e-05,1.5821586394419062e-05,-38.03371648249197,-37.999730754438524
378,378,1.5511325474698863e-05,1.5962382253507568e-05,-38.09239393406412,-37.9612539579636
379,379,1.604617583072149e-05,1.5938004348993817e-05,-37.93567886236063,-37.96789161512025
380,380,1.6530663630227227e-05,1.588124412496415e-05,-37.82484992139131,-37.98338580773421
381,381,1.6020804660283174e-05,1.585632497536656e-05,-37.956452204008094,-37.99020564409511
382,382,1.5712556418780952e-05,1.5835479404670065e-05,-38.039501135836574,-37.99591886731374
383,383,1.5366593466638996e-05,1.5813137332244016e-05,-38.12929931483755,-38.00205059841682
384,384,1.5370404024409808e-05,1.573875196252055e-05,-38.140722875851495,-38.02252811414028
385,385,1.5673925978243807e-05,1.5823027369103665e-05,-38.05477715892616,-37.99933523224369
386,386,1.5868925092758048e-05,1.585800122197007e-05,-37.992341156721025,-37.989746555261654
387,387,1.5337716175372877e-05,1.5720006654431162e-05,-38.13730059980048,-38.027703769624615
388,388,1.596394957738722e-05,1.5696473861967924e-05,-37.9695399885879,-38.0342100132611
389,389,1.5591778278998316e-05,1.578966633755236e-05,-38.070182540887075,-38.00850149781172
390,390,1.5923474644089945e-05,1.5559683417546023e-05,-37.9807641864,-38.072223460622496
391,391,1.514752909418714e-05,1.562414754038113e-05,-38.189927407401825,-38.0542677112175
392,392,1.5436112869455308e-05,1.561906351286636e-05,-38.11641505731684,-38.05568111594803
393,393,1.538489817266026e-05,1.5538755609381233e-05,-38.1301954611989,-38.07806866267166
394,394,1.5412885687444793e-05,1.570103339824862e-05,-38.11883281865583,-38.03294865104896
395,395,1.5640717879484993e-05,1.5476303671771586e-05,-38.059945070155244,-38.09555859767333
396,396,1.548990812151124e-05,1.5407657213616306e-05,-38.09686037188395,-38.11486494713183
397,397,1.5033105237588897e-05,1.5464186617464293e-05,-38.22804021993318,-38.09896020510904
398,398,1.574404124073329e-05,1.5365006076631527e-05,-38.02998742946275,-38.126903661575085
399,399,1.5053048853062756e-05,1.5590139953833148e-05,-38.22711397336292,-38.06373088607101
400,400,1.4879907034013477e-05,1.5362707256970582e-05,-38.27365336230442,-38.127553475431824
401,401,1.537997541538399e-05,1.5299528489489794e-05,-38.13126296584653,-38.14545055844134
402,402,1.5148550906796464e-05,1.5231648639631826e-05,-38.201089011790124,-38.16476189561948
403,403,1.5106375115268297e-05,1.5187920038634298e-05,-38.208273610141404,-38.17724800506885
404,404,1.4777487522974062e-05,1.5194559876506805e-05,-38.299758156107,-38.17534977621938
405,405,1.5475150754242613e-05,1.5122716257265941e-05,-38.10407479514477,-38.1959329880247
406,406,1.486303962028427e-05,1.510036935015753e-05,-38.273095625029676,-38.202355323810984
407,407,1.4609157465342505e-05,1.5035336122979826e-05,-38.343948295266244,-38.2210996107649
408,408,1.4841240916905814e-05,1.4925033706516077e-05,-38.28557097291639,-38.25307781899019
409,409,1.4847979494418527e-05,1.4859022628929539e-05,-38.291971938824325,-38.2723285841364
410,410,1.4817575395953981e-05,1.4798550038999805e-05,-38.28824210726154,-38.29003937173469
411,411,1.4836297269380103e-05,1.4828359445872544e-05,-38.27869714259562,-38.281299975349846
412,412,1.466982914430399e-05,1.4677582839794923e-05,-38.3367419504787,-38.32568562306558
413,413,1.4344175218228856e-05,1.462829301377305e-05,-38.43482730388918,-38.34029451566249
414,414,1.4695845737188607e-05,1.4596040464790636e-05,-38.331406462594956,-38.34988043812497
415,415,1.4437051588887248e-05,1.4555899772523462e-05,-38.40326818347207,-38.36184046001511
416,416,1.4349047231326508e-05,1.460362081592106e-05,-38.4298722315989,-38.34762554570746
417,417,1.4238700883258398e-05,1.441417546294887e-05,-38.46408351686195,-38.40433298108999
418,418,1.4579755311247355e-05,1.4426544925969976e-05,-38.3654401286443,-38.40060769975783
419,419,1.4466453686724994e-05,1.4324683769174093e-05,-38.393429881615695,-38.43138059219609
420,420,1.4188770411734723e-05,1.4281873135539508e-05,-38.47781518074766,-38.444379315458136
421,421,1.3915459218419387e-05,1.4159611294560723e-05,-38.56554611676787,-38.481717711125555
422,422,1.4144854100505682e-05,1.4126029734478307e-05,-38.49840225883593,-38.49202986425992
423,423,1.3972696317218787e-05,1.4073539731677892e-05,-38.544164332472945,-38.508197589746736
424,424,1.3893538295830235e-05,1.403551452408704e-05,-38.57186039158122,-38.51994764562075
425,425,1.4107333899841082e-05,1.397928372171009e-05,-38.50585715671063,-38.53738183148664
426,426,1.4277495276623949e-05,1.3923907987957232e-05,-38.45992186980416,-38.554619577923226
427,427,1.3698257359849486e-05,1.3973624414862379e-05,-38.631523815991464,-38.539140364628835
428,428,1.3989264216527857e-05,1.3966554385995933e-05,-38.53520335511767,-38.541338256497035
429,429,1.4172244302300765e-05,1.3699097460056165e-05,-38.49154458381466,-38.625311471044924
430,430,1.3653696910718207e-05,1.3688931319752315e-05,-38.64615002105169,-38.628535579559255
431,431,1.3442816818553052e-05,1.369239931878646e-05,-38.71392927024972,-38.62743546293475
432,432,1.295371925921573e-05,1.368537663151265e-05,-38.87979119222584,-38.62966348496516
433,433,1.3636594040999813e-05,1.3593438684198956e-05,-38.65852609406819,-38.65893769934397
434,434,1.3400753504328415e-05,1.3543080536979496e-05,-38.72659429378915,-38.675056414042274
435,435,1.3489648463479339e-05,1.355591106594626e-05,-38.69620926345184,-38.67094391537207
436,436,1.3483014656005777e-05,1.3564600857008421e-05,-38.70406542084002,-38.66816083484095
437,437,1.3553374666332378e-05,1.3551814989018327e-05,-38.68272621543574,-38.67225638519501
438,438,1.31922429271484e-05,1.3495548285534728e-05,-38.78896572868665,-38.690325691131086
439,439,1.3042681099044053e-05,1.3482936226768958e-05,-38.84540105158522,-38.69438622160597
440,440,1.3699198808756864e-05,1.3510672799480075e-05,-38.634165760322546,-38.685461261106624
441,441,1.329296135492731e-05,1.3526662482227517e-05,-38.76393603124997,-38.68032448877177
442,442,1.358896632567492e-05,1.3365112336989688e-05,-38.669773286144306,-38.73250489049286
443,443,1.3280519354892246e-05,1.3479347647884615e-05,-38.770789007780124,-38.6955422809545
444,444,1.3917775223236867e-05,1.3387911167228594e-05,-38.55389368919573,-38.72510280484675
445,445,1.3186244265768633e-05,1.3402554989289983e-05,-38.79764695846917,-38.72035504740837
446,446,1.3028211554031718e-05,1.3388364957216637e-05,-38.84780724979595,-38.72495560104077
447,447,1.3255577859754995e-05,1.3408282891185464e-05,-38.772110482792456,-38.71849938274393
448,448,1.3009763166600041e-05,1.3373298220118924e-05,-38.84595172355549,-38.729845731695065
449,449,1.3357733495439853e-05,1.3471976767744453e-05,-38.748978914604976,-38.69791777286138
450,450,1.3579126540001376e-05,1.3422866686596535e-05,-38.66963080954247,-38.713778256295285
451,451,1.3459530312024277e-05,1.3312619940782161e-05,-38.708605003884664,-38.74959568906472
452,452,1.2783105666665169e-05,1.3369278253537087e-05,-38.931333549178774,-38.73115140193876
453,453,1.368138851155647e-05,1.3421517044327247e-05,-38.63518622968385,-38.71421495262362
454,454,1.2983389329822307e-05,1.3318332859949136e-05,-38.86868708687997,-38.74773237660542
455,455,1.3227630372113577e-05,1.3507517762359624e-05,-38.78173346619818,-38.68647555198943
456,456,1.3025151985726252e-05,1.332996266443699e-05,-38.84530945635682,-38.74394169496072
457,457,1.3583691687711404e-05,1.3333042261365335e-05,-38.676178186577935,-38.74293846823355
458,458,1.3585703752526279e-05,1.3329131912829134e-05,-38.67092359003183,-38.7442123649478
459,459,1.2909025217501864e-05,1.3313378267890871e-05,-38.88450022790057,-38.749348308834094
