,epoch,train_loss,test_loss,train_dbs,test_dbs
0,0,0.0010309139489839525,0.001022983532349922,-19.87943091721921,-19.888028193301302
1,1,0.0010217499784818014,0.0010169510558051499,-19.899052503068788,-19.913714104288495
2,2,0.0010194499117619905,0.001012966281881458,-19.913614049768114,-19.930764725192653
3,3,0.0010162675831246084,0.0010132603224759038,-19.929906638365388,-19.92950425207237
4,4,0.0010147308486696217,0.001007143107831086,-19.92942442132438,-19.955802768923373
5,5,0.0010081420096895205,0.001005271673325057,-19.962738295819126,-19.96388016848445
6,6,0.0010095869254599296,0.0009983399221183437,-19.961470743354383,-19.993930237235695
7,7,0.0010078356429675268,0.000999119564719302,-19.96991991262987,-19.990539985779993
8,8,0.0010039826192576246,0.0009960759014479425,-19.98820520657522,-20.003790288432665
9,9,0.0010039796650688135,0.0009945393019159766,-19.989452046981626,-20.010495118467595
10,10,0.0009943242112808314,0.0009893355370303126,-20.016367853348104,-20.033278527115115
11,11,0.0009927401936027345,0.0009895488405355106,-20.028265104724362,-20.032342277006855
12,12,0.0009902547270818085,0.0009885902492035377,-20.03774959512551,-20.036551394157645
13,13,0.0009869893811182264,0.0009853698613465224,-20.05168346870554,-20.050721872165205
14,14,0.0009818850619209565,0.0009810948211356606,-20.0728626553965,-20.069604787428744
15,15,0.0009838372208514088,0.0009774247178268667,-20.072667513636407,-20.085881443842123
16,16,0.0009815205955522653,0.0009696133784018457,-20.07471896905399,-20.120728628559416
17,17,0.0009778289870867871,0.0009706669707635516,-20.104515887787123,-20.116012099898658
18,18,0.0009798046499106688,0.0009712510631958905,-20.09522888508453,-20.11339954753033
19,19,0.0009713664593309472,0.0009670329776494519,-20.118465319000983,-20.132301773728965
20,20,0.0009682951411040327,0.000963363389018923,-20.135921581419353,-20.148813242982285
21,21,0.000971826064021125,0.0009678835294356471,-20.125218442530972,-20.128483624782927
22,22,0.0009646290347949823,0.0009571298325777446,-20.156718644757884,-20.177006090962063
23,23,0.0009619066078868724,0.0009640606647161277,-20.17292495243092,-20.14567098686812
24,24,0.0009615429894297777,0.0009565194272191116,-20.17364822025424,-20.179776668554716
25,25,0.0009588862717698914,0.0009538389000992634,-20.184193035345046,-20.19196431821286
26,26,0.0009591661972118561,0.0009497490153942061,-20.189439564328808,-20.21062609976385
27,27,0.0009533151871399934,0.0009485373065169705,-20.21081680452339,-20.216170453578705
28,28,0.0009497708548580479,0.0009504327654691511,-20.223653015446065,-20.20750062092434
29,29,0.0009477158975979486,0.0009412901433135726,-20.23100023995887,-20.24947950957296
30,30,0.0009501053778857915,0.0009395651684730853,-20.227603326913993,-20.25744553715616
31,31,0.0009476100088615623,0.0009374908833323341,-20.241006232757528,-20.26704408863637
32,32,0.0009370645767404247,0.0009372474190680997,-20.269692038195075,-20.268172088069218
33,33,0.0009351025693137775,0.0009337051765454051,-20.286447106929472,-20.284616953886704
34,34,0.0009358807847374262,0.0009307915062986707,-20.289084993092594,-20.29819050380979
35,35,0.0009364852196892205,0.0009299253517957894,-20.288275748279485,-20.302233742807818
36,36,0.0009313470398354315,0.0009251431788709995,-20.307295540429116,-20.324625108723154
37,37,0.0009318453340176685,0.0009261002353588609,-20.31098034980056,-20.320134673965814
38,38,0.0009294982649117094,0.0009245971542488979,-20.320388703091645,-20.327189095494745
39,39,0.0009271698462604017,0.0009159325854852796,-20.32633597128723,-20.368079520892856
40,40,0.0009205079452643535,0.0009194887090033214,-20.35801646451943,-20.351250613458852
41,41,0.0009190691496994462,0.0009147427963877195,-20.36498788334228,-20.373724638728255
42,42,0.0009173348452415817,0.0009143064472530233,-20.371763406849233,-20.37579679753574
43,43,0.0009142423058216719,0.0009096345717185422,-20.391045251024778,-20.398045041102186
44,44,0.0009162665930451806,0.0009070056257769465,-20.389306196923545,-20.410614811541635
45,45,0.0009085177995994227,0.0009087664442823121,-20.413801531762704,-20.4021917939963
46,46,0.0009097343919193852,0.0009065225205727314,-20.41474112182787,-20.412928643061203
47,47,0.000910156674097417,0.000902275971480106,-20.41498615780941,-20.433320701486117
48,48,0.0009063820819101613,0.0009007632769154091,-20.427791950700858,-20.440607897890462
49,49,0.0009012322281199248,0.0009032542094294177,-20.448669891657545,-20.428614677854533
50,50,0.000900066248861324,0.0008941386109463087,-20.456241527802316,-20.472666128575025
51,51,0.0009002507671464196,0.000895937690266261,-20.452287985086762,-20.463936551140787
52,52,0.0008983004258551932,0.0008943701885934723,-20.46715120007214,-20.471541472158652
53,53,0.0008946456352354402,0.000890741072668645,-20.4767549602032,-20.489199835823968
54,54,0.000898140138759249,0.0008914376682552852,-20.471408442093004,-20.485804804474355
55,55,0.0008935694871998401,0.0008895855341841908,-20.491828399350958,-20.49483749866589
56,56,0.0008910096720936373,0.0008868069149014589,-20.501896814947074,-20.508423910909404
57,57,0.0008900457070228289,0.0008809704266145433,-20.507469345732233,-20.537101321885313
58,58,0.000889021692648722,0.0008836949188997479,-20.512729386540695,-20.5236910409093
59,59,0.0008825346708691382,0.000884675904863367,-20.5410766719881,-20.518872630327067
60,60,0.000883028085209122,0.000879111117683351,-20.53423511475006,-20.546276895732483
61,61,0.0008818550700244983,0.00087794025220271,-20.549241091196542,-20.55206500758029
62,62,0.0008813540550841729,0.0008815641478194218,-20.543752256161344,-20.534175423505094
63,63,0.0008798645480449513,0.0008743739239626417,-20.559170995945383,-20.569742645926876
64,64,0.0008802959196192702,0.0008731222264223584,-20.552943768227898,-20.575964180979803
65,65,0.0008774188553587985,0.0008712657512851843,-20.566660215606266,-20.5852081934652
66,66,0.0008752279592073071,0.0008701747344610723,-20.57370915659465,-20.590649925781022
67,67,0.0008703815047485158,0.0008696874229874658,-20.59913055222669,-20.593082724133275
68,68,0.0008704856490553117,0.0008681406279241568,-20.602291194517782,-20.60081380820314
69,69,0.000868165823534976,0.0008687344165273794,-20.610544319684237,-20.597844347335275
70,70,0.0008675677104152201,0.0008652083373530523,-20.613073397400406,-20.61550766217831
71,71,0.0008666736365430365,0.000865361068128167,-20.620733037217363,-20.614741092137127
72,72,0.0008717388893986485,0.000864383004801838,-20.60712722147052,-20.619652426218202
73,73,0.0008608053141926444,0.0008597207917390685,-20.64597187053284,-20.64314031999804
74,74,0.0008631109796493247,0.000859790254923466,-20.634737909256927,-20.64278943562595
75,75,0.0008633075691231517,0.0008598246525875048,-20.641450660765482,-20.642615690729702
76,76,0.0008619802700326845,0.0008580644008409428,-20.63774547305713,-20.651515775241123
77,77,0.0008625412310627242,0.0008602888648104118,-20.648017688082817,-20.640271603439004
78,78,0.0008588549518986538,0.0008557095609017109,-20.66257819608707,-20.663450775513507
79,79,0.0008600163219506209,0.0008534385736933664,-20.65625599327838,-20.674991937727846
80,80,0.0008564603211329386,0.0008523713392940791,-20.67487099206464,-20.6804262369127
81,81,0.0008550946457916391,0.0008493607379741183,-20.684788359170632,-20.69579280280189
82,82,0.0008514663252557061,0.0008485061698593199,-20.694489021619447,-20.700164573596112
83,83,0.0008544521652325296,0.0008467790903523564,-20.68764355034212,-20.70901336591175
84,84,0.0008564040325245983,0.0008504851568049114,-20.68102547830283,-20.690047235320908
85,85,0.0008488920170420147,0.0008414211241822494,-20.712340188316126,-20.736580510316372
86,86,0.0008474919325720097,0.0008426250669320947,-20.716427622323756,-20.73037087325745
87,87,0.0008458374560205746,0.0008442236208602002,-20.723067172109676,-20.722139626876576
88,88,0.0008470446265004959,0.0008414481356004743,-20.72751942522174,-20.73644109473413
89,89,0.0008441170127870343,0.0008415476492557087,-20.742517338204358,-20.735927507810366
90,90,0.000846949245747102,0.0008393273731742642,-20.72094843961647,-20.747400748811785
91,91,0.0008407349760653739,0.0008407695537531062,-20.748368970243018,-20.739944854915482
92,92,0.0008423997883771345,0.0008393993209067144,-20.746205070339023,-20.74702848448409
93,93,0.000842435814718687,0.0008357893246667166,-20.741970173333737,-20.765746422643407
94,94,0.0008406247919636596,0.0008356082099980037,-20.75352781692027,-20.766687636207386
95,95,0.0008365952178173381,0.0008358337616204823,-20.768483531403533,-20.765515524614106
96,96,0.0008364641965731748,0.0008307838028198795,-20.779569723578227,-20.7918344114399
97,97,0.0008390681348865871,0.0008321032326325382,-20.758421186579746,-20.78494252768673
98,98,0.0008377348872132061,0.0008310286763222202,-20.7719043154262,-20.79055451719268
99,99,0.0008329695148259094,0.0008310736157000065,-20.785382482225295,-20.790319670951373
100,100,0.0008375453258643753,0.0008266338294273929,-20.774206146202747,-20.813582874540874
101,101,0.0008357939923652591,0.0008277314114629439,-20.78198910019897,-20.807820254780353
102,102,0.0008328453374824958,0.0008312769136146495,-20.79889797629656,-20.789257426119192
103,103,0.0008333361582811346,0.0008282493953102906,-20.79966098518366,-20.805103344861664
104,104,0.0008281507852160823,0.0008238890624948238,-20.81958732630879,-20.828027245323074
105,105,0.0008304232693056471,0.0008257471980821146,-20.806368983495975,-20.818243532479705
106,106,0.0008267617686027565,0.0008231610010721182,-20.81970294212017,-20.831866753131084
107,107,0.0008276830164514022,0.0008254015426102438,-20.823399571937273,-20.820061857656185
108,108,0.000826694327526601,0.000821970207126517,-20.826973362763756,-20.838153854456483
109,109,0.0008293225012297175,0.0008198890779902669,-20.81899889524,-20.849163608973726
110,110,0.0008257093860950205,0.000817398537612079,-20.82729421771989,-20.86237605579301
111,111,0.0008212947910747578,0.0008181417330266221,-20.848640988845844,-20.858429155853933
112,112,0.0008231033727085006,0.0008208720613957235,-20.847979481153345,-20.84395987383374
113,113,0.000820208311479385,0.0008189286546487557,-20.86237867567517,-20.854253944487606
114,114,0.0008205352855135792,0.0008190600814199762,-20.85459471874618,-20.85355701757497
115,115,0.0008234901086081626,0.0008153865775583606,-20.846414102640477,-20.873079039097632
116,116,0.000817622333529799,0.0008135190552198573,-20.87394483782221,-20.88303732011137
117,117,0.0008182005720337872,0.0008152282956105314,-20.868904893951736,-20.87392216861735
118,118,0.0008182372290583462,0.0008103348602736858,-20.872519862125376,-20.900069394901625
119,119,0.0008165247824772732,0.0008122768853545973,-20.885612317997115,-20.889673671077418
120,120,0.0008146820155442836,0.0008112478535622358,-20.885410609835663,-20.895179012366754
121,121,0.0008145379899885774,0.000810605418672295,-20.88909059539602,-20.89861959416355
122,122,0.0008142596709580382,0.0008084350020477647,-20.89881090571478,-20.910263534809488
123,123,0.0008159069759656012,0.0008079901852301861,-20.88727038711857,-20.912653765990356
124,124,0.0008138304452661463,0.0008090774491919499,-20.890322789002084,-20.906813653924896
125,125,0.0008129814343248523,0.0008090350617605605,-20.894747246145148,-20.907041186033254
126,126,0.0008109820857836106,0.0008071028063759991,-20.905382752651036,-20.917426045735393
127,127,0.000813744839199233,0.0008118573061533665,-20.902610979087317,-20.89191758585764
128,128,0.0008134190911263919,0.0008062863091349994,-20.897326684800394,-20.92182176494682
129,129,0.0008129627658678315,0.0008063289385877157,-20.90209482918268,-20.92159215362308
130,130,0.0008088085853216267,0.0008072572282368416,-20.916022866789202,-20.916595195605115
131,131,0.0008098933564921477,0.0008076549182940079,-20.918096138214448,-20.914456198741448
132,132,0.0008117372311709314,0.0008064353483189878,-20.913411855021895,-20.921019061081854
133,133,0.0008109680403350401,0.0008088026201891664,-20.907940029502583,-20.90828912448397
134,134,0.0008071469912334278,0.0008081600382482927,-20.91887804159247,-20.91174090247435
135,135,0.0008149191805583992,0.0008051667092858176,-20.891930188039556,-20.92785651878846
136,136,0.0008071524375502366,0.0008054368571672393,-20.92725372156686,-20.926399627251115
137,137,0.0008072217304701197,0.0008089470762857481,-20.931045588860506,-20.90751352259789
138,138,0.0008085416215855974,0.0008089737170130798,-20.921547029243843,-20.907370500505298
139,139,0.0008081106688664055,0.0008041949599589172,-20.920991153244522,-20.93310114999622
140,140,0.000811385382662921,0.0008062210675377987,-20.911118844926087,-20.922173193611027
141,141,0.0008074589800953711,0.0008011348024745913,-20.92973363429997,-20.949658634322233
142,142,0.0008070482518379912,0.0008065824635866049,-20.934778975171962,-20.92022686463324
143,143,0.0008095119312914453,0.0008052782657997389,-20.91973612851906,-20.927254841870052
144,144,0.0008104667793623335,0.0008015267606089381,-20.917930478239054,-20.94753435228791
145,145,0.0008093738267150199,0.0008033504127524793,-20.91681094883485,-20.937664408134175
146,146,0.0008136648228680043,0.0008024041951437922,-20.90474472121723,-20.94278271365453
147,147,0.0008090375760598972,0.0008044007117860019,-20.923927619161358,-20.93199015752992
148,148,0.0008061081243045244,0.0008044904036643473,-20.93345971349008,-20.93150593970432
149,149,0.000807826746898444,0.0008050679033131976,-20.930905148808982,-20.92838949564048
150,150,0.0008048366469609522,0.0008051073681072969,-20.93645219537141,-20.928176607731764
151,151,0.0008107194576182009,0.000802211996511017,-20.91646227356534,-20.943823097099205
152,152,0.0008068212179572696,0.0008028999497917922,-20.9385152468513,-20.940100312122976
153,153,0.0008108616235291527,0.0008053522967537375,-20.91720643814191,-20.92685560401152
154,154,0.0008070180042570015,0.0008034198881911212,-20.922209020017988,-20.937288837343115
155,155,0.0008082453097869671,0.0008042020367850599,-20.927836021486502,-20.933062932733325
156,156,0.0008033675774115801,0.000801559788861165,-20.95052248895726,-20.947355397661966
157,157,0.0008059403266200854,0.0008047984631143903,-20.93642123993631,-20.929843236088487
158,158,0.0008013760478994282,0.0008039575370371734,-20.9565952119728,-20.934383509296506
159,159,0.0008066918499306919,0.0008046186290142176,-20.939996217680452,-20.930813785712566
160,160,0.000807546471010356,0.0008045446440136354,-20.933547157143224,-20.931213139563823
161,161,0.0008057162865333873,0.0008014721924586123,-20.935697442103237,-20.94783003116578
162,162,0.0007997974447339543,0.0008066514488554707,-20.96345167400297,-20.919855437757224
163,163,0.0008040232447062418,0.0008033826352881366,-20.940073980037212,-20.93749021529675
164,164,0.0008104568228519224,0.0008066376352584676,-20.915026749115203,-20.9199298096601
165,165,0.0008068664231068772,0.0008008572070761339,-20.93812592416124,-20.951163737346967
166,166,0.0008035122012460278,0.000802243600207332,-20.943539250421978,-20.943652007155084
167,167,0.000806373014167604,0.0007990057837512148,-20.934545495942718,-20.96121538923495
168,168,0.0008048622259274893,0.0008034462103080985,-20.940601968535745,-20.93714655355025
169,169,0.0008055478599661789,0.0007980370520319985,-20.937076545577185,-20.966484063089812
170,170,0.000807069462829644,0.0008007872659762047,-20.929949418995474,-20.951543035428255
171,171,0.0008030754061579012,0.0008026443446349157,-20.953081860879852,-20.94148311931803
172,172,0.0008058570170554227,0.0007982893853056195,-20.939088212522677,-20.965111073873025
173,173,0.0008051412752541454,0.0007999966098730894,-20.937730058207862,-20.955833153735533
174,174,0.0008046078122432161,0.0007991598165397974,-20.941486055279167,-20.960378234558263
175,175,0.0008051751473121653,0.0008025620236845785,-20.94238243922693,-20.941928564031098
176,176,0.0008049080755619198,0.0008019150087707921,-20.94268517938943,-20.94543120091918
177,177,0.0008030882640501734,0.0007988561502363728,-20.949595690814547,-20.962028788798598
178,178,0.0008042061637808598,0.0008034079035400952,-20.948992604124307,-20.937353621731774
179,179,0.0008046007145090585,0.0008042883985724888,-20.943300615921263,-20.932596576864007
180,180,0.0008058283422814356,0.0007997661963791439,-20.932017357976815,-20.957084180566227
181,181,0.00080576338613233,0.0007989742597074885,-20.939713108464233,-20.96138673953805
182,182,0.0008065676455837243,0.0008010120976618246,-20.930566600734153,-20.95032386699456
183,183,0.0008046821290243071,0.0008016240531823745,-20.946737421861286,-20.947007219999897
184,184,0.0008076779633165174,0.0007994151582304193,-20.932603747104093,-20.95899083027719
185,185,0.0008015481523506958,0.000797653803601861,-20.95919945901855,-20.96857021506618
186,186,0.0008062803301691395,0.0007991040536006423,-20.94458618459353,-20.960681282599726
187,187,0.0008031676442976849,0.0007992062815710118,-20.95118873261395,-20.960125732873102
188,188,0.0008039889219889091,0.0008014611360665999,-20.94481456642473,-20.947889942953193
189,189,0.0008018780475693572,0.0007992395702259321,-20.951887886902817,-20.959944843678414
190,190,0.0008058451936993095,0.0008016061405406186,-20.93977011803097,-20.947104266094733
191,191,0.0008025836102309224,0.0007993427325824374,-20.95464914773335,-20.959384311484936
192,192,0.0008038498800891192,0.0008001514391875581,-20.95496957509958,-20.954992712538107
193,193,0.0008034391146268427,0.0007999899190556454,-20.95665143174292,-20.955869476355037
194,194,0.000799367257715539,0.0008019646936047234,-20.963441913308966,-20.94516213025028
195,195,0.0008021610496162446,0.0007996944876044596,-20.955260560309917,-20.957473595892058
196,196,0.0008024253015953702,0.000802442578500823,-20.948090170032163,-20.94257497195068
197,197,0.0008050307425065446,0.000799419866923831,-20.940737288581232,-20.958965249657133
198,198,0.0008030438306021321,0.0007973180373052233,-20.948891365780128,-20.970398729504524
199,199,0.0008030757061973906,0.0008013952572486902,-20.9524703112509,-20.94824694071329
200,200,0.0008021524840889057,0.0007990382207361492,-20.95389114034587,-20.961039083657273
201,201,0.0008024990795055385,0.0007981267684188328,-20.95821020072477,-20.965995850899056
202,202,0.0008043298580606957,0.0008026585044143232,-20.94781699746621,-20.941406504315875
203,203,0.0008040333008297632,0.0008002108937178395,-20.943887241405772,-20.95467002593263
204,204,0.0008034118644403505,0.0007986379971139525,-20.953399079247845,-20.963214930206668
205,205,0.0007983927168528136,0.000796989706271377,-20.969417090695963,-20.97218749781262
206,206,0.000803252977928742,0.0008000548451060528,-20.955016159174292,-20.95551702339784
207,207,0.0008024040575993737,0.0007992466041622194,-20.96017573100798,-20.959906622519362
208,208,0.0007997873754086952,0.0007988553353291201,-20.96066776881987,-20.96203321900676
209,209,0.0008012293741951898,0.0007969628602854515,-20.958717371322713,-20.972333789036014
210,210,0.0008023567311705772,0.0008002714204945063,-20.95746755270316,-20.95434154438812
211,211,0.0008040157245164833,0.0007972421467696366,-20.952933706897614,-20.97081212049708
212,212,0.0008017960353754461,0.0007987989504870615,-20.954760168443013,-20.96233976374546
213,213,0.0008000087325422804,0.0008018847315964338,-20.969240818333354,-20.945595176625396
214,214,0.0008027436896995402,0.0007979011524615711,-20.955039405931714,-20.967223696159643
215,215,0.0008046584721107382,0.0008014369523152709,-20.93898837528373,-20.948020991456286
216,216,0.0008029461371443551,0.0007989845655270313,-20.951916613360094,-20.961330721066382
217,217,0.0008044336873260279,0.0008019296617835368,-20.94644018220835,-20.94535184507263
218,218,0.0008026803813673095,0.0007995169756836013,-20.952655070768444,-20.95843772665009
219,219,0.0008054240348691255,0.0007978710407195123,-20.94071838974276,-20.96738759628867
220,220,0.0008019575856376401,0.000801135978882054,-20.95813477165857,-20.949652257032263
221,221,0.0008010841628834221,0.0007986560721244467,-20.956947206146637,-20.963116640512
222,222,0.0008016868864099696,0.0008023447957576105,-20.95509845604282,-20.94310421970694
223,223,0.0007991214263608161,0.000799725313156255,-20.964965934812486,-20.957306193099598
224,224,0.0008019957284577499,0.0007994862879920555,-20.956954546408237,-20.9586044241848
225,225,0.0008031698423869831,0.0007985235822975243,-20.955257670446755,-20.963837155586344
226,226,0.0008028051671908074,0.000801788854388226,-20.95258563297051,-20.94611447111124
227,227,0.0008042995570726769,0.0007972540915943682,-20.950130802137302,-20.970747052027882
228,228,0.0008066468686105434,0.0007990015621640181,-20.942898772987874,-20.961238335462692
229,229,0.0008025807376528523,0.0008001452354763291,-20.952454781275698,-20.955026384264066
230,230,0.0007989182048141188,0.0007992934184393993,-20.9707100113959,-20.959652250630366
231,231,0.0007979466559451803,0.0007975522863776668,-20.973424849405294,-20.969122975873976
232,232,0.0008025974786561943,0.0008001849759909275,-20.951422489710282,-20.954810690201953
233,233,0.0008024454714499952,0.0007988852173040964,-20.95407299774019,-20.961870769892972
234,234,0.0008033331106752925,0.0007979058550278607,-20.95029658222205,-20.967198100350366
235,235,0.0008032448558597682,0.0007992608098950433,-20.95153313818693,-20.959829432118834
236,236,0.0008032587908938067,0.0008027765801862666,-20.953122733233258,-20.94076767865689
237,237,0.000800328496627548,0.0007969318570471124,-20.97282330701127,-20.97250274041263
238,238,0.0008032705626431276,0.0007992728680715357,-20.96205149848156,-20.959763912079005
239,239,0.0008036384206582053,0.0007968461355439535,-20.948708024948782,-20.9729699118256
240,240,0.0008028077571316785,0.0007958789876858262,-20.95108328150115,-20.978244230959117
241,241,0.0008001393727362924,0.0008010908005465018,-20.958385462517594,-20.949897174943864
242,242,0.0008061393344121956,0.000795705222500194,-20.934894762182136,-20.979192534681708
243,243,0.0008057069078990325,0.0007988323831293536,-20.941323491715558,-20.962157999507873
244,244,0.0008025302530083921,0.0008011055454660795,-20.95228833815613,-20.94981723920784
245,245,0.0008030957932411165,0.0008000940188618475,-20.950812148380198,-20.955304381357294
246,246,0.0008027328852775324,0.0007978997646683925,-20.95595937632771,-20.967231249870295
247,247,0.0008019136934608375,0.0007987259642073983,-20.957292936921,-20.96273659684951
248,248,0.0008063280610511675,0.0007996616676743878,-20.941581487860503,-20.957651836548234
249,249,0.0008022919160400316,0.0008018387597985566,-20.95652742576457,-20.945844163414627
250,250,0.0008023336197287997,0.00080123366052775,-20.952478660340738,-20.949122758735257
251,251,0.0008058304965649684,0.0007984137995854804,-20.94261786120399,-20.96443427387871
252,252,0.0008060186231249617,0.0007973231963421169,-20.941870760116608,-20.970370628622554
253,253,0.0008031782098882592,0.0008020854928824855,-20.952876606953794,-20.94450800533211
254,254,0.0008030657778906915,0.0008011871250346303,-20.954175150213345,-20.949375003439798
255,255,0.0008029816564191709,0.0008007858169118041,-20.951619049472296,-20.951550894210094
256,256,0.0008022643628136552,0.0007965891701659482,-20.956497058340773,-20.974370642012452
257,257,0.0008022190046439082,0.0008005469694341484,-20.946426512358315,-20.952846441809143
258,258,0.0007998349718730321,0.0007993709050903195,-20.96165217965305,-20.959231248867248
259,259,0.0008000079194352645,0.0007997160765195364,-20.967971431059723,-20.957356353366606
260,260,0.0008015837880408334,0.0007995016670687811,-20.959734983202942,-20.958520883240816
261,261,0.0008017416364158091,0.0007983002241847938,-20.954543622783728,-20.965052107368578
262,262,0.0008005501081946201,0.0007974586363783793,-20.96051016122944,-20.969632962073913
263,263,0.0008009365092502119,0.0007986855037559412,-20.955714841123584,-20.962956599662302
264,264,0.0008017057264895783,0.0007973780340858196,-20.959521046257876,-20.97007194283684
265,265,0.0008002389582430886,0.0008037327880677031,-20.96641663544486,-20.93559776351407
266,266,0.000802201349120203,0.0008023922166198884,-20.958793743176418,-20.94284754688564
267,267,0.0008024897344756065,0.0008006249768904558,-20.956882120119186,-20.95242327416714
268,268,0.0008045750437304378,0.0007976310413428827,-20.946232827001605,-20.968694149340386
269,269,0.000804069938051716,0.0008001675259468979,-20.95002572697731,-20.95490540005897
270,270,0.000805249639916397,0.000799430025692441,-20.94173805121975,-20.958910061272398
271,271,0.0008015001262298104,0.0008009874513127693,-20.964458037561165,-20.950457497161953
272,272,0.0008017658171983263,0.0007986750294405379,-20.962520561474776,-20.96301355533745
273,273,0.0007988406716097031,0.000799591254786049,-20.968671768540972,-20.95803426422369
274,274,0.0008027189520437309,0.0007987687927915862,-20.957561178594606,-20.962503729508903
275,275,0.0008057824056355533,0.0007994509620690032,-20.937533116713052,-20.95879632481694
276,276,0.0007996415772196866,0.0007996376861180914,-20.96928413253483,-20.957782081802733
277,277,0.0008008977501489914,0.0008013669928339752,-20.955367615692495,-20.948400114764468
278,278,0.0008017339007976974,0.0008018783747071499,-20.962353291546453,-20.945629605175693
279,279,0.0008031144568975055,0.0007986924856116897,-20.957673796834708,-20.96291863517994
280,280,0.0008026014055730295,0.0007989262445143572,-20.95242314538001,-20.961647741188347
281,281,0.0008005059945886743,0.0007989983576791067,-20.972351235394406,-20.961255753362366
282,282,0.0008029893014253568,0.0007963332617165227,-20.954028728305374,-20.975766059971164
283,283,0.0008021065480431023,0.0007968516775259846,-20.95681195722939,-20.97293970720092
284,284,0.0008027009184702693,0.0007979142767573265,-20.95332548583719,-20.967152261717775
285,285,0.0008074383589813544,0.0007941262937444998,-20.93784170301361,-20.987818860985584
286,286,0.0007996871154131272,0.0007935885009110758,-20.968632168523314,-20.99076095700537
287,287,0.0008002725410630408,0.0007938698706168093,-20.964158254081198,-20.989221422942038
288,288,0.000800806647958714,0.0007965467122726535,-20.96787173678758,-20.974602125453117
289,289,0.0007966146390337843,0.000793783435303914,-20.985336088007607,-20.989694301741572
290,290,0.0007996250384429604,0.000793810844985082,-20.971426425362996,-20.989544340590527
291,291,0.0007969803631680144,0.0007968402933329344,-20.987242016876863,-20.973001752970283
292,292,0.0007977606362624804,0.0007938813099539594,-20.98037806898222,-20.989158843350705
293,293,0.0007970102080960095,0.0007888295344616237,-20.98638921092979,-21.016882993703696
294,294,0.0007926785601927064,0.0007911066886184639,-21.01071661007305,-21.004364055849006
295,295,0.0007968154836676477,0.000788994023184243,-20.98853697009781,-21.015977486310533
296,296,0.0007916117967922509,0.0007900516625101629,-21.001880551259937,-21.010159706673868
297,297,0.000792820478871119,0.0007881630567441645,-21.0075108398193,-21.020553874769984
298,298,0.0007938199386135051,0.0007894249927056464,-21.004568526759677,-21.013605901987475
299,299,0.0007924453851037188,0.0007913856595558556,-21.013321494227494,-21.002832856786775
300,300,0.0007909994660012578,0.000790428385555156,-21.021361671268757,-21.008089338965714
301,301,0.0007941817664349279,0.0007876886918797697,-20.999134887450822,-21.02316851221184
302,302,0.0007901495177365993,0.0007875883541265992,-21.020810945773334,-21.023721762609256
303,303,0.0007908615144449718,0.0007876739040703365,-21.020356048877332,-21.02325004600035
304,304,0.00079007004807732,0.0007886542528132466,-21.021637225550982,-21.01784812378739
305,305,0.0007877117694960427,0.0007885470434925274,-21.025513797934202,-21.018438541974056
306,306,0.0007915347340497543,0.0007854681247600207,-21.015754883717506,-21.035428964279816
307,307,0.0007918679675077731,0.0007835876190495726,-21.018097524881117,-21.045838965931928
308,308,0.0007914151683132903,0.0007864124368337032,-21.01919798197805,-21.030210888782833
309,309,0.0007893737314326554,0.000786218047754741,-21.026343043315094,-21.03128453075522
310,310,0.000793850433427034,0.0007878180691286138,-21.00723407713857,-21.022455245512212
311,311,0.0007889113855817038,0.0007863613458252267,-21.026809304546298,-21.03049304688222
312,312,0.0007911766483208414,0.0007895710969981002,-21.01684101229523,-21.01280219780366
313,313,0.0007874724273953933,0.0007880197984999732,-21.033439916602077,-21.021343329685113
314,314,0.0007898793021725855,0.0007871893069118654,-21.024469493120183,-21.02592275912292
315,315,0.000790470312757552,0.0007873336833558584,-21.016981487402386,-21.025126303389897
316,316,0.0007883264285934725,0.0007843806586032244,-21.028656092985862,-21.04144585752076
317,317,0.0007910055321996513,0.0007892270039423908,-21.018008601490166,-21.014695254523616
318,318,0.0007892539928734456,0.0007907439599205789,-21.030337977075177,-21.006355787177444
319,319,0.0007883510876389355,0.000785616615566572,-21.02561792265323,-21.034608018898126
320,320,0.0007910423044393741,0.0007872608962076667,-21.01483344021846,-21.02552781698897
321,321,0.000787902910852824,0.0007879051171537293,-21.033743045133665,-21.021975408985902
322,322,0.0007911300755912418,0.0007852997453148035,-21.017202148908147,-21.036360053660964
323,323,0.000785969270959727,0.000787436122711944,-21.03903386339489,-21.024561283067953
324,324,0.0007888802570847737,0.0007868633654556776,-21.030489477611223,-21.0277213593903
325,325,0.0007906424724160857,0.0007834313713063143,-21.018855180954546,-21.046705037541138
326,326,0.0007900274538713478,0.0007866304582229963,-21.021869476272094,-21.02900703748023
327,327,0.0007882937608939624,0.0007872546802421933,-21.029721233837915,-21.025562107656462
328,328,0.0007894496162201173,0.0007854949738095073,-21.02324162785223,-21.03528051529272
329,329,0.0007874990649012484,0.0007887043083380712,-21.03508359754099,-21.017572487812632
330,330,0.0007890305108601976,0.0007876602497785107,-21.02665003189101,-21.023325331406685
331,331,0.0007888479350307553,0.0007862672117832852,-21.026268726333424,-21.031012964886067
332,332,0.0007868916745604851,0.0007889041934456481,-21.037842189696427,-21.0164719739703
333,333,0.0007903048673827085,0.000784047977312615,-21.025914221026948,-21.043288232080908
334,334,0.0007894513846528669,0.0007874231638484879,-21.023955032858016,-21.024632755648888
335,335,0.0007885817597985037,0.0007832529433806868,-21.03291002884678,-21.047694263808687
336,336,0.0007903653733461097,0.0007856290842602519,-21.018381794341032,-21.034539091614985
337,337,0.0007927161959460793,0.0007877505972589317,-21.017998387052618,-21.022827208490785
338,338,0.0007898233364067357,0.0007841486643117509,-21.022459331834106,-21.042730549364038
339,339,0.0007894745549023843,0.0007875758456066251,-21.024841625674007,-21.023790738036745
340,340,0.0007876046716005148,0.0007841942286560018,-21.027082655494414,-21.042478202209935
341,341,0.0007851584532451768,0.0007827630156259003,-21.04284438575588,-21.050411642595957
342,342,0.0007907990714266282,0.0007843066215221034,-21.018727906326724,-21.04185580405655
343,343,0.0007891171328608215,0.0007826399830120959,-21.024440752476828,-21.051094308790237
344,344,0.0007877649772989074,0.0007831082483263392,-21.038450062278855,-21.04849663639265
345,345,0.0007885250985411179,0.0007843488435211935,-21.02545091266352,-21.041622014271184
346,346,0.0007866896681737193,0.000786631300702299,-21.03285496098927,-21.029002386199412
347,347,0.0007885048998827019,0.0007865733656983234,-21.033709117144692,-21.029322253704056
348,348,0.0007895323563098293,0.0007858412756927704,-21.028321210208546,-21.033366259200726
349,349,0.0007909704449817,0.0007850411317409261,-21.021576810512187,-21.037790500396913
350,350,0.0007864359205771122,0.0007831233516825657,-21.039929505713854,-21.04841287733342
351,351,0.0007893018599734018,0.0007849133628616599,-21.031669738319042,-21.03849739119582
352,352,0.0007847218999888786,0.0007879273187810261,-21.045805928153246,-21.021853035007485
353,353,0.0007882340398338652,0.0007856364398704548,-21.03223886897494,-21.03449843011159
354,354,0.0007880119878088229,0.0007830248367482502,-21.034529739700712,-21.04895924315922
355,355,0.0007903787353047237,0.0007852940011377397,-21.013524538776544,-21.036391820811538
356,356,0.0007843940936451413,0.0007851312065644091,-21.05649728213266,-21.037292223897126
357,357,0.0007922369866756742,0.0007823076877301853,-21.013166971006278,-21.052938638951083
358,358,0.000787953541916555,0.0007867735081450327,-21.03379235549638,-21.02821733828948
359,359,0.0007895767273496568,0.0007828109572935654,-21.03389808591151,-21.050145659613527
360,360,0.0007893597435916669,0.0007845109089669821,-21.02978211703132,-21.040724749503546
361,361,0.000789318927419708,0.0007845088502539223,-21.02780023113146,-21.040736146271705
362,362,0.0007879605214351538,0.0007830849958975849,-21.041582351926866,-21.0486255911246
363,363,0.0007864459268940785,0.0007828247310642741,-21.035621663921273,-21.05006924499602
364,364,0.0007912379373873095,0.0007855999926840397,-21.02313045740841,-21.034699912353425
365,365,0.0007867687525822944,0.0007855427898711672,-21.04311489024773,-21.035016151797304
366,366,0.0007878174260018643,0.0007832572323662278,-21.029966124997536,-21.047670482504458
367,367,0.0007862199473521221,0.0007862711637771051,-21.041425816723454,-21.030991136113744
368,368,0.0007860035918768227,0.000783244674829276,-21.0402460809059,-21.047740111133436
369,369,0.000790999150359715,0.0007844112880871092,-21.0234019035451,-21.0412762720526
370,370,0.0007893293921970139,0.0007827506480297368,-21.026052600611482,-21.050480261336162
371,371,0.0007850588731390913,0.0007833471233760448,-21.046696418519794,-21.047172090304333
372,372,0.0007870078348487462,0.0007835659749903961,-21.035589877081993,-21.0459589273129
373,373,0.0007863026292341732,0.0007831079664787179,-21.041618894408174,-21.048498199457384
374,374,0.0007889266515909167,0.0007829023218762718,-21.04000893031305,-21.049638809033876
375,375,0.0007840031319893128,0.0007847810568484036,-21.048316869959535,-21.03922950530535
376,376,0.000784080206733389,0.0007819280604292688,-21.045611847954056,-21.05504663380287
377,377,0.0007887197821641091,0.0007814290400251354,-21.032986608237355,-21.057819152188717
378,378,0.0007865512899612796,0.0007832084911091155,-21.033246566052092,-21.04794074770968
379,379,0.0007911640868675848,0.0007804725901223719,-21.0255876152807,-21.06313806547865
380,380,0.0007859401551276906,0.0007838246988524732,-21.04694375657987,-21.044525176959112
381,381,0.0007866693915050361,0.0007871903883489339,-21.043526064553575,-21.025916792809298
382,382,0.0007864434935738208,0.000785194502800311,-21.04428203868325,-21.036942115561914
383,383,0.0007877139711858148,0.0007855439356430189,-21.040493937395496,-21.035009817297947
384,384,0.0007947523509315455,0.0007887712777837327,-21.007763637009166,-21.01720374092387
385,385,0.0007850954107479336,0.0007837564365840272,-21.049921953865336,-21.04490341481688
386,386,0.0007862706528256465,0.0007821428221895507,-21.04196530194463,-21.05385397880191
387,387,0.0007854049548881186,0.0007830952159374169,-21.04028164544843,-21.048568911735217
388,388,0.0007875514217921216,0.0007863106898424265,-21.031670802258233,-21.030772820583465
389,389,0.0007861610808044902,0.0007853012035698875,-21.03775016133544,-21.03635198907732
390,390,0.000787797794418083,0.0007830533707563422,-21.03724886233378,-21.048800985899746
391,391,0.0007876226469663155,0.0007831018179115888,-21.040580006160738,-21.04853229819438
392,392,0.0007868992451568777,0.0007862673343257292,-21.041725501150886,-21.031012288023263
393,393,0.0007836486893398783,0.0007827603962811592,-21.056181917446843,-21.050426175332532
394,394,0.0007865969595720165,0.0007829372893626752,-21.042922322986538,-21.04944484042707
395,395,0.0007849906105548143,0.0007842883351258934,-21.04912419755118,-21.041957062586476
396,396,0.0007846366905741701,0.0007834117491974643,-21.046422414548584,-21.046813813888757
397,397,0.0007873246297432282,0.0007856051792929831,-21.039741821184457,-21.03467123989633
398,398,0.0007872318071265196,0.0007825890513087966,-21.041540318027685,-21.051376942925174
399,399,0.0007913410063525758,0.0007843185418383463,-21.029354060990727,-21.041789798133806
400,400,0.0007885352140724583,0.0007829201303569502,-21.032851070399964,-21.04954002229239
401,401,0.0007868361036466031,0.0007850744969848739,-21.03988050394543,-21.03760592365529
402,402,0.0007870104193889065,0.0007837888122977395,-21.036556911664007,-21.044724018479517
403,403,0.0007870604119686045,0.0007832702708822724,-21.043030601898366,-21.04759818813926
404,404,0.0007889733587382073,0.0007838441677832682,-21.027360998063305,-21.044417306612342
405,405,0.0007887745045663155,0.000780768337120351,-21.038258202422245,-21.061492691102963
406,406,0.0007873804070842788,0.0007814960707420189,-21.037746143974587,-21.057446631838538
407,407,0.0007882120007332222,0.0007826727661794346,-21.03098522786923,-21.05091239563986
408,408,0.0007855342233015858,0.0007845868240110576,-21.047680448262128,-21.040304514561285
409,409,0.0007875243210252951,0.0007842654564515932,-21.038179769099198,-21.042083753581146
410,410,0.0007865318816068784,0.0007847522685647403,-21.04018537733879,-21.039388821358568
411,411,0.0007875640048482216,0.0007855924869593429,-21.042372971510055,-21.03474140561234
412,412,0.000789268851429032,0.0007827768843670032,-21.031469519373836,-21.0503346963906
413,413,0.0007891470617998737,0.0007855736521856958,-21.028149341995107,-21.034845530033806
414,414,0.0007889218827632745,0.0007874063755336561,-21.034160061321167,-21.02472535071788
415,415,0.0007890098753442854,0.0007821429416684335,-21.03599204653627,-21.053853315380678
416,416,0.000785842951934439,0.0007866638081491386,-21.045257186873894,-21.028822918219046
417,417,0.0007858661995941447,0.0007880871968441888,-21.045933379672345,-21.020971898949938
418,418,0.0007855897804136513,0.0007816647259077351,-21.048901048820895,-21.056509479265927
419,419,0.0007868432955931604,0.0007823222335182914,-21.042029285157717,-21.052857889434232
420,420,0.0007937029166118309,0.0007845413699550064,-21.010083523894238,-21.040556124924343
421,421,0.000784496481520767,0.0007887967758027738,-21.04710883763621,-21.017063352064635
422,422,0.0007862107343395654,0.0007837108017778711,-21.044152928958656,-21.045156293397262
423,423,0.0007881411800122599,0.0007853156850232105,-21.03001222111751,-21.03627190315294
424,424,0.0007856489704038526,0.000781278508886891,-21.04920941855886,-21.05865583903958
425,425,0.0007891098491021807,0.0007846937453570334,-21.026222248883837,-21.039712710246192
426,426,0.0007898567536048899,0.0007840268203596535,-21.03205984379244,-21.04340542480589
427,427,0.0007818938627810285,0.0007844600477255881,-21.057453332679085,-21.041006319489192
428,428,0.0007849838776686756,0.0007813865760047184,-21.049218725664318,-21.058055160705162
429,429,0.0007854762064657875,0.0007844827946667609,-21.047887040772192,-21.04088038920333
430,430,0.0007880308992978301,0.0007825876298164459,-21.042754465009818,-21.051384831443976
431,431,0.0007865420679475382,0.0007870038113507785,-21.04045617675105,-21.026946263774743
432,432,0.000786377649307827,0.0007866390331305171,-21.044692100490906,-21.028959696131025
433,433,0.0007844435935599979,0.0007834616484806725,-21.052785434761134,-21.046537199538324
434,434,0.0007888861564612112,0.0007827761368580946,-21.023245378786584,-21.050338843666225
435,435,0.0007857352275564575,0.0007826513702687072,-21.04721342292304,-21.0510311202637
436,436,0.0007852003291566117,0.0007846327498555183,-21.04609906081782,-21.040050307423364
437,437,0.0007836595681716793,0.0007845881352152087,-21.054471182211486,-21.04029725662329
438,438,0.0007871670250003179,0.0007842922718019077,-21.034803098302653,-21.04193526355795
439,439,0.0007892540138762098,0.0007831150739404716,-21.037175458595737,-21.0484587832141
440,440,0.0007895741284076009,0.0007799415003606363,-21.02905452258021,-21.066094323861982
441,441,0.0007887431858443492,0.0007868653751517597,-21.035697937198673,-21.02771026726373
442,442,0.0007873523245882435,0.0007817648675929951,-21.039443875677918,-21.05595312570121
443,443,0.0007867905342490556,0.0007829818703038128,-21.042066051566096,-21.049197557460772
444,444,0.0007890202771132984,0.0007867289578395063,-21.03172338957677,-21.028463260393586
445,445,0.0007863362258559419,0.0007849984685890377,-21.039344286294018,-21.038026524653198
446,446,0.0007855991752501385,0.0007868491137694372,-21.03814836404704,-21.027800019612847
447,447,0.0007889232353412921,0.0007827776594479617,-21.031618555121995,-21.050330396145878
448,448,0.0007876707360954936,0.000785988559456248,-21.041846889915448,-21.032552373059758
449,449,0.0007871817929439785,0.0007857355736441127,-21.03554239084277,-21.033950459923034
450,450,0.0007889889931959129,0.0007837307792598088,-21.031107573443585,-21.0450455893012
451,451,0.0007875107124342208,0.0007850998203809324,-21.03950047212637,-21.037465839703454
452,452,0.0007863090692817704,0.0007856820348503166,-21.043479418252353,-21.034246391476763
453,453,0.0007877667679345792,0.0007864706506217388,-21.033649872704903,-21.029889416359005
454,454,0.0007840571036927172,0.0007813006523065269,-21.053182908067956,-21.058532750684154
455,455,0.0007831732347636417,0.0007806521668834122,-21.050699098124824,-21.062138924360788
456,456,0.0007877829988707894,0.0007848999015741834,-21.04323525513477,-21.03857187346709
457,457,0.0007880366180504951,0.0007816569138269283,-21.028764171581344,-21.05655288355971
458,458,0.000789009074838928,0.0007839164433167561,-21.03537545000705,-21.044016877297175
459,459,0.0007868072266460003,0.0007841322007343957,-21.044571210919347,-21.042821732531003
460,460,0.0007915217219371848,0.0007839664559517251,-21.02992554646322,-21.043739813092827
461,461,0.0007887003822108135,0.0007857448378528812,-21.029281856915553,-21.033899254770006
462,462,0.0007898975787780334,0.0007838956693089322,-21.024366563368133,-21.044131968090166
463,463,0.0007871262586349141,0.0007834288653133339,-21.041109544447238,-21.046718929513087
464,464,0.0007885111707080271,0.0007844241244081212,-21.03683563011499,-21.041205203496407
465,465,0.0007879286956464507,0.0007819126844161043,-21.0381986687336,-21.055132035308016
466,466,0.0007834955863894645,0.0007861967376237245,-21.058169138432863,-21.031402246162067
467,467,0.0007901166526111055,0.0007827541435529527,-21.031417716721673,-21.050460867126034
468,468,0.0007850853552244911,0.0007813554747324241,-21.046305415533233,-21.05822802494636
469,469,0.0007894441356988067,0.0007810801739412311,-21.031433997710568,-21.05975847665895
470,470,0.0007872632188607276,0.0007868351653757456,-21.04101599288283,-21.027877007233453
471,471,0.0007884555877925656,0.0007823191668936296,-21.035462788866933,-21.052874913375543
472,472,0.0007888049831777119,0.0007838496638118828,-21.023900032808307,-21.044386855578452
473,473,0.000787359394718768,0.0007828664169401714,-21.0448181435273,-21.049837986795414
474,474,0.000788893581838491,0.0007864468865782806,-21.034445388654586,-21.03002064501783
475,475,0.0007864797953516245,0.0007841702409725832,-21.039461469612437,-21.042611050393436
476,476,0.0007868473335246066,0.0007859057391454515,-21.044941319363843,-21.033010017114243
477,477,0.0007894337621335056,0.0007830900630276455,-21.03614996398209,-21.048597489200596
478,478,0.0007875632721517888,0.0007844254356122723,-21.04059878690581,-21.041197944053028
479,479,0.0007890319438487983,0.0007875079540290722,-21.02936935910327,-21.024165130021775
480,480,0.0007844398382657505,0.0007840202153219204,-21.054579197346612,-21.0434420121196
481,481,0.0007881169608246881,0.0007825603334870385,-21.030986875968686,-21.05153631418576
482,482,0.0007889636512605723,0.0007824815448226506,-21.035594453347098,-21.051973586602344
483,483,0.0007825461384293038,0.0007849178080888171,-21.061526268892045,-21.03847279571497
484,484,0.0007871654203891294,0.0007833101645749258,-21.041067496776378,-21.04737699795721
485,485,0.000789978881078513,0.0007830766017401689,-21.01927495594863,-21.048672144893402
486,486,0.0007868366503185525,0.0007845601802201648,-21.04341781432023,-21.040451999167015
487,487,0.0007866507584526751,0.0007835132204682419,-21.044710504050883,-21.046251331142166
488,488,0.0007913746305779775,0.0007848053171887601,-21.01948276078967,-21.039095251694064
489,489,0.000784931141527888,0.0007856645357893093,-21.04947428100786,-21.03434312055966
490,490,0.0007875068767293904,0.0007875010610165957,-21.041401093396175,-21.024203143737935
491,491,0.0007865312761271891,0.0007867498237541632,-21.039131288696584,-21.028348076741892
492,492,0.000786509882111448,0.000782837778771002,-21.04588170749638,-21.04999685970228
493,493,0.0007879668378664815,0.0007829128084459194,-21.03813721295635,-21.049580637935076
494,494,0.0007877908827084088,0.0007845861255191267,-21.03043892905088,-21.040308380944417
495,495,0.0007908559145079446,0.0007877679400783228,-21.02964910404575,-21.022731596911687
496,496,0.000786192639558048,0.0007823374103999844,-21.03815550436466,-21.052773638063687
497,497,0.000787407686074562,0.0007847919141089445,-21.03927568644503,-21.03916942210528
498,498,0.0007889754470130525,0.0007878817176740421,-21.025583902838235,-21.022104389184033
499,499,0.0007870252521410969,0.0007849133904337099,-21.051063076015307,-21.038497238638996
