,epoch,train_loss,test_loss,train_dbs,test_dbs
0,0,0.0011522404815924843,0.0009486403677759594,-2.291498336646134,-3.1447648495642118
1,1,0.0008753885607446361,0.0008425144417407481,-3.4861443058634327,-3.660007323755092
2,2,0.0008344904065957849,0.0008334704111085126,-3.694220548259277,-3.706878997048003
3,3,0.0008307907792749171,0.0008318886026053837,-3.7116674687863926,-3.7151291209584567
4,4,0.000830539711030949,0.0008319878834299743,-3.714855171460074,-3.7146108479413003
5,5,0.0008302663900582216,0.0008317522220558634,-3.7148387236088674,-3.715841165521806
6,6,0.0008299565818832861,0.0008316354789329987,-3.7170449723389014,-3.7164507755858143
7,7,0.0008291818247147903,0.0008303998344528832,-3.7203029183216776,-3.722908324036874
8,8,0.0008289296901304775,0.0008296125574576619,-3.722859484472557,-3.727027691844663
9,9,0.0008285051534557235,0.0008290759839215561,-3.7253089601725735,-3.7298375133172468
10,10,0.0008269985327641144,0.0008289208911408327,-3.730752656843533,-3.73065001109768
11,11,0.0008254724527113908,0.0008275308983253413,-3.7375423107054324,-3.737938679022497
12,12,0.0008242856231086032,0.0008259654890647844,-3.7439565931650876,-3.7461618455450134
13,13,0.000823137897652449,0.000824829928062268,-3.7510736687865447,-3.7521367586072616
14,14,0.0008221027818172402,0.0008235239227743525,-3.75751149372414,-3.7590186669824037
15,15,0.0008215287060611258,0.0008222470151897715,-3.7620036959485565,-3.7657578068756656
16,16,0.0008208610881936074,0.0008218316728935429,-3.764767266995146,-3.7679521163390506
17,17,0.0008200569325558765,0.0008213602704927325,-3.767752416456402,-3.7704439429070713
18,18,0.0008202891739219735,0.0008216434813986876,-3.7668092086155203,-3.7689467225294826
19,19,0.0008197606351591416,0.0008210483632099471,-3.769156182380604,-3.7720934667908104
20,20,0.000819812960245829,0.0008211370410495683,-3.7696979077363553,-3.7716244296607497
21,21,0.0008199053892107277,0.000821378324058299,-3.7690984237046496,-3.7703484856757075
22,22,0.0008204329066391382,0.0008215155746591719,-3.7686882279670053,-3.769622849299771
23,23,0.0008195979561483891,0.0008217404982516248,-3.770050577728039,-3.768433952727015
24,24,0.000820263129894228,0.000821704731175774,-3.7693519340942396,-3.768622987851522
25,25,0.000819906525160234,0.000821825285368648,-3.7690940855174064,-3.767985871153897
26,26,0.0008202233422576383,0.0008211138560191581,-3.7699627773056514,-3.77174705563451
27,27,0.0008197996997005623,0.0008212515753448793,-3.7709762310834574,-3.771018706849153
28,28,0.0008200503310870341,0.0008216738198442679,-3.7684108924875037,-3.7687863661637753
29,29,0.0008198163932976648,0.0008213871563049523,-3.7691715768230774,-3.770301786423377
30,30,0.0008200143467510099,0.0008215593008667623,-3.7705538227039255,-3.7693916967094854
31,31,0.000819994597551749,0.0008211333586491252,-3.7690866380103127,-3.771643905700663
32,32,0.0008197698943777798,0.0008208534441349146,-3.7707128548429085,-3.7731246158975758
33,33,0.0008196218290903903,0.0008214093855042991,-3.7694756396884754,-3.770184254904794
34,34,0.0008197336784112699,0.0008216284822035385,-3.770490681800618,-3.7690260042044663
35,35,0.0008192641244116287,0.0008213325575190155,-3.7708514673473283,-3.7705904778082813
36,36,0.0008200029224474175,0.0008207741009659673,-3.770957790809226,-3.7735444224557706
37,37,0.0008199119132693819,0.000821105639548286,-3.7709173155249576,-3.7717905135032077
38,38,0.000819661926367733,0.0008215343297802304,-3.7696872811059805,-3.769523701421651
39,39,0.0008202034526398962,0.0008216747021498648,-3.770383178441711,-3.7687817027530994
40,40,0.0008192854056125219,0.0008209728954457923,-3.7719501961884125,-3.7724926727497383
41,41,0.0008197649359251804,0.000821052345839378,-3.769713676392205,-3.772072400677437
42,42,0.0008198898501655797,0.0008206150133015686,-3.7704194143523386,-3.7743862812740483
43,43,0.0008202194819495696,0.0008207769133150578,-3.770942305792102,-3.7735295415573944
44,44,0.0008191480061288961,0.0008208696136104041,-3.772732828538733,-3.7730390678028773
45,45,0.0008193460291914028,0.0008213501454232947,-3.772623507833201,-3.7704974795711497
46,46,0.0008193513206878351,0.000820981890061184,-3.772257093273365,-3.772445091514664
47,47,0.0008190482093942995,0.0008204910126024563,-3.7720521643026017,-3.775042580362944
48,48,0.0008194912309019067,0.000821507394951033,-3.7719481154217553,-3.769666091569344
49,49,0.000819159950700963,0.0008208473752203741,-3.772459851907557,-3.7731567252327847
50,50,0.0008193303857325125,0.0008204463091188748,-3.7718769738770472,-3.7752792070273404
51,51,0.000819411858455422,0.0008201673933255829,-3.7727862014972517,-3.776755868973158
52,52,0.0008185820104362271,0.0008207423073288641,-3.7730812183354545,-3.7737126547205895
53,53,0.0008195139018857141,0.0008205167587699467,-3.772199277366105,-3.7749063053413723
54,54,0.0008193522940159382,0.0008201072157948817,-3.7725789434227996,-3.7770745323162895
55,55,0.0008194219931892897,0.0008207538201914806,-3.7722309160294545,-3.7736517350190866
56,56,0.0008187830957017609,0.0008204053094806639,-3.7738679048986783,-3.775496239651581
57,57,0.0008185949223356072,0.0008208530244270438,-3.7743343615599474,-3.7731268364749537
58,58,0.0008188035049878983,0.0008211269282343748,-3.7755668212439364,-3.771677916066313
59,59,0.0008190071669925657,0.000820475094338977,-3.7738009127321877,-3.775126838215212
60,60,0.0008192990268052546,0.0008202537060960344,-3.7728715783946494,-3.7762988502238546
61,61,0.0008193864145066551,0.0008206720905084359,-3.774101832355899,-3.7740842217996597
62,62,0.0008192154994119227,0.0008204312241440149,-3.7734747522314276,-3.7753590584630348
63,63,0.0008193443093650503,0.0008208280012599731,-3.773326478297603,-3.7732592303225925
64,64,0.0008184827717750804,0.000820566262853773,-3.7753667643631488,-3.774644291169503
65,65,0.0008188032085488829,0.0008200436867283363,-3.7756260886898962,-3.7774109687138493
66,66,0.0008189064317344467,0.0008205146847390815,-3.7760948551157147,-3.7749172830732567
67,67,0.0008186085477288928,0.0008201594587023321,-3.7747626542738777,-3.776797884539623
68,68,0.0008188383995804974,0.0008208650642221695,-3.775587337237296,-3.7730631371513903
69,69,0.0008185699566497861,0.0008208396366650337,-3.775230960939468,-3.7731976686264757
70,70,0.0008187529561349872,0.0008206401345025944,-3.7759536398053783,-3.774253334254815
71,71,0.0008185774924415979,0.0008205822699605242,-3.7758049677189334,-3.7745595724740957
72,72,0.0008186071009384756,0.0008201532672453476,-3.7753346164488057,-3.776830669941588
73,73,0.0008190744484477129,0.0008198698480172377,-3.7750283804618308,-3.778331714736789
74,74,0.0008182406069029161,0.0008204444158381145,-3.775406921245029,-3.7752892289181874
75,75,0.0008191764006660003,0.0008202107580329635,-3.7751125703595885,-3.776526250538975
76,76,0.0008184666338511119,0.0008202934895004881,-3.776763598262561,-3.7760882166855403
77,77,0.0008187962260298891,0.0008204336229123568,-3.7758730138238707,-3.7753463606243787
78,78,0.0008187044109457854,0.0008207277860492468,-3.7763805462533115,-3.773789494519665
