,epoch,train_loss,test_loss,train_dbs,test_dbs
0,0,0.00024962306926362986,0.0002325561432180142,-8.934009035077736,-9.250502699778702
1,1,0.0002145260356705079,0.00020385699003542724,-9.59104034611695,-9.822524787968943
2,2,0.0001913881206587341,0.0001875024455856826,-10.089343358358022,-10.185711497444398
3,3,0.0001807646644685763,0.0001806140636816915,-10.333853986947743,-10.348265222908283
4,4,0.00017366376099387933,0.0001742667487920507,-10.50884233236123,-10.503635574722633
5,5,0.00017011485010932784,0.00017112879830069448,-10.602058464656226,-10.582549856666002
6,6,0.00016631492468787684,0.00016838637192880638,-10.697123037657017,-10.652711466441449
7,7,0.00016260113880355102,0.00016213438204048494,-10.796893075833566,-10.817029656982049
8,8,0.00015181554112338568,0.00014830352723181836,-11.093505943335177,-11.204266059731244
9,9,0.00014260735050127026,0.00014305422787162426,-11.3665862986567,-11.360773887151812
10,10,0.00013734234358032818,0.00013973862989683097,-11.529592327145739,-11.46261605540085
11,11,0.00013334497379753548,0.00013354059046832845,-11.658427324852907,-11.65964794132584
12,12,0.00013052103880459211,0.00013157069272557763,-11.751213327341262,-11.72418925051678
13,13,0.00012768411412703105,0.00012918111813058587,-11.847511348055972,-11.80379047057082
14,14,0.00012593527358102123,0.00012708594218374376,-11.906548937230792,-11.874805733008799
15,15,0.00012312960544224233,0.00012504722843387803,-12.002703136935011,-11.945040159247704
16,16,0.00012220904670929363,0.00012449168532743658,-12.03763317690138,-11.964377400125585
17,17,0.00012052596964364507,0.00012278077874246888,-12.094148029433217,-12.024477027430658
18,18,0.00012019635091137294,0.0001226946474880127,-12.10816311827296,-12.027524691356874
19,19,0.00011965900208901844,0.00012145354565674145,-12.127717461325492,-12.071678884161848
20,20,0.0001181041129946363,0.00012030265650920276,-12.183893740545708,-12.113028688421316
21,21,0.0001176609292406752,0.00011921255951931111,-12.199978291970268,-12.15256073854902
22,22,0.00011640607408480719,0.00011882792635955603,-12.2483311747506,-12.166595679168564
23,23,0.00011609706671526848,0.00011963771172112932,-12.2595402304832,-12.137099885248354
24,24,0.00011562901688859674,0.00011778839574330242,-12.27589397628389,-12.20475579517614
25,25,0.00011463788511728407,0.0001178156143348468,-12.314752514407953,-12.203752341613397
26,26,0.00011487027657813556,0.0001155754526782977,-12.305194532996238,-12.287124831984737
27,27,0.00011430922298591354,0.00011593386749920778,-12.326787130001515,-12.27367762362221
28,28,0.00011378014490209981,0.00011586478764289303,-12.345542772858595,-12.27626616334242
29,29,0.00011341433795697066,0.00011551946112089546,-12.361111655392914,-12.289229320092158
30,30,0.00011303332141005271,0.00011461656303206262,-12.375664727293449,-12.323307050519618
31,31,0.00011229164562051271,0.00011465288691014346,-12.403698717388636,-12.321930917768587
32,32,0.00011227106456176771,0.00011500139111089276,-12.404312677857213,-12.30874992512245
33,33,0.000111762936435251,0.00011428489118483604,-12.422435837383743,-12.335892672079197
34,34,0.00011115217500080634,0.0001132876721768346,-12.447383698566473,-12.373954332770552
35,35,0.00011357035046532154,0.00011496939336403127,-12.355533563146746,-12.309958465156498
36,36,0.0001112636091420427,0.00011342030024695162,-12.444801310329963,-12.368872937092
37,37,0.00011083986059601717,0.00011376541461734297,-12.458742924280992,-12.355678323859756
38,38,0.0001108495287684791,0.00011271463881712407,-12.460366147258545,-12.395977626097327
39,39,0.00011092927708943403,0.0001127492114870907,-12.457085451701385,-12.394645730107033
40,40,0.00011034397910632309,0.00011363973929914401,-12.480866742047827,-12.360478575905224
41,41,0.00011164850287425053,0.00011285168607412886,-12.429374233913034,-12.390700342368962
42,42,0.00011069547139244999,0.00011211607680276134,-12.465246543734567,-12.419101939281784
43,43,0.0001100767040043138,0.00011135266188495352,-12.492136886545016,-12.448774830257952
44,44,0.00010909923198080823,0.0001121384924963901,-12.52892287831315,-12.418233728469952
45,45,0.00010912768007496122,0.00011145513532315625,-12.528399669033622,-12.44478002824037
46,46,0.00010959149056867955,0.00011180446630245761,-12.510464401398416,-12.431189334772005
47,47,0.00010864102554966014,0.00011133201692964097,-12.545916271247375,-12.449580093578696
48,48,0.00011001245302301784,0.00011130637339144749,-12.49222571259274,-12.45058053623974
49,49,0.00010941032334962936,0.0001110897696650538,-12.51672504986367,-12.459040200295428
50,50,0.00010853769735027508,0.0001101684013663448,-12.553418511371277,-12.495210388182986
51,51,0.00010836706316751457,0.00011431566350725724,-12.55907898896999,-12.334723449202937
52,52,0.0001091769110794256,0.0001108672314378629,-12.525673724272151,-12.467748838093378
53,53,0.00010932719020818639,0.00011532586435542295,-12.521241579261622,-12.296513680431433
54,54,0.00010925118570496837,0.00011149545408491241,-12.522388351169164,-12.443209257247098
55,55,0.00010828580362266217,0.00011160357175149808,-12.562647840208086,-12.438999923791318
56,56,0.00010848089072375664,0.00011013752564873644,-12.553159650638445,-12.49642770939187
57,57,0.00010747607782682327,0.00011024955280223175,-12.594122205567002,-12.492012497836026
58,58,0.00010787594300447531,0.00011044727580156177,-12.575967321538048,-12.484230779261097
59,59,0.00010798421983016636,0.00011078703621598451,-12.5711285852545,-12.470891420839482
60,60,0.0001075062035167705,0.00010915273703990112,-12.593396289495997,-12.535434560726937
61,61,0.00010719236453632661,0.00010838367636192982,-12.606229756754386,-12.566142081823916
62,62,0.00010671750876390058,0.00010830517758701095,-12.623970867793934,-12.569288675259942
63,63,0.00010661788492705961,0.00010863319613762494,-12.627287102556195,-12.556155290639069
64,64,0.00010619721066065075,0.00010758353509070156,-12.647673288765361,-12.598322756517797
65,65,0.00010605758428393584,0.0001082928344993362,-12.651152516143977,-12.569783650705094
66,66,0.00010585087875369936,0.00010931029139196893,-12.660368940752825,-12.529170343110147
67,67,0.00010708355911606538,0.00010948131162685489,-12.611052722780855,-12.52238094549098
68,68,0.00010640534902946812,0.00010800819099562145,-12.636986939477445,-12.581213940880492
69,69,0.00010607621718627717,0.00010789495488432677,-12.649867744234468,-12.585769485691682
70,70,0.00010775941749314595,0.00011122774058573046,-12.58219278720139,-12.453649710168214
71,71,0.00010673169853146544,0.00010907555291563959,-12.625490525253822,-12.538506631782608
72,72,0.00010815553247722193,0.00010858448206961744,-12.565576339575104,-12.558103221530882
73,73,0.00010677466081088102,0.00011041085350658058,-12.622639921389602,-12.485663192178976
74,74,0.00010665746426123395,0.0001083774829902196,-12.626832757986591,-12.56639025794245
75,75,0.00010690495528439155,0.00010924891524298705,-12.618787767321034,-12.531609528714306
76,76,0.00010667022824114592,0.00010850786049176302,-12.626779034078673,-12.561168859816048
77,77,0.00010575713224039346,0.00010803661701318465,-12.663454560028843,-12.58007109808272
78,78,0.00010552146119790479,0.000107863507429628,-12.67305537453959,-12.587035480637683
79,79,0.00010553065523296383,0.00010778757898247262,-12.673305093542883,-12.59009368985242
80,80,0.00010554061901933255,0.00011467048783455731,-12.674106253820732,-12.321264262276285
81,81,0.00010674128494316654,0.00010885593885751932,-12.621894018065444,-12.547259584841317
82,82,0.00010611221517409803,0.00010813408344371342,-12.646910771491234,-12.576154828604169
83,83,0.00010559615032800194,0.00010794984049617166,-12.671277467518365,-12.583560813591728
84,84,0.00010436706953938839,0.00010670340691974975,-12.721782790687378,-12.633998001477549
85,85,0.00010469062709892841,0.00010673580637606057,-12.706871288380366,-12.632679508499313
86,86,0.00010416730227232095,0.00010586230507071473,-12.7282928096706,-12.668367401395212
87,87,0.00010382049195240396,0.00010496747831654687,-12.744442115874522,-12.705233222620292
88,88,0.00010315649661165902,0.00010557340398296027,-12.775851549338476,-12.680235616738004
89,89,0.00010256637174326485,0.00010485189972984556,-12.795663843534548,-12.71001782812002
90,90,0.00010239816555506117,0.00010921940089534281,-12.804354397431117,-12.532782963711508
91,91,0.0001027030281040856,0.00010422445063197397,-12.793869986493933,-12.736084716936508
92,92,0.00010392298926743343,0.0001048548606616494,-12.741357906942309,-12.709895188645604
93,93,0.00010273511905268737,0.00010513254183981764,-12.791323359670441,-12.698409216414513
94,94,0.00010229525981127697,0.00010405922665469054,-12.808021642657563,-12.742974923370188
95,95,0.00010131192584126016,0.0001037881451530235,-12.850910420255293,-12.754303357889192
96,96,0.00010142224818616913,0.00010708198456804415,-12.843786642172654,-12.618616748872668
97,97,0.0001012280579781179,0.00010316895886238566,-12.853228952711813,-12.780290384807882
98,98,0.00010111525430663288,0.00010394734157384129,-12.859925700135443,-12.747646994864873
99,99,0.00010132837108067554,0.00010268668694678988,-12.851091698092372,-12.800639441943279
100,100,0.0001009558419008096,0.00010224462005824439,-12.867307575630477,-12.819376209001888
101,101,0.00010000054632102322,0.00010255527855693607,-12.906976365596762,-12.806200677555843
102,102,0.0001013177100775437,0.0001029797514140802,-12.850191261929966,-12.788262471918932
103,103,0.0001009021445835182,0.00010293889346557032,-12.869514383028516,-12.789985908067509
104,104,0.0001006248585889404,0.00010249879031969038,-12.879506616112298,-12.808593464051935
105,105,0.00010001646836657922,0.000101602765330187,-12.905565773343426,-12.84672557993175
106,106,0.00010083824269816799,0.0001069640439757342,-12.872763751165873,-12.62340272448406
107,107,0.00010126618422104584,0.00010426558506687318,-12.852095622583882,-12.734371017932634
108,108,0.00010036256901809427,0.00010168862316181491,-12.892674526042997,-12.843057191910226
109,109,9.965550405880647e-05,0.00010134155194177048,-12.921644206763583,-12.85790535548397
110,110,9.905074753968966e-05,0.00010106343152552941,-12.950047419479496,-12.869840460640727
111,111,9.878227820550332e-05,9.991051430054205e-05,-12.959620359534078,-12.919668917712904
112,112,0.00010017774934333163,0.00010121192654447728,-12.902037303029656,-12.863463947009016
113,113,9.905016096248819e-05,0.0001009337295392087,-12.949152114797698,-12.875417654339426
114,114,9.860874586630631e-05,0.00010025801288736004,-12.968335232288918,-12.904589936770632
115,115,9.946494732896998e-05,0.00010114031695258363,-12.929747487904928,-12.866537760411978
116,116,9.930117122382501e-05,0.00010186943032558223,-12.936892495132291,-12.835342088251284
117,117,9.88154860511038e-05,0.00010059127663752358,-12.960985775909613,-12.890177663679289
118,118,9.88589467711209e-05,0.00010101197097499512,-12.956856993131378,-12.872052410570241
119,119,9.852288656606405e-05,0.00010110061434955385,-12.96845457599138,-12.868242916882878
120,120,9.819748121332953e-05,0.00010125596332057428,-12.986917137296846,-12.861574765551744
121,121,9.850266930519978e-05,0.00010096047595939844,-12.972743000633349,-12.87426697022362
122,122,9.814804145639052e-05,9.933801706402416e-05,-12.987806639594577,-12.944625997520802
123,123,9.750655927868156e-05,0.00010088788564500742,-13.016090188749466,-12.877390659124352
124,124,9.934009992236694e-05,0.00010078293838121586,-12.936701462181475,-12.881910700324148
125,125,9.825462710950043e-05,0.00010432778646262657,-12.98305993275408,-12.731780933353727
126,126,0.00010037725272566829,0.00010312026815403155,-12.893786875494301,-12.78234052641311
127,127,9.992364695002853e-05,0.00010103770182467997,-12.909734615531754,-12.870946270091181
128,128,9.989506841370759e-05,0.0001023632947563831,-12.911414855770387,-12.814338302978614
129,129,0.00010000764908084224,0.000102176490288816,-12.908481416440218,-12.822271055229988
130,130,9.952597843648713e-05,0.00010141677308925672,-12.92604711749609,-12.854682984144155
131,131,9.890009996243608e-05,0.00010133059894494516,-12.954411366338308,-12.858374766408495
132,132,9.929212360803671e-05,0.00010071674018706147,-12.938420925588098,-12.884764254401436
133,133,9.916185988857382e-05,0.00010075776241903536,-12.943133592555569,-12.882995720021416
134,134,9.816794990161049e-05,0.00010075728833295503,-12.989317142257374,-12.883016154521751
135,135,9.808633541004233e-05,0.00010076149996357823,-12.991089004691226,-12.88283462425798
136,136,9.803221211168608e-05,9.948974605465896e-05,-12.992706855376158,-12.937997639877468
137,137,9.740997701715293e-05,9.958915439998044e-05,-13.022208654113863,-12.93366041485584
138,138,9.720416350431798e-05,9.946647256392201e-05,-13.031418256042496,-12.93901369745214
139,139,9.709733541930076e-05,9.847312742893241e-05,-13.034490791999826,-12.982603553388255
140,140,9.672200004510178e-05,9.891510624009625e-05,-13.053772911399758,-12.963154645413077
141,141,9.685889381216839e-05,9.90290002511373e-05,-13.047432129503198,-12.958156916826724
142,142,9.840120832656616e-05,0.0001001097189146094,-12.975574080267913,-12.911018443521208
143,143,9.745593481581927e-05,9.973814571582664e-05,-13.020249173629999,-12.927167965669339
144,144,9.757348098648116e-05,9.860277465409844e-05,-13.015027643694342,-12.97688950291217
145,145,9.714691904517486e-05,9.942941151645133e-05,-13.030863648795783,-12.940632173236168
146,146,9.681233630957293e-05,9.822921588477727e-05,-13.048337635981891,-12.993374090251947
147,147,9.629494678913183e-05,9.864131042329398e-05,-13.073050195360988,-12.975192532164087
148,148,9.557574868295822e-05,9.833483674906587e-05,-13.105685826145166,-12.988706852032703
149,149,9.587570101073127e-05,9.853006064842798e-05,-13.090198251322784,-12.98009336215799
150,150,9.543760997704086e-05,9.768439715691401e-05,-13.111523310500953,-13.017528856571834
151,151,9.830232116168115e-05,9.902640656372042e-05,-12.98028037252148,-12.958270665211698
152,152,9.674262400949374e-05,0.00010020376181560813,-13.052304536069137,-12.906940603545811
153,153,9.659375206593751e-05,9.842953754981097e-05,-13.057494177598503,-12.98452641657353
154,154,9.650814667411302e-05,9.945972583648797e-05,-13.062761094276215,-12.939308285748723
155,155,9.589976575297601e-05,9.778746416008002e-05,-13.08972501538927,-13.012949022462939
156,156,9.572902385603887e-05,9.763385146231342e-05,-13.09803680720307,-13.019776646206875
157,157,9.502217222482792e-05,9.784068702413749e-05,-13.129213034975777,-13.010585927315168
158,158,9.711140179562565e-05,9.943316974003162e-05,-13.034639111501985,-12.940468022117084
159,159,9.755350758271176e-05,9.854589236630617e-05,-13.013392393612556,-12.9793955979079
160,160,9.698273226097899e-05,9.8655783451824e-05,-13.03992717466776,-12.974555365512025
161,161,9.66337435793602e-05,9.871256157853885e-05,-13.055879207793897,-12.972056643865297
162,162,9.645295486012569e-05,9.947014462484635e-05,-13.065472520298284,-12.938853369422102
163,163,9.579741583234564e-05,9.839716489965979e-05,-13.096389046933886,-12.985955009673658
164,164,9.59427803142726e-05,9.736093986583383e-05,-13.087878555698694,-13.03193328659516
165,165,9.518802932886042e-05,9.75636043892193e-05,-13.12235204781949,-13.022902498170323
166,166,9.478631883333965e-05,9.726039034400233e-05,-13.139702271118232,-13.036420780985178
167,167,9.465625906571957e-05,9.686783864469219e-05,-13.1453474358456,-13.053984766411595
168,168,9.480695097380769e-05,9.792472510047159e-05,-13.139168780657588,-13.006857252809546
169,169,9.476291815349448e-05,9.709409986451072e-05,-13.141334000082734,-13.04385246472777
170,170,9.52578668204165e-05,9.780623651366975e-05,-13.119389965544983,-13.012115383181783
171,171,9.496022832217463e-05,9.703422103101682e-05,-13.133766514201039,-13.046531625364812
172,172,9.52314491684971e-05,9.849395696380127e-05,-13.121138303146274,-12.981685008838967
173,173,9.483445281842148e-05,9.769174932061058e-05,-13.138218364396106,-13.017201999462351
174,174,9.487974047888857e-05,9.714129976744421e-05,-13.137634916747047,-13.041741762164516
175,175,9.499758203842764e-05,9.739905975660996e-05,-13.128775223389058,-13.030233218977754
176,176,9.468945903528347e-05,9.652824940674596e-05,-13.144840716835478,-13.069236562372481
177,177,9.477944117814744e-05,9.80322553292162e-05,-13.138906392869973,-13.002090921998917
178,178,9.479673012860657e-05,9.811741658363884e-05,-13.140521031683225,-12.998319815493266
179,179,9.472131962856739e-05,9.613297228689159e-05,-13.141730794503745,-13.087057160761207
180,180,9.486339950319572e-05,9.684314442749478e-05,-13.134274227201246,-13.055092040986507
181,181,9.412897379286395e-05,9.712275220265023e-05,-13.168149121164411,-13.042571056620753
182,182,9.38751329589856e-05,9.57549908841764e-05,-13.183293782235868,-13.104166670608839
183,183,9.370720363222063e-05,9.557752912913106e-05,-13.189049747449229,-13.112222873815703
184,184,9.385973080685458e-05,9.645324002792079e-05,-13.18268637565428,-13.072612654146951
185,185,9.342530235520939e-05,9.571052827308641e-05,-13.2016265997174,-13.106183730085604
186,186,9.3229128436075e-05,9.555988914431317e-05,-13.211587845590355,-13.11302449059574
187,187,9.292286290239888e-05,9.58356751269955e-05,-13.227247609501598,-13.10050879684767
188,188,9.282395878528274e-05,9.890134280890619e-05,-13.231551694053195,-12.963758981630441
189,189,9.271066837473628e-05,9.460004864530147e-05,-13.235003145175401,-13.156867266028055
190,190,9.389150318852866e-05,9.661371318782728e-05,-13.179138828185303,-13.065393125094527
191,191,9.377419494918173e-05,9.582316124578938e-05,-13.186180221420692,-13.101075920145044
192,192,9.354584201985548e-05,9.536602470018949e-05,-13.19830636734312,-13.121844067316374
193,193,9.298680971866262e-05,9.562185694353263e-05,-13.221286971074047,-13.110209130369162
194,194,9.276592949784562e-05,9.471401541591867e-05,-13.232374062851608,-13.151638373412613
195,195,9.254773658071405e-05,9.56640881333059e-05,-13.243976259284501,-13.108291501452582
196,196,9.252543089498487e-05,9.378565798550354e-05,-13.244443298239455,-13.19441656626668
197,197,9.271436313601672e-05,9.495116644661481e-05,-13.233835472080377,-13.140777820445377
198,198,9.308168213015192e-05,9.524763261556233e-05,-13.219643585364931,-13.127238962560558
199,199,9.232813557825944e-05,9.453493801533783e-05,-13.25329684921275,-13.159857425482183
200,200,9.252712169251664e-05,9.550731154281254e-05,-13.244776864208653,-13.115414661456848
201,201,9.252030554541972e-05,9.491690702577073e-05,-13.245168901161223,-13.142345085264065
202,202,9.23315398263044e-05,9.46690427219054e-05,-13.254937524287138,-13.153701007040508
203,203,9.237695815396907e-05,9.56633444538487e-05,-13.252181056204225,-13.108325263039218
204,204,9.236445138290928e-05,9.52252892985646e-05,-13.251134297964395,-13.128257855873741
205,205,9.279106838146186e-05,9.536100199176489e-05,-13.230759815188309,-13.122072806220489
206,206,9.261366185736987e-05,9.517852135774631e-05,-13.240163174024422,-13.130391327779144
207,207,9.2170931463077e-05,9.438952761947324e-05,-13.2620293212535,-13.16654273696827
208,208,9.487063713076514e-05,9.541317405436482e-05,-13.13537427156013,-13.119697428176027
209,209,9.281553465155309e-05,9.556530896684547e-05,-13.23119370856903,-13.112778180947135
210,210,9.296537332234366e-05,9.553015153965374e-05,-13.223628214538422,-13.114376196594296
211,211,9.264121628390414e-05,9.504325020028965e-05,-13.238662580295578,-13.136568068397814
212,212,9.251629206719184e-05,9.552797526243682e-05,-13.244615524132438,-13.114475134566971
213,213,9.248988971728639e-05,9.464813276855766e-05,-13.245943837840082,-13.154660357650844
214,214,9.279608849217616e-05,9.552555772978322e-05,-13.233364882915595,-13.11458504314337
215,215,9.290804470212381e-05,9.596127117555098e-05,-13.227192156133041,-13.094820940009
216,216,9.239440334999224e-05,9.489165600634326e-05,-13.248682455159397,-13.143500605150976
217,217,9.289909332400169e-05,9.507989958173742e-05,-13.228722929370116,-13.134893719498866
218,218,9.265877121937049e-05,9.491091661498343e-05,-13.239189665683446,-13.142619186531226
219,219,9.204428982032827e-05,9.462287715378854e-05,-13.267326951733665,-13.155819370243517
220,220,9.218407094240975e-05,9.405818663684553e-05,-13.260431541038542,-13.181814846713939
221,221,9.174092806882906e-05,9.462847657759037e-05,-13.281317360160408,-13.155562378807343
222,222,9.205718641769448e-05,9.424346085564282e-05,-13.26726421680149,-13.17326860212184
223,223,9.162043753564933e-05,9.488284214105653e-05,-13.287285514945745,-13.143904011625331
224,224,9.16649640709421e-05,9.420156091341356e-05,-13.284619886361996,-13.17519987245536
225,225,9.190126182091393e-05,9.443818807516149e-05,-13.272575055042754,-13.164304403704284
226,226,9.232941997230303e-05,9.590421196710515e-05,-13.253990782171545,-13.09740405185324
227,227,9.304030210898287e-05,9.588533277182203e-05,-13.222734245130553,-13.09825906513062
228,228,9.316772632972942e-05,9.531890023744812e-05,-13.213672558573247,-13.123990633916181
229,229,9.312435757181578e-05,9.496555446132429e-05,-13.21534909116882,-13.14011978092406
230,230,9.239579395801501e-05,9.518709320170609e-05,-13.25219409945906,-13.130000216753908
231,231,9.1997870260888e-05,9.526604117127135e-05,-13.268610443675136,-13.126399680630794
