,epoch,train_loss,test_loss,train_dbs,test_dbs
0,0,0.00010601106736168131,0.00011200160952284932,-29.74085279613556,-29.51647879211954
1,1,0.00010592458622959759,0.00010891878130343302,-29.751051236308797,-29.63769369613338
2,2,0.00010268650267911671,0.00010588407358706096,-29.881858950529676,-29.760415017807773
3,3,9.791147089551309e-05,0.00010302274466467727,-30.095754226990202,-29.879390270816284
4,4,9.661124406812098e-05,0.00010042753312614207,-30.146936924980245,-29.99019348034996
5,5,9.485651652230256e-05,9.770190923805593e-05,-30.230050909449773,-30.109690924198475
6,6,9.256229044619909e-05,9.562102403785837e-05,-30.335359110741713,-30.203187525792178
7,7,9.01613158705529e-05,9.290042400703227e-05,-30.45028211445,-30.32854446807677
8,8,8.794240135646704e-05,9.045136041669666e-05,-30.55892357322727,-30.444570398007205
9,9,8.56663958534368e-05,8.853505967540274e-05,-30.667258628443918,-30.537568586182786
10,10,8.422634537336561e-05,8.653010292236056e-05,-30.749535475031394,-30.63704922687712
11,11,8.153573795312958e-05,8.462604493711536e-05,-30.887222883186666,-30.733680987054576
12,12,7.928563650942302e-05,8.273248615870743e-05,-31.002974197081254,-30.83196067648266
13,13,7.715101216406052e-05,8.105011702833795e-05,-31.11368924035225,-30.921184967070698
14,14,7.498655759263784e-05,7.968002740342759e-05,-31.244101150848284,-30.99522668192723
15,15,7.488409556975329e-05,7.79054056405776e-05,-31.259756270980837,-31.093045497595135
16,16,7.269232600330874e-05,7.611284577012014e-05,-31.37613563902058,-31.194141829634937
17,17,6.982119944931929e-05,7.485316995084041e-05,-31.5495064073915,-31.26661945999844
18,18,6.964910283658327e-05,7.319283873872145e-05,-31.559378299989568,-31.364035516440936
19,19,6.757339222006231e-05,7.185764920187036e-05,-31.70221137161044,-31.4439913766293
20,20,6.644180266261005e-05,7.033112533941963e-05,-31.77570354097789,-31.537245765338113
21,21,6.51982129769299e-05,6.911386050265527e-05,-31.861410201019353,-31.6130699087562
22,22,6.532740379268419e-05,6.777522101305964e-05,-31.851502138287763,-31.698012004935233
23,23,6.449318742355543e-05,6.66407988893824e-05,-31.903049314433698,-31.77131948221422
24,24,6.243573904809178e-05,6.513323425774855e-05,-32.047413424446454,-31.870694989214797
25,25,6.0570595395024e-05,6.403569051671136e-05,-32.18113916133529,-31.944500459532833
26,26,5.9527876746682356e-05,6.302250844064953e-05,-32.25346368134161,-32.01376457869951
27,27,5.901000772563251e-05,6.174402293062915e-05,-32.29090842969634,-32.10277220453677
28,28,5.7117254588784186e-05,6.0792969873689705e-05,-32.43594850537095,-32.17018782802625
29,29,5.4984224353228054e-05,5.953543912159818e-05,-32.591315255455505,-32.260965817255816
30,30,5.593567293919815e-05,5.873185613094584e-05,-32.52240761697363,-32.31998416694139
31,31,5.5000103155592665e-05,5.794093828482897e-05,-32.59734999047455,-32.3788661916112
32,32,5.3754984168635836e-05,5.6632478318581557e-05,-32.695195020701206,-32.47806575577641
33,33,5.159582686940563e-05,5.5665051101976515e-05,-32.87052067955742,-32.55289530871885
34,34,5.167083505399467e-05,5.4819221603745396e-05,-32.86832683470519,-32.61939278413951
35,35,5.0739460009973516e-05,5.395902859929361e-05,-32.94153506271969,-32.68808020312936
36,36,5.05814091458475e-05,5.321660367036728e-05,-32.95404755072566,-32.74824988919585
37,37,5.041992459230163e-05,5.2293659743889676e-05,-32.972966891594155,-32.82423106209288
38,38,4.9230798449758534e-05,5.132049754090411e-05,-33.07907715458317,-32.90581284857743
39,39,4.8170854609349225e-05,5.0798004323089694e-05,-33.173083030499825,-32.95025492270875
40,40,4.818460901961518e-05,4.976032754424714e-05,-33.17811201324914,-33.039889125617904
41,41,4.647018007763671e-05,4.912202099436208e-05,-33.3310346904756,-33.09595916582997
42,42,4.500260990060213e-05,4.839581168581437e-05,-33.47022386062513,-33.160643648061345
43,43,4.429878210486873e-05,4.7870012311154585e-05,-33.5333364558756,-33.20808603796938
44,44,4.5203177898056496e-05,4.696016664016306e-05,-33.45586954131545,-33.29142513615388
45,45,4.279751693061793e-05,4.654477015719749e-05,-33.685142327592445,-33.33001252915375
46,46,4.3018321053919466e-05,4.5492687556696565e-05,-33.669095336613154,-33.42930548708654
47,47,4.169137111565544e-05,4.492559597374087e-05,-33.79828266923321,-33.48378295889517
48,48,4.0751513824006065e-05,4.433123352722951e-05,-33.89586000875958,-33.54162327154435
49,49,4.104644424082788e-05,4.375275143262881e-05,-33.87422319096798,-33.598667737391224
50,50,3.935042065874308e-05,4.306430913091294e-05,-34.044940094720026,-33.66754658631326
51,51,4.035813632522009e-05,4.248168912262803e-05,-33.946401574963005,-33.72670366486944
52,52,3.947125846887915e-05,4.194119537714869e-05,-34.04039645275666,-33.78231338722159
53,53,3.807430680494362e-05,4.142873982154446e-05,-34.19115123213456,-33.83570419830616
54,54,3.767858145964937e-05,4.084788155236502e-05,-34.24251269460135,-33.897026048429446
55,55,3.729439902730819e-05,4.031947537441738e-05,-34.28401778077307,-33.95357270412694
56,56,3.747731557034302e-05,3.995922308700086e-05,-34.26513373250204,-33.99255107167774
57,57,3.674704786351061e-05,3.943439802050738e-05,-34.34945018700892,-34.049969274105266
58,58,3.624389761715009e-05,3.888135640744096e-05,-34.413112764662635,-34.11130735738872
59,59,3.5467289580055035e-05,3.8316743724097156e-05,-34.50063384404336,-34.17483548689668
60,60,3.4734353790816985e-05,3.79526818984519e-05,-34.59125118309217,-34.216296725531116
61,61,3.448715776273472e-05,3.7437110413999396e-05,-34.61525766231723,-34.275698226607254
62,62,3.34612376690595e-05,3.7005110770175966e-05,-34.74390945674163,-34.326104344166176
63,63,3.352117648281603e-05,3.63826727009023e-05,-34.73821233707962,-34.39977543442951
64,64,3.383969337893674e-05,3.602977631089743e-05,-34.715252275089654,-34.44210577135349
65,65,3.233313350158158e-05,3.5726517556835655e-05,-34.89976657463821,-34.47881457569895
66,66,3.2394468436586506e-05,3.522518971677575e-05,-34.89440239451447,-34.54018802147641
67,67,3.257195182704516e-05,3.503918014757801e-05,-34.8725143755658,-34.563182070480806
68,68,3.276330887471426e-05,3.440856217869288e-05,-34.851305652833965,-34.64205617716546
69,69,3.1055992275066e-05,3.4150336623976107e-05,-35.07245870481012,-34.674771540386544
70,70,3.101057068447189e-05,3.364041740975441e-05,-35.084167972424694,-34.74010767092051
71,71,3.008950946038858e-05,3.3572478442740826e-05,-35.21366802840089,-34.748887393369536
72,72,3.131234288301448e-05,3.289413823375454e-05,-35.035085631094475,-34.83753629808947
73,73,2.93103872986508e-05,3.2636217886312424e-05,-35.32098508074633,-34.87172319061101
74,74,3.0186212600326435e-05,3.231217401901775e-05,-35.21126923966484,-34.91505963884838
75,75,3.0262566687054357e-05,3.1837329707310634e-05,-35.18958609037645,-34.97935507962795
76,76,2.9080517163389776e-05,3.159878006523573e-05,-35.362928758121285,-35.01201826844366
77,77,2.9456436376929878e-05,3.1382355748639e-05,-35.307582932742456,-35.04186601736096
78,78,2.9756133127315498e-05,3.096069466616762e-05,-35.27254800416211,-35.100614465699024
79,79,2.8524977790663432e-05,3.076644622380723e-05,-35.44786792373837,-35.12794808390779
80,80,2.80414215856431e-05,3.0374466261587497e-05,-35.5226793368311,-35.183634876950435
81,81,2.775380714420234e-05,3.012833057207325e-05,-35.56270956223404,-35.21897075134373
82,82,2.7956154825887162e-05,2.9821090241679676e-05,-35.53552257589423,-35.26348626009881
83,83,2.6948569076509003e-05,2.964328756972559e-05,-35.69450826720886,-35.28945775841958
84,84,2.6392459516238287e-05,2.9145908468451938e-05,-35.78205757321367,-35.36294546286597
85,85,2.6588711108095446e-05,2.89756139146017e-05,-35.755687577137245,-35.38839496716006
86,86,2.7430402135990136e-05,2.890757270123638e-05,-35.61353632150957,-35.398605164229274
87,87,2.6500007639772296e-05,2.8626546018609877e-05,-35.76795743446069,-35.44103192278375
88,88,2.6158920310578097e-05,2.8335347164293605e-05,-35.824687409587504,-35.48543604989973
89,89,2.6192920504212282e-05,2.8123561366412202e-05,-35.82599725686411,-35.518018271969225
90,90,2.5858918138744895e-05,2.784578761125694e-05,-35.87738999862583,-35.56112636658097
91,91,2.5721583388638972e-05,2.7676109694814505e-05,-35.90143545046068,-35.58767099700519
92,92,2.4698330045944157e-05,2.745326894096491e-05,-36.065880889657706,-35.62278078391923
93,93,2.5056545129381887e-05,2.7243175760591648e-05,-36.005598969092574,-35.6561441069465
94,94,2.41236113239567e-05,2.7151461836183444e-05,-36.17243327520154,-35.67078925977361
95,95,2.4397426461722924e-05,2.6828953483154212e-05,-36.12584518338678,-35.7226841049047
96,96,2.4941999166087755e-05,2.669360066264696e-05,-36.037538659933965,-35.74464983853105
97,97,2.4844445451702825e-05,2.6536255590096852e-05,-36.05665246526976,-35.77032501430712
98,98,2.4286588986515854e-05,2.6365148522400934e-05,-36.14734013695439,-35.79841920791204
99,99,2.430576021595829e-05,2.6083050167806887e-05,-36.14428453507399,-35.84513766278836
100,100,2.3805256524170056e-05,2.591305699177993e-05,-36.22951811161676,-35.873534927653296
101,101,2.3557317748332164e-05,2.587924619116453e-05,-36.27596983217944,-35.87920520888024
102,102,2.339093581897557e-05,2.5628549720797883e-05,-36.30625222080737,-35.9214811213035
103,103,2.3036612529000365e-05,2.5508442807844595e-05,-36.368381498559195,-35.94188195556156
104,104,2.4062930174998835e-05,2.529806586512438e-05,-36.189059685269086,-35.97784824016293
105,105,2.3347790834263505e-05,2.52143529092121e-05,-36.3171871194104,-35.99224315887141
106,106,2.312155235822783e-05,2.4974611829077875e-05,-36.36336607080593,-36.033733960942406
107,107,2.2994276732038323e-05,2.4870307434436033e-05,-36.38064153811233,-36.05190989133617
108,108,2.336392091970036e-05,2.473030183050708e-05,-36.32640843387199,-36.07642726062101
109,109,2.2656191973022868e-05,2.465301201338757e-05,-36.45614219730801,-36.090021556295845
110,110,2.2397383029024194e-05,2.4603699306393728e-05,-36.50180546428076,-36.09871732307211
111,111,2.2373716007874912e-05,2.4311798034958836e-05,-36.49883780894493,-36.150550636915256
112,112,2.2778736389021285e-05,2.4207988979852463e-05,-36.42314201956011,-36.16913429993984
113,113,2.2571043822627525e-05,2.4082691724240584e-05,-36.465658385540905,-36.19167116545083
114,114,2.2218169235821198e-05,2.406408891961052e-05,-36.536952511657105,-36.19502719287063
115,115,2.1681482356837376e-05,2.3834391245863546e-05,-36.640810124954285,-36.236680788799866
116,116,2.129878542938368e-05,2.3803213384541633e-05,-36.71077971589064,-36.24236553099798
117,117,2.1666835704140278e-05,2.363972012780754e-05,-36.645155242391986,-36.272298123713725
118,118,2.152038303524323e-05,2.352782145240589e-05,-36.663843305501004,-36.29290427226474
119,119,2.1479802291144824e-05,2.340730890481561e-05,-36.68427388379221,-36.31520656440206
120,120,2.146764371591229e-05,2.341830278103436e-05,-36.67892971504938,-36.313167261681876
121,121,2.1096924899314582e-05,2.3295111915151784e-05,-36.750029174073816,-36.336073417290024
122,122,2.151807044337494e-05,2.3161048470922795e-05,-36.676717257106816,-36.36113927516342
123,123,2.1565557412050675e-05,2.3103183450171184e-05,-36.66094403282665,-36.37200316342812
124,124,2.138298844601167e-05,2.3049879497480824e-05,-36.70659473068484,-36.382034836877956
125,125,2.148141179672747e-05,2.3051301277040404e-05,-36.67947396724286,-36.38176696043443
126,126,2.0584049266712026e-05,2.289155111755367e-05,-36.86665644549954,-36.41196921769235
127,127,2.1138764440337647e-05,2.2810766495240387e-05,-36.74424105263013,-36.427322641355005
128,128,2.0695667622818554e-05,2.269670757844946e-05,-36.84483135976712,-36.44909280676555
129,129,2.1174299092177234e-05,2.26850545100445e-05,-36.75095048961014,-36.45132315798323
130,130,2.0504124719438325e-05,2.2659426146052092e-05,-36.87491559254773,-36.45623235887658
131,131,2.0023843417314394e-05,2.260831465001071e-05,-36.9774166146114,-36.46603954153472
132,132,2.0560679003370077e-05,2.25276378746218e-05,-36.86560229804957,-36.481564866125304
133,133,2.0352648386234278e-05,2.2494312600572714e-05,-36.91474245916156,-36.48799416788496
134,134,2.0557472237566434e-05,2.2556709250478124e-05,-36.86489532899459,-36.47596401320374
135,135,2.0191296281370444e-05,2.236689282366761e-05,-36.945357593218105,-36.512664862433844
136,136,1.9994737017769533e-05,2.2410086210967212e-05,-37.00025372842538,-36.50428615713403
137,137,2.0797607708259092e-05,2.231368101715098e-05,-36.82241230922158,-36.523009225937464
138,138,2.013233439619089e-05,2.2409139426982667e-05,-36.96402726702808,-36.50446964225866
139,139,1.985216340003295e-05,2.2260003980160325e-05,-37.01075545896509,-36.533469053183076
140,140,2.0408383974914688e-05,2.2248018994057355e-05,-36.90604137435003,-36.53580796338766
141,141,2.027405502978825e-05,2.2140248036425635e-05,-36.93213341696658,-36.556896610143816
142,142,2.0516883082986095e-05,2.21522434577836e-05,-36.867981917156825,-36.55454427219421
143,143,1.9970203023139848e-05,2.2156338098667267e-05,-36.997141213643715,-36.553741592494816
144,144,2.000427150388654e-05,2.211801165685756e-05,-36.989262863022454,-36.5612606035875
145,145,2.0407359705732044e-05,2.2089285553910915e-05,-36.90188271971574,-36.56690473500442
146,146,2.0738182243316186e-05,2.202418808768638e-05,-36.83007510836048,-36.57972235672181
147,147,2.0034155033837244e-05,2.2071347685644133e-05,-36.97808958177531,-36.570432907977654
148,148,2.0324846680279697e-05,2.1976383849457642e-05,-36.92112989224431,-36.58915910907701
149,149,2.0296752445199335e-05,2.2032217346254345e-05,-36.92136856955687,-36.578139357521536
150,150,2.002939185068808e-05,2.208259564596167e-05,-36.9851508926094,-36.56822022805117
151,151,1.9596538972034548e-05,2.195629076595651e-05,-37.08024592481729,-36.59313169484549
152,152,2.0110134408748036e-05,2.1899012752232682e-05,-36.970554069630815,-36.60447606482741
153,153,2.0593140191325353e-05,2.1846046557153675e-05,-36.86125561330571,-36.61499288105959
154,154,1.9572511228409322e-05,2.1929925136837962e-05,-37.080491097901444,-36.59834993860615
155,155,2.0014532563755453e-05,2.1773968575488605e-05,-36.99401387949167,-36.6293455116578
156,156,2.0306325486390707e-05,2.1797486672432187e-05,-36.925312301472026,-36.624657221738985
157,157,1.9775961105157885e-05,2.1789937148385336e-05,-37.04248332582636,-36.62616165415545
158,158,2.0491775806654803e-05,2.1781279955528015e-05,-36.888595255505635,-36.6278874591185
159,159,1.9766386582521535e-05,2.1786523336088164e-05,-37.04358082352123,-36.62684211320581
160,160,1.9912115968724822e-05,2.166249889437734e-05,-37.01179033101178,-36.65163589414044
161,161,1.9612527166921692e-05,2.1652710816660576e-05,-37.08103407254139,-36.653598672684765
162,162,2.0305566330225513e-05,2.1632774740665856e-05,-36.92615176184518,-36.65759914919371
163,163,1.9594211940765836e-05,2.1608827553695608e-05,-37.082003466189846,-36.6624093928802
164,164,2.0121961430968722e-05,2.1560161353830298e-05,-36.9638003453252,-36.67220136232181
165,165,1.9028106639920806e-05,2.161231034398569e-05,-37.20165914332822,-36.66170947766211
166,166,1.8892138879104114e-05,2.1488804409991164e-05,-37.22721659603553,-36.68659890000348
167,167,1.934528638192899e-05,2.1452795982967426e-05,-37.1357211405372,-36.69388240349693
168,168,1.9284421186873177e-05,2.1436443459702115e-05,-37.143793072640044,-36.697194101748394
169,169,1.932648196013839e-05,2.1421313775997413e-05,-37.14875266790072,-36.7002604023869
170,170,1.9606631409710505e-05,2.1408674528126875e-05,-37.07876322465364,-36.702823632489114
171,171,1.951854314423135e-05,2.142275460707759e-05,-37.091064973139936,-36.699968298947
172,172,1.9739266819444836e-05,2.1322910135112532e-05,-37.050071075012184,-36.720256663787595
173,173,1.9624341990661895e-05,2.1352802114530566e-05,-37.067891864273975,-36.714172676829605
174,174,2.014250783515271e-05,2.1284812933835812e-05,-36.96108362018158,-36.72802305330948
175,175,1.880437721598524e-05,2.1231858418583504e-05,-37.2568769085342,-36.73884133466894
176,176,1.9676020389111334e-05,2.1299696958234754e-05,-37.06083985203227,-36.72498718418966
177,177,1.925795249073567e-05,2.119592270326776e-05,-37.151480442263406,-36.74619815898745
178,178,1.9621626389502144e-05,2.113942407863521e-05,-37.07937134479761,-36.75778991733844
179,179,1.9175911080479244e-05,2.1107291247876436e-05,-37.177961547638155,-36.76439640197029
180,180,1.9633763361891453e-05,2.106375861905307e-05,-37.064142402575705,-36.773362736579415
181,181,1.9372216426286147e-05,2.1064382340945915e-05,-37.13194859348857,-36.7732341389389
182,182,1.9078601204436728e-05,2.102677918676483e-05,-37.196446761608925,-36.780993889972095
183,183,1.958454698435218e-05,2.10169783282541e-05,-37.08817768945255,-36.783018665633364
184,184,1.8790091801456957e-05,2.1008219654935313e-05,-37.25229387414185,-36.784828933629115
185,185,1.9418816534489077e-05,2.1005071032145917e-05,-37.133009349532,-36.78547988454642
186,186,1.9228727800622174e-05,2.095995511665119e-05,-37.1574057710375,-36.79481794649577
187,187,1.880812987551086e-05,2.089411679518985e-05,-37.26521711796403,-36.8084812494848
188,188,1.8357276680897896e-05,2.0899103219562676e-05,-37.356895553366584,-36.80744492033904
189,189,1.8486874528348053e-05,2.092664841544128e-05,-37.32510379494639,-36.801724650966776
190,190,1.9102246182059782e-05,2.08186710503804e-05,-37.19656521208109,-36.824191398854275
191,191,1.8995789067742306e-05,2.0773351408072477e-05,-37.21944663764988,-36.833655751488344
192,192,1.850143675743386e-05,2.0731296277326212e-05,-37.32469047389976,-36.8424568465406
193,193,1.9016785887457052e-05,2.0734203644678928e-05,-37.210062873277295,-36.84184783249153
194,194,1.8279308212945626e-05,2.0660296477696026e-05,-37.37466009767186,-36.85735593564797
195,195,1.9079781859826907e-05,2.0594449922914226e-05,-37.191322178776815,-36.87121946514351
196,196,1.9279095382800507e-05,2.0552700956805463e-05,-37.15233736574602,-36.88003239699441
197,197,1.8902654091172884e-05,2.059145285066303e-05,-37.23237553993313,-36.87185153187276
198,198,1.88909196780158e-05,2.0594186265186993e-05,-37.24140338240442,-36.87127506547731
199,199,1.855302435643287e-05,2.0537316518847976e-05,-37.31474836692868,-36.883284465129094
200,200,1.822119640527274e-05,2.0559336247204458e-05,-37.39817107888732,-36.878630535044906
201,201,1.7899203504787965e-05,2.051905630651163e-05,-37.46478429073993,-36.88714759741927
202,202,1.8355301014623563e-05,2.054726725251193e-05,-37.3601322042409,-36.8811807325808
203,203,1.886425321834995e-05,2.039432796376978e-05,-37.24583258090996,-36.913627440028534
204,204,1.8864660765738682e-05,2.048884418495857e-05,-37.24203491887427,-36.89354683263677
205,205,1.876000843583018e-05,2.0482204107745355e-05,-37.26312541136815,-36.89495453345895
206,206,1.8430093564582177e-05,2.0397155917874587e-05,-37.33931663889917,-36.91302527273876
207,207,1.8247121992429776e-05,2.0398807655989292e-05,-37.38862892828483,-36.912673600324965
208,208,1.884553669875346e-05,2.0344929477065116e-05,-37.243607143580135,-36.92415954201179
209,209,1.8563040762227003e-05,2.0374297970480065e-05,-37.309783998283585,-36.91789489622009
210,210,1.8364657071006805e-05,2.026734704199235e-05,-37.36190557118544,-36.94075238896303
211,211,1.8568620455964976e-05,2.0235303485318773e-05,-37.31274315380097,-36.94762420725945
212,212,1.8329217906734672e-05,2.025907049660179e-05,-37.372241969876725,-36.94252627289387
213,213,1.816015896879763e-05,2.021838674026137e-05,-37.41069874563266,-36.951256434340586
214,214,1.841094734155592e-05,2.020211822558562e-05,-37.35394881836264,-36.95475234639805
215,215,1.8108280697167184e-05,2.017969616549396e-05,-37.423060995985516,-36.95957519951561
216,216,1.837830940221278e-05,2.0071054294883078e-05,-37.352402415350795,-36.98301957208023
217,217,1.797361913951445e-05,2.006229988182895e-05,-37.451139780933936,-36.98491425216367
218,218,1.84349031225849e-05,2.0071350359342576e-05,-37.3461203609432,-36.98295551056614
219,219,1.761227581623315e-05,2.0027566327036383e-05,-37.53338058467676,-36.99243964268458
220,220,1.820365470904886e-05,2.0026511504654894e-05,-37.3894235104052,-36.992668385206976
221,221,1.8113531875793135e-05,1.9953419915078773e-05,-37.415855254795005,-37.00854800693962
222,222,1.861522291760265e-05,1.9941806002814127e-05,-37.294011363137216,-37.0110765591843
223,223,1.8290890487329196e-05,1.9950288716293136e-05,-37.37852952225513,-37.00922957885551
224,224,1.7732943625869855e-05,1.984121895235914e-05,-37.51608788869176,-37.03303793296173
225,225,1.752617377466786e-05,1.984718997654885e-05,-37.557784887826784,-37.03173116206995
226,226,1.84487011229629e-05,1.9767774000157307e-05,-37.3448602094065,-37.04914375724231
227,227,1.7707101102770167e-05,1.984741443026762e-05,-37.51878970042635,-37.03168204758049
228,228,1.7700824314160106e-05,1.9746458555776992e-05,-37.51929025850637,-37.05382924911338
229,229,1.7395486174416537e-05,1.9750035119757643e-05,-37.603205847408205,-37.0530427073925
230,230,1.7944102548482858e-05,1.9716314550590285e-05,-37.47321136190363,-37.06046404775054
231,231,1.794937258271546e-05,1.9575488390967765e-05,-37.46751059396264,-37.09159536845313
232,232,1.737557063138739e-05,1.9545313893774475e-05,-37.60242250338944,-37.09829493464741
233,233,1.8414119077749194e-05,1.964146241861224e-05,-37.34753118089617,-37.0769832262071
234,234,1.801821592155263e-05,1.9559269324082906e-05,-37.44717593136634,-37.09519516161106
235,235,1.8341903735735914e-05,1.9527450747677665e-05,-37.37390498429092,-37.102265918728506
236,236,1.7547168747264504e-05,1.946603826677586e-05,-37.567720009657606,-37.11594570184195
237,237,1.780093881870457e-05,1.9473760594816047e-05,-37.4987383832812,-37.114223163669024
238,238,1.736723666890049e-05,1.9418954156878355e-05,-37.60627314655123,-37.1264630648825
239,239,1.7616132823867392e-05,1.9449594794040375e-05,-37.53679982526173,-37.11961585151481
240,240,1.7661745820903177e-05,1.9402430026323264e-05,-37.529269112633614,-37.13016017115664
241,241,1.7613432618483933e-05,1.9412853649364e-05,-37.542834324988064,-37.127827624979886
242,242,1.7754172507377062e-05,1.941242388918334e-05,-37.505072882101615,-37.12792376980452
243,243,1.8015579118263743e-05,1.9456258422379553e-05,-37.443835153835224,-37.11812816942782
244,244,1.7911482180202302e-05,1.9454019437896358e-05,-37.4644327817405,-37.11862797496027
245,245,1.6944999871841518e-05,1.9471860564647758e-05,-37.70482041705365,-37.114646919970056
246,246,1.7656678904028557e-05,1.9456528590174122e-05,-37.53036958948146,-37.11806786411876
247,247,1.7815489130596914e-05,1.938904164202732e-05,-37.495316153290815,-37.133157995885696
248,248,1.7931069855079578e-05,1.942110295778165e-05,-37.46836879119733,-37.12598252368597
249,249,1.779139666282812e-05,1.9337300057630176e-05,-37.4998453285078,-37.1447630672524
250,250,1.7806258078165875e-05,1.9383044816908967e-05,-37.497287627292195,-37.13450143046272
251,251,1.777857547851229e-05,1.9413727290827266e-05,-37.4980272594557,-37.127632182755754
252,252,1.7507980823980106e-05,1.9405094989403887e-05,-37.55882126051224,-37.12956369984766
253,253,1.7501155000609662e-05,1.9401864990772754e-05,-37.57782660766898,-37.13028664778587
254,254,1.7833835588988352e-05,1.9444695824763347e-05,-37.48636766438349,-37.1207098914376
255,255,1.7415204085184613e-05,1.9388734950840253e-05,-37.589122043447226,-37.13322669208331
256,256,1.7253497136743574e-05,1.9311748904951137e-05,-37.63908927524153,-37.150505369600985
257,257,1.7976364885266637e-05,1.932493078608164e-05,-37.44913462637858,-37.147541958405206
258,258,1.7586186370010052e-05,1.9364898913696188e-05,-37.54301706581219,-37.138569086937785
259,259,1.7612407917994525e-05,1.943750914123436e-05,-37.5431688690489,-37.12231532355653
260,260,1.8273485093419538e-05,1.9373969352225112e-05,-37.388619115971636,-37.136535345814266
261,261,1.7807038143332975e-05,1.9378854056795764e-05,-37.50009788919689,-37.13544050932733
262,262,1.7490417468655596e-05,1.9333066886342987e-05,-37.56651941562416,-37.145713895022396
263,263,1.7313078125280488e-05,1.947689983544957e-05,-37.60650339087483,-37.11352312168134
264,264,1.7483850551235666e-05,1.943087136169197e-05,-37.57477583276709,-37.12379866349407
265,265,1.793731216727708e-05,1.9372721429757994e-05,-37.46300243936606,-37.13681509400982
266,266,1.8038397158925738e-05,1.934617126895127e-05,-37.44142421208166,-37.1427711476754
267,267,1.7947673918523335e-05,1.925422293425072e-05,-37.46219950878106,-37.16346147000694
268,268,1.7840229158593372e-05,1.9323419062282865e-05,-37.48523997269287,-37.14788170553898
269,269,1.713235264874457e-05,1.945477537159796e-05,-37.65472471288615,-37.11845922245229
270,270,1.760603083180895e-05,1.9314437371289578e-05,-37.556105552971445,-37.149900812842986
271,271,1.7011503521494024e-05,1.9362404026124797e-05,-37.68979497827645,-37.139128648706595
272,272,1.7780629276944872e-05,1.9389017229274797e-05,-37.50242175298155,-37.13316346409324
273,273,1.7444369198707025e-05,1.927596153300807e-05,-37.577122966541815,-37.15856092015653
274,274,1.7871887572142704e-05,1.9368323496325357e-05,-37.4730159514358,-37.13780112741879
275,275,1.761509599990737e-05,1.9354160749093064e-05,-37.53688541979431,-37.14097799138592
276,276,1.764817025292528e-05,1.937252952637592e-05,-37.525911245866,-37.13685811480738
277,277,1.7772909682817137e-05,1.933903532565302e-05,-37.50786490386674,-37.144373362633296
278,278,1.8081358078787387e-05,1.932642618684392e-05,-37.43599667209185,-37.14720590588313
279,279,1.7746112827864506e-05,1.9259611498886154e-05,-37.50916728507149,-37.16224620596676
280,280,1.806301114220801e-05,1.9456085761990643e-05,-37.4337525749946,-37.118166710130374
281,281,1.7343758785144244e-05,1.9351367355786925e-05,-37.59836239495238,-37.14160485548526
282,282,1.738053828207224e-05,1.9336310718867217e-05,-37.59856758511117,-37.144985267536754
283,283,1.736843978037119e-05,1.9343273762435848e-05,-37.60247962375002,-37.143421646069605
284,284,1.7829075603134997e-05,1.933258724755816e-05,-37.49268675445911,-37.145821641539165
285,285,1.7511848408006343e-05,1.9346457424705333e-05,-37.56873762084504,-37.14270691018668
286,286,1.754481851919278e-05,1.9310316690136558e-05,-37.55571578180861,-37.150827466817475
287,287,1.7864640418319487e-05,1.93364583920859e-05,-37.48218184187992,-37.14495210018646
288,288,1.7881216137407746e-05,1.9415725546423346e-05,-37.47196471659284,-37.1271851863053
289,289,1.71133373460742e-05,1.93963001277696e-05,-37.66176488449361,-37.131532474388244
290,290,1.7550101511380827e-05,1.9268052423477027e-05,-37.553758292292045,-37.160343237212665
291,291,1.7883290751079894e-05,1.9356736916769907e-05,-37.47601554425899,-37.140399954979834
292,292,1.795409475421694e-05,1.933565851542976e-05,-37.45995179607344,-37.14513175521742
293,293,1.7997793574321213e-05,1.935293331419081e-05,-37.456709418995054,-37.14125342834032
294,294,1.7541243136124132e-05,1.9373813924367394e-05,-37.571128390776906,-37.13657018727111
295,295,1.8319842975992306e-05,1.936080073057e-05,-37.375452224711424,-37.13948827927803
296,296,1.7493841144257494e-05,1.9349310653189222e-05,-37.56086410343612,-37.142066457005384
297,297,1.788893612533731e-05,1.936399827460072e-05,-37.47771880678639,-37.13877107698543
298,298,1.7451030637942297e-05,1.9462195555924584e-05,-37.57804210263942,-37.11680310941471
299,299,1.754073959485131e-05,1.9267783787463006e-05,-37.55502618786391,-37.160403787157854
300,300,1.8164866991561942e-05,1.93140485383705e-05,-37.40669226964002,-37.14998824468877
301,301,1.7329549327487913e-05,1.9261962399085813e-05,-37.60771836235831,-37.16171612223332
302,302,1.7442188014758788e-05,1.93248663076941e-05,-37.58634402648775,-37.14755644883466
303,303,1.7019328504492357e-05,1.9333674093726777e-05,-37.68427168039395,-37.14557749520721
304,304,1.7874308046959843e-05,1.9305821345034546e-05,-37.47720706939634,-37.151838600338436
305,305,1.7531994062571274e-05,1.9418296017791265e-05,-37.56068121946519,-37.12661025664947
306,306,1.7086940593780474e-05,1.9361775134472592e-05,-37.667594711508585,-37.13926971001775
307,307,1.7295814987593667e-05,1.9319962072921426e-05,-37.625152160943394,-37.14865873454813
308,308,1.7509473229775842e-05,1.9472431392243477e-05,-37.57001161825127,-37.11451960617771
309,309,1.7783995344964834e-05,1.93547106104425e-05,-37.50312474543343,-37.14085460791257
310,310,1.7861090904280553e-05,1.9323951451760397e-05,-37.47995616067862,-37.1477620524763
311,311,1.75293605128356e-05,1.9292367381383786e-05,-37.56212132080896,-37.154866194431676
312,312,1.7549990065463042e-05,1.9303833285352755e-05,-37.55262054232612,-37.15228584772178
313,313,1.7630468232475567e-05,1.9362841588812635e-05,-37.5378793948819,-37.139030505462934
314,314,1.755188263017509e-05,1.9357590310009026e-05,-37.55787129873142,-37.14020848892514
315,315,1.7502993520708713e-05,1.9305478657004544e-05,-37.57214122895738,-37.15191569047549
316,316,1.736724864235136e-05,1.9324549803537882e-05,-37.60438520466772,-37.14762757850356
317,317,1.7568452761027863e-05,1.93029733820463e-05,-37.55243719335389,-37.15247931166934
318,318,1.8089528182208222e-05,1.928083742984056e-05,-37.432862439327366,-37.15746250163792
319,319,1.7455298802815378e-05,1.931404159748988e-05,-37.577422409029396,-37.1499898054111
320,320,1.762412446004953e-05,1.935148716974685e-05,-37.5365804004244,-37.141577966232624
321,321,1.715643041457839e-05,1.9346041785626622e-05,-37.651215291717946,-37.14280021496773
322,322,1.7537532453998303e-05,1.929078021739291e-05,-37.56569760323603,-37.15522349890598
323,323,1.7674054115840844e-05,1.9360634484512145e-05,-37.52158641885719,-37.13952557115275
324,324,1.7445606073996498e-05,1.9289208419075677e-05,-37.581782726943345,-37.15557737321251
325,325,1.7531540384111067e-05,1.9280741789292445e-05,-37.56402432300466,-37.15748404440828
326,326,1.7717456543810914e-05,1.9413699431568505e-05,-37.520724171766574,-37.12763841501134
327,327,1.7590330477930563e-05,1.9210233739087063e-05,-37.54389338580168,-37.17339493830678
328,328,1.728671118003477e-05,1.9371715959431113e-05,-37.625366737727376,-37.13704050454316
329,329,1.7493609541900498e-05,1.933855898977e-05,-37.569066738567074,-37.14448033414959
330,330,1.7113390753103286e-05,1.9318661734838604e-05,-37.665080678485495,-37.148951048092734
331,331,1.7954581127605236e-05,1.9271222012512706e-05,-37.46203902394611,-37.159628882803375
332,332,1.808303802801637e-05,1.9282412148114464e-05,-37.42803461563256,-37.15710781604229
333,333,1.8210085146006114e-05,1.9308882799937e-05,-37.403164913466085,-37.151149964751056
334,334,1.7537591233609493e-05,1.9297571127122193e-05,-37.55682982477442,-37.15369492639629
335,335,1.8160834413945324e-05,1.9257756704112245e-05,-37.41658092591929,-37.16266447293232
336,336,1.7179925653743847e-05,1.926782323081218e-05,-37.648550886129684,-37.16039489666399
337,337,1.773360642247783e-05,1.934985079730579e-05,-37.51849763979307,-37.141945223572684
338,338,1.7761257658628555e-05,1.9270375560154207e-05,-37.501878017749625,-37.159819642715625
339,339,1.7897200684939852e-05,1.919309182228876e-05,-37.476347750388676,-37.177272019398245
340,340,1.735958178016386e-05,1.929725859602178e-05,-37.60121577477883,-37.15376526251816
341,341,1.804013353433117e-05,1.917801536795818e-05,-37.44202847485675,-37.18068480664304
342,342,1.7174202241090525e-05,1.9279048932443593e-05,-37.64858108881228,-37.15786537344292
343,343,1.7784251597441118e-05,1.9254127628779604e-05,-37.503004892998575,-37.16348296697558
344,344,1.703889916150485e-05,1.917729600551722e-05,-37.68393400331928,-37.18084771244536
345,345,1.747377341557366e-05,1.916652672662167e-05,-37.575724145251066,-37.18328723891307
346,346,1.785139152771174e-05,1.9249536499525054e-05,-37.484455449438116,-37.164518661710375
347,347,1.7090702395134284e-05,1.9182030499857655e-05,-37.66755906416559,-37.17977565776432
348,348,1.768471910387215e-05,1.9197121984784882e-05,-37.5186837036638,-37.1763601842371
349,349,1.7440963347326033e-05,1.9158842932435954e-05,-37.58597528851709,-37.185028659538276
350,350,1.7741257185671484e-05,1.918120262033833e-05,-37.50899545085775,-37.17996309947751
351,351,1.6929462683187875e-05,1.9162051103194244e-05,-37.71758368545987,-37.184301489206966
352,352,1.7452326874169474e-05,1.913279840281527e-05,-37.58164683000937,-37.190936474846175
353,353,1.763121529329885e-05,1.90804486536715e-05,-37.55035743503769,-37.20283560572672
354,354,1.755524318496944e-05,1.910178860654062e-05,-37.554896280171285,-37.197981084145404
355,355,1.7564866079597196e-05,1.8952467191985833e-05,-37.55445042592368,-37.23206389451377
356,356,1.7507311379622197e-05,1.891156688017011e-05,-37.567322957721245,-37.241446300310486
357,357,1.7556067787248223e-05,1.895104866745992e-05,-37.55583642716818,-37.2323889605982
358,358,1.7013638780647936e-05,1.8863334030596123e-05,-37.693615151746556,-37.25253687701362
359,359,1.7304670428089105e-05,1.8778900324066756e-05,-37.619922758429794,-37.27201986199526
360,360,1.704599101676368e-05,1.8735246445239202e-05,-37.6920713312258,-37.282127327513514
361,361,1.7144741907463165e-05,1.8702840191652188e-05,-37.658050236022795,-37.289645799685175
362,362,1.6910432322285636e-05,1.857581963505302e-05,-37.714480992079956,-37.31924157408309
363,363,1.637011577183808e-05,1.857556928466932e-05,-37.8548144164524,-37.319300105294616
364,364,1.625660798268167e-05,1.841471064261369e-05,-37.89452524191899,-37.357072439608864
365,365,1.7076243389009007e-05,1.8330068518193193e-05,-37.68319409857271,-37.377080546028225
366,366,1.680250959007307e-05,1.8257017042120233e-05,-37.742857101681956,-37.394423220158735
367,367,1.707779263353549e-05,1.8154389468499605e-05,-37.67365803506348,-37.418904947844176
368,368,1.6611519687600222e-05,1.8065555387262354e-05,-37.799821784147845,-37.44020825396372
369,369,1.6040584754235395e-05,1.798823493453184e-05,-37.94458934164217,-37.45883591953798
370,370,1.6275008588824685e-05,1.7837254075091453e-05,-37.877892732763584,-37.495441444897104
371,371,1.5748979721954045e-05,1.7767939186198516e-05,-38.024609050475696,-37.512350838742094
372,372,1.617799289212514e-05,1.7631466825581522e-05,-37.92017969462292,-37.54583698637091
373,373,1.642176591969436e-05,1.7545189094610242e-05,-37.83857337518552,-37.56714089751788
374,374,1.6311111909258732e-05,1.7491810036804772e-05,-37.886899513551505,-37.58037390762987
375,375,1.5951146207916064e-05,1.7421634574451384e-05,-37.97634575367145,-37.59783242966744
376,376,1.587171547876049e-05,1.726668353129705e-05,-37.99041320306506,-37.63663213762503
377,377,1.5896491642762937e-05,1.7230387703947552e-05,-37.99256747097764,-37.64577093276686
378,378,1.6317844523486594e-05,1.712058469581136e-05,-37.86263909138781,-37.673535505129784
379,379,1.60662906562289e-05,1.7125592612980033e-05,-37.93659548917155,-37.672265342455525
380,380,1.5552068202616528e-05,1.7044899610290915e-05,-38.08371310620664,-37.69277695271293
381,381,1.4929806873380548e-05,1.6975730671363538e-05,-38.25725861267334,-37.710436666620765
382,382,1.5670984587992168e-05,1.6934928872184462e-05,-38.055666151256084,-37.72088766051175
383,383,1.5686350951037856e-05,1.6880429316906404e-05,-38.04741689804385,-37.73488655207132
384,384,1.5363553222751882e-05,1.686635579589117e-05,-38.12812304532344,-37.73850885437465
385,385,1.5560084563927824e-05,1.676705256900995e-05,-38.07839720319733,-37.76415417007971
386,386,1.549311629374999e-05,1.6728517805045396e-05,-38.09360741136445,-37.77414680047686
387,387,1.5316393840941e-05,1.6723153653162482e-05,-38.1525982896079,-37.77553962868619
388,388,1.5420425135987935e-05,1.67796580219721e-05,-38.12476055273626,-37.7608903753144
389,389,1.4658950734433488e-05,1.671023193538483e-05,-38.33476726153315,-37.778896650960895
390,390,1.566018157241957e-05,1.666122146784083e-05,-38.050829382930445,-37.791653057255694
391,391,1.550272654921426e-05,1.6684225748146052e-05,-38.08963688586191,-37.78566085477182
392,392,1.5018805430541366e-05,1.6673678912507296e-05,-38.22129986924608,-37.78840709001572
393,393,1.528752845749211e-05,1.6724614684598666e-05,-38.15987010445683,-37.77516022047897
394,394,1.567060974490776e-05,1.664235821264906e-05,-38.051559892668536,-37.796572773751734
395,395,1.5437328760733e-05,1.6665384703772263e-05,-38.10889212672293,-37.79056799603345
396,396,1.5306095510541782e-05,1.6657684060000495e-05,-38.14792293611578,-37.792575222426926
397,397,1.5477673242486097e-05,1.6673767324965938e-05,-38.114602703842685,-37.78838406153993
398,398,1.5197037447654383e-05,1.6700832786323428e-05,-38.17445185120305,-37.78134015206667
399,399,1.5288088274921637e-05,1.6657280387957335e-05,-38.15817653889394,-37.79268046794873
400,400,1.54563643723263e-05,1.6652358441972053e-05,-38.11549042957209,-37.79396392467313
401,401,1.562576746493374e-05,1.6702779152853365e-05,-38.061683505340994,-37.78083404138246
402,402,1.5142887539545928e-05,1.6635420347723228e-05,-38.205701658956585,-37.7983836377141
403,403,1.4831823971258722e-05,1.6698105738262376e-05,-38.28564871704121,-37.78204936138873
404,404,1.5373585193094523e-05,1.665072116003629e-05,-38.132680843787476,-37.79439094975255
405,405,1.5444712404395122e-05,1.670941367736209e-05,-38.105879824518226,-37.77910931925082
406,406,1.5042906496316776e-05,1.6670069989662518e-05,-38.221816373005645,-37.789347197433045
407,407,1.5515292081132785e-05,1.6634324693816444e-05,-38.096350463585374,-37.79866968525993
408,408,1.5396402202370773e-05,1.671285051423566e-05,-38.12164842701374,-37.778216142603
409,409,1.4810415469236028e-05,1.660861993226909e-05,-38.293722660785605,-37.805385960517185
410,410,1.4857227452199536e-05,1.6694327074985365e-05,-38.28624773264081,-37.78303225031232
411,411,1.5387818728919866e-05,1.657311751937653e-05,-38.129003180054774,-37.81467933035323
412,412,1.5493210487397144e-05,1.6643399871291447e-05,-38.10170214267578,-37.79630095383439
413,413,1.5250068780418232e-05,1.6705212912807166e-05,-38.171044710080594,-37.78020127751087
414,414,1.489473844540231e-05,1.6742505163404675e-05,-38.27360856995735,-37.770517014251816
415,415,1.5397303717897378e-05,1.667240337012213e-05,-38.12852521277617,-37.78873933955249
416,416,1.5170584831758253e-05,1.663515889193054e-05,-38.18876067118866,-37.798451895502595
417,417,1.4792424191966216e-05,1.6705482362579604e-05,-38.29555895635156,-37.78013122775683
418,418,1.5616577949219493e-05,1.6681383672939294e-05,-38.06183092842683,-37.78640071692561
419,419,1.5153314990064096e-05,1.658955500859424e-05,-38.20117447869229,-37.810374061263595
420,420,1.526955413245344e-05,1.6666359442751855e-05,-38.1545484114785,-37.79031398966739
421,421,1.5574926111025653e-05,1.6617658059802027e-05,-38.06961829068815,-37.80302324687707
422,422,1.5178628084108776e-05,1.6636242866010626e-05,-38.18441495090721,-37.798168911355965
423,423,1.4810920407567725e-05,1.6677979960820122e-05,-38.2921778804088,-37.78728695289384
424,424,1.5586761112421507e-05,1.66725238063679e-05,-38.07462669477457,-37.78870796758597
425,425,1.5745309901456157e-05,1.663245304945648e-05,-38.03273471336227,-37.79915836788783
426,426,1.5002979069453731e-05,1.6594794176757876e-05,-38.22713622217022,-37.80900272694607
427,427,1.558349699219425e-05,1.6614929432092284e-05,-38.07032957374565,-37.803736419127326
428,428,1.5105296248274845e-05,1.6580715485983283e-05,-38.205707771254836,-37.81268875808472
429,429,1.59078448745014e-05,1.663579094288013e-05,-37.994923229168236,-37.79828688894818
430,430,1.4798256865874792e-05,1.6597882820765097e-05,-38.29856821685062,-37.80819448779568
431,431,1.5855493693754734e-05,1.6691490887560096e-05,-37.99766543884661,-37.78377013281847
432,432,1.504845657053142e-05,1.6657171727274545e-05,-38.217655430393414,-37.79270879843711
433,433,1.559210669097176e-05,1.6590638695465475e-05,-38.071730076819776,-37.81009037441556
434,434,1.508159206911007e-05,1.6630944772163946e-05,-38.2148203089513,-37.799552216110605
435,435,1.5911069652050634e-05,1.6632458554292833e-05,-37.98319180003154,-37.799156930505355
436,436,1.5170915109602274e-05,1.6611848207647102e-05,-38.189779204433975,-37.80454188921678
437,437,1.5214878686427105e-05,1.6608905752946157e-05,-38.17024421440439,-37.805311222654986
438,438,1.5328282821316215e-05,1.661274664480803e-05,-38.14499027548742,-37.80430701122765
439,439,1.5187997501625526e-05,1.6647336260097002e-05,-38.19396302896561,-37.795273910191916
440,440,1.544666645845e-05,1.669292635740835e-05,-38.11337569249444,-37.78339665519874
441,441,1.531952421856593e-05,1.6628166553058882e-05,-38.14368448637589,-37.800277770812215
442,442,1.5375452020044138e-05,1.6637898242104137e-05,-38.134280018804816,-37.79773679158996
443,443,1.5187714751911849e-05,1.658525841201864e-05,-38.18680639876463,-37.81149900395462
444,444,1.5516956184526243e-05,1.661840944603012e-05,-38.09372575297327,-37.80282688014828
445,445,1.536005146187291e-05,1.6616308226060172e-05,-38.135990691501405,-37.8033760337463
446,446,1.5607247180539452e-05,1.660779023376036e-05,-38.07161637033013,-37.805602921641075
447,447,1.543004224547929e-05,1.6658976787048712e-05,-38.113757959737555,-37.79223819932218
448,448,1.5100392065318205e-05,1.6596711630929923e-05,-38.21011264325871,-37.80850094810423
449,449,1.5016842984757026e-05,1.6641981633974385e-05,-38.22657971718051,-37.79667104581672
450,450,1.5118691783182962e-05,1.6609608170064778e-05,-38.20085374117475,-37.80512755647451
451,451,1.4427688087774177e-05,1.6646003658886338e-05,-38.4054392534492,-37.795621572129164
452,452,1.534904938885167e-05,1.6629577275077617e-05,-38.13976176773074,-37.79990933404045
453,453,1.527524019019035e-05,1.6603122802687148e-05,-38.15929884979128,-37.806823628564054
454,454,1.5324632175216937e-05,1.6607660511095002e-05,-38.14844278716723,-37.805636844310484
455,455,1.5672737643717953e-05,1.662920505240388e-05,-38.05249871441461,-37.80000654400542
456,456,1.56366192275471e-05,1.6564928812026903e-05,-38.059107748369556,-37.81682569133823
457,457,1.4960124382323743e-05,1.65982543254167e-05,-38.24733032117847,-37.80809728225669
458,458,1.523574118221301e-05,1.6629047518347905e-05,-38.182906210080986,-37.80004768637817
459,459,1.5042807558295198e-05,1.6564128648161913e-05,-38.226332746440825,-37.81703548103821
460,460,1.535013448166452e-05,1.654210413299121e-05,-38.13171442583233,-37.822813925767676
461,461,1.5061568211825306e-05,1.6542580564610514e-05,-38.21953068753601,-37.822688845764546
462,462,1.4984543911888283e-05,1.655909440351503e-05,-38.2548954962228,-37.818355609024614
463,463,1.4943868636598296e-05,1.6557448505313676e-05,-38.258421709289216,-37.81878729931861
464,464,1.519750594056437e-05,1.6551353167558675e-05,-38.18412964971275,-37.82038637355173
465,465,1.5082337648488374e-05,1.6529330854322516e-05,-38.216978582750414,-37.82616870291575
466,466,1.4570223094178987e-05,1.6488522257867244e-05,-38.37199620741035,-37.836904081269374
467,467,1.5316727447348104e-05,1.6528742076173474e-05,-38.152980525965134,-37.82632340225455
468,468,1.552605026893044e-05,1.652418249202463e-05,-38.091869069794036,-37.827521603184756
469,469,1.4838968792863637e-05,1.648790705650371e-05,-38.28972417633677,-37.83706612340858
470,470,1.4954241620572933e-05,1.650563148072443e-05,-38.24220494272807,-37.83239998530049
471,471,1.5035157085764798e-05,1.6495295839329055e-05,-38.23227923501588,-37.83512034047608
472,472,1.5114187862281207e-05,1.648189395621701e-05,-38.21223476493589,-37.83865027388713
473,473,1.4816670008042716e-05,1.6460441608950005e-05,-38.28666882744197,-37.84430660468401
474,474,1.5161150877622613e-05,1.6425219990579582e-05,-38.196836448512435,-37.85360947992319
475,475,1.5043686927157004e-05,1.6388760693524474e-05,-38.22298678743192,-37.86326029199222
476,476,1.5128084331869086e-05,1.6355365627724066e-05,-38.2093848057287,-37.87211885653976
477,477,1.4751913291435166e-05,1.6386117175371557e-05,-38.31458825571593,-37.86396086842378
478,478,1.4913254332342834e-05,1.629008597535032e-05,-38.26546093914868,-37.88948766548689
479,479,1.5355452250304617e-05,1.627754638895184e-05,-38.14038651812419,-37.89283201265122
480,480,1.4631016064104e-05,1.623662305255972e-05,-38.349020724379784,-37.90376434699429
481,481,1.5202731981506864e-05,1.6171964776539855e-05,-38.187257729809346,-37.92109356225699
482,482,1.4432312530788267e-05,1.6217635148725668e-05,-38.41001654124223,-37.90884617184933
483,483,1.4676471971714696e-05,1.6152169289278773e-05,-38.33067725718166,-37.92641285213577
484,484,1.4848915280080545e-05,1.6094960540756704e-05,-38.28857850326868,-37.94182226686282
485,485,1.4445747717790132e-05,1.606610141224289e-05,-38.40264519143887,-37.94961638986061
486,486,1.4875486889762861e-05,1.599585486569834e-05,-38.27745755877174,-37.968646879508995
487,487,1.4714870022291188e-05,1.5990370564778506e-05,-38.32011125039946,-37.97013614660311
488,488,1.4848994771792727e-05,1.5896292863640394e-05,-38.279342729092214,-37.99576287617154
489,489,1.461192104469183e-05,1.587048777046699e-05,-38.3523472554468,-38.00281868214973
490,490,1.4437238044677346e-05,1.575366207505699e-05,-38.40610594147815,-38.034906175988
491,491,1.4660225733490565e-05,1.5729065748210385e-05,-38.34131004957703,-38.041692151623835
492,492,1.434909858496034e-05,1.568740193952659e-05,-38.43683893627089,-38.05321118870598
493,493,1.4459310721614417e-05,1.560707589401557e-05,-38.39412911742076,-38.0755060070547
494,494,1.4462184368575126e-05,1.552332852090905e-05,-38.40426493148606,-38.09887294393838
495,495,1.4394801490704322e-05,1.5432155650112117e-05,-38.41248841386485,-38.124455479790676
496,496,1.4123810333987103e-05,1.5423499414617637e-05,-38.50540062224693,-38.12689221652503
497,497,1.4302290708787341e-05,1.5390359773224e-05,-38.43532419263687,-38.136233707216455
498,498,1.437907523966752e-05,1.527517126401347e-05,-38.41596293895794,-38.16886054752944
499,499,1.4009149886875356e-05,1.516006757715092e-05,-38.53687961472262,-38.20171005769317
