,epoch,train_loss,test_loss,train_dbs,test_dbs
0,0,0.0007712410801311129,0.0007525326402269696,-4.0349546810996255,-4.150527446360198
1,1,0.0007324483966906123,0.00071741767092853,-4.258070092282034,-4.358060166193105
2,2,0.0006984591924527794,0.0006869908630553829,-4.467082762321315,-4.546271253251021
3,3,0.0006751417405615302,0.0006694964464067629,-4.611039790486594,-4.658298101479122
4,4,0.0006597219005025463,0.0006556580590672399,-4.712325340289065,-4.749006825884878
5,5,0.0006477846313968839,0.0006449882057495415,-4.7951743308171775,-4.820263131262728
6,6,0.0006371241677360437,0.0006353420291194006,-4.864194479551224,-4.885705006118562
7,7,0.0006284386234012307,0.0006266404739826134,-4.92550021878825,-4.945596442985507
8,8,0.0006202034005347985,0.0006195846608055657,-4.981326831105052,-4.994774290321084
9,9,0.0006132580384314444,0.0006125320888761627,-5.031572915367565,-5.044492411985444
10,10,0.0006067925480856877,0.0006070204299727553,-5.077234478919493,-5.083747783248888
11,11,0.0006005704965797666,0.0005997208951923408,-5.122553894736583,-5.136289057431363
12,12,0.0005948345552525032,0.000595134630872819,-5.164056646644094,-5.16962863740142
13,13,0.000590209543138512,0.0005906743340586361,-5.198817751407439,-5.202299859946668
14,14,0.0005859299610877774,0.0005868012453184316,-5.2295657779107785,-5.230870594893531
15,15,0.0005823675760298429,0.000583628027111684,-5.254356143657356,-5.25441946821868
16,16,0.0005796149213433496,0.0005803034659230003,-5.277271168687663,-5.27922921886475
17,17,0.0005760244903941974,0.0005777734117337355,-5.3005448867235625,-5.298205339408463
18,18,0.0005739253841234928,0.0005754236879415418,-5.318521612104523,-5.315903502011727
19,19,0.0005714104477239331,0.0005735564811498319,-5.337689459997107,-5.330018947027945
20,20,0.0005693696361255937,0.0005707143389276768,-5.352600933385464,-5.351593021984977
21,21,0.0005674448203938754,0.0005690748803317547,-5.367064670028515,-5.364086705914
22,22,0.000565874908172247,0.0005676333553549883,-5.3808832289756525,-5.375101787161562
23,23,0.0005641621111450505,0.0005659626974528166,-5.393713543389547,-5.387902785040245
24,24,0.0005621445538072856,0.0005638373396849554,-5.408082233193253,-5.404242530289553
25,25,0.0005607168807062445,0.0005626059749996976,-5.420597858943783,-5.413737461708806
26,26,0.0005594374841203933,0.000560638908370349,-5.429755578928381,-5.428948517973162
27,27,0.0005576224978437129,0.000559870377305503,-5.444196981616249,-5.434905967094532
28,28,0.0005564931618078545,0.0005580989067981902,-5.45160927714099,-5.448669145045852
29,29,0.0005552688698745189,0.0005573745063309999,-5.46275801285378,-5.454309856265185
30,30,0.0005542145557125512,0.000556031315538444,-5.470950342100043,-5.4647883470523055
31,31,0.000552900338343815,0.0005546214677834589,-5.480704624502565,-5.475814104847677
32,32,0.0005514791136914768,0.000554301723911378,-5.4917003951799,-5.478318570515912
33,33,0.0005505634081722765,0.0005530488377093876,-5.497340438400345,-5.488146023808795
34,34,0.000548996181304077,0.0005517622002547508,-5.510870115474159,-5.498261415132214
35,35,0.0005484091774464498,0.000550182373875654,-5.517136083318281,-5.510714134896796
36,36,0.000547591489427675,0.0005494512213197978,-5.523765846210626,-5.516489432570843
37,37,0.0005458475831060757,0.0005483158717029973,-5.534988716387361,-5.525472690541439
38,38,0.0005453484398120842,0.0005469205513547518,-5.54096390954782,-5.536538433842493
39,39,0.0005443997173474084,0.0005466879351603749,-5.548368368865404,-5.538385967624251
40,40,0.0005433177149412942,0.0005456043903617875,-5.557814496812057,-5.547002299906061
41,41,0.0005424500571458226,0.0005445210263133049,-5.5643056797602295,-5.5556343192287
42,42,0.0005413337014183478,0.0005439762271156436,-5.571894429210953,-5.559981657805828
43,43,0.0005405163425428927,0.0005424647641025091,-5.581002763768695,-5.572065525682717
44,44,0.000539748475481228,0.0005423214997311956,-5.585225568102334,-5.573212644306005
45,45,0.0005383834881304773,0.0005409296902239715,-5.596831577266411,-5.584372669368891
46,46,0.0005380688499198439,0.000540079499937986,-5.599854235715124,-5.591203934621046
47,47,0.0005369510378006884,0.0005397139006833497,-5.606507976292959,-5.594144825811018
48,48,0.0005356615028804956,0.0005383269346662258,-5.617739843515062,-5.605319764652272
49,49,0.0005354453145271916,0.00053789473359326,-5.620156839510058,-5.608807941051022
50,50,0.0005347342881465273,0.00053650955975938,-5.6278442207641834,-5.620006215100317
51,51,0.0005337521271808937,0.0005361420519061779,-5.634655838574119,-5.622982141994218
52,52,0.0005327502227167494,0.0005351196680414049,-5.6417453522029355,-5.63127172795435
53,53,0.0005321835261318333,0.0005347990663722157,-5.647909177423232,-5.633874459087225
54,54,0.0005308786093871848,0.0005331237487936098,-5.656697674595681,-5.647500570756636
55,55,0.0005302346568343412,0.0005324928727197019,-5.663681975532003,-5.652642870982479
56,56,0.0005295610462781042,0.0005319144172397884,-5.667531759908328,-5.657363245411606
57,57,0.0005285329120617706,0.0005314039038861857,-5.676519934381852,-5.661533457567989
58,58,0.0005275609419373891,0.00053036347717831,-5.682487023068735,-5.670044770511615
59,59,0.0005271882229825462,0.0005299711851158032,-5.685074535855534,-5.673258289636715
60,60,0.0005266019728241162,0.000528078644205571,-5.692906725844409,-5.688794815949261
61,61,0.0005259920645519591,0.0005281373343773579,-5.698076345612875,-5.688312171901224
62,62,0.0005252967107340156,0.0005272635056539194,-5.7022808383095285,-5.695503734860834
63,63,0.0005240693986031812,0.0005263033028888075,-5.711699718754691,-5.703419908272411
64,64,0.0005235544033228545,0.0005258434194777357,-5.719186221922351,-5.707216428970916
65,65,0.0005230198739715804,0.0005253851275866557,-5.72138790689851,-5.711003115558952
66,66,0.0005221284920536942,0.0005245609025127793,-5.729539689822845,-5.717821684603443
67,67,0.0005215535899888264,0.0005232262345472057,-5.735291304857318,-5.728885749538383
68,68,0.0005205599876173493,0.0005229691634763425,-5.741913711769346,-5.731020045865643
69,69,0.0005195843570111992,0.0005226728083614848,-5.7494873085428235,-5.733481794685583
70,70,0.0005190480367242138,0.0005218600027116114,-5.754669611264212,-5.740240741386095
71,71,0.0005183461000398762,0.0005211595240612759,-5.762226380664066,-5.746074075287513
72,72,0.0005179564300540489,0.0005202240457660274,-5.763131448653604,-5.753876640694122
73,73,0.0005166928983562309,0.0005195695174686415,-5.77499700163361,-5.759344227249765
74,74,0.0005164628259756017,0.000518576275728839,-5.776354628104787,-5.767654419156059
75,75,0.0005156403859313962,0.0005183150826365148,-5.78529688150854,-5.769842396135358
76,76,0.0005153303398251457,0.0005173514303016035,-5.786354156629798,-5.777924322258759
77,77,0.0005139581563272849,0.0005168230946812974,-5.797273592287484,-5.782361740874493
78,78,0.0005137166065360736,0.0005163244480316184,-5.79922728816249,-5.786553968920108
79,79,0.0005130738706433589,0.0005149325343633169,-5.80529246141829,-5.798277541275665
80,80,0.0005122450733624553,0.0005151938239578158,-5.813524723009732,-5.7960743818168945
81,81,0.0005112373721353786,0.0005139493411039247,-5.818992344902584,-5.806577727086138
82,82,0.0005107441720235901,0.0005134354915322834,-5.822530383044757,-5.810922000916378
83,83,0.0005099056267597204,0.0005124094896018505,-5.832860279651055,-5.819609222349991
84,84,0.0005090751210539649,0.0005112892709133264,-5.839598952067152,-5.829114069047203
85,85,0.000508837814121171,0.0005111259601299503,-5.840155517863133,-5.830501469596515
86,86,0.0005081321152416778,0.0005103228123564469,-5.845840536104299,-5.837331038096906
87,87,0.0005074888293765793,0.0005100347135387557,-5.853008068462049,-5.8397835065095105
88,88,0.0005075803183177582,0.0005091807489454942,-5.855769654319523,-5.847061107979106
89,89,0.0005062313467749039,0.00050875250446169,-5.86222343128548,-5.8507152616590545
90,90,0.0005057072707994352,0.0005084471057144631,-5.868284184036869,-5.85332306829522
91,91,0.0005051159943794812,0.0005072492150295721,-5.875791266448191,-5.863567026946084
92,92,0.0005041592011525843,0.0005064328035682832,-5.882797234116897,-5.870562575111259
93,93,0.0005040486041965328,0.0005061204842365298,-5.883788480682489,-5.8732417144377
94,94,0.0005034199035510459,0.0005059129463533234,-5.887272918617295,-5.875022931460805
95,95,0.0005022988447045773,0.0005047621747699419,-5.897894336987395,-5.884912834835793
96,96,0.0005015593889822281,0.0005043437428723433,-5.901895327318812,-5.888514491934764
97,97,0.0005007281109748274,0.0005033119906377243,-5.910218269636504,-5.897408094062467
98,98,0.0005005789544438155,0.0005027342014823501,-5.913366616074086,-5.90239654631122
99,99,0.0004995577517397625,0.000502511963101202,-5.922545285551521,-5.9043168103733485
100,100,0.0004994146557063939,0.0005016308553565882,-5.92400929504337,-5.911938441930631
101,101,0.0004984170931136984,0.0005005576546720572,-5.931070812470615,-5.921239792101012
102,102,0.0004978657618510662,0.0004999843030849373,-5.935922308173659,-5.926217163730492
103,103,0.0004973803099590479,0.0004993630021712498,-5.941632465297451,-5.931617240195627
104,104,0.0004965369487613363,0.0004986873475565133,-5.947043735089749,-5.93749736669944
105,105,0.000495827301662204,0.0004980146860409724,-5.952976560728715,-5.943359363944226
106,106,0.0004952420368334567,0.0004974643372023772,-5.960841426669901,-5.9481613433429645
107,107,0.0004944451868572493,0.0004974752465434568,-5.965558543953218,-5.948066104059904
108,108,0.0004945960419118097,0.0004961776522625433,-5.965885856625208,-5.959408864836163
109,109,0.0004932834258538277,0.0004956074255077462,-5.9756918726286345,-5.9644028169711705
110,110,0.0004928498396880387,0.0004957684631287856,-5.981478798463885,-5.962991893998098
111,111,0.000492277721989631,0.0004946980395623924,-5.984308917468132,-5.972378970247705
112,112,0.0004918914400497163,0.0004940145698032881,-5.991057356480255,-5.978383287162357
113,113,0.0004911483550497052,0.0004927315289693835,-5.995577032601611,-5.989677334718185
114,114,0.0004904471669638933,0.0004924339943835022,-6.001567283827551,-5.992300602173033
115,115,0.0004899774923483774,0.0004931075918169594,-6.00468675085337,-5.986363974068778
116,116,0.0004891958417726162,0.000492256093390384,-6.0116086357461365,-5.993869855716584
117,117,0.0004886602265784305,0.0004910319832178127,-6.019165967478717,-6.004683056455535
118,118,0.0004878589864244166,0.0004903340549820936,-6.024073693930305,-6.0108602914695926
119,119,0.00048714909599325857,0.0004894783701992741,-6.027206841372256,-6.018445810174027
120,120,0.00048652181813502973,0.0004898366904327352,-6.036897408775954,-6.015267741882289
121,121,0.0004859675254826386,0.0004889940303799353,-6.041150508466275,-6.022745290219863
122,122,0.00048557384426887963,0.00048757984002708996,-6.04407016477807,-6.035323457924914
123,123,0.0004848560898027085,0.00048731155785437867,-6.0502999587310144,-6.037713744071574
124,124,0.0004842833714252434,0.00048659505984304766,-6.056951815484995,-6.044103908859478
125,125,0.00048353997378408446,0.000486512723574905,-6.062266224439053,-6.044838836430905
126,126,0.00048348214387288797,0.0004852393176406622,-6.066335534355778,-6.056221029903442
127,127,0.00048224339903735544,0.0004848420503549278,-6.0737544609343495,-6.059778071722244
128,128,0.00048199114863779974,0.0004854996345545116,-6.076464713685851,-6.053891789860376
129,129,0.000481860052383764,0.0004839658044817808,-6.079604364065289,-6.067634094964973
130,130,0.0004806979241320076,0.0004836972159529595,-6.086689209054565,-6.070044986287714
131,131,0.00047990155391894356,0.0004826798976864666,-6.094857110125313,-6.07918874324241
132,132,0.0004798003965052632,0.0004816999472064995,-6.096962892858608,-6.0880148761136486
133,133,0.00047913957513225525,0.00048160648408443913,-6.101959796579198,-6.088857609370297
134,134,0.00047872762751439106,0.0004811555447400008,-6.108129442213185,-6.092925914463779
135,135,0.0004778717627710442,0.00048015206917434146,-6.114060406783356,-6.101992815690287
136,136,0.00047750608994356675,0.0004795867058227917,-6.1166057341366695,-6.1071095040777195
137,137,0.0004770322036737403,0.0004790649966851465,-6.122766077409633,-6.111836464274276
138,138,0.000476382008199244,0.0004785625619421664,-6.128713420143384,-6.116393656774617
139,139,0.0004753337725372889,0.00047805373201538856,-6.13657719122614,-6.121013733845498
140,140,0.0004752130501485939,0.0004773242827995043,-6.140142009578218,-6.12764557644465
141,141,0.0004749069783654179,0.00047699144373549834,-6.142741665531874,-6.130674975849929
