,epoch,train_loss,test_loss,train_dbs,test_dbs
0,0,6.46632571570268e-05,6.115351846490644e-05,-31.90445663296199,-32.14271292019467
1,1,5.656845723464845e-05,5.564569590588737e-05,-32.47939837334946,-32.552611631481795
2,2,5.331615548786112e-05,5.14305944594334e-05,-32.72442694178545,-32.89471197090256
3,3,4.947804554081138e-05,4.770704292336871e-05,-33.05647290964882,-33.22110243169773
4,4,4.417434462721786e-05,4.48496589103199e-05,-33.54910531105132,-33.48933596718464
5,5,4.313031345613051e-05,4.2501953430473804e-05,-33.6600351578097,-33.72283850124659
6,6,4.0732839272433135e-05,4.000463300862497e-05,-33.893078679194176,-33.98582450556836
7,7,3.750508291239985e-05,3.794490447418004e-05,-34.24424289471323,-34.215392773909684
8,8,3.709878321912874e-05,3.6470495328294895e-05,-34.31465938063838,-34.387510794487966
9,9,3.5148979992468925e-05,3.495556359810411e-05,-34.54204532904963,-34.57176432453812
10,10,3.357210376053285e-05,3.344665013795939e-05,-34.74504830279339,-34.763401138719644
11,11,3.219999746658321e-05,3.2274836772366576e-05,-34.92508199879643,-34.9182868669256
12,12,3.179062795678283e-05,3.130439845814468e-05,-34.982333113100744,-35.0508737837727
13,13,2.931904801351772e-05,3.041339024141627e-05,-35.33211237299903,-35.17627906707102
14,14,2.9364984509380312e-05,2.9627337713272457e-05,-35.31784901983408,-35.29000113313938
15,15,2.8629695547933058e-05,2.8718379517637293e-05,-35.436801731135546,-35.42532810751246
16,16,2.748921060722835e-05,2.7944624410960578e-05,-35.608167286755865,-35.543944643570875
17,17,2.720507017301381e-05,2.7342679459252395e-05,-35.656458552049,-35.638516700064145
18,18,2.656365638555594e-05,2.6645470777446845e-05,-35.75318610800376,-35.75069343378394
19,19,2.601132134081239e-05,2.5972262703458238e-05,-35.849706649767136,-35.86182954212258
20,20,2.556815735195264e-05,2.548785740050095e-05,-35.92621605196112,-35.943594125514004
21,21,2.4427507492667426e-05,2.5095661265751052e-05,-36.11374605258513,-36.01094097480655
22,22,2.485438268457674e-05,2.4550991695018876e-05,-36.04489672256145,-36.10623701833104
23,23,2.3785531196800857e-05,2.4081067558175785e-05,-36.23551508971775,-36.190170051352965
24,24,2.3799403728863234e-05,2.3766241084606582e-05,-36.237252159992345,-36.24732242933006
25,25,2.29462109496829e-05,2.3214925405275272e-05,-36.389816424399854,-36.34925448704341
26,26,2.4074392696121257e-05,2.2909360747067503e-05,-36.186889839275025,-36.40679770231552
27,27,2.208221160133727e-05,2.2558418430363464e-05,-36.55274419282971,-36.47384093210619
28,28,2.2485492700445657e-05,2.2298988417452692e-05,-36.48133700987829,-36.524075792826
29,29,2.133022159805759e-05,2.2028824356599025e-05,-36.712359990635676,-36.57701421062046
30,30,2.2073700587423016e-05,2.170623884012457e-05,-36.57645753236102,-36.641081638537635
31,31,2.123829618380789e-05,2.1479297509741674e-05,-36.729386192896804,-36.68672667763967
32,32,2.0803663770943646e-05,2.1269269430041804e-05,-36.826644074989574,-36.72940168479164
33,33,2.072664197446111e-05,2.1050053443392053e-05,-36.83432736271503,-36.774395384326965
34,34,2.039498729610602e-05,2.0836183083654186e-05,-36.908162388374805,-36.818745763818704
35,35,2.0870584109813074e-05,2.069993484167897e-05,-36.805837239863735,-36.84723762817407
36,36,1.9596354250847745e-05,2.0492762192397524e-05,-37.0680953770418,-36.89092240896594
37,37,1.9575433378628714e-05,2.0391454151984745e-05,-37.079534393637665,-36.91244544005617
38,38,2.0146988671766258e-05,2.0161002746470713e-05,-36.953561992606964,-36.96180612437073
39,39,2.0223987140178504e-05,2.0131051841369635e-05,-36.94863210935472,-36.96826273987087
40,40,2.010374053910353e-05,1.9944099461243143e-05,-36.96865687142031,-37.008783098957835
41,41,1.945408724534047e-05,1.983351457487228e-05,-37.108292913355626,-37.032930615507794
42,42,1.9785139425648687e-05,1.9703033917482427e-05,-37.0402751007864,-37.061596362718795
43,43,1.9456270688961105e-05,1.9559928564137264e-05,-37.11254084631679,-37.09325476879558
44,44,1.9845633153064348e-05,1.952001213411629e-05,-37.02671030271715,-37.10212657925085
45,45,1.944933567934528e-05,1.949107928866349e-05,-37.10764671367898,-37.10856853048652
46,46,1.9719388621955866e-05,1.9439377626296943e-05,-37.054202528130304,-37.12010384841038
47,47,1.8957348683469127e-05,1.9378255513545712e-05,-37.22248210787176,-37.13378063191373
48,48,1.9341439144330617e-05,1.936835944530015e-05,-37.131287036778645,-37.13599904915075
49,49,1.9023910372010335e-05,1.93205049455221e-05,-37.21115633115578,-37.14674268617084
50,50,1.8612891732662264e-05,1.9297831099002476e-05,-37.2903144174593,-37.15184240229902
51,51,1.869341423988556e-05,1.9160028291241216e-05,-37.28334744363597,-37.18296595212016
52,52,1.989773450405505e-05,1.920419967255408e-05,-37.017042172152046,-37.17296528396797
53,53,1.899518015635135e-05,1.917699965384887e-05,-37.20814003460591,-37.1791208081393
54,54,1.9143920935769612e-05,1.9232940327415954e-05,-37.184907509438936,-37.16647057070938
55,55,1.9182622523170647e-05,1.924851834414049e-05,-37.17301533042314,-37.1629543593673
56,56,1.879323904692692e-05,1.9224143838264834e-05,-37.26436249359991,-37.16845733951828
57,57,1.8698346185871188e-05,1.9161730290905228e-05,-37.28400760192052,-37.182580182212874
58,58,1.8889355197109008e-05,1.9163680151809547e-05,-37.2375720905094,-37.182138274965354
59,59,1.891301466101365e-05,1.9134893543531162e-05,-37.23507680827805,-37.18866690842403
60,60,1.87943134039518e-05,1.9150459928297143e-05,-37.248549896651355,-37.18513532531638
61,61,1.8624326772042717e-05,1.9134278150695056e-05,-37.28727961517498,-37.18880658310269
62,62,1.881860845463324e-05,1.9050645517525384e-05,-37.2442989660245,-37.20783045204411
63,63,1.911474773993346e-05,1.913511617826053e-05,-37.184707400022404,-37.18861637849987
64,64,1.8986567260278027e-05,1.9086172726115603e-05,-37.213304220477305,-37.199738914353205
65,65,1.9215186230868903e-05,1.9119754764879442e-05,-37.16282049640905,-37.192104236260064
66,66,1.9030858648997328e-05,1.907129669569641e-05,-37.210640533282096,-37.20312518621498
67,67,1.8821722808274197e-05,1.9043833545813533e-05,-37.25216328168645,-37.20938364391317
68,68,1.9115794568335202e-05,1.9078056203924414e-05,-37.189380295665224,-37.20158617339752
69,69,1.857238478890198e-05,1.9013642677715613e-05,-37.305585918622356,-37.21627413244282
70,70,1.8777989924311658e-05,1.8990818573097624e-05,-37.260140474309836,-37.22149056417502
71,71,1.8889961726936517e-05,1.8988564318677066e-05,-37.241281884910215,-37.222006112444774
72,72,1.893179390761586e-05,1.8857025296663204e-05,-37.23603680146247,-37.25219557548876
73,73,1.8817556872480843e-05,1.87147930103636e-05,-37.25197659475376,-37.28507713137285
74,74,1.8012390908027264e-05,1.815234995056495e-05,-37.44339681841811,-37.41759885708505
75,75,1.741435442023224e-05,1.7303070643193725e-05,-37.5956450366815,-37.625695603460116
76,76,1.645517437919835e-05,1.664495300103322e-05,-37.837112518570535,-37.79410168010621
77,77,1.5762423619477332e-05,1.557641955610291e-05,-38.02758255365725,-38.08225104686348
78,78,1.4523549016865723e-05,1.4093408648669107e-05,-38.38235469170802,-38.516766964273316
79,79,1.3460179400578089e-05,1.3536527005367374e-05,-38.70669954316925,-38.691854872053966
80,80,1.3166688779502815e-05,1.3322480107921078e-05,-38.80306045735899,-38.7610766076481
81,81,1.3268554998971594e-05,1.3179333348632913e-05,-38.77228638672299,-38.80799298365942
82,82,1.3073175650038373e-05,1.2995632699274115e-05,-38.83650628936395,-38.868953130148405
83,83,1.2524878142939247e-05,1.290725188147534e-05,-39.02163679538727,-38.89858955948708
84,84,1.2811697732891825e-05,1.2786073440158935e-05,-38.93399891718592,-38.93955546634877
85,85,1.2374148429875482e-05,1.2604332512541747e-05,-39.07648815376332,-39.001728895292025
86,86,1.2245367871241562e-05,1.2445473657862749e-05,-39.120438432892605,-39.05681311305274
87,87,1.2145627169019527e-05,1.2285557635263295e-05,-39.15627370599107,-39.11297867552975
88,88,1.2111151300280081e-05,1.2187072379195965e-05,-39.16734412656929,-39.14793350803555
89,89,1.1804144856590206e-05,1.204786033332838e-05,-39.27921040020655,-39.19782816963586
90,90,1.1783082103197698e-05,1.1795219554761915e-05,-39.29069081763921,-39.28986712023129
91,91,1.149302684988817e-05,1.174749535206693e-05,-39.38657501075251,-39.30747459358838
92,92,1.1444095106685616e-05,1.1547514603941971e-05,-39.40942933657552,-39.382042210602485
93,93,1.1238379959921958e-05,1.1448362496785672e-05,-39.4879575667678,-39.41949368911969
94,94,1.1261619021621e-05,1.1290753000618056e-05,-39.48219166490469,-39.479698344532146
95,95,1.0897542151068001e-05,1.1062841622333508e-05,-39.62865983792779,-39.568260462273
96,96,1.0732808798061295e-05,1.0872854976409335e-05,-39.69455124849286,-39.643491458311864
97,97,1.041665254700833e-05,1.0435494914418086e-05,-39.81863431862887,-39.82179690457418
98,98,9.982295223474551e-06,9.820476167844486e-06,-40.00623456085195,-40.08560195183006
99,99,9.481556094449598e-06,9.428964212451032e-06,-40.23248614748002,-40.26228753844333
100,100,9.193728559337839e-06,9.145151125267148e-06,-40.362788078171135,-40.39501854557741
101,101,8.878245146839505e-06,9.080049303041673e-06,-40.52317389948527,-40.42604534555147
102,102,8.760529378856312e-06,8.974021559544398e-06,-40.57180160834154,-40.47705632659347
103,103,8.751260352677417e-06,8.869083103490993e-06,-40.579469354303264,-40.52814016958913
104,104,8.655830036510339e-06,8.71256552751507e-06,-40.63018766749167,-40.60546683761312
105,105,8.486902581503226e-06,8.498530597104323e-06,-40.71406725022462,-40.713488988901645
106,106,8.315802549930726e-06,8.312693592559203e-06,-40.8008206440519,-40.80950968602822
107,107,8.259941094684578e-06,8.195316695491783e-06,-40.834144558331225,-40.87127000346424
108,108,8.124268422705558e-06,8.09778717475159e-06,-40.89682516355222,-40.92326382726499
109,109,8.01068521112254e-06,8.041687339611695e-06,-40.96275801735378,-40.95345557475784
110,110,7.905160291369443e-06,7.971901069188453e-06,-41.01306402150742,-40.991308407303386
111,111,7.859222834442859e-06,7.846469256228853e-06,-41.05811953780978,-41.06018463775436
112,112,7.794057337471798e-06,7.751951168182514e-06,-41.07906107659285,-41.11281712921085
113,113,7.793436269793411e-06,7.70709307050167e-06,-41.08078712196908,-41.13802137686022
114,114,7.663617766739503e-06,7.63390315976147e-06,-41.15570846010621,-41.17946094839006
115,115,7.608873635110717e-06,7.60506959283559e-06,-41.181836832292056,-41.195895486539236
116,116,7.642686182173082e-06,7.573593560855922e-06,-41.167776615170666,-41.21390746355881
117,117,7.573996224460437e-06,7.4961320407103475e-06,-41.2013156719712,-41.2585551339129
118,118,7.56284363475417e-06,7.489857676103527e-06,-41.21482904017298,-41.26219176003758
119,119,7.448580730589438e-06,7.476178157766729e-06,-41.2777046430032,-41.27013099130656
120,120,7.462317236936495e-06,7.40935686400534e-06,-41.272562018214714,-41.30912228593476
121,121,7.347828670259032e-06,7.390158172807117e-06,-41.335675690048895,-41.32039007451241
122,122,7.313779485801993e-06,7.376468626094529e-06,-41.35589899699957,-41.32844241629798
123,123,7.505628776381911e-06,7.3664494649213e-06,-41.249190052093745,-41.334345273593726
124,124,7.348355581795199e-06,7.355668817341977e-06,-41.33954359515023,-41.340705739529604
125,125,7.357441433865911e-06,7.312942048692524e-06,-41.32857472325832,-41.36600609346593
126,126,7.346158767664822e-06,7.265701433904101e-06,-41.33912317298247,-41.39415193592061
127,127,7.29814455928473e-06,7.264981999660928e-06,-41.36469810634707,-41.39458198633577
128,128,7.21025541688786e-06,7.2517831732080885e-06,-41.423032921265126,-41.40247930919984
129,129,7.329449413800924e-06,7.210961508749997e-06,-41.36137262485734,-41.42699563868785
130,130,7.225553464692341e-06,7.183105696496664e-06,-41.4174114397101,-41.44380484275839
131,131,7.221482374194407e-06,7.174039542166467e-06,-41.408958550968094,-41.44928975115151
132,132,7.152527683201791e-06,7.11714150575541e-06,-41.46124061906028,-41.48387140500559
133,133,7.072391068954717e-06,7.0878257630331636e-06,-41.50427232521739,-41.5017970828781
134,134,7.0869261819716856e-06,7.065152802074169e-06,-41.4886010568887,-41.515711822042164
135,135,7.0104031401945006e-06,7.037059013351896e-06,-41.545561153259115,-41.533015481522206
136,136,7.100071427688367e-06,6.995456164747195e-06,-41.500702311028476,-41.558767016850936
137,137,7.002301277005001e-06,6.979963760194981e-06,-41.545942753255275,-41.56839573441455
138,138,7.086478724642765e-06,6.922551021584934e-06,-41.49742245664169,-41.60426575894603
139,139,7.01521494849339e-06,6.9162765373077585e-06,-41.539291379995134,-41.60820391638529
140,140,6.885716189084558e-06,6.869134530892265e-06,-41.626698177777115,-41.637907191767674
141,141,6.8734921349216125e-06,6.844459987501307e-06,-41.62738458563001,-41.653535522600734
142,142,6.8628820166119e-06,6.804176552434096e-06,-41.63699243075388,-41.67917167213246
143,143,6.806406343026331e-06,6.811022701999479e-06,-41.67268087720201,-41.67480413380481
144,144,6.73181898726154e-06,6.762792437305172e-06,-41.72103079591125,-41.70566682900484
145,145,6.88705172110859e-06,6.742509915631289e-06,-41.62093159539367,-41.71871147418838
146,146,6.792252247343884e-06,6.742038653771344e-06,-41.67763279277712,-41.71901503114371
147,147,6.799061648240409e-06,6.653484074616388e-06,-41.67799920425643,-41.776436195083676
148,148,6.745804441998564e-06,6.66529517969282e-06,-41.70679781113709,-41.76873353854652
149,149,6.672969762222078e-06,6.6272397194361e-06,-41.76271821579476,-41.7936006111939
150,150,6.647566689147443e-06,6.600305751865228e-06,-41.781151647083576,-41.81128687004414
151,151,6.626283814596521e-06,6.576518635962489e-06,-41.78710295198279,-41.8269668610569
152,152,6.6260471818899645e-06,6.515842247417343e-06,-41.78526427252629,-41.86722179998952
153,153,6.421646025252634e-06,6.481093446621487e-06,-41.923390873833384,-41.890444579192604
154,154,6.443975137502553e-06,6.435506005992035e-06,-41.911708724574964,-41.921100412701236
155,155,6.484002744738186e-06,6.397488409435793e-06,-41.87595037327594,-41.94683233491192
156,156,6.345559939422246e-06,6.355640978558528e-06,-41.97381849938555,-41.97533384695277
157,157,6.3072047851164825e-06,6.3192604245973355e-06,-42.00870071189196,-42.00026487674276
158,158,6.310173947773346e-06,6.284347771150734e-06,-42.001007532412885,-42.02432530656
159,159,6.308593264734132e-06,6.251753994116657e-06,-41.99398344099653,-42.046908609841836
160,160,6.244751921727097e-06,6.235522457580756e-06,-42.03885782527329,-42.05819893523468
161,161,6.147480188204652e-06,6.1549043924682525e-06,-42.109285627869696,-42.11471430040391
162,162,6.221611076079612e-06,6.139055011245594e-06,-42.06237820488364,-42.12591216171772
163,163,6.0743078421117235e-06,6.109321379641953e-06,-42.16628642650882,-42.14699769515704
164,164,6.0978050737269105e-06,6.062634838599479e-06,-42.14109374209018,-42.18031330395684
165,165,6.084373313738585e-06,6.012086415514779e-06,-42.15975038705488,-42.216675268753136
166,166,5.981333817975817e-06,5.981600871133483e-06,-42.231869389632834,-42.23875310336574
167,167,5.961521572917076e-06,5.956703980222014e-06,-42.2528127951838,-42.25686722953234
168,168,5.993330160918893e-06,5.877161392594357e-06,-42.231511514629446,-42.31525124194928
169,169,5.90471862188238e-06,5.866311958494694e-06,-42.290063218133454,-42.323275870712784
170,170,6.041150243749444e-06,5.824313982310214e-06,-42.19055231879925,-42.35447961953749
171,171,5.828042273990541e-06,5.8091219503502975e-06,-42.34640678288354,-42.365822475487924
172,172,5.81450535953747e-06,5.780923091055899e-06,-42.344998684077055,-42.38695549629828
173,173,5.7987525971989225e-06,5.776279929130779e-06,-42.364290195401324,-42.390445094443486
174,174,5.781538103414296e-06,5.721804738737103e-06,-42.378385518532696,-42.43159708155903
175,175,5.783754293532315e-06,5.738321330059798e-06,-42.37884838843374,-42.419078773479896
176,176,5.8072236308512355e-06,5.702079162897701e-06,-42.34956192397462,-42.44659498827275
177,177,5.678056232241456e-06,5.700912879547104e-06,-42.456170803403836,-42.4474833698894
178,178,5.710704930813158e-06,5.702218722466282e-06,-42.43555754862017,-42.44648869509952
179,179,5.803908194495082e-06,5.675723251012019e-06,-42.36338228439779,-42.46671530176404
180,180,5.657865698332298e-06,5.626498238454683e-06,-42.4781141932959,-42.504545539864864
181,181,5.701584771102098e-06,5.6333752629717835e-06,-42.442062869750536,-42.499240588311594
182,182,5.681488393335159e-06,5.654907693640684e-06,-42.450289677063076,-42.482672209933135
183,183,5.639094337142917e-06,5.619667143420022e-06,-42.49292781010482,-42.509821484407794
184,184,5.573680369969825e-06,5.570950873477973e-06,-42.54417473111814,-42.54763412502655
185,185,5.5849286675850435e-06,5.582128587296833e-06,-42.5313237688287,-42.53892904752003
186,186,5.590991101420626e-06,5.578592759105193e-06,-42.523394861413024,-42.54168082435648
187,187,5.671549814971663e-06,5.553493122677441e-06,-42.465595480938994,-42.5612650284061
188,188,5.542423104529494e-06,5.522769218882068e-06,-42.56347226139852,-42.58535845575836
189,189,5.537658585266981e-06,5.524335871374014e-06,-42.57077762327566,-42.5841266605843
190,190,5.468972181147037e-06,5.4964963582231e-06,-42.62419972651888,-42.60606796665896
191,191,5.510629340353693e-06,5.491520632380056e-06,-42.59042819033856,-42.61000121580964
192,192,5.50880856946568e-06,5.487852281236739e-06,-42.595670011623156,-42.6129032844998
193,193,5.392370346187105e-06,5.4367163245746935e-06,-42.67520451073371,-42.653560681239576
194,194,5.453395293518474e-06,5.4463620663706314e-06,-42.63223121966494,-42.645862319834364
195,195,5.431354078534719e-06,5.427819384127169e-06,-42.65234154537029,-42.66067353559337
196,196,5.3891834955045605e-06,5.387312955319526e-06,-42.68137865527811,-42.69320536270008
197,197,5.358304261068211e-06,5.389248024967903e-06,-42.70395485535269,-42.6916456998708
198,198,5.38838606555202e-06,5.3537768939062704e-06,-42.68868053540923,-42.72032472199707
199,199,5.4076063889558856e-06,5.385937440319379e-06,-42.668622851763345,-42.694314366121795
200,200,5.333548598201494e-06,5.3346578552966666e-06,-42.735134945058846,-42.73586170569618
201,201,5.301401570343926e-06,5.326141442645549e-06,-42.75424160268106,-42.74280045710385
202,202,5.264729459424379e-06,5.309305475078106e-06,-42.78757976893215,-42.7565502768832
203,203,5.418548130599204e-06,5.288529025978948e-06,-42.66363551312769,-42.7735784891204
204,204,5.258737553621236e-06,5.2770979939515726e-06,-42.78529195236749,-42.782975822680605
205,205,5.3508553916339995e-06,5.3001818311091295e-06,-42.71965836507354,-42.764019722093835
206,206,5.3266318300489894e-06,5.273348793516082e-06,-42.735834146027216,-42.78606243533696
207,207,5.367771552403976e-06,5.280402451477896e-06,-42.71136625584535,-42.78025717213704
208,208,5.355069272800111e-06,5.264059669379524e-06,-42.714050458159704,-42.79371937757933
209,209,5.267772370850075e-06,5.258654374828391e-06,-42.78569767523238,-42.798181134865956
210,210,5.260608599876166e-06,5.216407101359341e-06,-42.78816126448105,-42.83321263757948
211,211,5.2351578627157955e-06,5.215113823827491e-06,-42.80717849514899,-42.83428949550376
212,212,5.329480737816187e-06,5.238619618658528e-06,-42.736317979724205,-42.81475876182148
213,213,5.208266387497358e-06,5.2049158272750086e-06,-42.837782352014585,-42.842790306329775
214,214,5.197880956572037e-06,5.248276489797526e-06,-42.84611202465956,-42.80676034743807
215,215,5.189243175973575e-06,5.222178754736792e-06,-42.85597787610661,-42.8284100761918
216,216,5.220978802810219e-06,5.2307979163551385e-06,-42.813695715173516,-42.82124799156151
217,217,5.159447641979325e-06,5.197377719780075e-06,-42.8601667419549,-42.84908460873008
218,218,5.164868099134615e-06,5.193696635710933e-06,-42.86435915315951,-42.852161623696645
219,219,5.236391878253889e-06,5.208773233645939e-06,-42.81543044317061,-42.83957290590968
220,220,5.2096079765685795e-06,5.200015421953714e-06,-42.835638714285395,-42.846881095776645
221,221,5.187969944336615e-06,5.192399552661779e-06,-42.84786388138316,-42.85324637393106
222,222,5.205465607939482e-06,5.168307947506516e-06,-42.83699032979362,-42.873443585436924
223,223,5.296014576967921e-06,5.175209959193844e-06,-42.759217799495424,-42.867647673327
224,224,5.127975187279685e-06,5.1801560546568664e-06,-42.89950379004477,-42.86349897954441
225,225,5.1904638538187486e-06,5.160544357127755e-06,-42.838052599377065,-42.879972258704335
226,226,5.170563054917627e-06,5.192630492513815e-06,-42.866215400375054,-42.853053219163144
227,227,5.252153243287166e-06,5.1467319089600715e-06,-42.80035330072082,-42.891611945963525
228,228,5.157671225366432e-06,5.149410777736002e-06,-42.88108520896441,-42.88935203564802
229,229,5.11791706662031e-06,5.180332783837864e-06,-42.910033753609454,-42.863350815670486
230,230,5.241126098216105e-06,5.113270306442007e-06,-42.812909409694484,-42.91993989472674
231,231,5.11804193930524e-06,5.117534520219411e-06,-42.91407520463238,-42.91631960355357
232,232,5.065336857292893e-06,5.079804012846005e-06,-42.95837191269503,-42.94845784408768
233,233,5.109425972515271e-06,5.094953753302291e-06,-42.91559336317009,-42.935524949377395
234,234,5.128163194836516e-06,5.056711559422854e-06,-42.894470982872186,-42.96824559535919
235,235,5.019111292134879e-06,5.059117172909043e-06,-42.98216625608455,-42.96618003116276
236,236,5.035162659398863e-06,5.0393847758593775e-06,-42.97555105582481,-42.98315221595507
237,237,5.0915628121073655e-06,5.056347187124438e-06,-42.928960008562626,-42.96855854692527
238,238,4.975558652207387e-06,5.023547098397485e-06,-43.02250785964405,-42.996822628699654
239,239,5.003458428881899e-06,5.043177991051619e-06,-43.00454471968359,-42.97988445052188
240,240,5.157437330520215e-06,5.030213862099979e-06,-42.87271216884116,-42.991062915247355
241,241,5.027160282740633e-06,5.044195117271126e-06,-42.983353288123126,-42.9790086381547
242,242,4.976738191825714e-06,5.022564485108505e-06,-43.041293006766324,-42.9976721982611
243,243,4.962039862014713e-06,5.033084682126125e-06,-43.04054815817466,-42.988585037195264
244,244,4.9462341333300805e-06,4.9929795558886036e-06,-43.05988753571707,-43.02332953414923
245,245,4.952724521927783e-06,5.001230731163799e-06,-43.050673399448755,-43.016158500916035
246,246,4.950127858296817e-06,4.986424923309211e-06,-43.05669772017705,-43.02903456629903
247,247,4.909050201923051e-06,4.976988532833179e-06,-43.08999423749235,-43.03726101109373
248,248,5.009340445222105e-06,4.949634354776017e-06,-42.99243450744238,-43.06119623819303
249,249,4.954244207876456e-06,4.967794355156672e-06,-43.059255694421225,-43.045291315652776
250,250,4.924855996241322e-06,4.945316791954131e-06,-43.07579808944502,-43.06498623937648
251,251,4.9432860062542835e-06,4.969029616500177e-06,-43.06046020740575,-43.044211559808275
252,252,4.880374663772863e-06,4.92078867721016e-06,-43.111334435118145,-43.086580265235234
253,253,4.8789113664957e-06,4.927901835272726e-06,-43.10947230973021,-43.08030693208762
254,254,4.981855937265059e-06,4.903959100039701e-06,-43.0260684930255,-43.10145901797786
255,255,4.844031897762049e-06,4.897323881442916e-06,-43.15110649251367,-43.107339144627524
256,256,4.836069590439984e-06,4.8854304670959734e-06,-43.15416733005485,-43.117899047457925
257,257,4.819304063557959e-06,4.896357782662993e-06,-43.165784151788635,-43.108195965146805
258,258,4.849354363895398e-06,4.888319572752439e-06,-43.14082824523169,-43.11533151160798
259,259,4.871483415439629e-06,4.853649658654927e-06,-43.12740724215431,-43.14624315911962
260,260,4.914499683210809e-06,4.826230475660659e-06,-43.08749058997529,-43.17084683510724
261,261,4.932018196696029e-06,4.86153088499314e-06,-43.059790720576785,-43.13919692082323
262,262,4.9452860835539396e-06,4.847720231880789e-06,-43.06480689510984,-43.15155193031083
263,263,4.796389846175311e-06,4.849778274786475e-06,-43.185569691661044,-43.14970857516051
264,264,4.896527922572148e-06,4.82565897791095e-06,-43.103421970979625,-43.17136113507018
265,265,4.828986937954864e-06,4.811442450820898e-06,-43.163761658969506,-43.18417445615306
266,266,4.804032048867288e-06,4.7722912887892515e-06,-43.18701643255123,-43.2196579716169
267,267,4.802754307261755e-06,4.800144396492549e-06,-43.186892104331775,-43.19438439336501
268,268,4.760810465011241e-06,4.789332969697793e-06,-43.219439526289975,-43.20417709594633
269,269,4.8296523083390824e-06,4.787021082034028e-06,-43.1604934056275,-43.20627401105459
270,270,4.8262542861135145e-06,4.818222997097396e-06,-43.16214197071322,-43.178058450701414
271,271,4.8676133842163085e-06,4.821523864513055e-06,-43.133054979940255,-43.17508420546298
272,272,4.763032158978641e-06,4.779791269308924e-06,-43.222257460819975,-43.212838095838805
273,273,4.8314261839925505e-06,4.788457389574767e-06,-43.15628990825228,-43.204971140507105
274,274,4.839335674988274e-06,4.795583878914936e-06,-43.147347954395954,-43.19851249643517
275,275,4.7729496642561345e-06,4.8054353101179e-06,-43.20908240220934,-43.189600059895746
276,276,4.751130436301368e-06,4.760036182759857e-06,-43.232541079498375,-43.23082487261132
277,277,4.76331591194936e-06,4.7780494194165315e-06,-43.21440542807464,-43.214421038743126
278,278,4.860799562425434e-06,4.778357762054504e-06,-43.13939746979201,-43.214140783823666
279,279,4.769579639465407e-06,4.765356080545309e-06,-43.21826623486174,-43.22597383355935
280,280,4.7492837213737695e-06,4.777462962872385e-06,-43.23669429754304,-43.21495412337769
281,281,4.735814606469033e-06,4.748147555227134e-06,-43.24044765183386,-43.2416853443225
282,282,4.860298791829768e-06,4.7790320087714416e-06,-43.12964341380369,-43.21352801896607
283,283,4.7417253515903345e-06,4.767744581170662e-06,-43.2435579809784,-43.2237976000334
284,284,4.708333206733571e-06,4.742269251628865e-06,-43.27363876897366,-43.24706532961527
285,285,4.741329351033819e-06,4.741170342688412e-06,-43.23513066478207,-43.24807182116581
286,286,4.7320430913367594e-06,4.738068080194735e-06,-43.250196829535426,-43.25091444516241
287,287,4.737668517656257e-06,4.730384956163011e-06,-43.24188651215117,-43.25796256398455
288,288,4.750307484239774e-06,4.756791273202428e-06,-43.230192309983764,-43.233786461178944
289,289,4.703380215790641e-06,4.74167563879746e-06,-43.27961394628744,-43.247608991098716
290,290,4.697925755722609e-06,4.741059288598511e-06,-43.28616450750264,-43.2481735486715
291,291,4.761570436908796e-06,4.715910132577655e-06,-43.22668139188312,-43.271272207333105
292,292,4.816695463981062e-06,4.735864446334553e-06,-43.1813349514602,-43.25293478051986
293,293,4.69962233370266e-06,4.7239155767448735e-06,-43.27873857758171,-43.263906136883215
294,294,4.722433009332817e-06,4.7372825161131145e-06,-43.24906970817652,-43.25163455814006
295,295,4.650831487169009e-06,4.710777734305195e-06,-43.31207444778876,-43.27600127548595
296,296,4.751223626691481e-06,4.735511275181412e-06,-43.23299839648476,-43.25325866226113
297,297,4.744974057288833e-06,4.732977183601561e-06,-43.231902089275906,-43.25558330366685
298,298,4.729532993786558e-06,4.7003490611754575e-06,-43.24738654797138,-43.28562630157701
299,299,4.682503097767752e-06,4.718893370935755e-06,-43.295267977111955,-43.2685257717559
300,300,4.713131260097125e-06,4.697716935640385e-06,-43.26339236388242,-43.28805896724638
301,301,4.683075816895316e-06,4.7193009442325045e-06,-43.29715821903535,-43.26815068553082
302,302,4.704013055330863e-06,4.695332886752256e-06,-43.27557196486608,-43.29026353193732
303,303,4.716465247332325e-06,4.696677909745822e-06,-43.258742002772436,-43.28901963202965
304,304,4.678923917324318e-06,4.682332258342189e-06,-43.30302535414543,-43.30230513229213
305,305,4.6814737888593134e-06,4.706496455535096e-06,-43.30244042929337,-43.279950052671275
306,306,4.6783394216468015e-06,4.698543809928723e-06,-43.30152631862656,-43.28729460586624
307,307,4.642239982973647e-06,4.705304586662494e-06,-43.32857216846874,-43.28104999533893
308,308,4.733812569536463e-06,4.711000512638987e-06,-43.257055022634496,-43.275795897268516
309,309,4.655980417962767e-06,4.685460106357871e-06,-43.315912447397096,-43.29940496727771
310,310,4.6684906535410475e-06,4.705802917956853e-06,-43.315064711495815,-43.28059006534367
311,311,4.684718608108803e-06,4.66412623274281e-06,-43.30224940037415,-43.319224453044676
312,312,4.630711865717888e-06,4.707818908699617e-06,-43.33238062804838,-43.27872992333954
313,313,4.6635348919209585e-06,4.700444773525784e-06,-43.30756126806351,-43.28553786788443
314,314,4.651632081600537e-06,4.702574786183265e-06,-43.31876585092105,-43.283570302564634
315,315,4.7558275310649084e-06,4.705048516035803e-06,-43.22460204061075,-43.281286352166276
316,316,4.690895867994543e-06,4.6786961942607855e-06,-43.288079300477584,-43.305678955272825
317,317,4.651499117225632e-06,4.691989991107748e-06,-43.320737439518915,-43.29335664210781
318,318,4.703800106991488e-06,4.716378067601717e-06,-43.28023610539319,-43.27084130107856
319,319,4.670661425181381e-06,4.685652895300575e-06,-43.30800940958313,-43.29922627521842
320,320,4.7428136651395805e-06,4.684887148629825e-06,-43.245417472143515,-43.299936073272384
321,321,4.6683109627038086e-06,4.707876781283535e-06,-43.30958533614912,-43.27867653643182
322,322,4.667737109051926e-06,4.68543636375934e-06,-43.312785080878214,-43.299426974306726
323,323,4.636139678528782e-06,4.669598159747884e-06,-43.333691283262624,-43.31413232073821
324,324,4.672619670412873e-06,4.682464996700506e-06,-43.310878728638464,-43.3021820168952
325,325,4.653211292571007e-06,4.67667429180246e-06,-43.32092735100059,-43.30755616814339
326,326,4.645505772170565e-06,4.6705342452026484e-06,-43.32726773268349,-43.31326180470839
327,327,4.637435567835298e-06,4.70832322351175e-06,-43.334401131191456,-43.27826471978338
328,328,4.674717738734469e-06,4.69492191481741e-06,-43.31023863372971,-43.29064367677344
329,329,4.6534831892937835e-06,4.6885217766669625e-06,-43.32511492205125,-43.29656803717795
330,330,4.6681293262980075e-06,4.67294881003143e-06,-43.302857216837644,-43.31101717666448
331,331,4.671320508800677e-06,4.691710417223237e-06,-43.30162450913586,-43.293615425722116
332,332,4.656401795296709e-06,4.668728060527141e-06,-43.31073907704389,-43.314941629135575
333,333,4.728440489060697e-06,4.682296022158545e-06,-43.24751038063433,-43.30233874211439
334,334,4.661646898123004e-06,4.659356172372722e-06,-43.31995373800338,-43.323668309938085
335,335,4.678359566485634e-06,4.667587578105188e-06,-43.29716635050714,-43.31600265844134
336,336,4.6352338264939335e-06,4.68900548424388e-06,-43.33771427579524,-43.29612000535495
337,337,4.695270387490325e-06,4.654118081242287e-06,-43.28464654354056,-43.32855343497642
338,338,4.6486412410905765e-06,4.67611801612197e-06,-43.32447140021145,-43.30807277847918
339,339,4.670146276130816e-06,4.6957086277344435e-06,-43.30195800292054,-43.289916004487836
340,340,4.63411037081951e-06,4.661960295044609e-06,-43.33464233897541,-43.32124170820221
341,341,4.667727339016058e-06,4.682889850396589e-06,-43.30866796707227,-43.30178798672985
342,342,4.656500597362894e-06,4.660959396125308e-06,-43.3172163236864,-43.32217421624403
343,343,4.65398498189896e-06,4.690056860119129e-06,-43.319346225605806,-43.29514633287859
344,344,4.661797799233625e-06,4.6541061620748796e-06,-43.31396418004266,-43.328564557245286
345,345,4.653453232226029e-06,4.67917767596909e-06,-43.31451684613759,-43.30523204852426
346,346,4.647509754671698e-06,4.675040982922503e-06,-43.32630122890394,-43.309073188326714
347,347,4.68460437276139e-06,4.667015362333347e-06,-43.29214552540971,-43.316535107767926
348,348,4.645969459760608e-06,4.646293722257006e-06,-43.33420387902689,-43.33586080330639
349,349,4.651744629225823e-06,4.6558795810070525e-06,-43.31618436221122,-43.32691001966185
350,350,4.644022841059325e-06,4.673678559859247e-06,-43.33192299006588,-43.31033901477465
351,351,4.654319099310819e-06,4.656231052841146e-06,-43.32627329491445,-43.32658218361229
352,352,4.7212542713825e-06,4.660472577119148e-06,-43.26128592930213,-43.32262784355979
353,353,4.6821884172890556e-06,4.671442040585373e-06,-43.29639639177395,-43.312417763759036
354,354,4.663193629818762e-06,4.703953340810442e-06,-43.31212890103629,-43.28229735963865
355,355,4.646677056014821e-06,4.6812884216993364e-06,-43.32846671181929,-43.303273416914855
356,356,4.638742783632533e-06,4.676383133827537e-06,-43.337830894398586,-43.307826557377965
357,357,4.65473682928972e-06,4.679363476163034e-06,-43.329815675910986,-43.30505960284568
358,358,4.680990509628246e-06,4.670578092420903e-06,-43.29910065624774,-43.31322103310808
359,359,4.669355254834242e-06,4.676247236171835e-06,-43.31459672443132,-43.307952767010214
360,360,4.652675675201535e-06,4.68109364622873e-06,-43.32316133003297,-43.30345411860272
361,361,4.647071382913561e-06,4.671609507280855e-06,-43.33003895806865,-43.312262076162995
362,362,4.649358832410275e-06,4.654803170093433e-06,-43.3234290790277,-43.32791419805483
363,363,4.657719456218663e-06,4.690565339459633e-06,-43.318499182850054,-43.29467551171713
364,364,4.644135744981504e-06,4.672463666410247e-06,-43.33599027900006,-43.31146808281406
365,365,4.683800937330948e-06,4.670626175969741e-06,-43.290608170017926,-43.313176322770246
366,366,4.646531897847548e-06,4.665029289179457e-06,-43.324642732726,-43.31838366434181
367,367,4.643420858705325e-06,4.672853480626241e-06,-43.33312240932627,-43.31110577480373
368,368,4.645074845142255e-06,4.650565618871233e-06,-43.334001277073035,-43.331869646316015
369,369,4.935244038447824e-06,4.655770944258333e-06,-43.066478422589185,-43.327011355811386
370,370,4.665619847579252e-06,4.655688898262604e-06,-43.314046596786056,-43.3270878897251
371,371,4.652920357405014e-06,4.672408522310434e-06,-43.31865410584047,-43.3115193382572
372,372,4.655094105999655e-06,4.65934197946856e-06,-43.32306952925965,-43.3236815390391
373,373,4.639647435509425e-06,4.681501554602475e-06,-43.33644058537438,-43.30307569285185
374,374,4.642568690298466e-06,4.662011322484193e-06,-43.34067392426939,-43.32119417280346
375,375,4.7019814785729525e-06,4.674197761663604e-06,-43.27558547706843,-43.309856581179886
376,376,4.6404816812449185e-06,4.6685626042936315e-06,-43.33567188142973,-43.315095542581766
377,377,4.6522734394493825e-06,4.66758106803785e-06,-43.32576884888819,-43.316008715720926
378,378,4.636535707214e-06,4.682612502380691e-06,-43.33733185632287,-43.302045208837896
379,379,4.641385207973726e-06,4.6829190738974015e-06,-43.32753768220465,-43.30176088473525
380,380,4.637380290247522e-06,4.654930499351681e-06,-43.3347528833793,-43.32779540111346
381,381,4.64558676876831e-06,4.6579964538595e-06,-43.32677045433692,-43.32493587654228
382,382,4.699587646324833e-06,4.653753134526166e-06,-43.26907984363331,-43.32889399479168
383,383,4.64235948776459e-06,4.657422275493828e-06,-43.33615370902442,-43.325471252360366
384,384,4.661796575635083e-06,4.664436873051607e-06,-43.319544378362274,-43.318935213704194
385,385,4.648767337374048e-06,4.657837196550406e-06,-43.32384670234519,-43.32508436474665
386,386,4.645192620018017e-06,4.672166477049407e-06,-43.33305059603778,-43.31174432210348
387,387,4.664588429018154e-06,4.6729135551447e-06,-43.309178606187054,-43.3110499419721
388,388,4.72590424119376e-06,4.664836476302681e-06,-43.25177016799131,-43.31856316867882
389,389,4.6309930964816515e-06,4.6719520038382865e-06,-43.34705007833469,-43.31194368715287
390,390,4.636681170108879e-06,4.662341828072003e-06,-43.33713359932595,-43.320886297821104
391,391,4.6314513317916e-06,4.668269531593021e-06,-43.338830326670404,-43.31536818292672
392,392,4.646395900260931e-06,4.68214894729164e-06,-43.32950285143541,-43.30247515981632
393,393,4.663013999927045e-06,4.693240043707192e-06,-43.30866082397129,-43.292199737168396
394,394,4.721120688176147e-06,4.676020101837103e-06,-43.263795822635004,-43.30816371732779
395,395,4.634204395694451e-06,4.671019508494187e-06,-43.33921526691712,-43.31281060103172
396,396,4.649033730247445e-06,4.659252944724071e-06,-43.33018318698532,-43.323764528585365
397,397,4.634819359444478e-06,4.654664352481057e-06,-43.33166299170539,-43.32804371721992
398,398,4.743398681198086e-06,4.670880307936673e-06,-43.23678095044059,-43.312940026598675
399,399,4.655849581992988e-06,4.65320195680282e-06,-43.32101563139428,-43.329408391695345
400,400,4.635139946950619e-06,4.65269881476017e-06,-43.33185526317982,-43.32987801160278
401,401,4.629722663650551e-06,4.677225541328019e-06,-43.345956136005356,-43.30704428618688
402,402,4.66009146059394e-06,4.66181379459541e-06,-43.31214284251148,-43.321378185847585
403,403,4.645121618485757e-06,4.686485298359337e-06,-43.33407067014531,-43.29845482253896
404,404,4.648804884503257e-06,4.673423350859114e-06,-43.3333250320971,-43.310576170337036
405,405,4.631904213271912e-06,4.6517666305589955e-06,-43.34021849827512,-43.33074822270394
406,406,4.6636797312962745e-06,4.6805315785030346e-06,-43.312183653026466,-43.3039756154714
407,407,4.63734430426128e-06,4.677987267074825e-06,-43.33266660510047,-43.30633705847102
408,408,4.643545811088245e-06,4.6548684143712495e-06,-43.33045159598956,-43.327853325381554
409,409,4.626107028409174e-06,4.647938998172513e-06,-43.35370326237229,-43.33432321697673
410,410,4.6286877055611034e-06,4.640891850278039e-06,-43.34390336240968,-43.340912933337925
411,411,4.6762103414311215e-06,4.660568241601332e-06,-43.3105258199319,-43.32253869781408
412,412,4.719873677177677e-06,4.6479878715456975e-06,-43.26183581175655,-43.33427755087676
413,413,4.666472587936387e-06,4.64843338034514e-06,-43.30804006148442,-43.33386130034736
414,414,4.716111397635931e-06,4.665933949198868e-06,-43.26236318551221,-43.31754154580458
415,415,4.712938869150881e-06,4.693176474814352e-06,-43.262403185603944,-43.29225856178869
416,416,4.657585033839364e-06,4.675920823310183e-06,-43.31600435935192,-43.30825592517375
417,417,4.651618120388053e-06,4.650081719821748e-06,-43.32535973671675,-43.33232156042377
418,418,4.6600891868571855e-06,4.6498079619165145e-06,-43.31731614923126,-43.33257724420438
419,419,4.653366347353308e-06,4.651514844131031e-06,-43.31421313991795,-43.330983299878824
420,420,4.643982049753138e-06,4.676653110149537e-06,-43.32714300816132,-43.30757583830908
421,421,4.626270268643791e-06,4.659298467327301e-06,-43.33773350321728,-43.32372209663535
422,422,4.642627999666879e-06,4.6624801670029566e-06,-43.333555321343184,-43.320757437807735
423,423,4.65187313988956e-06,4.66157342471936e-06,-43.32973573244689,-43.321602120150324
424,424,4.633287442198501e-06,4.657011112086414e-06,-43.336865565348276,-43.325854670205956
425,425,4.626874037170375e-06,4.65623028695087e-06,-43.34251063165429,-43.32658289797106
426,426,4.637345795082492e-06,4.645568280561986e-06,-43.33993541311503,-43.33653893504281
427,427,4.673355442250373e-06,4.667156573352833e-06,-43.30618993086733,-43.31640370421768
428,428,4.644947103329709e-06,4.6458626457024366e-06,-43.3295097360362,-43.33626375427201
429,429,4.632581735255446e-06,4.668910246676349e-06,-43.33800451209095,-43.314772159218904
430,430,4.700823227694011e-06,4.669559362618632e-06,-43.27672102665616,-43.31416840403396
431,431,4.6960221504949795e-06,4.658570656159243e-06,-43.28276156027802,-43.32440054440192
432,432,4.674872380962473e-06,4.641885688646366e-06,-43.29557064189693,-43.3399829993411
433,433,4.643136524408096e-06,4.653321866499027e-06,-43.33336709392577,-43.32929647854628
434,434,4.642947152609212e-06,4.637062422836224e-06,-43.334248227111125,-43.34449798938006
435,435,4.63494364611478e-06,4.65557145377572e-06,-43.343626384794604,-43.3271974463064
436,436,4.639660646623185e-06,4.636040007187005e-06,-43.33214070724679,-43.345455661269945
437,437,4.634318513838939e-06,4.647585946689728e-06,-43.33332978838747,-43.33465311402243
438,438,4.648476167802205e-06,4.643070520902065e-06,-43.33028937253196,-43.33887461260926
439,439,4.625450424803781e-06,4.641108525423701e-06,-43.33931768399168,-43.34071017355268
440,440,4.6729732200697776e-06,4.657203302677341e-06,-43.30106862643029,-43.32567544454203
441,441,4.648785827307573e-06,4.654143594962079e-06,-43.32245744698004,-43.32852962716331
442,442,4.627051843384572e-06,4.664414039947779e-06,-43.34707401207359,-43.31895647310922
443,443,4.6477985098632775e-06,4.652120256459487e-06,-43.3342796942106,-43.33041808589299
444,444,4.656016980587401e-06,4.657762737655216e-06,-43.31641912057049,-43.325153790414426
445,445,4.657989116709621e-06,4.6423167173327924e-06,-43.326369970885274,-43.33957974794265
446,446,4.660366662439216e-06,4.661219822752939e-06,-43.320132469067474,-43.3219315651542
447,447,4.692595216651752e-06,4.638643387902687e-06,-43.29347020249795,-43.343017553443204
448,448,4.6247649564618995e-06,4.663323507932211e-06,-43.347226400864685,-43.31997196488614
449,449,4.6227830221751084e-06,4.669961598617527e-06,-43.34955720441321,-43.31379431873435
450,450,4.624335440556811e-06,4.645245888624279e-06,-43.34487897325599,-43.336840336054735
451,451,4.65830488014335e-06,4.663074593592778e-06,-43.308693987781325,-43.32020378455099
452,452,4.628120377768112e-06,4.672618878861326e-06,-43.342922737001636,-43.311323818896206
453,453,4.646462274621692e-06,4.6476419284820285e-06,-43.3332784016121,-43.33460080205373
454,454,4.65104027246047e-06,4.656120046619387e-06,-43.321110373958014,-43.32668572221184
455,455,4.631544897231074e-06,4.6347133176919e-06,-43.33464066654821,-43.34669865396033
456,456,4.628038968616069e-06,4.663020885537232e-06,-43.33642592906287,-43.320253805724825
457,457,4.65306812216535e-06,4.65095919073639e-06,-43.32607592877081,-43.33150212358642
458,458,4.649583501042198e-06,4.636048671320743e-06,-43.32760884826982,-43.34544754489919
459,459,4.649608596532603e-06,4.660823785678459e-06,-43.338725860363176,-43.32230057590636
460,460,4.646369290508728e-06,4.637210359329688e-06,-43.3306583930317,-43.34435943834905
461,461,4.65569766824909e-06,4.663376809108549e-06,-43.32277621223601,-43.3199223258799
462,462,4.625742780469231e-06,4.657335586288307e-06,-43.34573880198129,-43.32555208890848
463,463,4.632828761517435e-06,4.6575491739387965e-06,-43.33946916579856,-43.325352923936684
464,464,4.653402417725656e-06,4.645093883338727e-06,-43.318974777920474,-43.336982451538915
465,465,4.631956345133169e-06,4.6494457197504266e-06,-43.33798486596307,-43.332915593451126
466,466,4.631688020755561e-06,4.654148692919223e-06,-43.33680309328071,-43.32852487008309
467,467,4.639237736274978e-06,4.653073741983941e-06,-43.33699331749138,-43.329528059304906
468,468,4.631594413123034e-06,4.670667031429107e-06,-43.34697736339321,-43.31313833381054
469,469,4.632972283531869e-06,4.659365123715313e-06,-43.33945630320089,-43.32365996647857
470,470,4.669287173998885e-06,4.618592021487482e-06,-43.31045960001747,-43.36183140233494
471,471,4.6624951378878e-06,4.680856172375283e-06,-43.31444274079484,-43.303674443612294
472,472,4.674672850014008e-06,4.650684451534241e-06,-43.30620452478276,-43.33175867549074
473,473,4.643332126714498e-06,4.641915654103382e-06,-43.328269888155106,-43.339954963772165
474,474,4.640780975323557e-06,4.654342008411492e-06,-43.33061315538707,-43.328344484552794
475,475,4.631409274693819e-06,4.661182557404238e-06,-43.3350859880802,-43.32196628610841
476,476,4.635155802162378e-06,4.645632878619883e-06,-43.34004443913877,-43.336478545477235
477,477,4.651177746803949e-06,4.640498948566873e-06,-43.32357805892635,-43.34128062617382
478,478,4.634187026220895e-06,4.652565286577508e-06,-43.33834134831182,-43.330002651918804
479,479,4.620564656770793e-06,4.64910743558951e-06,-43.35295507505641,-43.33323158872912
480,480,4.627630971168101e-06,4.6278724096880884e-06,-43.34278638483749,-43.353113642657625
481,481,4.638353388632897e-06,4.63037323290911e-06,-43.337672760274764,-43.350767423312305
482,482,4.616768557152869e-06,4.6567941736659695e-06,-43.34532715730604,-43.3260569831297
483,483,4.650700913733783e-06,4.643277000133439e-06,-43.32861494691177,-43.338681484383926
484,484,4.8368504010176905e-06,4.658321789687953e-06,-43.157707275218556,-43.32463255595698
485,485,4.641320249424304e-06,4.635798847486608e-06,-43.34114861597706,-43.345681580483614
486,486,4.669140135896687e-06,4.6536587146156786e-06,-43.31062157511272,-43.328982109611935
487,487,4.624008453770939e-06,4.649086277870658e-06,-43.34114471645968,-43.333251353171185
488,488,4.63639051154179e-06,4.646638779760044e-06,-43.34214982078883,-43.335538286018014
489,489,4.618074769693062e-06,4.637157895845839e-06,-43.351930897089744,-43.34440857291199
490,490,4.638209458752283e-06,4.647360487739972e-06,-43.349621344504826,-43.334863799642804
491,491,4.640710194132798e-06,4.640324181979706e-06,-43.331520793172594,-43.341444189606435
492,492,4.6301851135777e-06,4.6617059237369654e-06,-43.340815809796226,-43.32147867948088
493,493,4.637846954791871e-06,4.643788184023977e-06,-43.34032878346239,-43.33820339073707
494,494,4.640043046952228e-06,4.654694150399576e-06,-43.33054434349289,-43.328015914935634
495,495,4.654011947948056e-06,4.6619199182666644e-06,-43.32867782577553,-43.32127932218149
496,496,4.645492626690443e-06,4.6642696456968365e-06,-43.33501694605482,-43.31909091785732
497,497,4.632209104962273e-06,4.681138594414254e-06,-43.345133298004754,-43.30341241754588
498,498,4.630403457939764e-06,4.635448835630852e-06,-43.339031822208504,-43.34600949366816
499,499,4.627321405425073e-06,4.621968448765601e-06,-43.34085914420473,-43.35865764722471
500,500,4.6624379756769824e-06,4.652068391327416e-06,-43.3192719226749,-43.33046650438817
501,501,4.6227719254021235e-06,4.642801286536269e-06,-43.344529516597504,-43.33912645110512
502,502,4.740634262675813e-06,4.633751000495211e-06,-43.24526298158815,-43.34760048415682
503,503,4.6444319542791436e-06,4.640455891172965e-06,-43.33570751795782,-43.34132092286506
504,504,4.691572682072406e-06,4.643450043467486e-06,-43.28797418924337,-43.3385196366958
505,505,4.6292332711148905e-06,4.634375943025684e-06,-43.34113404562777,-43.347014801430305
506,506,4.644826285866e-06,4.640117966023115e-06,-43.33182172507673,-43.341637194315936
507,507,4.662879422839885e-06,4.6440115846436176e-06,-43.31421139569948,-43.337994467937705
508,508,4.6452300265037155e-06,4.647301609925068e-06,-43.33103959183336,-43.33491882113762
509,509,4.631766813938307e-06,4.624806120103274e-06,-43.34635552941391,-43.35599210145432
510,510,4.642758352760605e-06,4.648355762152565e-06,-43.33677275302272,-43.33393381818597
511,511,4.6179847437819375e-06,4.633637265789347e-06,-43.34832564171414,-43.3477070823779
512,512,4.619688185165305e-06,4.6485042251955935e-06,-43.35209114044437,-43.33379511182608
513,513,4.637765494070541e-06,4.639438190535752e-06,-43.34181375438643,-43.34227348066119
514,514,4.619203396360558e-06,4.640955203764238e-06,-43.352705825865534,-43.34085364757442
515,515,4.623117284918595e-06,4.64317645310075e-06,-43.34333528680795,-43.33877552894397
516,516,4.61511952605563e-06,4.649405151499913e-06,-43.35574777429024,-43.33295348752553
517,517,4.669946131039022e-06,4.652994185131607e-06,-43.30787512637847,-43.329602314301184
518,518,4.629362377169489e-06,4.637840208344737e-06,-43.34858858489925,-43.343769598002424
519,519,4.629262778123411e-06,4.644759045684048e-06,-43.34357285148545,-43.33729552031823
520,520,4.640910123571209e-06,4.648223693948239e-06,-43.33680241796128,-43.33405721086528
521,521,4.635191150564705e-06,4.6481175702769844e-06,-43.34502327843889,-43.33415636584146
522,522,4.6332594072587245e-06,4.6624168853189695e-06,-43.33950525329249,-43.32081638298645
523,523,4.631104190790661e-06,4.648408010229775e-06,-43.34015755819977,-43.33388500323879
524,524,4.62962857314197e-06,4.644080323295814e-06,-43.342558386451046,-43.337930186021374
525,525,4.636902322653038e-06,4.634871234693013e-06,-43.336013601915795,-43.34655068080835
526,526,4.621973614083584e-06,4.6527794965138465e-06,-43.35002192220581,-43.329802701899744
527,527,4.630411460555516e-06,4.657827311779042e-06,-43.34637862152428,-43.32509358126933
528,528,4.629707164735685e-06,4.643140695598528e-06,-43.33870761542236,-43.33880897446527
529,529,4.64158159319567e-06,4.619496298561755e-06,-43.34021549805765,-43.360981177632354
530,530,4.639781778190734e-06,4.642770267980124e-06,-43.33361074771355,-43.33915546641708
531,531,4.634018933785162e-06,4.6251293018653275e-06,-43.34163837234958,-43.35568862678219
532,532,4.632906903051915e-06,4.639456284693504e-06,-43.34061079849228,-43.34225654288291
533,533,4.661644300906175e-06,4.654138640609362e-06,-43.31538828948476,-43.32853425024627
534,534,4.652215344303278e-06,4.656549399920837e-06,-43.33366554533853,-43.326285266100285
535,535,4.6727410176338045e-06,4.644084559626399e-06,-43.31220726824299,-43.33792622438844
536,536,4.6631916279927945e-06,4.651671899505584e-06,-43.31215540623201,-43.33083666564604
537,537,4.6950663840782245e-06,4.638690873099749e-06,-43.291173999570276,-43.34297309550199
538,538,4.643293970130076e-06,4.647791348887902e-06,-43.328993321190275,-43.334461179820266
539,539,4.635187972021366e-06,4.632619134338854e-06,-43.33664251583018,-43.34866144593852
540,540,4.648275600779878e-06,4.6494414355517e-06,-43.33135869965404,-43.33291959522861
541,541,4.669386074515528e-06,4.667059520694525e-06,-43.29934597786571,-43.31649401589149
542,542,4.6330880893984825e-06,4.620678928882913e-06,-43.33989051877911,-43.359869489135605
543,543,4.630174058997768e-06,4.642931846894116e-06,-43.33113510988105,-43.339004324737374
544,544,4.662298265101686e-06,4.6570051525027095e-06,-43.31639031742023,-43.32586022788214
545,545,4.638202206235255e-06,4.647494183461133e-06,-43.342903557305625,-43.334738863178465
546,546,4.635925375323589e-06,4.641140812485614e-06,-43.337882165952315,-43.340679960848156
547,547,4.6372473774419035e-06,4.654913338622703e-06,-43.33463853269386,-43.32781141171478
548,548,4.6443251449090894e-06,4.6453619688691106e-06,-43.334802260708436,-43.336731811380005
549,549,4.6478392777288785e-06,4.641745028110515e-06,-43.33660853276182,-43.34011460322845
550,550,4.631036091202836e-06,4.633308196245803e-06,-43.34646629980785,-43.34801551860981
551,551,4.706536171782027e-06,4.648708167415431e-06,-43.27331712116306,-43.33360457948806
552,552,4.6481679944299314e-06,4.632315506712889e-06,-43.32740821120545,-43.34894609727749
553,553,4.611973251025888e-06,4.653743034348161e-06,-43.3538710305313,-43.32890342042343
554,554,4.655510851473982e-06,4.645574766695254e-06,-43.32515294983505,-43.336532871436056
555,555,4.65791786670716e-06,4.644102725586363e-06,-43.31541033863332,-43.33790923641021
556,556,4.6236552650990445e-06,4.625861397232113e-06,-43.34920826396686,-43.35500125179927
557,557,4.615970447423361e-06,4.642363628112148e-06,-43.35495807372898,-43.33953586254894
558,558,4.624555275740088e-06,4.652229036812634e-06,-43.34835175605989,-43.33031653616474
559,559,4.656876645293375e-06,4.643167190615234e-06,-43.32972631763265,-43.33878419251815
560,560,4.631400878276236e-06,4.646799592783761e-06,-43.3402869794681,-43.33538798597615
561,561,4.639033615659951e-06,4.651712013008747e-06,-43.33546642223493,-43.33079921459976
562,562,4.622572244433914e-06,4.62506446446672e-06,-43.351693945089515,-43.35574950880293
563,563,4.629238526494069e-06,4.628220099938947e-06,-43.33878643367128,-43.3527873711618
564,564,4.6359280006691195e-06,4.64747300180821e-06,-43.33881394134366,-43.334758656847015
565,565,4.634181667703142e-06,4.6359585595430534e-06,-43.33698855163459,-43.345531960380825
566,566,4.633499813899482e-06,4.635909159620305e-06,-43.341870676451165,-43.345578238249544
567,567,4.6263598257432135e-06,4.658173637787848e-06,-43.34113743701572,-43.324770679896844
568,568,4.719323990769029e-06,4.646506448280936e-06,-43.26438484025718,-43.33566197036761
569,569,4.650350720768665e-06,4.629586328519508e-06,-43.324264886573204,-43.351505543673944
570,570,4.64392559544799e-06,4.631528147575936e-06,-43.33104812049393,-43.34968433454065
571,571,4.648256079460609e-06,4.641687777812446e-06,-43.328509470768,-43.34016816851849
572,572,4.62586320413111e-06,4.643982337208734e-06,-43.3483245253631,-43.33802181937589
573,573,4.616267078651533e-06,4.6325186351743084e-06,-43.340503399681765,-43.34875566198513
574,574,4.629360619125607e-06,4.648136023445802e-06,-43.34514090005946,-43.33413912425201
575,575,4.630852031040536e-06,4.631343089338196e-06,-43.337683323358014,-43.34985786555373
576,576,4.620511835756335e-06,4.630389508077458e-06,-43.35139277685202,-43.350752158444806
577,577,4.624766545733569e-06,4.651823354307501e-06,-43.34386813073101,-43.33069526505853
578,578,4.61420050978819e-06,4.6251261425679425e-06,-43.34909326690075,-43.3556915933282
579,579,4.628250787119242e-06,4.620272624091931e-06,-43.343997540708074,-43.36025138904666
580,580,4.663907372194388e-06,4.646808232983428e-06,-43.31438353225877,-43.335379910767664
581,581,4.632359823236331e-06,4.6402746145184594e-06,-43.33342769690802,-43.34149058073997
582,582,4.6241498895732985e-06,4.6496767792728194e-06,-43.3420152248551,-43.33269977120424
583,583,4.719539030008594e-06,4.631589323061665e-06,-43.2712696595015,-43.34962697118329
584,584,4.627520214403516e-06,4.637139346940737e-06,-43.34197167771248,-43.34442594498218
585,585,4.733818940687493e-06,4.637103182559306e-06,-43.239594467819515,-43.34445981511496
586,586,4.632045334970432e-06,4.640399526435526e-06,-43.34275969141372,-43.34137367424054
587,587,4.6361780929596395e-06,4.659148568240007e-06,-43.33942507711648,-43.323861820231386
588,588,4.648622966810435e-06,4.626478704793906e-06,-43.329711151154164,-43.35442173728691
589,589,4.631791675022861e-06,4.646350326335155e-06,-43.33818263992821,-43.335807895138025
590,590,4.719978916028529e-06,4.640134049718893e-06,-43.27066707535973,-43.34162214071543
591,591,4.627973930368658e-06,4.631516395947026e-06,-43.344718065343166,-43.34969535395778
592,592,4.621841774856763e-06,4.630463464357155e-06,-43.342090025609664,-43.350682793766914
593,593,4.6330632236258115e-06,4.652125713427698e-06,-43.35163509815669,-43.330412991592624
594,594,4.620588280192454e-06,4.6527302880636665e-06,-43.35021428487057,-43.3298486337377
595,595,4.648520475196155e-06,4.632312538888073e-06,-43.32850961876111,-43.34894887970964
596,596,4.635651495527313e-06,4.6448776629404165e-06,-43.33410488321313,-43.33718461217075
597,597,4.630853432787524e-06,4.646440246640275e-06,-43.349132493679065,-43.33572384741949
598,598,4.632499688519489e-06,4.651129170509337e-06,-43.33879854294942,-43.331343403792395
599,599,4.611562651672975e-06,4.6193376396044374e-06,-43.35424471773797,-43.36113034084956
600,600,4.634383622408105e-06,4.6458831093332265e-06,-43.343264158273996,-43.33624462494548
601,601,4.625126963481907e-06,4.6245910964085185e-06,-43.34316142575332,-43.35619402510824
602,602,4.623042598526358e-06,4.658654329671806e-06,-43.35021978984237,-43.3243225406082
603,603,4.650177157300371e-06,4.655558337904758e-06,-43.32216540849971,-43.327209681449744
604,604,4.64310145729279e-06,4.633940678008673e-06,-43.33115943973788,-43.34742271411373
605,605,4.61989781431783e-06,4.630083989659876e-06,-43.342871712617026,-43.35103872038563
606,606,4.6389332290102134e-06,4.6787185965513345e-06,-43.33625463614461,-43.305658160659384
607,607,4.615028693788377e-06,4.637445463710097e-06,-43.35259264454268,-43.344139258674346
608,608,4.822799289201809e-06,4.642183739633765e-06,-43.1724796465718,-43.33970415200979
609,609,4.642374424105414e-06,4.648732053618388e-06,-43.32995382904744,-43.33358226442952
610,610,4.6355677891979305e-06,4.65414165630232e-06,-43.34133360956698,-43.32853143619519
611,611,4.644453674325295e-06,4.630221969579763e-06,-43.33370502776439,-43.35090929935335
612,612,4.623217859093013e-06,4.626151789316761e-06,-43.349541678555,-43.354728628582144
613,613,4.6283307804599445e-06,4.6597110189108395e-06,-43.347183496364686,-43.323337573201584
614,614,4.629130915456005e-06,4.646135063299689e-06,-43.34981278804321,-43.33600910621247
615,615,4.627940096228129e-06,4.640989405551839e-06,-43.33982417144437,-43.34082164210951
616,616,4.62927706281597e-06,4.628626811609138e-06,-43.344420849963754,-43.35240574524556
617,617,4.645143019739951e-06,4.65511096224777e-06,-43.33479154775514,-43.32762703657869
618,618,4.641159737673792e-06,4.641692421022239e-06,-43.32527898527129,-43.34016382415178
619,619,4.647446769819542e-06,4.644422006094828e-06,-43.3268076846202,-43.33761067067008
