,epoch,train_loss,test_loss,train_dbs,test_dbs
0,0,0.0007237474885337131,0.00061818090647361,-4.311058931651682,-5.004624992874215
1,1,0.00042591739347511804,0.00023564910454871622,-6.614899216883394,-9.193122925198786
2,2,0.00018214148912727642,0.00016236996988912948,-10.304345202678917,-10.810723761850792
3,3,0.00015520074206149955,0.00015964796215197757,-10.997646212300516,-10.884147070277146
4,4,0.00015259118970920398,0.00015209824012249316,-11.073164604768738,-11.094538973209612
5,5,0.00015096111124388625,0.0001512094903247137,-11.118362459372815,-11.119990367876023
6,6,0.00014989764677761507,0.0001487463159719482,-11.14965055671136,-11.191318680473877
7,7,0.00014900306801398082,0.00014925942416180318,-11.17484855075843,-11.17636324534799
8,8,0.0001486174301088298,0.00014822807325368844,-11.187338964554527,-11.206476228697591
9,9,0.00014846214474618108,0.00014841659637903305,-11.192103799116941,-11.20095618586842
10,10,0.00014775600848412237,0.00014850373171563995,-11.210348542689442,-11.19840719252759
11,11,0.0001473164761357355,0.00014755232366855795,-11.222054940111814,-11.22632033125658
12,12,0.00014621386686748027,0.00014798718238077862,-11.254848215206913,-11.213539848677879
13,13,0.0001472775533629735,0.00016353317876468951,-11.224434032755887,-10.779722076643598
14,14,0.0001524791656153219,0.00014813215315562526,-11.074667603501073,-11.20928750814975
15,15,0.00014333621527970835,0.00013744574741729977,-11.344671798985663,-11.534467790474013
16,16,0.00013767720340239844,0.00012977472215425223,-11.51884360002933,-11.783879785939968
17,17,0.00012586609055060107,0.00012343714555946032,-11.907105029731337,-12.001322160636676
18,18,0.0001212242276938248,0.00012199311880211003,-12.07058474729755,-12.052427519691387
19,19,0.00011880762946189468,0.00011842930957515676,-12.157583473311,-12.181188889113503
20,20,0.0001175181758524034,0.0001175065052321818,-12.205795288729856,-12.215161762457509
21,21,0.00011795699868240806,0.0001166720796486755,-12.18949869636341,-12.246111472085346
22,22,0.00011585224821885145,0.00011646829462781745,-12.270074278150652,-12.25370369911744
23,23,0.00011532180953096387,0.00011694923006488305,-12.28694476146163,-12.235807193504813
24,24,0.0001159319745619138,0.00011586701293708757,-12.266851513811938,-12.276182753729506
25,25,0.00011459425705024186,0.00011615664583299996,-12.31510897988758,-12.265340235817867
26,26,0.00011516371054800477,0.0001153801200225165,-12.296127528924163,-12.294470999368901
27,27,0.00011447768810819642,0.00011376719914168414,-12.320845277964608,-12.355610200959799
28,28,0.00011487545360950273,0.00011526301463355164,-12.304543582388373,-12.298881122278019
29,29,0.00011441727733232331,0.0001277630278644593,-12.32142146930682,-11.851728907017808
30,30,0.00012116093968926958,0.00011903428553762894,-12.075142000838156,-12.159060167403421
31,31,0.00011568979491280468,0.00011620205929686658,-12.274246037048602,-12.263642617731943
32,32,0.00011428789160341581,0.00011494545584642573,-12.327630296459024,-12.310862794031278
33,33,0.00011357235607928741,0.00011426169658079743,-12.352884450750816,-12.336774180630863
34,34,0.00011295798621992533,0.00011432565914123858,-12.378049051293063,-12.334343723558096
35,35,0.00011438195623359018,0.00011412845924496651,-12.321515643916,-12.341841320770062
36,36,0.00011242255727525263,0.00011319204886125303,-12.400577193068408,-12.377621652791586
37,37,0.0001134511576029328,0.00012316908204842262,-12.36049996699823,-12.010763815912426
38,38,0.00011471093115612825,0.00011572861541552763,-12.309986853839225,-12.281373291003867
39,39,0.00011218498660774767,0.00011280210578422014,-12.410251705240846,-12.392608792166124
40,40,0.00011105917048515733,0.00011232436832199853,-12.45075812868697,-12.411041013956861
41,41,0.00011109756421328992,0.00011236615184890597,-12.449561685506918,-12.409425782894532
42,42,0.00011178373134714196,0.00011167030147350345,-12.424188492323516,-12.436403977343115
43,43,0.00011169988801222794,0.00011126601671812271,-12.42971573364741,-12.452155455816813
44,44,0.00011077957306136425,0.00011177474516443908,-12.461759742733827,-12.432343979358922
45,45,0.00011027090823921116,0.00011230497789495673,-12.482687524801532,-12.411790796265247
46,46,0.00011133843043953487,0.00011131522325357717,-12.440507727244958,-12.450235246622876
47,47,0.00011012542614180441,0.00010985981574968288,-12.486270796600481,-12.507392200146581
48,48,0.00010991489345786286,0.0001120400112612467,-12.4968257896269,-12.42204942524981
49,49,0.0001145684815578393,0.00011189717081020047,-12.31549539206743,-12.427589802914778
50,50,0.00010954501662708185,0.00011065256464797513,-12.510541331995162,-12.47616602094806
51,51,0.00010964032387080093,0.00010930114321557707,-12.508105551347292,-12.529533819296645
52,52,0.00010841058044497538,0.00010960704208915366,-12.552986482780085,-12.517396285096966
53,53,0.00010950980826818682,0.00010924927712614207,-12.513232343011957,-12.531595142887529
54,54,0.0001083819486516451,0.00010853172984513406,-12.557716131872747,-12.560213612113882
55,55,0.00010809126911929703,0.00010887669869637313,-12.569400917861252,-12.546431423883178
56,56,0.00010657397894844048,0.00010907206926372295,-12.629044777857125,-12.538645338846134
57,57,0.0001085602136637257,0.00010875404519825487,-12.548317931743531,-12.551326664519259
58,58,0.00010749479519028082,0.00010806145100535727,-12.593489385906661,-12.579072915552858
59,59,0.00010708682519592556,0.00011081530177953507,-12.609317502622252,-12.469783528345612
60,60,0.00010633711442387346,0.00010688087250424647,-12.640447257543448,-12.626780958910654
61,61,0.00010641969496758713,0.00010753495658527275,-12.638769325090845,-12.600284222223614
62,62,0.00010656359660698428,0.00010685302358500561,-12.631367658459794,-12.627912705652095
63,63,0.00010613405767386568,0.00010630013390542253,-12.649443212428885,-12.650442747269576
64,64,0.00010503341831487709,0.00010645709201191111,-12.692187189879544,-12.644034875423104
65,65,0.00010536685039903776,0.00011015833450456787,-12.680381462649049,-12.49560725173253
66,66,0.00010686476461975788,0.00010690409161677388,-12.620092340919552,-12.625837587375948
67,67,0.0001062624865018321,0.00010801826589924626,-12.641725665483952,-12.580808853918825
68,68,0.00010476087954509811,0.00011226984727392464,-12.705577985210095,-12.41314954473343
69,69,0.00010619555976837106,0.00010461072700931446,-12.644725386416312,-12.720018660213766
70,70,0.00010388653814497394,0.0001047718871727978,-12.74188970686348,-12.71333319744998
71,71,0.00010540261450607675,0.0001058010200626756,-12.677889122489155,-12.670882314315701
72,72,0.00010448054177386533,0.0001076716568939829,-12.715735532920696,-12.59476690128517
73,73,0.00010542044502781397,0.0001084905391172996,-12.67901370857426,-12.56186219003212
74,74,0.00010411729439060905,0.00011027178046979795,-12.728988466595032,-12.491136994930338
75,75,0.00010458336215641484,0.00010541756216154776,-12.714260899666613,-12.686651176288631
76,76,0.00010297225106245905,0.00010828694518606521,-12.779571323021997,-12.570019840460219
77,77,0.00010314916762206511,0.00010385372259310986,-12.772974059230695,-12.751560180742612
78,78,0.00010355213348280889,0.00010470205099983631,-12.756061337926344,-12.716228972069265
79,79,0.00010332966035234348,0.00010328224590538364,-12.764935481862448,-12.775524130947682
80,80,0.00010166134312928933,0.00010456586115699458,-12.833976808845781,-12.72188167868615
81,81,0.00010238652784838197,0.00010595548328159279,-12.80586820104826,-12.6645464961027
82,82,0.00010278362118622249,0.00010664217246046878,-12.78978113047694,-12.63649102604132
83,83,0.00010188134805990633,0.00010289628009654974,-12.824663568559409,-12.791784118836356
84,84,0.00010194853957821663,0.00010234531854573441,-12.823617581428445,-12.815101042658627
85,85,0.00010187710520148892,0.00010350768877144314,-12.824255764365127,-12.766054750181485
86,86,0.00010155713408897372,0.00010214796662024271,-12.840694275349755,-12.823483604342599
87,87,0.00010160968383022863,0.00010199577426599142,-12.841098143748575,-12.82995907222592
88,88,0.00010110023560496912,0.00010288665706818727,-12.860194550317125,-12.792190297130597
89,89,0.00010047750979585132,0.0001018266005925589,-12.884649271552409,-12.837168409255547
90,90,0.00010082881028173473,0.00010174210451384027,-12.870090403536489,-12.840773696504213
91,91,0.00010095535403660008,0.00010267331833203666,-12.86623430453953,-12.801204879757552
92,92,0.00010000513970057393,0.00010204975574436646,-12.907163010101126,-12.827661167564248
93,93,9.991647083055439e-05,0.00010164977682411278,-12.911572360997361,-12.844716568625357
94,94,0.00010045838745409316,0.00010155523035025813,-12.886853015997257,-12.848757907508922
95,95,0.00010003753368905986,0.00010109201033820252,-12.908109261402538,-12.868612532209859
96,96,9.964670090019204e-05,0.00010105551068830352,-12.921297553000542,-12.870180851883957
97,97,0.00010000316206529045,0.0001007386025249664,-12.908300887783593,-12.883821644230558
98,98,9.982821218952652e-05,0.00010203088995216316,-12.911071550146001,-12.828464115775827
99,99,9.921794972075245e-05,0.00010103693019022773,-12.941063046736577,-12.870979437696766
100,100,9.920855375911714e-05,0.00010157783713351052,-12.93968321617599,-12.847791250392753
101,101,9.932399582785084e-05,0.00010103678964936223,-12.93692612191519,-12.870985478672544
102,102,9.943683280371916e-05,0.00010105315978810387,-12.931286208276287,-12.87028188495511
103,103,9.90734943584779e-05,0.00010089097065103583,-12.943976304033653,-12.877257860166178
104,104,9.958457899911176e-05,0.00010129511256788024,-12.925823592413101,-12.8598959492618
105,105,9.94363345131374e-05,9.997922767836012e-05,-12.93121120342769,-12.91668308745475
106,106,9.886798636085287e-05,0.00010105540001715876,-12.954219568317882,-12.87018560807127
107,107,9.83079679798786e-05,0.00010129770051112006,-12.97894473526761,-12.85978499473666
108,108,9.876096017476287e-05,9.978362389742152e-05,-12.962729097118721,-12.925188139237969
109,109,9.883566490691348e-05,9.976258412567212e-05,-12.959889654317164,-12.9261039628856
110,110,9.845787213428772e-05,0.00010039728046027257,-12.973483213280325,-12.898561374341305
111,111,9.913368160493153e-05,9.899726060929855e-05,-12.945847359311495,-12.959549090911748
112,112,9.905196239958162e-05,9.905434317739779e-05,-12.948946963003323,-12.957045637816611
113,113,9.846353192919308e-05,9.940353744528501e-05,-12.973610467251898,-12.941762465419028
114,114,9.835572894086542e-05,9.872894358857976e-05,-12.979548767934618,-12.971335962914903
115,115,9.845147304208084e-05,9.971034160116687e-05,-12.974878657343474,-12.928378822047506
116,116,9.791526399473612e-05,0.00010035923409496288,-12.999628742056014,-12.900207480495808
117,117,9.80873223899422e-05,9.881444145177834e-05,-12.991430105712631,-12.967576661887176
118,118,9.814555502914315e-05,9.884976124770841e-05,-12.98823193015041,-12.966024616303995
119,119,9.812274122653894e-05,9.851025127940567e-05,-12.990366036535265,-12.980966594604812
120,120,9.830901376751837e-05,9.999485720120567e-05,-12.981781225060447,-12.916004217935782
121,121,9.787774990737612e-05,0.00010029249058693255,-13.001023540693108,-12.903096699450238
122,122,9.771981962161983e-05,9.86807373058247e-05,-13.007476978095912,-12.973457006109427
123,123,9.763066341245988e-05,9.927663631970063e-05,-13.01090469448817,-12.947310323067718
124,124,9.751605290317063e-05,9.924160066906265e-05,-13.018619367096381,-12.94884325929874
125,125,9.785094377932801e-05,0.00010013578101183827,-13.001676261439934,-12.909887968670947
126,126,9.799973396212343e-05,0.00010076121466945072,-12.996903411951807,-12.882846920803857
127,127,9.739093966158011e-05,9.864796945629151e-05,-13.020681035892066,-12.97489936050382
128,128,9.741981111145243e-05,9.963349906396808e-05,-13.020570150912347,-12.931727036010123
129,129,9.75328029076972e-05,9.873290477308298e-05,-13.01424731857847,-12.971161719577664
130,130,9.725736020572157e-05,9.912557786600174e-05,-13.028596555305658,-12.953923542162293
131,131,9.717229706026403e-05,9.874341853183548e-05,-13.031350771557332,-12.970699277565563
132,132,9.753347019552129e-05,9.860842960494522e-05,-13.017019607059003,-12.97664043856939
133,133,9.687372738946728e-05,9.830439912069491e-05,-13.046001275908539,-12.990051333879455
134,134,9.72537243271909e-05,9.847898036241531e-05,-13.027078066555218,-12.98234543005626
135,135,9.706722735667351e-05,9.830435469905894e-05,-13.03670114161636,-12.990053296362916
136,136,9.686847917373129e-05,9.878058986750578e-05,-13.046392539162927,-12.969064711085469
137,137,9.686370749571408e-05,9.777270392269681e-05,-13.046625543877203,-13.01360460480592
138,138,9.673998891267944e-05,9.815751362016032e-05,-13.050013297619705,-12.99654537370122
139,139,9.639921808764146e-05,9.720741371366832e-05,-13.067257071623931,-13.038786978197567
140,140,9.639342072463028e-05,9.8384387552199e-05,-13.066801431463851,-12.986518998668991
141,141,9.685400504374051e-05,9.858467704984115e-05,-13.046434895010766,-12.977686682410031
