,epoch,train_loss,test_loss,train_dbs,test_dbs
0,0,5.841380737637309e-05,4.7943896597165515e-05,-26.31321266697803,-27.181454975061992
1,1,5.0810499431594804e-05,4.727546863585686e-05,-26.92627674001585,-27.242429828867568
2,2,4.7606724402828255e-05,4.510932070077519e-05,-27.208830314422343,-27.44612538406556
3,3,4.4798001627642994e-05,4.717506587774934e-05,-27.453152803118527,-27.251663102233987
4,4,4.5876044497003696e-05,4.8798878867130137e-05,-27.36430292664675,-27.10468981140695
5,5,4.306503301121825e-05,4.6512473521656115e-05,-27.632923106611827,-27.31309389735419
6,6,4.605037983563625e-05,4.597528899658324e-05,-27.342117798559357,-27.363543576772685
7,7,4.66133353781806e-05,4.9018002181056595e-05,-27.296638940053818,-27.085232187270915
8,8,4.600854725177885e-05,4.426431884272269e-05,-27.356981882301938,-27.528250400249362
9,9,4.5491832473267894e-05,4.3555159879217266e-05,-27.407812964205664,-27.598392132765706
10,10,4.853445619859879e-05,4.173873745266495e-05,-27.1235425624915,-27.78339517497694
11,11,4.582624700860739e-05,4.7467478380942916e-05,-27.36527917746094,-27.2248266426558
12,12,4.372527422974505e-05,4.815933167073557e-05,-27.569861745697132,-27.161983741458094
13,13,4.3170468734856934e-05,4.2733213424645855e-05,-27.625614723594616,-27.68113273690765
14,14,4.774760126912446e-05,4.289651032626065e-05,-27.19507650530177,-27.664568621984223
15,15,4.8460878386641086e-05,4.349026982565288e-05,-27.129793287403547,-27.60486723375823
16,16,4.3939929625041036e-05,4.025416570871848e-05,-27.546377295840728,-27.940679954696943
17,17,4.963143411006649e-05,4.1136570775722104e-05,-27.02623523927583,-27.846507402947168
18,18,4.311802394178962e-05,3.9195695774795146e-05,-27.639855948772635,-28.056404473867676
19,19,4.112133709773825e-05,4.163904027097344e-05,-27.838470418201588,-27.793781145360743
20,20,4.345948882379987e-05,4.342909539302223e-05,-27.598631347216326,-27.61098042219327
21,21,4.3928860521322646e-05,3.928804289898835e-05,-27.555558687440534,-28.04618430198415
22,22,4.534116520592283e-05,4.418813860913935e-05,-27.400219103159817,-27.535731179010924
23,23,4.3407197247772985e-05,4.005984000717657e-05,-27.60188585134224,-27.96169615076672
24,24,4.036004191352122e-05,4.326694924154588e-05,-27.918770699594546,-27.627225514170142
25,25,3.8822808417854064e-05,4.461552232801056e-05,-28.085724689141923,-27.493928437580657
26,26,4.6007273837305325e-05,4.1684722658062944e-05,-27.351869441323494,-27.789019091914398
27,27,4.182648763631245e-05,4.0284143994396894e-05,-27.763768947522305,-27.93744685862221
28,28,4.793759630628461e-05,3.89788892789511e-05,-27.170470123694066,-28.080493659919284
29,29,4.036547636001769e-05,3.8481687768485006e-05,-27.910652143650474,-28.136247140257346
30,30,4.0109566013138504e-05,3.8920849539480464e-05,-27.94273412843004,-28.086965143297693
31,31,4.033212392351208e-05,4.092979849558201e-05,-27.92804003938881,-27.86839218988193
32,32,4.081279516445722e-05,3.493741812570462e-05,-27.870547475569932,-28.555880180507387
33,33,3.7303862357185076e-05,3.522381704993007e-05,-28.252606164096825,-28.52042408770683
34,34,3.578725193516764e-05,3.217684336146034e-05,-28.4441224274787,-28.913353891859643
35,35,3.5127850208379276e-05,2.8577586722109883e-05,-28.527657269989604,-29.42853274188917
36,36,2.842456996938953e-05,2.024476869241641e-05,-29.44748031082095,-30.925660064523278
37,37,1.8591866699859293e-05,1.7133895102903663e-05,-31.29064306164934,-31.65022721796295
38,38,1.84449540891777e-05,1.5560215711287273e-05,-31.311823956768787,-32.06863212212228
39,39,1.9416501476671236e-05,1.607645174915792e-05,-31.09820761492028,-31.92688624142766
40,40,1.7013542421090718e-05,1.5901344723763606e-05,-31.66417398657766,-31.974449728211223
41,41,2.022337353598241e-05,1.744140306408027e-05,-30.918754353965365,-31.5729740694983
42,42,1.6837265484730206e-05,1.6076937323592383e-05,-31.71406327560038,-31.926755068755952
43,43,1.7601575170383794e-05,1.6002492932449585e-05,-31.52512612604387,-31.946911814721325
44,44,1.6846432239636323e-05,1.6293705955735948e-05,-31.712154928961162,-31.868589509798507
45,45,1.9240240142364163e-05,1.658875699879565e-05,-31.142380360947286,-31.79064980122267
46,46,4.397497962871939e-05,3.9504110693661987e-05,-27.546929343304694,-28.022365360152417
47,47,3.733464908100828e-05,3.1000036869954783e-05,-28.265732834592985,-29.075166151689285
48,48,3.319673251286245e-05,2.779283156422408e-05,-28.769646833061998,-29.549460301019373
49,49,2.9041199688679663e-05,2.521389481109126e-05,-29.347299863846303,-29.972388888479284
50,50,2.8798300976182102e-05,2.3161991042510827e-05,-29.391786876628366,-30.341029362107342
51,51,2.2389404308604444e-05,2.1158335919991306e-05,-30.480127625640606,-30.73397317612848
52,52,2.1669284828040526e-05,1.844782247261671e-05,-30.614196867690726,-31.329337148714465
53,53,1.965985782908788e-05,1.734136783756855e-05,-31.04225825541713,-31.597954751328384
54,54,1.807893492236731e-05,1.5147039735702014e-05,-31.407729125892377,-32.185510608175946
55,55,1.69580333106554e-05,1.4490989805811918e-05,-31.675164720155284,-32.37780774600949
56,56,1.5506305068633194e-05,1.4620330483395313e-05,-32.07676974512751,-32.33921635845494
57,57,1.6691441379810657e-05,1.497007511524747e-05,-31.754426793088072,-32.236548460274186
58,58,1.592612646810576e-05,1.4621772271838332e-05,-31.96038517527965,-32.33878809871547
59,59,1.7344217718983628e-05,1.7119016152527795e-05,-31.58938166722326,-31.65400023824902
60,60,1.6998026089869698e-05,1.6820603760654768e-05,-31.675374545975284,-31.73037245175557
61,61,1.640583163346482e-05,1.4192702038647104e-05,-31.832913879232763,-32.46813740239772
62,62,1.653196301686904e-05,1.4308685613765479e-05,-31.799928545907076,-32.43279083939464
63,63,1.556083507989335e-05,1.4642291238200606e-05,-32.05574386481762,-32.33269784722131
64,64,1.964494258010239e-05,1.5652589928848964e-05,-31.038200142691824,-32.042926179154286
65,65,1.6082217436783093e-05,1.337084263229228e-05,-31.920941569206622,-32.72720048111698
66,66,1.7105000294118187e-05,1.3837646388549873e-05,-31.645040966726462,-32.57816597217314
67,67,1.7371392333029454e-05,1.6475267569292458e-05,-31.591308647346935,-31.82046348978225
68,68,1.511319727721935e-05,1.3735192384812858e-05,-32.18595810665694,-32.610440786978394
69,69,1.5362332507401773e-05,1.5720785134027737e-05,-32.12676127717251,-32.024045935707825
70,70,1.566554624098233e-05,1.328878612950671e-05,-32.021863445301165,-32.75393513614142
71,71,1.5665264921144344e-05,1.3377986641372494e-05,-32.03703064249625,-32.72488067581692
72,72,2.465550415791702e-05,3.1904081831606546e-05,-30.050851963064225,-28.950325749663392
73,73,2.7157753926807456e-05,1.821079838823368e-05,-29.637613892854638,-31.385498392102097
74,74,1.953005364354335e-05,1.4089055950630849e-05,-31.06992540840874,-32.49996931725306
75,75,1.6821628036005986e-05,1.3854052739541084e-05,-31.724265236656123,-32.573019889584
76,76,1.6021702439380515e-05,1.341180840379246e-05,-31.93332913394801,-32.71391484904116
77,77,1.6119529095938316e-05,1.4088277327429846e-05,-31.902443016963673,-32.50020933411798
78,78,1.7411836399764277e-05,1.3250495301594798e-05,-31.574344387595126,-32.76646713091442
79,79,1.5803008976682886e-05,1.3624565326608717e-05,-31.99088820664544,-32.64556169942837
80,80,1.8369680941590952e-05,1.7961034054200066e-05,-31.33152689989144,-31.445474892421164
81,81,1.791038750956638e-05,1.3381616554397624e-05,-31.451004619639736,-32.723702443692375
82,82,1.4024204208852229e-05,1.3618680848020104e-05,-32.511806435435545,-32.647437831665535
83,83,1.6961158596985245e-05,1.6148473198547053e-05,-31.687738427995917,-31.907473584809498
84,84,1.8867438067206524e-05,1.4080321666130514e-05,-31.21911843378303,-32.50266249119182
85,85,1.4524963360824971e-05,1.4173723732375565e-05,-32.350558409554935,-32.473948620903656
86,86,1.685816955942596e-05,1.4645606681465564e-05,-31.718833811526782,-32.331714588726534
87,87,1.5843003893678542e-05,1.3407963730347355e-05,-31.977496268976235,-32.71515999047266
88,88,1.5216190735672986e-05,1.298132641941744e-05,-32.16148161100384,-32.85559755009431
89,89,2.07100194960937e-05,2.9346453246896425e-05,-30.81408761394643,-29.313232047317914
90,90,2.4978372517374007e-05,1.8254443890136347e-05,-30.00335089606129,-31.375102185466147
91,91,1.679011381487182e-05,1.3487422620528378e-05,-31.732944293565563,-32.689498594503554
92,92,1.598686431046274e-05,1.3018423703071771e-05,-31.94744748453601,-32.843204233664665
93,93,1.5268606434286075e-05,1.3310956211697836e-05,-32.14216588009808,-32.746695707680075
94,94,1.5516163700537157e-05,1.3548946921410357e-05,-32.07848753097573,-32.66973284122332
95,95,1.4376990630929886e-05,1.3243476659179004e-05,-32.40439093544222,-32.76876815074448
96,96,1.3795924747007786e-05,1.3279102308603652e-05,-32.57769770677234,-32.75710108602711
97,97,1.3861838542465025e-05,1.3136196709015885e-05,-32.560005431216474,-32.804091823314
98,98,1.8786819031653797e-05,1.4796823961660266e-05,-31.23656356556795,-32.287103185123605
99,99,1.7281557659574452e-05,1.2660515638249068e-05,-31.604456524344705,-32.964274315189506
100,100,1.909594482302842e-05,1.3685067881995469e-05,-31.16666510831887,-32.62631869551584
101,101,1.5341952414169054e-05,1.2916743009171975e-05,-32.11913980370817,-32.87725806568743
102,102,1.7972884258419183e-05,2.448587067766838e-05,-31.428195354811123,-30.099632740994863
103,103,1.8984678230406214e-05,1.3047613624382249e-05,-31.192315169736744,-32.83347737960373
104,104,1.4881906408095582e-05,1.2827810606770646e-05,-32.260217047131555,-32.90726286268744
105,105,1.521458953274558e-05,1.3134284855416473e-05,-32.15013331298967,-32.80472394531592
106,106,1.5711828269821726e-05,1.3558300452132244e-05,-32.0207006038825,-32.66673571880504
107,107,1.503598795136792e-05,1.2882955759682533e-05,-32.20603841885322,-32.88863310113422
108,108,1.5083787626825086e-05,1.3391026186582167e-05,-32.19327706787786,-32.72064966213301
109,109,1.456973660827588e-05,1.3479546204938456e-05,-32.33853160341567,-32.69203553808612
110,110,1.4347218757862233e-05,1.2823672310141296e-05,-32.404159869972,-32.90866413793692
111,111,1.4570464232166e-05,1.2076820128545238e-05,-32.33930321381134,-33.16926227540545
112,112,1.6295804658680543e-05,1.2175251485084454e-05,-31.86712008809629,-33.134008850128566
113,113,1.5714300435817123e-05,1.3111496915179918e-05,-32.01227179562024,-32.81226548419794
114,114,1.5504879154401144e-05,1.3191736606562412e-05,-32.07810333665007,-32.78576854170943
115,115,1.4769552964616637e-05,1.252154994577531e-05,-32.28654422517452,-33.01220735377359
116,116,1.3588112108560925e-05,1.3041683240245269e-05,-32.65163789239443,-32.83545177788972
117,117,1.531526693481245e-05,1.3119472154549408e-05,-32.12715202171343,-32.809624634332614
118,118,1.4999594745906093e-05,1.3685947602712795e-05,-32.21577915352442,-32.62603952585661
119,119,1.3547163291019087e-05,1.293329662650266e-05,-32.663099768068506,-32.87169587255637
120,120,1.6326128182477876e-05,1.2598792971785818e-05,-31.843883105127098,-32.98549886034219
121,121,1.4740965970932594e-05,1.3201696674514096e-05,-32.29724205404028,-32.78249075460984
122,122,1.4929550194285616e-05,1.414396195430431e-05,-32.24216596002759,-32.483077460661306
123,123,1.6742027822043927e-05,1.3189782198184586e-05,-31.74039087336048,-32.786412013968715
124,124,1.644931220296937e-05,1.2852701466296199e-05,-31.817140019436245,-32.89884405367292
125,125,1.4205701476028704e-05,1.3210042150029422e-05,-32.45261107473969,-32.77974622187774
126,126,1.5761521302282717e-05,1.3378589756030124e-05,-32.003839685331734,-32.724684888909124
127,127,1.482007088533155e-05,1.3116219945100296e-05,-32.26643753627477,-32.8107013481617
128,128,1.6009652633150947e-05,1.2557258502822247e-05,-31.93794561796697,-32.99983990833125
129,129,1.3734090546292755e-05,1.2751271864736305e-05,-32.594342383071734,-32.93325320269333
130,130,1.4921539336823698e-05,1.2452607782171598e-05,-32.25572794302447,-33.03618516123883
131,131,1.4276060469033911e-05,1.3719779824321832e-05,-32.43006574077918,-32.61531683684318
132,132,1.646210292390081e-05,1.3227714876656568e-05,-31.815263069901217,-32.77394000405842
133,133,1.464096273415747e-05,1.4200302135386186e-05,-32.312262070511636,-32.465812407033155
134,134,1.4972504161669723e-05,1.2844028524820092e-05,-32.2203707485585,-32.901775641286804
135,135,1.4101519200173158e-05,1.2745987221837582e-05,-32.48588251916426,-32.93505346779227
136,136,1.6548983666391144e-05,1.2756380209267312e-05,-31.779326830326053,-32.93151370439322
137,137,1.4554542880451317e-05,1.279845522922666e-05,-32.35410250813174,-32.91721271971269
138,138,1.373062038332249e-05,1.2312796834042897e-05,-32.60404420393836,-33.085221120302506
139,139,1.5281425382370087e-05,1.2717344816337572e-05,-32.13290136960427,-32.94482378684152
140,140,1.4468829999479811e-05,1.3500396945394305e-05,-32.375074097872336,-32.68532287507129
141,141,1.4001611343138797e-05,1.3455514985444575e-05,-32.516316056966886,-32.6997850128061
142,142,2.0456062396913264e-05,2.1331656793527625e-05,-30.871229660918523,-30.698542378588186
143,143,1.6233569033257602e-05,1.3992313071005475e-05,-31.87754672956916,-32.52989311831393
144,144,1.5025608474351214e-05,1.3008385897257157e-05,-32.200985230356366,-32.84655413629106
145,145,1.3495443126135122e-05,1.2518340123566113e-05,-32.68116839126057,-33.013320783646584
146,146,1.3376594901292828e-05,1.2709231118366771e-05,-32.7140493483559,-32.94759548082438
147,147,1.3070654727625973e-05,1.261435265501189e-05,-32.81371923064984,-32.98013857287698
148,148,1.4902799929839921e-05,1.305554944433664e-05,-32.24939327800248,-32.830836716544866
149,149,1.4772877988172095e-05,1.2903500335500881e-05,-32.278978777590844,-32.88171288087139
150,150,1.4166415861761857e-05,1.3898451518463461e-05,-32.460871389543044,-32.55912409051649
151,151,1.4608055279654999e-05,1.2817154248822541e-05,-32.331374596699234,-32.91087214641738
152,152,1.3019993744332095e-05,1.2935296701088143e-05,-32.838235546041126,-32.871024308125634
153,153,1.3901493299065983e-05,1.2505868246654772e-05,-32.54577406254712,-33.01764976595836
154,154,1.5673925054684753e-05,1.2095747455245337e-05,-32.030022189653266,-33.16246114830594
155,155,1.30683527730952e-05,1.2219305972394068e-05,-32.81129446356684,-33.118322858222975
156,156,1.4351071128948741e-05,1.2450027426032312e-05,-32.4032211545361,-33.03708517397024
157,157,1.414222683753493e-05,1.2875683487915299e-05,-32.46933811390506,-32.89108533283246
158,158,1.451602109640233e-05,1.2296867297616126e-05,-32.3659202770145,-33.09084339186103
159,159,1.4837988010654466e-05,1.2551799189072641e-05,-32.270344830443875,-33.001728429918074
160,160,1.3868542577931538e-05,1.2410883611760495e-05,-32.55543410675373,-33.050761226759455
161,161,1.4977675450093547e-05,1.2494884398811815e-05,-32.23187481358903,-33.02146583092474
162,162,1.47581642344561e-05,1.2594873432566314e-05,-32.290029383697004,-32.98685017955159
163,163,1.395663225922203e-05,1.2681892282049184e-05,-32.531769864132215,-32.95694765493288
164,164,1.4284947343353966e-05,1.209216009699862e-05,-32.43922908883024,-33.16374937044687
165,165,1.4485687104039694e-05,1.2785488012779847e-05,-32.36727041612301,-32.92161516149226
166,166,1.5839292405196585e-05,1.2848136544849503e-05,-31.98319070311314,-32.90038682065554
167,167,1.208433007649518e-05,1.2586690684800392e-05,-33.15263036941767,-32.98967265897349
168,168,1.268264173331866e-05,1.3569703170153508e-05,-32.948571501288605,-32.66308477723491
169,169,1.4155356589024863e-05,1.2519274892646967e-05,-32.46818979545578,-33.012996499521606
170,170,1.3659631987166839e-05,1.2836564876220349e-05,-32.622670087761605,-32.90430005452164
171,171,1.3510635049034632e-05,1.2856765854513996e-05,-32.67385117532791,-32.89747090862251
172,172,1.2294219119474892e-05,1.2675006186519136e-05,-33.077023303823964,-32.95930645553129
173,173,1.4010327424667716e-05,1.2941556082966455e-05,-32.5113666676716,-32.8689232681842
174,174,1.3091535160147595e-05,1.2904041030101085e-05,-32.80265718703951,-32.881530902527956
175,175,1.4027052704065128e-05,1.30154830912943e-05,-32.50436027581192,-32.84418533226342
176,176,1.5503327893984344e-05,1.2930257932901823e-05,-32.07055265385875,-32.872716372554606
177,177,1.5639172905833118e-05,1.2368102105890438e-05,-32.0403450910359,-33.0657576358942
178,178,1.4114304206289949e-05,1.2699811960421931e-05,-32.486542935028915,-32.95081534903769
179,179,1.4181294871602789e-05,1.3047250305182962e-05,-32.46827497616938,-32.83359831338124
180,180,1.2864001751181276e-05,1.3046530511928722e-05,-32.89285530620055,-32.8338379124188
181,181,1.4710941619322858e-05,1.2672779575950699e-05,-32.312049528523,-32.96006944500483
182,182,1.405318831417652e-05,1.3099147125965254e-05,-32.505663861597334,-32.816358054908584
183,183,1.3865429415072304e-05,1.2725564733715911e-05,-32.558423338806946,-32.94201761023165
184,184,1.4980305108692096e-05,1.3098772725291047e-05,-32.22101693688781,-32.81648218701355
185,185,1.2777363206192398e-05,1.2361355665665255e-05,-32.91015335788785,-33.068127232398936
186,186,1.3461384091944224e-05,1.3374921763897873e-05,-32.68955124563576,-32.725875752210555
187,187,1.3259714855801989e-05,1.2400722713018217e-05,-32.764386525482834,-33.0543182898886
188,188,1.4956178802094655e-05,1.3062308832894287e-05,-32.23547054670581,-32.82858877937788
189,189,1.280569807763125e-05,1.2295534217724038e-05,-32.91057435861831,-33.091314227733875
190,190,1.3806306647780993e-05,1.242963298864197e-05,-32.57685597430884,-33.04420520170083
191,191,1.3564951530628905e-05,1.2177864008615296e-05,-32.65953896144154,-33.13307705595387
192,192,1.3144215460773377e-05,1.273175066193002e-05,-32.79990778846538,-32.93990700705142
193,193,1.3586953843617631e-05,1.2762667282865886e-05,-32.64705535096641,-32.92937378014466
194,194,1.3361400695280327e-05,1.232023044538341e-05,-32.71077807818206,-33.08259994309422
195,195,1.4358991304163151e-05,1.249780919016829e-05,-32.410087279216185,-33.02044935725166
196,196,1.3356736886147627e-05,1.2193641061075092e-05,-32.713927491783245,-33.127454187968056
197,197,1.4644623319064831e-05,1.219029960147485e-05,-32.326450973958785,-33.12864446110319
198,198,1.3174432840913273e-05,1.2091302993978484e-05,-32.78472747298298,-33.164057213133276
199,199,1.3717714930103238e-05,1.2374359261900137e-05,-32.60753298480607,-33.06356104894599
200,200,1.2338573652442327e-05,1.2506309830266554e-05,-33.06284102658485,-33.01749641879657
201,201,1.2967714085498675e-05,1.2224420707322056e-05,-32.85027854531042,-33.116505376611315
202,202,1.2558498795995771e-05,1.2336425578197171e-05,-32.995324283486745,-33.07689482410368
203,203,1.311407419690141e-05,1.2309998821461035e-05,-32.80178326051895,-33.086208141798224
204,204,1.4337146872891289e-05,1.2466840871638851e-05,-32.412865534840165,-33.03122409410279
205,205,1.316420204283972e-05,1.2754831244053907e-05,-32.78796316595367,-32.93204108589127
206,206,1.2416001172636074e-05,1.242197959072655e-05,-33.03460129086692,-33.04688014166856
207,207,1.2523946126523312e-05,1.2436663167280035e-05,-32.99627488670338,-33.04174953411647
208,208,1.5458752461631073e-05,1.2163989930214533e-05,-32.09314410068909,-33.138027735847494
209,209,1.2508894926832374e-05,1.1962770976855322e-05,-33.00406045594698,-33.21047037136728
210,210,1.2491239600028175e-05,1.2807167949128933e-05,-33.00706182251537,-32.91425720771784
211,211,1.3561742744246826e-05,1.2068545306407797e-05,-32.658658245122396,-33.17223900379119
212,212,1.43930545670356e-05,1.2337142499362878e-05,-32.400504151425785,-33.07664244479208
213,213,1.272040998225476e-05,1.1919953378406048e-05,-32.930485104703564,-33.22604268747463
214,214,1.2746887009176209e-05,1.2304577826159258e-05,-32.91793180992239,-33.08812108014996
215,215,1.3197149763579274e-05,1.2605024183262445e-05,-32.78509054197965,-32.983351423072385
216,216,1.2584420074773269e-05,1.2014044410821761e-05,-32.98006935692261,-33.191895925158754
217,217,1.2815146330523799e-05,1.2264121443494284e-05,-32.90472053653089,-33.10242383133487
218,218,1.3512535775758412e-05,1.2504825846056184e-05,-32.67808178484788,-33.0180117781652
219,219,1.2434449428800475e-05,1.1837111239736642e-05,-33.03263073603514,-33.25633096601186
220,220,1.3535213027578196e-05,1.2226449263452147e-05,-32.66704487588193,-33.11578475543374
221,221,1.2490103650521896e-05,1.1751871002879374e-05,-33.01327043521223,-33.28771809857617
222,222,1.2303317113768684e-05,1.232773820447619e-05,-33.07593082480714,-33.07995422531309
223,223,1.2546265989118351e-05,1.2329287456898447e-05,-32.99339303007343,-33.07940847272461
224,224,1.298114484222996e-05,1.2427048467974314e-05,-32.854118944826276,-33.045108333577325
225,225,1.2489740265195483e-05,1.1381312225766075e-05,-33.01030847703005,-33.42686487941409
226,226,1.2647834958527514e-05,1.2338867068855938e-05,-32.96076882123017,-33.0760354009233
227,227,1.2706283879319035e-05,1.1650713603510093e-05,-32.93764459429247,-33.32526298919357
228,228,1.3610815787296346e-05,1.1823519607308921e-05,-32.6358415872553,-33.26132049621572
229,229,1.2747604619248377e-05,1.1811959905715316e-05,-32.9267472465602,-33.2655686139762
230,230,1.3475765031544893e-05,1.2118316183324695e-05,-32.68304251767184,-33.15436545891404
231,231,1.3927063550393532e-05,1.1710486624475666e-05,-32.541348423029376,-33.30303883155834
232,232,1.2298309257792275e-05,1.2133038676677787e-05,-33.0786798365446,-33.14909243524547
233,233,1.248509698532721e-05,1.1652439178234139e-05,-33.01182615668327,-33.32461980791321
234,234,1.5695723495528656e-05,1.1903895722896682e-05,-32.03072537092103,-33.23189711696369
235,235,1.3178850008209582e-05,1.1255719671584972e-05,-32.78124855298446,-33.47505557257184
236,236,1.2932321938352129e-05,1.124841437079962e-05,-32.86145641172581,-33.47787518955882
237,237,1.4832925055238728e-05,1.2259402937113345e-05,-32.26884944842084,-33.10409506037809
238,238,1.2551046682384582e-05,1.1138152881597451e-05,-33.004083671653675,-33.520656508386594
239,239,1.080900980370418e-05,1.217804262858791e-05,-33.637125292362825,-33.13301335586697
240,240,1.3083569036698276e-05,1.1414474532725044e-05,-32.80772817041282,-33.41422902066358
241,241,1.4554794740161952e-05,1.2043409218389761e-05,-32.34844541813499,-33.181293822027634
242,242,1.2996890061388222e-05,1.2359400395660869e-05,-32.841141857571046,-33.06881423644784
243,243,1.2101920608834053e-05,1.2244497898599979e-05,-33.152879680061474,-33.1093784451099
244,244,1.2383160209697288e-05,1.150137483675376e-05,-33.04943038183898,-33.38129067933021
245,245,1.3228294842379328e-05,1.1600234732836007e-05,-32.76767255964828,-33.34412048189726
246,246,1.2438682943800663e-05,1.1953830835409462e-05,-33.033282729855124,-33.21371719908025
247,247,1.335976790850856e-05,1.1854437113805416e-05,-32.720171666061766,-33.24997888405306
248,248,1.3350809451329736e-05,1.1653973806938953e-05,-32.72661637094443,-33.32404787882257
249,249,1.2331829847679137e-05,1.1526921370157078e-05,-33.068269548348795,-33.371654948627054
250,250,1.207272701500075e-05,1.2097369060364527e-05,-33.16524940588674,-33.16187895447763
251,251,1.1633229339927358e-05,1.1876952468906224e-05,-33.32085118752103,-33.2417380708649
252,252,1.330314680953305e-05,1.2140402017585553e-05,-32.74289399274923,-33.14645757316474
253,253,1.2274034276939797e-05,1.162759525342201e-05,-33.08955303312069,-33.33388919587942
254,254,1.4298257113849328e-05,1.1194754590274228e-05,-32.4287195057947,-33.49864248051391
255,255,1.3769075211684204e-05,1.16689498339072e-05,-32.592348762589005,-33.31847052765751
256,256,1.2837429419528938e-05,1.1291179864776113e-05,-32.900359134268264,-33.46139499906136
257,257,1.2417898983351068e-05,1.23262371792072e-05,-33.04538568341586,-33.08048305442253
258,258,1.2748942312494355e-05,1.1551660104726724e-05,-32.92321102444883,-33.36234423770695
259,259,1.406131482279719e-05,1.1580124392869612e-05,-32.50326429704928,-33.35165600955706
260,260,1.1984486095055208e-05,1.2087801008563379e-05,-33.190955525685396,-33.16531523572333
261,261,1.0624166416445659e-05,1.1709981543773259e-05,-33.71599739065716,-33.303226149557645
262,262,1.4553605388314704e-05,1.1261922425451063e-05,-32.34797802173313,-33.472662940312055
263,263,1.1994630664592422e-05,1.1619019651813065e-05,-33.19361254938138,-33.33709339282757
264,264,1.3614493193167572e-05,1.1478338269386624e-05,-32.64012944790248,-33.38999806170243
265,265,1.4997159812936065e-05,1.2224978083969817e-05,-32.225019758895954,-33.11630736306949
266,266,1.2162468605892332e-05,1.2236500615951004e-05,-33.13522510199302,-33.112215891340824
267,267,1.272169730637148e-05,1.0760610334009949e-05,-32.92896629017306,-33.670419206356506
268,268,1.3779589382990998e-05,1.3026839305415419e-05,-32.58343380511526,-32.840397696609735
269,269,1.3370423670325575e-05,1.148079364180663e-05,-32.71716788240774,-33.38906914618314
270,270,1.2881349860989073e-05,1.2439731586997177e-05,-32.878170720331084,-33.04067815880567
271,271,1.2370753708084297e-05,1.1748215241057455e-05,-33.056828313535036,-33.28906930825492
272,272,1.2593068928704129e-05,1.1186225707972067e-05,-32.98409482009432,-33.50195247556379
273,273,1.2847470348863203e-05,1.1290570694798493e-05,-32.893219684223766,-33.461629311418314
274,274,1.3811180592382857e-05,1.1102774854072395e-05,-32.5747688844598,-33.53447292402895
275,275,1.379144777340266e-05,1.1481031690077783e-05,-32.58382864439945,-33.38897909841986
276,276,1.2910614362592297e-05,1.1128450392118938e-05,-32.87060543162875,-33.52444131368998
277,277,1.2922859035093894e-05,1.1800216677664521e-05,-32.859732119854556,-33.26988843561117
278,278,1.250631361209653e-05,1.1619601417279276e-05,-33.01018304700385,-33.33687594659353
279,279,1.4185485035584898e-05,1.126389581354727e-05,-32.459432453124144,-33.47190200763122
280,280,1.3202368791098706e-05,1.1154562463688259e-05,-32.77523933273886,-33.51426285725066
281,281,1.1973694781022694e-05,1.1503459470412436e-05,-33.19821269523861,-33.38050358833434
282,282,1.3391297666062529e-05,1.1595619238697078e-05,-32.70910293655195,-33.34584879391777
283,283,1.2348434033013937e-05,1.1130368348906478e-05,-33.06013253975644,-33.523692883990165
284,284,1.2936185790637218e-05,1.1652733878451583e-05,-32.8643448765557,-33.32450997248916
285,285,1.1052288502150518e-05,1.1537034065680162e-05,-33.546335564300435,-33.36784650548597
286,286,1.1935906663846667e-05,1.1386704500182532e-05,-33.203907505112944,-33.424807752439925
287,287,1.284599151047812e-05,1.1698372729465758e-05,-32.88119934157295,-33.30753370945669
288,288,1.1945839822746888e-05,1.1313022313467963e-05,-33.20066250599297,-33.45300181816887
289,289,1.2912535201338091e-05,1.1029809038039898e-05,-32.86944868900576,-33.563108320808404
290,290,1.2263838414714273e-05,1.1234354037457562e-05,-33.09270049765419,-33.483307194967914
291,291,1.2752321000925335e-05,1.1937790532101644e-05,-32.920477697097105,-33.21954871311117
292,292,1.4444975702119955e-05,1.1825656010363386e-05,-32.38395495467997,-33.26053583625531
293,293,1.3637857657308768e-05,1.0909825074409846e-05,-32.627293630777,-33.61061038264747
294,294,1.2041255371345354e-05,1.0822353942785412e-05,-33.168015493196414,-33.645570921949535
295,295,1.110960077959444e-05,1.126176714119777e-05,-33.520673670514405,-33.47272282312489
296,296,1.3644964317641144e-05,1.1152966731299929e-05,-32.62308383934154,-33.51488418807216
297,297,1.2653965670099366e-05,1.1606342205165052e-05,-32.96145666514502,-33.34183454235589
298,298,1.2747775538618671e-05,1.1277920126112325e-05,-32.91986164684941,-33.46649811083637
299,299,1.4238547516198224e-05,1.092542810223868e-05,-32.44199996147298,-33.60440362151161
300,300,1.4057336205407465e-05,1.1874742803660124e-05,-32.503369810775574,-33.24254613564931
301,301,1.1718125391518097e-05,1.1120430778981627e-05,-33.288415402453545,-33.52757214427564
302,302,1.307371600709415e-05,1.1298164760151658e-05,-32.818109254400035,-33.45870921807452
303,303,1.4115331977496006e-05,1.1298586574220712e-05,-32.48773239617493,-33.45854707837586
304,304,1.1793056287809958e-05,1.1105242696143442e-05,-33.26269810834499,-33.533507713878464
305,305,1.2278593653577773e-05,1.0941852762794282e-05,-33.09402325970663,-33.59787959062558
306,306,1.1199466493072231e-05,1.1614823195390942e-05,-33.48602438861943,-33.33866222317516
307,307,1.2382679569876103e-05,1.1567649763540095e-05,-33.04841944364049,-33.3563369461944
308,308,1.2776618231581188e-05,1.1832154613282336e-05,-32.91679037552809,-33.25814989488172
309,309,1.24704051813751e-05,1.1455412038087257e-05,-33.01742175904242,-33.39868110649659
310,310,1.2688453601363904e-05,1.1083029891635401e-05,-32.9413718069562,-33.542203209762626
311,311,1.1595242521599579e-05,1.1197463400573102e-05,-33.34052628920777,-33.49759173925055
312,312,1.2120517389233747e-05,1.0978352963176899e-05,-33.14193373223324,-33.58341635933709
313,313,1.278866945831021e-05,1.1427643513391223e-05,-32.90861461747597,-33.40922141475094
314,314,1.305161441853942e-05,1.1577439061894487e-05,-32.821482876946,-33.35266321779129
315,315,1.482460899198261e-05,1.3182622392617449e-05,-32.26903787669783,-32.78877013350612
316,316,1.3969381396555505e-05,1.1673474234971524e-05,-32.524109462488234,-33.31678696434381
317,317,1.2754418234762102e-05,1.204557556296717e-05,-32.914207189730696,-33.18051269197425
318,318,1.4159017314575732e-05,1.1301347129981304e-05,-32.47525558068734,-33.45748610699827
319,319,1.2963849295590184e-05,1.1739919979223295e-05,-32.85211441408865,-33.292136888168365
320,320,1.3629964935707622e-05,1.2472461309555097e-05,-32.639222380596536,-33.029266601309686
321,321,1.2626344259749118e-05,1.1248787000352567e-05,-32.976319937960895,-33.47773132192304
322,322,1.205635018927704e-05,1.1438776566233413e-05,-33.16565318323289,-33.40499248535901
323,323,1.2301477585724475e-05,1.1171672739644572e-05,-33.08032614839182,-33.50760620437676
324,324,1.3347260162320418e-05,1.1126134387794943e-05,-32.71576716017473,-33.5253452423964
325,325,1.314600614332636e-05,1.1631330117348912e-05,-32.78849587582888,-33.33249443599074
326,326,1.3704539483536717e-05,1.1361493666060452e-05,-32.605271532715015,-33.43443394836629
327,327,1.2279019236152681e-05,1.1115682163539245e-05,-33.07588436117888,-33.52942705256828
328,328,1.2679234611457958e-05,1.1612791862908603e-05,-32.94207291058647,-33.33942183322383
329,329,1.3707815530333673e-05,1.1189491607709848e-05,-32.61225972614602,-33.500684706379346
330,330,1.3095619630531501e-05,1.1721741190596827e-05,-32.80538539597544,-33.298866973571066
331,331,1.2007360505636244e-05,1.1998672897262671e-05,-33.18688096343529,-33.197456115905545
332,332,1.1935249108553518e-05,1.127203626980956e-05,-33.20897904849939,-33.468764480081376
333,333,1.2361331300780876e-05,1.0730531668837342e-05,-33.04923384623502,-33.682575849158624
334,334,1.099072930169173e-05,1.1395727022701115e-05,-33.56666552405993,-33.42136788084976
335,335,1.199771272179523e-05,1.0962865800186256e-05,-33.19056628484865,-33.58954727723798
336,336,1.3184244774483605e-05,1.1401050103718022e-05,-32.779420676959454,-33.419339712796386
337,337,1.2453127871510529e-05,1.099271599071615e-05,-33.03009290389929,-33.57773817908524
338,338,1.2053417368903311e-05,1.1283382288016391e-05,-33.17012253245418,-33.464395229737576
339,339,1.2706102969571371e-05,1.1296709257485896e-05,-32.93546392188404,-33.45926874035954
340,340,1.2665310135059007e-05,1.0634670017775774e-05,-32.94712106483175,-33.72154806769304
341,341,1.1303021264464724e-05,1.1314426645089712e-05,-33.44565263444964,-33.452462744165445
342,342,1.2616371467507615e-05,1.085672087547688e-05,-32.96724332935469,-33.63180153201414
343,343,1.3722315866898592e-05,1.125251846564137e-05,-32.604970019917516,-33.47629091234178
344,344,1.2840349113175012e-05,1.1133211788355288e-05,-32.893387854450765,-33.52258354752106
345,345,1.2206086255938532e-05,1.0637609600388187e-05,-33.10923859611316,-33.720347778359965
346,346,1.1396120864503114e-05,1.117534436975563e-05,-33.41229596795295,-33.50617910678843
347,347,1.2084392765995964e-05,1.127579241112567e-05,-33.15578899926273,-33.46731753679916
348,348,1.2628032624148151e-05,1.1251354216686818e-05,-32.962127169092,-33.47674028112743
349,349,1.2260934463765151e-05,1.1939112530518814e-05,-33.093605941664926,-33.2190677993036
350,350,1.2446114364063329e-05,1.1092632887180356e-05,-33.0243634692624,-33.53844185365146
351,351,1.2940447523413746e-05,1.1257529853250353e-05,-32.865594993041924,-33.474357182133495
352,352,1.3742292692993418e-05,1.1326703148178671e-05,-32.588792616708666,-33.44775306923333
353,353,1.2889433824947792e-05,1.0664216245602706e-05,-32.87267084522452,-33.709498825513265
354,354,1.3675882585339797e-05,1.081841224061607e-05,-32.6218969749476,-33.64715299118486
355,355,1.3341892830907191e-05,1.091141781503929e-05,-32.732337020645495,-33.609976396333124
356,356,1.1315114449841071e-05,1.183286145820411e-05,-33.443516919624734,-33.25789045804191
357,357,1.2582547884617785e-05,1.1182570400897499e-05,-32.97065604176564,-33.503371845384635
358,358,1.269776882424791e-05,1.1552609593261303e-05,-32.942109865657955,-33.3619872840903
359,359,1.3216159370187466e-05,1.060105672111508e-05,-32.76312280282387,-33.73529667317236
360,360,1.2684772988820638e-05,1.0753319273996903e-05,-32.951138010279315,-33.673362850135035
361,361,1.32689905250427e-05,1.0876579692290092e-05,-32.75771326684708,-33.62386479278528
362,362,1.2343438384894248e-05,1.1327192671734865e-05,-33.071208142241,-33.447565377561276
363,363,1.2775125394478686e-05,1.1902376771008436e-05,-32.92858677036088,-33.23245131747904
364,364,1.24253784615013e-05,1.1800346424263952e-05,-33.027713010782676,-33.2698406840114
365,365,1.3457787856131075e-05,1.167213493222095e-05,-32.68470325085035,-33.3172852608677
366,366,1.2372327790254745e-05,1.1783148884684411e-05,-33.06487472932106,-33.276174603362826
367,367,1.3805095205526348e-05,1.2775113646057434e-05,-32.582887311299295,-32.92514053270873
368,368,1.609978246576538e-05,1.5574005517823696e-05,-31.908322296020867,-32.064785013031084
369,369,1.7489584352756302e-05,1.5120683345134909e-05,-31.54549071226885,-32.193074069655154
370,370,1.6512939139632642e-05,1.3172044370884051e-05,-31.80127875171458,-32.79225640541097
371,371,1.7288422488078496e-05,1.3605182247326747e-05,-31.600977592058808,-32.65174461814506
372,372,1.4841120774530956e-05,1.1849505187312484e-05,-32.27141133438809,-33.25178610115199
373,373,1.3753176719228108e-05,1.2359185132625403e-05,-32.59611462533702,-33.06888987795116
374,374,1.4588438435313628e-05,1.1857701649301147e-05,-32.33905173994938,-33.24878306635404
375,375,1.4207794837480814e-05,1.1919647070164119e-05,-32.45518585000041,-33.22615428999878
376,376,1.1798029939284592e-05,1.0879085110852765e-05,-33.25590475831539,-33.62286451127581
377,377,1.3348826991973838e-05,1.12379908195611e-05,-32.73017815186759,-33.481901525534404
378,378,1.2649745094302152e-05,1.1586021795856619e-05,-32.95394053461933,-33.34944484365206
379,379,1.45165382847838e-05,1.0746740013258349e-05,-32.35819316219434,-33.67602083045479
380,380,1.2988923778542925e-05,1.0876855245250658e-05,-32.84420107639913,-33.6237547677427
381,381,1.510718671271047e-05,1.044920698309158e-05,-32.1820312912348,-33.797954935481926
382,382,1.188085880318054e-05,1.0727941763003687e-05,-33.2240931656039,-33.68362418264911
383,383,1.1248667076345264e-05,1.0729795935491749e-05,-33.47119545823168,-33.682873631129304
384,384,1.1666150675944327e-05,1.0145073725939974e-05,-33.31075684041926,-33.926236180613586
385,385,1.1164131062765386e-05,1.0500193591149965e-05,-33.4988712675881,-33.776815193394114
386,386,1.1331331040413171e-05,1.0063456197952436e-05,-33.43026049191758,-33.96131664900447
387,387,1.2039581422906155e-05,1.0262810112755305e-05,-33.16724260322562,-33.87612532070191
388,388,1.1900828597099836e-05,1.0216221150920701e-05,-33.22799225096406,-33.89588539986525
389,389,1.1366299480231618e-05,1.0291783263183837e-05,-33.425203183845824,-33.86388193796216
390,390,1.2156354457437909e-05,1.0176614930395245e-05,-33.13026746786481,-33.91275483831098
391,391,1.090802065518051e-05,1.0400741255005797e-05,-33.598164789959434,-33.818145332061476
392,392,1.1600951443283192e-05,1.0381926466308008e-05,-33.33510546546573,-33.82600877024134
393,393,1.0158276916289529e-05,1.0008367242239489e-05,-33.913464867429724,-33.98515592760815
394,394,1.1927604303956596e-05,1.038488758958441e-05,-33.21036361570403,-33.82477025623102
395,395,1.2291180469547566e-05,9.527176069624196e-06,-33.086160838035845,-34.19914634140919
396,396,1.1050318302220626e-05,1.0172901678934546e-05,-33.54259895953041,-33.914339784693894
397,397,1.1055792424251439e-05,9.651966808489401e-06,-33.546502001717265,-34.14263005759772
398,398,1.0476607328491435e-05,1.0003660200278605e-05,-33.769978608127296,-33.98719894138401
399,399,1.0693166296198224e-05,1.028091721883883e-05,-33.683716065079324,-33.868469632749346
400,400,1.0912845515197182e-05,1.0657911436857448e-05,-33.60390303555125,-33.71206718432632
401,401,1.072438880862709e-05,1.0141134225705173e-05,-33.681624262362874,-33.92792294557135
402,402,1.2318952345013554e-05,9.604475292833645e-06,-33.074759892625394,-34.16405181858112
403,403,1.0643156736140432e-05,9.511129328051251e-06,-33.705609560168206,-34.2064673847714
404,404,1.0863394347381341e-05,9.651506340895522e-06,-33.61898788164916,-34.14283725195452
405,405,1.1268566623519141e-05,9.231486250140925e-06,-33.45521939667115,-34.33607198366564
406,406,1.0788169074845596e-05,1.1068047522138314e-05,-33.65515813182872,-33.548078103583016
407,407,1.1738752684473137e-05,1.077757080661525e-05,-33.288092788388795,-33.66357940764057
408,408,1.0696269815600749e-05,1.0508118066354655e-05,-33.68449498092335,-33.77353881776459
409,409,1.1064863335293208e-05,1.0268086929212778e-05,-33.53135281641049,-33.873892887978414
410,410,9.611306249445482e-06,9.642512922207397e-06,-34.159985454792164,-34.146885959835764
411,411,1.0842615215692276e-05,1.0133350195629695e-05,-33.63244212811485,-33.93125773959581
412,412,9.847594318455673e-06,9.910118718069402e-06,-34.04026750262456,-34.027999683939875
413,413,1.063702201154041e-05,9.832725481828675e-06,-33.70965559657055,-34.06204911194055
414,414,1.0574681451994225e-05,1.0732340007579247e-05,-33.7401936395961,-33.68184402580272
415,415,1.16344321044774e-05,9.966433457233698e-06,-33.32187586164055,-34.0033905407705
416,416,1.0443350056073204e-05,9.661687511796022e-06,-33.7836779273102,-34.138258385522875
417,417,1.114885947938148e-05,9.483891708920342e-06,-33.51041457558108,-34.21892239155797
418,418,1.1084332911814646e-05,9.772276969574465e-06,-33.53666777952728,-34.088830581180034
419,419,1.2260724750226519e-05,1.0369556428869194e-05,-33.0955814276288,-33.83118646251911
420,420,1.1012680425130721e-05,9.903845047550644e-06,-33.55837895931052,-34.03074988638383
421,421,1.1255261939630745e-05,1.0587971102818541e-05,-33.462282854474424,-33.740660781982044
422,422,1.0281146134411287e-05,9.342763118375411e-06,-33.858002489510596,-34.284034878896705
423,423,9.240276409100355e-06,9.656013772703437e-06,-34.32328004061923,-34.14080948993663
424,424,9.764718742161741e-06,9.501555005523474e-06,-34.09215770867627,-34.210841386590715
425,425,1.0627771606562315e-05,9.270588897810453e-06,-33.71277080787402,-34.3177150272068
426,426,1.1244656045314468e-05,9.504617034843632e-06,-33.47187514073103,-34.209442028060394
427,427,1.1224644330252782e-05,9.568570596074047e-06,-33.477798999792455,-34.18031760127972
428,428,1.0412152498491233e-05,9.701753888772433e-06,-33.80075298280773,-34.120285721568855
429,429,9.698481194719375e-06,9.478476122718635e-06,-34.11185608361865,-34.221403051450764
430,430,1.0891729087552917e-05,9.330104507841353e-06,-33.61087437787408,-34.289923171638584
431,431,1.045139265677546e-05,9.6606994654729e-06,-33.7987846864267,-34.13870253672105
432,432,1.1195219401285153e-05,9.893387677469659e-06,-33.49039292602411,-34.035337980696674
433,433,1.0928119723926617e-05,9.206931592512104e-06,-33.589703395336684,-34.347639091763796
434,434,9.865351653998099e-06,9.883540793740203e-06,-34.03741903497513,-34.03966266400354
435,435,1.0538712563315712e-05,9.444596990330243e-06,-33.760331313631255,-34.23695394625622
436,436,1.0732935231889192e-05,9.298418382585575e-06,-33.66906462806234,-34.30469742153886
437,437,1.2593740192051441e-05,9.218413245099854e-06,-32.974160277348595,-34.34222652657019
438,438,1.1641913682904056e-05,9.967322871249818e-06,-33.32714851158534,-34.00300298953007
439,439,1.0780009866608715e-05,9.67549483807249e-06,-33.659914002371714,-34.1320563996055
440,440,1.163197236668022e-05,9.65742226885356e-06,-33.32566369219033,-34.14017604272863
441,441,1.1717425394701572e-05,1.0066194447158763e-05,-33.292208610309835,-33.96013510189401
442,442,1.1463623186219339e-05,9.914759678059981e-06,-33.382480204699576,-34.0259663364346
443,443,1.0986807162047739e-05,9.170532226371028e-06,-33.58002729336167,-34.36484284162531
444,444,1.0600777799125578e-05,8.8772555117382e-06,-33.72183201904636,-34.506001052871106
445,445,1.098070915946833e-05,9.176658415143671e-06,-33.57529525043138,-34.36194259370189
446,446,1.0227335735049264e-05,1.0128292663131633e-05,-33.87808670810874,-33.933425834766446
447,447,1.1157503377972652e-05,9.640971615896743e-06,-33.50034071665404,-34.147580212812436
448,448,1.0750063333053385e-05,9.039148704017097e-06,-33.66221489904533,-34.42751294455024
449,449,1.1826097269261378e-05,8.44815366163905e-06,-33.254529104623145,-34.72117020982563
450,450,1.027029905053871e-05,9.297139704837096e-06,-33.855549086984354,-34.305294685346226
451,451,1.142046604990796e-05,9.34767316912736e-06,-33.406720654355546,-34.28175306164676
452,452,1.0274163652922521e-05,9.332517325482944e-06,-33.85538962259206,-34.28880020681319
453,453,9.041397896504987e-06,9.752743464655636e-06,-34.40991147415338,-34.09752024812023
454,454,1.0546899454883592e-05,9.30536144120484e-06,-33.748711207312205,-34.301455787618835
455,455,1.1776947791151974e-05,9.37053437155555e-06,-33.268495545108074,-34.27114467515537
456,456,1.0393862278751558e-05,9.601369894976655e-06,-33.81477350139159,-34.165456242236495
457,457,1.0455453899883595e-05,9.464944397270875e-06,-33.780584533423465,-34.22760758530033
458,458,1.0770560526073018e-05,9.534815801185017e-06,-33.66045014540098,-34.195665180090664
459,459,1.0825470518593834e-05,8.753014347013577e-06,-33.627735978197464,-34.56721185214937
460,460,9.920638528934227e-06,9.169311899887888e-06,-34.00989609274422,-34.365420797528195
461,461,1.1068917405582302e-05,9.032847796525426e-06,-33.53244447228374,-34.43054133099931
462,462,1.0768479724086404e-05,9.60344385403962e-06,-33.65763261237979,-34.16451823888795
463,463,1.0870766270750913e-05,9.523348461171785e-06,-33.612645629368544,-34.20089149992118
464,464,1.1159991333546169e-05,9.652836093951728e-06,-33.49548737347182,-34.142238936401974
465,465,1.0671141133327146e-05,8.72715150092661e-06,-33.69557807821916,-34.580063102687355
466,466,1.1570089362667017e-05,9.540728713450095e-06,-33.35135716938985,-34.19297278486286
467,467,1.0416426495381885e-05,9.63640674231819e-06,-33.798619592011654,-34.149637027184156
468,468,1.0640276385172386e-05,9.486598030075824e-06,-33.71415141385232,-34.21768326661367
469,469,1.0183655179848897e-05,9.664222153859506e-06,-33.90096709020717,-34.137119209062746
470,470,1.0374002479777832e-05,9.772050816536648e-06,-33.81831416412366,-34.08893108810713
471,471,9.71047706885075e-06,9.732743221416298e-06,-34.1129651268373,-34.106435599803085
472,472,1.0385930022259589e-05,1.00077776742661e-05,-33.829538559809535,-33.98541176720033
473,473,9.836587210396754e-06,9.011303781766114e-06,-34.05498458359609,-34.44091195012587
474,474,1.0579578424626889e-05,9.7337938074672e-06,-33.73627857943069,-34.1059668325802
475,475,1.162096883096647e-05,1.0341654806803777e-05,-33.32115765513236,-33.84288788132258
476,476,1.0336075287266363e-05,9.795441823562693e-06,-33.839078455611464,-34.07854795900291
477,477,9.965658277578018e-06,9.534873051483086e-06,-33.98550663247978,-34.19563910364156
478,478,1.0311386115963333e-05,9.90431370059684e-06,-33.84795029465805,-34.03054438173848
479,479,1.0656378473174404e-05,9.697791292159022e-06,-33.69800131563841,-34.122059921789635
480,480,1.0988672465359319e-05,9.367578130829651e-06,-33.57289888556315,-34.27251501493204
481,481,1.0302602286455366e-05,9.0111314564542e-06,-33.850622719061974,-34.44099500208979
482,482,1.0283502517980655e-05,8.99057074907193e-06,-33.850592895004816,-34.45091562575199
483,483,1.107827636625404e-05,9.150184867298536e-06,-33.53191183702024,-34.37448957035828
484,484,9.286913558115857e-06,8.837350713675781e-06,-34.30266894564114,-34.52556735052803
485,485,9.444725032922507e-06,9.900988803373797e-06,-34.23031176055844,-34.03200256146599
486,486,1.0191335009368072e-05,9.575191143085249e-06,-33.88603112721212,-34.177313732773676
487,487,1.002121595221754e-05,9.641311862651492e-06,-33.95993937051468,-34.14742694539652
488,488,1.1038699915271658e-05,9.923899645065448e-06,-33.55098041506318,-34.021964616911674
489,489,1.1824264417095806e-05,9.424956021432177e-06,-33.245674598596786,-34.24599493147394
490,490,1.144128081597449e-05,1.0275473318631013e-05,-33.39885130256165,-33.870769896379045
491,491,1.0675759730259311e-05,9.351556472163219e-06,-33.696410204798276,-34.27994924711897
492,492,1.1016346757669547e-05,9.25530225446748e-06,-33.55568624847806,-34.32488219266498
493,493,9.61647240438117e-06,9.265439793556365e-06,-34.146104202205066,-34.32012787157498
494,494,1.1317997318327957e-05,9.20411833392695e-06,-33.440635779747076,-34.3489663193734
495,495,9.780875985860493e-06,9.3785759801042e-06,-34.08414591285606,-34.26741924353013
496,496,1.0352014074088242e-05,9.544618741959934e-06,-33.82789852543453,-34.19120240269548
497,497,1.129738162846254e-05,1.0152054193512364e-05,-33.44789105014095,-33.923248980967074
498,498,1.0277953639235852e-05,9.151326690028471e-06,-33.85702074517437,-34.37394766177328
499,499,1.0850889081207102e-05,9.256956218450796e-06,-33.62719041530178,-34.32410615830463
