,epoch,train_loss,test_loss,train_dbs,test_dbs
0,0,0.0003230668794598968,0.0003043288796968562,-7.813931855013375,-8.082349190572511
1,1,0.00028738962395174296,0.00027560664334726567,-8.321129577984927,-8.512884045353564
2,2,0.0002653707492707739,0.0002587491839413384,-8.669962630584822,-8.78699097564654
3,3,0.00025041150403228235,0.0002465183627607889,-8.918446613677771,-8.997288116044327
4,4,0.00023980870121038643,0.0002369890433711637,-9.107284984604572,-9.168498184335322
5,5,0.00023111660191285204,0.00022799949893899458,-9.271169298106539,-9.33644193749638
6,6,0.00022235495796230304,0.00022051347140835501,-9.435967096618493,-9.481429601902162
7,7,0.00021541128988190525,0.00021440253400023242,-9.575444292166697,-9.603481723975442
8,8,0.00020957974367174945,0.00020888575665211598,-9.693175213725295,-9.716692586897327
9,9,0.00020429275683295366,0.00020387502139017575,-9.805475720108927,-9.822140667141822
10,10,0.00019955480580467768,0.00019961584046924194,-9.907014953444156,-9.913830846700067
11,11,0.00019557133797656976,0.00019590163873018404,-9.99514175918112,-9.99540017415821
12,12,0.0001920379272820524,0.00019238514850210202,-10.074148445092579,-10.074065434313418
13,13,0.00018845052988215627,0.00018888957397154483,-10.156906395691173,-10.15370099245559
14,14,0.00018528073839483225,0.00018583012263805263,-10.229720108539581,-10.224619728212572
15,15,0.00018222372860110067,0.00018310715217682483,-10.300278727282741,-10.2887277812521
16,16,0.00017978556915642404,0.00018037457974921716,-10.361118447994064,-10.35402754078332
17,17,0.00017694599918070605,0.0001779820334999577,-10.426546895416767,-10.412019219158248
18,18,0.00017455719713212864,0.00017593056193283317,-10.487698349495563,-10.46236796467533
19,19,0.00017260072813441343,0.00017352540223663184,-10.536744993011455,-10.522150265458004
20,20,0.00017044980864439006,0.0001716980500771713,-10.590578783021359,-10.56812723290026
21,21,0.00016874055808395648,0.00016978132005437816,-10.63410622015362,-10.616881804174401
22,22,0.00016672668118058637,0.00016807855986132237,-10.68803654624843,-10.660657680565722
23,23,0.00016532301978981027,0.00016613370175228308,-10.724419406261006,-10.71120344301669
24,24,0.00016370500268693053,0.00016481139525575074,-10.765942795014062,-10.745908502919924
25,25,0.0001622884152949183,0.0001634618621258261,-10.805158973771245,-10.781616443184019
26,26,0.00016087368679756166,0.00016213981220253597,-10.842421052312359,-10.816884206652873
27,27,0.00015948997218205027,0.00016102450593423687,-10.880266033586237,-10.846861110281758
28,28,0.0001582906904903999,0.0001595793291926384,-10.91165386239817,-10.886014511864076
29,29,0.00015700585943929967,0.0001584224404436291,-10.94863266992828,-10.917613871642438
30,30,0.00015594529695496845,0.00015740549057035853,-10.978006802689341,-10.945582091128154
31,31,0.0001550426418033726,0.00015631598408186905,-11.0026615835031,-10.975746972809999
32,32,0.00015384483810624625,0.00015570780133681469,-11.03616179339978,-10.992677140124485
33,33,0.00015311532239213624,0.00015444269229192287,-11.05522734429778,-11.028107225565375
34,34,0.00015224871968552855,0.00015378857910706612,-11.081026859706073,-11.046540019349438
35,35,0.00015148090693101134,0.00015313391601299182,-11.10460425664698,-11.06506697680381
36,36,0.00015062457607631791,0.00015229618063466134,-11.129374367803244,-11.088890743253042
37,37,0.00014981470693661302,0.00015142937665682678,-11.150158142600372,-11.11367951703
38,38,0.00014926330651487849,0.00015076005135932448,-11.168174079730289,-11.132918095994606
39,39,0.0001483070502836574,0.00015022729731802093,-11.195929307370033,-11.148292322386164
40,40,0.00014767952826829416,0.00014946093448854394,-11.215150187509133,-11.170503930193163
41,41,0.00014732844861147483,0.0001488480062873446,-11.225037115670034,-11.18835064370333
42,42,0.00014661732096748293,0.00014839817518613448,-11.2446922871651,-11.201495257586043
43,43,0.00014606538505026993,0.00014772167043319265,-11.263617978766332,-11.221338763293128
44,44,0.00014544364449582494,0.00014765569281543752,-11.280192326813665,-11.223278906266954
45,45,0.00014487784075341908,0.0001468666718880597,-11.2977292495152,-11.24654832792768
46,46,0.00014460700313253424,0.00014642094442694398,-11.3063394821447,-11.25974882566851
47,47,0.00014385626645045855,0.00014567299436557253,-11.326566990121332,-11.281990389166987
48,48,0.00014332466210915525,0.00014540130015168535,-11.343434932193073,-11.290097964060921
49,49,0.00014290693723092567,0.0001452366628463527,-11.356774949670868,-11.295018249087125
50,50,0.00014232641107585165,0.0001446918498626665,-11.376369565724293,-11.311340172638065
51,51,0.00014200856934359164,0.00014415644584101086,-11.384906505286096,-11.327440200365505
52,52,0.00014157891722057573,0.000143690948454222,-11.396995885929746,-11.341486749103753
53,53,0.00014115436846923236,0.00014278906593589405,-11.411580211664543,-11.368831336882181
54,54,0.00014075243654456854,0.00014261440925398156,-11.422090725944525,-11.374146790213686
55,55,0.0001400934937938126,0.0001421363505007895,-11.444183416374276,-11.388729260425878
56,56,0.00013998456310706462,0.00014167389446428339,-11.44589061342824,-11.402882539674554
57,57,0.00013953368191501684,0.00014151081344798992,-11.460449754672242,-11.40788458896112
58,58,0.0001390915251962274,0.00014103979246053648,-11.472206679375432,-11.422364260986342
59,59,0.0001390108427023227,0.00014105592976863446,-11.474244773470378,-11.421867383982182
60,60,0.00013838106108956597,0.00014046185855190024,-11.496964979686187,-11.440196757468478
61,61,0.000137987704143485,0.00013995339931601562,-11.509464378629431,-11.455946348564485
62,62,0.00013773351661397682,0.00013973683847947732,-11.515931291682204,-11.462671731319459
63,63,0.0001372738048847112,0.00013962419210369453,-11.52971101647739,-11.466174131203807
64,64,0.00013713996259426007,0.0001390592476941253,-11.537164120695763,-11.483782107905158
65,65,0.00013662449865225107,0.00013855711930725527,-11.551284011063998,-11.499492408258376
66,66,0.00013622930321419976,0.00013831926978462818,-11.56460826578812,-11.506953987842587
67,67,0.00013608212739387623,0.00013811412224497057,-11.570269795433191,-11.513399986290988
68,68,0.00013554726919932195,0.00013784447066044728,-11.585713820736082,-11.521887363417688
69,69,0.00013508139855946058,0.00013727148210531786,-11.600092498270794,-11.539977635900435
70,70,0.00013491070099335797,0.00013703546306044844,-11.606281149298152,-11.547451146572483
71,71,0.00013476063376748645,0.0001369531176016225,-11.612794286192322,-11.550061633430602
72,72,0.0001344150727369928,0.0001362444646043801,-11.621584023630753,-11.57259219713913
73,73,0.00013387859477925586,0.0001359787627160059,-11.640210473704727,-11.581070011595415
74,74,0.00013363013402846902,0.000136085779415321,-11.64770126092581,-11.577653413164985
75,75,0.0001333234664418773,0.00013523751802399362,-11.659700160352607,-11.604808946450646
76,76,0.0001329743050125226,0.00013471667817181073,-11.66953398587518,-11.62156720823107
77,77,0.00013267843974766215,0.00013483241759546983,-11.678547660475578,-11.617837646758801
78,78,0.0001324117470223015,0.00013449286129080544,-11.687198182611617,-11.628788531737431
79,79,0.00013231854268035267,0.00013415285196204327,-11.690884349722568,-11.63978176534123
80,80,0.00013191939872262288,0.00013403572359637015,-11.705215993011695,-11.643575230891692
81,81,0.00013180374167559515,0.00013368863054845286,-11.705940890214773,-11.654836117511739
82,82,0.0001311702446738431,0.0001332228873108857,-11.726211293689033,-11.669992445344414
83,83,0.0001314122503750583,0.00013313744918712857,-11.721399799011195,-11.672778543864359
84,84,0.00013068806486247472,0.00013291642474206654,-11.74505841130022,-11.679994354521117
85,85,0.0001305255399219999,0.00013285127849820512,-11.748994317270633,-11.682123481156705
86,86,0.00013018296593464142,0.00013229790630774865,-11.760065361335556,-11.700251150518213
87,87,0.00012990079829757362,0.00013184864732657413,-11.771154740234406,-11.715024077283129
88,88,0.00012984833204230658,0.0001312630330702584,-11.776453638923684,-11.734356511299659
89,89,0.00012940372550108748,0.00013152837843670952,-11.786245973526805,-11.725586204313565
90,90,0.00012933579911105815,0.00013127003905155058,-11.790088653975577,-11.734124718863633
91,91,0.0001289700430976323,0.00013101025289966186,-11.80481402243884,-11.742728013323681
92,92,0.0001285118263151218,0.00013042629602990163,-11.819043255919794,-11.76212925381689
93,93,0.0001282661098005135,0.00013045620787459868,-11.827393413423719,-11.76113336110979
94,94,0.000128211274658469,0.000130363414906529,-11.827314560725375,-11.764223579189448
95,95,0.00012769505349179903,0.00012954484516644458,-11.845775385999339,-11.791579500581895
96,96,0.00012753582861065653,0.00012951090244122927,-11.848796892083369,-11.79271756746381
97,97,0.0001271649719259135,0.00012938863227119376,-11.862563007025141,-11.796819642359747
98,98,0.0001269913686273773,0.0001289233956700436,-11.870350447155067,-11.81246350600338
99,99,0.00012662959728838838,0.00012899783024821723,-11.883050052324698,-11.809956808282324
100,100,0.0001266409911379727,0.00012834926249189791,-11.882879115990711,-11.831847088141206
101,101,0.00012633115573445355,0.00012859699238201996,-11.891895399151382,-11.823472748715918
102,102,0.00012604917202159262,0.00012764211217137543,-11.901644944831776,-11.855841042129715
103,103,0.00012570935374692314,0.0001277925854849041,-11.914842414206767,-11.850724295039512
104,104,0.00012541083215745455,0.0001274411911972014,-11.92320895063755,-11.8626826415034
105,105,0.00012514753752932933,0.00012716371872413315,-11.932057840380416,-11.872148665680122
106,106,0.0001251524319985075,0.00012674473155608497,-11.934623504007142,-11.886481704224789
107,107,0.00012478015492682238,0.00012697517798331223,-11.945284875195817,-11.878592560686801
108,108,0.00012454421392380326,0.00012639609638809865,-11.955156663026216,-11.898444249074988
109,109,0.00012412775393705046,0.0001257870539312104,-11.967968138282206,-11.919421407317913
110,110,0.00012386816194624226,0.00012652869573733034,-11.97902806234393,-11.89389054989292
111,111,0.00012367624221201601,0.00012553082036136307,-11.983547928438941,-11.928277193189507
112,112,0.00012352012761522891,0.00012552950839132167,-11.992372689469146,-11.928322583184192
113,113,0.0001233737568758649,0.00012501108645473753,-11.995476073968753,-11.946295567388965
114,114,0.00012292390924484767,0.0001248850151712663,-12.011125952831508,-11.950677553904708
115,115,0.00012276554967759215,0.00012468188307186785,-12.015682930792565,-11.957747335191314
116,116,0.00012244317832417286,0.00012443848850364847,-12.027090261060875,-11.966233590319174
117,117,0.00012205525614338035,0.00012424026882447499,-12.043671023165363,-11.973157039030776
118,118,0.0001221553045360986,0.00012377433641200982,-12.037893478015206,-11.989474796893145
119,119,0.00012167849048093614,0.00012400350916370946,-12.051687717921151,-11.981441109327942
120,120,0.00012171551482883983,0.0001238579574610891,-12.05446121520042,-11.98654172536209
121,121,0.0001214143092361202,0.00012285747422873485,-12.064524262218308,-12.021765037164347
122,122,0.00012097393355173895,0.00012315594090308112,-12.07970499372654,-12.011227197735739
123,123,0.00012082179807865819,0.0001227530121564326,-12.084975559582317,-12.025459285319
124,124,0.00012069213076269004,0.00012282192083627082,-12.091157840945916,-12.023022012114463
125,125,0.00012035872320675761,0.00012226301930097274,-12.101814330577936,-12.042829697836305
126,126,0.00012026506813048606,0.00012203841699949025,-12.108744909949108,-12.05081520697748
127,127,0.00011992025067285663,0.00012209506913725483,-12.117492101538584,-12.048799612013418
128,128,0.00011986458067093332,0.0001219245383062547,-12.11994663819816,-12.05486966611523
129,129,0.00011954385548417177,0.00012152850908215011,-12.13354101481215,-12.068999163384325
130,130,0.00011915602601558144,0.00012156401805297814,-12.144251569746396,-12.06773039956175
131,131,0.0001189416716536555,0.00012078441489536904,-12.153038292368109,-12.095671864930937
132,132,0.00011874984973230275,0.00012063852160568594,-12.161238230821393,-12.100920799376617
133,133,0.00011866968248121095,0.00012042953504102403,-12.16318242747593,-12.10845076712302
134,134,0.00011843132496014544,0.00012070361806667949,-12.174348476786925,-12.098577981456389
135,135,0.00011813161198887494,0.00012005725798907836,-12.183512794330122,-12.121896661303552
136,136,0.0001177856971368136,0.00011965289932528609,-12.195469314711954,-12.136548598036656
137,137,0.00011773140334101758,0.00011951571114447066,-12.199319855141395,-12.141530863587963
138,138,0.00011754717279379208,0.00011945230538625957,-12.206145048009844,-12.143835504347674
139,139,0.00011729751878595652,0.00011965405352193077,-12.213675656941778,-12.136506705293645
140,140,0.00011693804574945519,0.00011900911187311929,-12.229467278510391,-12.159978721225585
141,141,0.00011697214268707219,0.00011838151227780862,-12.228002724256893,-12.18294202713377
142,142,0.0001164874549206231,0.00011856872075249587,-12.24278682774993,-12.176079520741647
143,143,0.00011625447823274785,0.00011821069691857127,-12.254235177195994,-12.189213085769453
144,144,0.0001161575568515865,0.00011777682084357366,-12.25787094413426,-12.205182591216545
145,145,0.00011590240739547581,0.00011790339340223,-12.264229399135843,-12.200517815325568
146,146,0.00011564610803802258,0.0001174596974650692,-12.276334428198322,-12.216892084095496
147,147,0.00011569939430121371,0.00011738979006431212,-12.275774316740694,-12.219477603834893
148,148,0.00011526147586523949,0.00011731066172758706,-12.29232115117398,-12.222406017567508
149,149,0.00011488560102003885,0.0001173877083745442,-12.304627769333738,-12.219554618573126
150,150,0.0001146714350079023,0.00011670547974063084,-12.314166385685635,-12.244868381209919
151,151,0.00011471636254597244,0.00011669338863085661,-12.30966442147409,-12.245318349309283
152,152,0.00011425530296431124,0.00011600762234976221,-12.329719502099032,-12.270915605864207
153,153,0.00011399635433317787,0.00011635530896264275,-12.338074912124476,-12.257918826279358
154,154,0.00011386102519703779,0.00011615633105209686,-12.34464995161099,-12.26535200507941
155,155,0.00011360109191131058,0.00011533273745475239,-12.354075421449224,-12.296254860765501
156,156,0.0001133874580192082,0.00011520225311151559,-12.362822920198855,-12.301171132794737
157,157,0.00011346286161833913,0.00011545143091720284,-12.358925251493616,-12.291787663497264
158,158,0.00011313369527060692,0.00011494541104184464,-12.371421616662149,-12.310864486867763
159,159,0.00011265456386044928,0.00011456661128537043,-12.388333380874423,-12.325200188474268
