,epoch,train_loss,test_loss,train_dbs,test_dbs
0,0,0.00017399780680881524,0.00016541803396601034,-27.595158556754747,-27.808680988426357
1,1,0.0001684947246289572,0.00016052685494191552,-27.72902637883124,-27.939032566294223
2,2,0.0001643327505570193,0.00015508997526730557,-27.844134742017125,-28.08867226947216
3,3,0.00015808253329410458,0.00015141471215572797,-28.012934769271798,-28.192828783855877
4,4,0.00015530723920296013,0.00014678376120221066,-28.083492058281635,-28.327729417533586
5,5,0.00015390320178769413,0.00014197384849754408,-28.135683231513802,-28.472425987137466
6,6,0.00014596543507050416,0.00013821726622010924,-28.359669729987218,-28.588886547977168
7,7,0.0001441060583264394,0.00013513624511879722,-28.4136957975327,-28.686791061693285
8,8,0.00013933003753766935,0.00013105737429884213,-28.569395441844353,-28.819894909382665
9,9,0.0001373097888456859,0.00012807879178772534,-28.623098715048894,-28.91973731588046
10,10,0.000132203633406742,0.0001248126040751997,-28.791737990393145,-29.031925093139574
11,11,0.00012661701138191327,0.00012168097792279073,-28.97514012894133,-29.142282622795346
12,12,0.00012703950613792315,0.00011820021877371658,-28.957048873154925,-29.268326732957068
13,13,0.00012392966591599446,0.00011593974762179546,-29.074075018318723,-29.352186030046212
14,14,0.00011839734151246525,0.0001131862966423413,-29.26523639926043,-29.456571032525
15,15,0.00011632190918257057,0.00011014570727160102,-29.342787088415854,-29.57483377686179
16,16,0.00011324721948692536,0.00010769784115071066,-29.464374029385453,-29.672439558994775
17,17,0.00011197371447648489,0.00010503636593440253,-29.508264186006183,-29.78111266117186
18,18,0.00010763098048910345,0.00010211373170788743,-29.677620036549683,-29.903668060554793
19,19,0.00010571329534586672,0.00010058883383049091,-29.75885280907288,-29.96901180450668
20,20,0.0001012314529249387,9.796815337674496e-05,-29.94563863970403,-30.083660316521737
21,21,0.00010066459296852081,9.588768941619874e-05,-29.969563674901856,-30.17688100007402
22,22,9.738866528724176e-05,9.36754662880527e-05,-30.116843412457285,-30.278250901086757
23,23,9.750606841407716e-05,9.146833441551088e-05,-30.10809936400012,-30.38180182755714
24,24,9.365367748745784e-05,8.930928475149956e-05,-30.281200852618525,-30.485543424065106
25,25,9.202514295034187e-05,8.729384372648048e-05,-30.360492131103886,-30.584673368779526
26,26,8.924572781681265e-05,8.497944624028413e-05,-30.494367011411562,-30.70137056938139
27,27,8.877357292485893e-05,8.34572531043944e-05,-30.52078240710946,-30.779868673382605
28,28,8.564983397366998e-05,8.177086802836704e-05,-30.67625904537016,-30.868523456910335
29,29,8.331949746994705e-05,8.030171853821038e-05,-30.7842526504767,-30.947261139456042
30,30,8.311266869849035e-05,7.832539114659946e-05,-30.807302708891232,-31.055483812979567
31,31,8.226692248687878e-05,7.697165059844817e-05,-30.85256268526592,-31.13120153892199
32,32,8.00282905777177e-05,7.527769737766663e-05,-30.97305887348619,-31.22784627405578
33,33,7.762166378316325e-05,7.40769028197974e-05,-31.103357278266763,-31.297681376108525
34,34,7.536127961111092e-05,7.234127329674696e-05,-31.2252862943917,-31.400648050479838
35,35,7.632376938775066e-05,7.117021481175662e-05,-31.178075959139996,-31.471526770140812
36,36,7.28233206939773e-05,6.992697518925477e-05,-31.376842414291175,-31.548062111691074
37,37,7.339118638276315e-05,6.817755389707408e-05,-31.35063181323192,-31.65809538293585
38,38,7.03312718317263e-05,6.739404948587578e-05,-31.521006957381935,-31.70829401189114
39,39,6.992358387449094e-05,6.603751879945201e-05,-31.555386282509232,-31.796602063368194
40,40,6.867308127897858e-05,6.453936715077266e-05,-31.63020758287651,-31.896262511087944
41,41,6.570469617445175e-05,6.368684932424098e-05,-31.81010287881071,-31.954011893924704
42,42,6.606199148683521e-05,6.231297313781014e-05,-31.79980505918745,-32.04872480431843
43,43,6.470176797557008e-05,6.128436545718854e-05,-31.89598572091394,-32.121012599259636
44,44,6.298079588492496e-05,6.00516081919379e-05,-32.00888139102623,-32.209263112938004
45,45,6.220409521063761e-05,5.905733537235248e-05,-32.06376373448289,-32.281771056728054
46,46,6.169132952375539e-05,5.804327941548667e-05,-32.10190435545698,-32.35699011791916
47,47,6.115068311739434e-05,5.72276464816624e-05,-32.134916702375726,-32.41845067989105
48,48,5.9171369525522337e-05,5.610008673485074e-05,-32.27487417091068,-32.50487420958252
49,49,5.8319880258047126e-05,5.5202554473285805e-05,-32.348009183757014,-32.57491778690794
50,50,5.618951632341217e-05,5.437072755548319e-05,-32.50221641223736,-32.640858091650486
51,51,5.634445802833088e-05,5.3362632522629083e-05,-32.48911325059069,-32.722137073106126
52,52,5.6232246897332175e-05,5.2596516118348135e-05,-32.50361141509722,-32.78493975304838
53,53,5.4894264638315906e-05,5.1322135588730145e-05,-32.60683226031904,-32.8914623396193
54,54,5.207360030083495e-05,5.0349881540138374e-05,-32.836127552386756,-32.97452500554482
55,55,5.123776818155167e-05,4.947399697572875e-05,-32.894764068154075,-33.05073955483379
56,56,5.221346569650797e-05,4.8851493805781696e-05,-32.82266131993258,-33.10573105331053
57,57,4.992015624104413e-05,4.817157471399313e-05,-33.01802503602812,-33.16660110166259
58,58,5.00693856816518e-05,4.7316863377713356e-05,-33.00751162664898,-33.244350060216824
59,59,4.80697097973274e-05,4.659665596830708e-05,-33.179426385640724,-33.31096203212606
60,60,4.852690925844465e-05,4.571231463495152e-05,-33.14084880476502,-33.39417741395844
61,61,4.548617746961812e-05,4.5205420495844204e-05,-33.41418739676796,-33.44260440308419
62,62,4.6971516285245256e-05,4.459989596446241e-05,-33.287384293116396,-33.5011710800578
63,63,4.526177883573049e-05,4.3851917182205636e-05,-33.43960730020119,-33.574623684280574
64,64,4.5452569446348844e-05,4.3206167136208695e-05,-33.42618516010464,-33.63905212358915
65,65,4.3685255318966496e-05,4.2487258485236546e-05,-33.590118453377485,-33.71192244773446
66,66,4.3655610104756356e-05,4.193945431708064e-05,-33.601058210515085,-33.76828178195364
67,67,4.273822245166455e-05,4.130605023084698e-05,-33.686956937765494,-33.83437284832272
68,68,4.231175104727412e-05,4.0756251684414514e-05,-33.74370631344697,-33.89256718165585
69,69,4.178729512804961e-05,4.000619102091725e-05,-33.79843676515954,-33.97323749383891
70,70,4.076355870302464e-05,3.945044993183968e-05,-33.89949244431466,-34.03398992969784
71,71,4.0927253666240245e-05,3.913579501769211e-05,-33.87636743011702,-34.068767930165
72,72,4.075273944781469e-05,3.849368754584391e-05,-33.89659517187176,-34.14061436853072
73,73,3.83623215740729e-05,3.800109085492104e-05,-34.145462604954425,-34.19654890063129
74,74,3.8929817651712924e-05,3.7490411111656086e-05,-34.10299651754183,-34.255307508400186
75,75,3.918717672988969e-05,3.7088251318843836e-05,-34.08093906077413,-34.302145964895224
76,76,3.869363761098321e-05,3.667950171036768e-05,-34.121896973732355,-34.35027526501991
77,77,3.66639630284254e-05,3.610740905538765e-05,-34.35509991740445,-34.418546276130606
78,78,3.676533410772705e-05,3.576211680697988e-05,-34.35006197121585,-34.46027736316735
79,79,3.653139041133043e-05,3.5236503256448104e-05,-34.377404552895584,-34.52458149606472
80,80,3.6904129993888196e-05,3.476111726884387e-05,-34.32610604250056,-34.583572268590686
81,81,3.5359436147588245e-05,3.4495704599784836e-05,-34.51645362032201,-34.6168593351309
82,82,3.4624719830258686e-05,3.3972136263496634e-05,-34.60650502717213,-34.683280962785986
83,83,3.513707676959421e-05,3.3559845465596914e-05,-34.541831443999385,-34.73631001318497
84,84,3.3952577029698115e-05,3.3188459144041284e-05,-34.69497648915499,-34.784638639804044
85,85,3.4148861513384285e-05,3.273092778200455e-05,-34.67237901279002,-34.844926377899554
86,86,3.3017710726180104e-05,3.231621523905472e-05,-34.8200381449707,-34.90030461620524
87,87,3.3566146607741176e-05,3.190236384398304e-05,-34.74182594573549,-34.95628089845151
88,88,3.2222592240360266e-05,3.160892533502958e-05,-34.91627670633406,-34.99641223059025
89,89,3.1762685579188965e-05,3.126063472193078e-05,-34.974944565892905,-35.044531618948156
90,90,3.1681490111519996e-05,3.073380915003853e-05,-34.987400779317205,-35.11834563591219
91,91,3.1410688926680636e-05,3.0468063797391215e-05,-35.03109389790445,-35.15606097370102
92,92,3.066101597835665e-05,3.00591182167409e-05,-35.133123381708565,-35.21474717242877
93,93,3.111458904969208e-05,2.9632073117107594e-05,-35.07801970813126,-35.27688917041755
94,94,3.034938755760224e-05,2.9388145202047828e-05,-35.181297351106906,-35.31278776709998
95,95,3.0229612524842016e-05,2.900028955895993e-05,-35.21024638487701,-35.37048619448815
96,96,2.8904704861618945e-05,2.873077123934452e-05,-35.38607900050788,-35.411036694598536
97,97,2.8682586865394003e-05,2.849445981586254e-05,-35.4248905407433,-35.446905254221555
98,98,2.855700751245694e-05,2.800172095655733e-05,-35.44849474120499,-35.522662302178254
99,99,2.8487348113090193e-05,2.7741898137671677e-05,-35.45233878094321,-35.5631478090449
100,100,2.7755807882526496e-05,2.74341295344608e-05,-35.561382587248005,-35.611597687723076
101,101,2.7438231591452105e-05,2.7158067639806848e-05,-35.60984211451222,-35.65552088029043
102,102,2.762916350191742e-05,2.6760534015729238e-05,-35.58866833605333,-35.71956177986935
103,103,2.774667738082929e-05,2.6476342770221988e-05,-35.57063920968123,-35.76592958714311
104,104,2.6921987734295754e-05,2.6297132870623547e-05,-35.69146637706817,-35.795425529460616
105,105,2.6801313201899247e-05,2.5924582683058505e-05,-35.716902200461874,-35.85739179536664
106,106,2.7297699845578407e-05,2.5711623828484382e-05,-35.64225419254101,-35.89321448105254
107,107,2.7012989617621324e-05,2.5472854375900505e-05,-35.688115357463744,-35.93373340848274
108,108,2.646970055720135e-05,2.5168529023894255e-05,-35.76915717581691,-35.985931197416164
109,109,2.5701383586322465e-05,2.50076493677242e-05,-35.90138859711764,-36.01378082191618
110,110,2.5367099596289484e-05,2.4655191928583297e-05,-35.95584758745747,-36.07542566016102
111,111,2.4456259329922104e-05,2.4273675272094185e-05,-36.118714528389184,-36.14315415918911
112,112,2.47208448779498e-05,2.4168153207651094e-05,-36.07175588154535,-36.1620748829647
113,113,2.421239064601322e-05,2.395538199619439e-05,-36.1622411187753,-36.200478530902906
114,114,2.4665776773994385e-05,2.3651923919188495e-05,-36.08317954039793,-36.25584480325716
115,115,2.3961823993061246e-05,2.3524914611602742e-05,-36.20018799247562,-36.27922897922867
116,116,2.350503530475724e-05,2.3203646905083014e-05,-36.2858017279138,-36.33894705573355
117,117,2.3473202690155696e-05,2.2939681098490072e-05,-36.293468484742135,-36.3886357750835
118,118,2.3526552205421656e-05,2.2773911137176727e-05,-36.28737857650718,-36.42013331947283
119,119,2.3138209500532483e-05,2.2462436103715416e-05,-36.35044751852361,-36.47994098934383
120,120,2.2920700410901828e-05,2.2264420534300273e-05,-36.40305065619962,-36.518395572318724
121,121,2.260920668912562e-05,2.192098537833724e-05,-36.45112703479945,-36.58590881282755
122,122,2.15514492552269e-05,2.1748009634106175e-05,-36.665588582038666,-36.620314369491325
123,123,2.245521753457538e-05,2.1500958801449376e-05,-36.49211418016929,-36.66993126639108
124,124,2.1341385026690406e-05,2.121791840181686e-05,-36.7066741275342,-36.727481787637124
125,125,2.188942178072091e-05,2.1111485885309155e-05,-36.59735142303945,-36.749321524247065
126,126,2.148563863116091e-05,2.0895689885946922e-05,-36.683321423829305,-36.79394239410935
127,127,2.1387149299886175e-05,2.0680919509399437e-05,-36.693313551796905,-36.838811093321496
128,128,2.0911865999316677e-05,2.042179317198277e-05,-36.78740260259535,-36.893570802390855
129,129,2.0708796807046327e-05,2.016796306155524e-05,-36.83854034811296,-36.947889164249624
130,130,2.0359596860122184e-05,1.995094221217043e-05,-36.90921995530005,-36.994875429724374
131,131,2.0673445207423882e-05,1.9655865942599792e-05,-36.84823490721744,-37.05958772169407
132,132,1.998861959700943e-05,1.9509479228106914e-05,-37.00394044531975,-37.09205276858843
133,133,1.9486977564775235e-05,1.9234665351656365e-05,-37.0902291569812,-37.153663188949956
134,134,1.9857862837655836e-05,1.9090407907864765e-05,-37.0238120786062,-37.18635745532112
135,135,1.9466688556968085e-05,1.878280942803126e-05,-37.10992427708331,-37.256904015273825
136,136,1.910355240397621e-05,1.8642848963760405e-05,-37.18683252448884,-37.28938672542131
137,137,1.9003151052303794e-05,1.837289269851202e-05,-37.20650146386737,-37.35273414992304
138,138,1.9028332766557122e-05,1.8232641052332166e-05,-37.21159826052802,-37.38601371605856
139,139,1.8585831096117415e-05,1.7929551177076064e-05,-37.30156051294579,-37.45881535479174
140,140,1.8731074137061105e-05,1.776821758731354e-05,-37.27494139664291,-37.49807089778568
141,141,1.8015868281321503e-05,1.759878341545118e-05,-37.442826524051014,-37.539683071143195
142,142,1.791319519003251e-05,1.7365948559400796e-05,-37.46638666783131,-37.597524434242715
143,143,1.815364374255596e-05,1.7115981743125686e-05,-37.41001549237829,-37.66049139096988
144,144,1.776457943331892e-05,1.6918068276457855e-05,-37.51249932293009,-37.711001803512715
145,145,1.750062980961244e-05,1.6792319241319904e-05,-37.57436076320111,-37.74340271575187
146,146,1.7156286611276938e-05,1.6586385993976267e-05,-37.65289679112734,-37.79699185716153
147,147,1.7083521878206383e-05,1.645862525229428e-05,-37.67160571935935,-37.830573968042025
148,148,1.685291376769286e-05,1.6239898765266653e-05,-37.73607204307082,-37.888676360160304
149,149,1.6822633754309583e-05,1.603464553275109e-05,-37.74869229695617,-37.943915899548855
150,150,1.6421350271239416e-05,1.5896334891869246e-05,-37.84502341393015,-37.98153950082756
151,151,1.5882030752014618e-05,1.5742378500841657e-05,-37.98537071319381,-38.023806035495305
152,152,1.61812136003888e-05,1.5564143435959093e-05,-37.91593408451733,-38.073257291469005
153,153,1.6054499151182754e-05,1.533999923259743e-05,-37.947034167520165,-38.136256157792296
154,154,1.5941747208380922e-05,1.5176316705229079e-05,-37.972122786325855,-38.182845726661824
155,155,1.550618813293038e-05,1.4959310790704636e-05,-38.094393359146025,-38.24539368606138
156,156,1.5108780888150465e-05,1.4877345069850745e-05,-38.19918074948179,-38.269255173747936
157,157,1.535744953817465e-05,1.4732204841780722e-05,-38.13143411824403,-38.31183204857309
158,158,1.5514317956049782e-05,1.4529821543730673e-05,-38.0861353571982,-38.37190673370043
159,159,1.4877876891819377e-05,1.4418758837564383e-05,-38.27820865488548,-38.40523075612482
160,160,1.4649177726298767e-05,1.4235844518177481e-05,-38.33986290801927,-38.46067717609501
161,161,1.4491696740301403e-05,1.4181830202256893e-05,-38.38773504038189,-38.47718672364142
162,162,1.4509726760170264e-05,1.3981530939513745e-05,-38.3863956176061,-38.538962255911414
163,163,1.4030642053034377e-05,1.3823081884000107e-05,-38.5262576185956,-38.58846073001299
164,164,1.4516745115130462e-05,1.3725589604674545e-05,-38.38604058346117,-38.61919944328508
165,165,1.3936706158553356e-05,1.3574768002543255e-05,-38.56072907269302,-38.667185375839146
166,166,1.356640702219123e-05,1.3413556907356619e-05,-38.67037328539016,-38.719069975588795
167,167,1.3693604431836385e-05,1.3290769569912778e-05,-38.63237580663319,-38.75900825222189
168,168,1.3808539058783899e-05,1.3193183469028505e-05,-38.60309343127685,-38.79101351734931
169,169,1.3232083633222819e-05,1.2965641297724736e-05,-38.77720965693789,-38.86656951251389
170,170,1.3330130171845067e-05,1.2876867434610367e-05,-38.75208141010131,-38.89640728944223
171,171,1.3741431167104988e-05,1.2704760592896491e-05,-38.625324665723,-38.954844679997606
172,172,1.3046861708643678e-05,1.2576335202060076e-05,-38.84436459404804,-38.99896849393054
173,173,1.291892206693577e-05,1.2505378052944588e-05,-38.88017593939527,-39.02354128145258
174,174,1.2599907311540068e-05,1.2309091624430087e-05,-39.002375703442446,-39.09224949236275
175,175,1.2572295990017646e-05,1.219341021695934e-05,-39.01124912674598,-39.13325768861306
176,176,1.221085449756596e-05,1.2045645953070275e-05,-39.13125043612399,-39.18620859474341
177,177,1.2123106926926844e-05,1.1931804453381215e-05,-39.16400586355505,-39.227448264344254
178,178,1.2021200277136888e-05,1.1753468003773474e-05,-39.19915544422376,-39.29284924277169
179,179,1.1783814152670285e-05,1.1655199590390303e-05,-39.28488256927649,-39.32931238635475
180,180,1.1692162140028926e-05,1.149519931986058e-05,-39.319609283794726,-39.38934447589689
181,181,1.1592567613295559e-05,1.1351915609817584e-05,-39.363089677878506,-39.44381799751429
182,182,1.1450038542046894e-05,1.1208883781938838e-05,-39.41048100323108,-39.49888587411965
183,183,1.105061987003602e-05,1.104364936940041e-05,-39.56061670219738,-39.563383441225966
184,184,1.1306858638264888e-05,1.0934622064508547e-05,-39.462315090132,-39.60647176638545
185,185,1.085964904819944e-05,1.0777664532437675e-05,-39.6445825569232,-39.66926292125358
186,186,1.0932122255401259e-05,1.0576841640087017e-05,-39.601866578216885,-39.75094951662341
187,187,1.0709629894279846e-05,1.0534776074085753e-05,-39.7003110769393,-39.768256449343355
188,188,1.035341399271142e-05,1.0366866646156842e-05,-39.85172556192261,-39.83803441627249
189,189,1.0414718698737807e-05,1.023848835757235e-05,-39.83099232530752,-39.89215112888198
190,190,1.0206694832490517e-05,1.0081284208832872e-05,-39.91447351073747,-39.95935095238587
191,191,1.01226708269228e-05,9.994007900547186e-06,-39.94938138938066,-39.997112652372394
192,192,1.0098257307524278e-05,9.821961229088055e-06,-39.96052652052005,-40.072527381879716
193,193,9.998307299629795e-06,9.683022223103571e-06,-40.00425435621513,-40.13440025080372
194,194,9.594100184895256e-06,9.538957017771041e-06,-40.178615007594004,-40.19950061791019
195,195,9.844393539377465e-06,9.414437188656608e-06,-40.0674860003346,-40.256565914128814
196,196,9.581168642304789e-06,9.286341705056226e-06,-40.18987535062713,-40.316062935164005
197,197,9.452023620077543e-06,9.16200774793795e-06,-40.24949535643689,-40.374602989606394
198,198,9.218907301324976e-06,9.045879156282785e-06,-40.35306747574707,-40.43000171948643
199,199,9.10409247451978e-06,8.903577030363713e-06,-40.41382003830593,-40.49886433262847
200,200,8.880214699809248e-06,8.822544594678269e-06,-40.5182753414725,-40.53857091431598
201,201,8.724128878684402e-06,8.75458006607675e-06,-40.59872353369415,-40.57215634698299
202,202,8.681336243471284e-06,8.63132271134466e-06,-40.62161646074141,-40.633735991767885
203,203,8.574080602181884e-06,8.538302273863289e-06,-40.66668078663958,-40.680794279876594
204,204,8.480246205434333e-06,8.420402943891914e-06,-40.71972050674419,-40.74118079254112
205,205,8.547378428440575e-06,8.390154251078217e-06,-40.678210176116295,-40.7568100835867
206,206,8.421686931056289e-06,8.309838353613342e-06,-40.744409355530735,-40.79858377874323
207,207,8.318462414067231e-06,8.21236306747826e-06,-40.79525982551406,-40.8498281244184
208,208,8.275687814040288e-06,8.110698816285309e-06,-40.82520832624978,-40.90392679111907
209,209,8.184181709664923e-06,8.071823255082372e-06,-40.86754128208015,-40.92479309875125
210,210,8.144157613828939e-06,7.966068862611122e-06,-40.88804244271638,-40.98206897321765
211,211,8.112432338354675e-06,7.90768172009848e-06,-40.91590492792605,-41.01401772790075
212,212,7.879105288742084e-06,7.828181854787736e-06,-41.034642515970106,-41.057900475623946
213,213,7.812249959991362e-06,7.76309764803859e-06,-41.076140423916094,-41.09415904699921
214,214,7.742042721334074e-06,7.686846569604791e-06,-41.10394412962278,-41.13702741081127
215,215,7.84380271275931e-06,7.581128820196395e-06,-41.04586443435787,-41.19717077337121
216,216,7.737941284654675e-06,7.564688674296792e-06,-41.108315999334465,-41.206598943824986
217,217,7.669097233223716e-06,7.544674549296217e-06,-41.15132005203601,-41.21810443085704
218,218,7.651971297969589e-06,7.507872229134112e-06,-41.16380397553917,-41.23934080587056
219,219,7.542223027053999e-06,7.440748767725094e-06,-41.222952822981085,-41.27834312565238
220,220,7.601833541351898e-06,7.4586421425537036e-06,-41.18899625752417,-41.267911829858534
221,221,7.510284709478021e-06,7.445682225998577e-06,-41.241134992212444,-41.275464566266024
222,222,7.3017965696260605e-06,7.467971092984571e-06,-41.36579273553007,-41.26248325452445
223,223,7.455467766703805e-06,7.4077326740064705e-06,-41.28083500729218,-41.29765652278731
224,224,7.539069344799368e-06,7.430631141783363e-06,-41.23027821055638,-41.28425250302171
225,225,7.379312343622699e-06,7.444291536797353e-06,-41.31946886034182,-41.27627580832395
226,226,7.337931778632073e-06,7.377153619209391e-06,-41.33325738372597,-41.315621265205124
227,227,7.4068054964675296e-06,7.37622437889896e-06,-41.30607940412153,-41.31616834525658
228,228,7.466873674125101e-06,7.315403548234731e-06,-41.26992490611461,-41.35212665045146
229,229,7.430541475130048e-06,7.308384642544154e-06,-41.28823158772266,-41.35629557331156
230,230,7.275279449927861e-06,7.299837211336892e-06,-41.388034375330236,-41.361377783410106
231,231,7.235702952064307e-06,7.3713191388953035e-06,-41.40521865635557,-41.31905739419139
232,232,7.31017439882391e-06,7.274364059795564e-06,-41.36475175032885,-41.376559212855966
233,233,7.262473450423058e-06,7.234872076591464e-06,-41.38723688450544,-41.40020097122083
234,234,7.249022291006506e-06,7.277118177291031e-06,-41.39636646567045,-41.37491525930458
235,235,7.2417407357806015e-06,7.244106319902992e-06,-41.39467953610996,-41.39466137947801
236,236,7.270965500903969e-06,7.211336531710051e-06,-41.380338829860044,-41.41435190395491
237,237,7.152711396443432e-06,7.2032898012701864e-06,-41.46061093723178,-41.41920066091839
238,238,7.328538043852343e-06,7.2616853925099255e-06,-41.35482984401446,-41.38413524189253
239,239,7.317751905501018e-06,7.21821243132581e-06,-41.35914971659489,-41.410212945079735
240,240,7.266774764971582e-06,7.15224766616685e-06,-41.388622456476924,-41.45008408981772
241,241,7.223864551783616e-06,7.17539406698626e-06,-41.41768448828657,-41.43605196494455
242,242,7.184985003460525e-06,7.213779602017511e-06,-41.439129943244765,-41.41288084201857
243,243,7.115847527473438e-06,7.2281018698336805e-06,-41.486269886518926,-41.40426688969916
244,244,7.1470945962592506e-06,7.125814519033731e-06,-41.456378097586125,-41.46616439946403
245,245,7.229569924562646e-06,7.10421959650519e-06,-41.41103379216641,-41.47934576335213
246,246,7.004248927092028e-06,7.173511867700941e-06,-41.54568148446116,-41.43719132535552
247,247,7.2131638918699065e-06,7.099356719807379e-06,-41.420560460089774,-41.48231955044844
248,248,7.211008028441695e-06,7.061458817540704e-06,-41.406266835780194,-41.505565230164294
249,249,7.148401807368368e-06,7.098038574775656e-06,-41.4559992666237,-41.483125984450446
250,250,7.172328911185536e-06,7.065930874791536e-06,-41.44627943737598,-41.502815692006195
251,251,7.102647815213224e-06,7.022372038160316e-06,-41.48905657537626,-41.529671194453115
252,252,6.973516477599558e-06,7.081607212680147e-06,-41.566264436892766,-41.493191190858745
253,253,7.049040776991271e-06,7.08195693732705e-06,-41.518027262554455,-41.49297672014677
254,254,6.968485935824892e-06,7.0669549179575895e-06,-41.56727233676818,-41.50218632826047
255,255,7.104517033102516e-06,7.0416199378087185e-06,-41.48797833358219,-41.517783727738234
256,256,7.015728100406104e-06,7.036397044813432e-06,-41.53392979551253,-41.521006161287346
257,257,6.9389607139698655e-06,7.033376636842915e-06,-41.59759129708921,-41.52287079189836
258,258,6.965857191409162e-06,7.037906279468811e-06,-41.57255286418207,-41.52007474426423
259,259,6.981665437612635e-06,7.030374945315998e-06,-41.56611044640853,-41.52472466151302
260,260,7.037776610099941e-06,7.022260529323064e-06,-41.52757880750875,-41.529740156987344
261,261,6.952012858370658e-06,6.966920289797647e-06,-41.578184183389226,-41.56410111970178
262,262,6.8649932585423216e-06,6.96942003598547e-06,-41.6338337792211,-41.56254314111947
263,263,6.909142878602952e-06,7.030684484657525e-06,-41.61150957773009,-41.52453345084551
264,264,6.847565146017587e-06,6.999501692916965e-06,-41.640595493363854,-41.54383830754621
265,265,6.926478471138308e-06,6.959864405967221e-06,-41.594817878087966,-41.568501750201406
266,266,6.955278741329916e-06,6.9837182979283264e-06,-41.580485232673645,-41.55364240740991
267,267,6.961593241153282e-06,6.914903846528002e-06,-41.56870664272829,-41.59664808152431
268,268,6.957968651608398e-06,6.924669450152003e-06,-41.564902091673865,-41.59051906529043
269,269,6.907092788470933e-06,6.96243633731348e-06,-41.61385001423294,-41.56689716540639
270,270,6.81281296434913e-06,6.929188705391043e-06,-41.66903156486665,-41.58768564854802
271,271,6.995779102973906e-06,6.8343393219325474e-06,-41.54520076903745,-41.647544161385746
272,272,6.821977473647194e-06,6.90101306214561e-06,-41.6531617200711,-41.60538104232482
273,273,6.845257434479115e-06,6.871386631246423e-06,-41.64596258236794,-41.62406568057365
274,274,7.016775692970919e-06,6.851370208575022e-06,-41.537116924091904,-41.63673518740847
275,275,6.897197725209612e-06,6.872352730026346e-06,-41.60781718358638,-41.62345511694354
276,276,6.879503360454992e-06,6.9061479734955356e-06,-41.62833263382364,-41.60215074210395
277,277,6.857005325972628e-06,6.8294502134928115e-06,-41.63829773223969,-41.65065210285676
278,278,6.974409474817539e-06,6.878634035513785e-06,-41.564335474582286,-41.61948749403969
279,279,6.849010562816438e-06,6.841787987803783e-06,-41.63527532486985,-41.642813414541955
280,280,6.922007512387318e-06,6.813969584503579e-06,-41.601493271633075,-41.66050762988913
281,281,6.766518877672761e-06,6.810652800930639e-06,-41.68703709411186,-41.66262212641036
282,282,6.793259348642002e-06,6.867275547655912e-06,-41.68322933278439,-41.626664799684434
283,283,6.797580798653125e-06,6.818514688539405e-06,-41.66836964518432,-41.65761173265422
284,284,6.862120586709952e-06,6.775913238686228e-06,-41.637600472034755,-41.684831171759235
285,285,6.9543127829467605e-06,6.7846365613819985e-06,-41.571010404264655,-41.67924365283254
286,286,6.8446519172848824e-06,6.841235900585736e-06,-41.64506658635392,-41.643163875718386
287,287,6.708832994807324e-06,6.778784657064152e-06,-41.734608788651826,-41.682991158525425
288,288,6.988012088542521e-06,6.782670257770836e-06,-41.557317511565756,-41.680502494878986
289,289,6.781574141961155e-06,6.824112891703599e-06,-41.685340638671974,-41.654047508878485
290,290,6.877245371085628e-06,6.824815165217794e-06,-41.626415476474904,-41.653600596841144
291,291,6.795293030364453e-06,6.783213920195856e-06,-41.68159353377292,-41.6801544016943
292,292,6.815001213289713e-06,6.7676218781056565e-06,-41.66409176583065,-41.69014867943566
293,293,6.858182709057126e-06,6.7423557323452675e-06,-41.64065422786134,-41.70639291135384
294,294,6.795242853447994e-06,6.817663760509611e-06,-41.6776418890083,-41.65815375159258
295,295,6.831437779688601e-06,6.75048079899984e-06,-41.64933894639922,-41.701162473659735
296,296,6.7079063275329095e-06,6.787231732711294e-06,-41.73453112240941,-41.67758276344395
297,297,6.861171716513333e-06,6.82875042912201e-06,-41.626276888959815,-41.65109712852153
298,298,6.67888782080593e-06,6.772661627588891e-06,-41.75271169618565,-41.686915755264025
299,299,6.838457287925586e-06,6.775496187497322e-06,-41.64890593966021,-41.68509848422006
300,300,6.781198023708919e-06,6.712453987826225e-06,-41.68374909954886,-41.725696319270476
301,301,6.694737266181769e-06,6.6858224033096215e-06,-41.74464741206219,-41.74296117497918
302,302,6.683938071424545e-06,6.704973058827148e-06,-41.73977720635334,-41.730539165084615
303,303,6.773109315375776e-06,6.7763836149855416e-06,-41.69184722331427,-41.68452969986337
304,304,6.737221113879284e-06,6.690032238877489e-06,-41.713889010941365,-41.74022743053275
305,305,6.847856451544824e-06,6.704739988842783e-06,-41.64567136360229,-41.73069013178727
306,306,6.669048789919225e-06,6.7418425379927565e-06,-41.75837065327438,-41.70672348714496
307,307,6.622068278525101e-06,6.704819952574326e-06,-41.7925791354869,-41.73063833619142
308,308,6.790047800958999e-06,6.679625202148025e-06,-41.676437509340104,-41.74698859035658
309,309,6.778717545682046e-06,6.688297808547136e-06,-41.683942130941894,-41.74135351057902
310,310,6.728447921708833e-06,6.647513768448813e-06,-41.719858194501825,-41.767917081430745
311,311,6.6141531899176565e-06,6.725838829879649e-06,-41.78832259029,-41.717044974868216
312,312,6.562744789503601e-06,6.705955959324983e-06,-41.83096935032644,-41.72990256748179
313,313,6.613662386258773e-06,6.719515998778852e-06,-41.802776885670745,-41.72112961360702
314,314,6.655654370782959e-06,6.694441564927968e-06,-41.775539657981156,-41.737365986638906
315,315,6.692820595172006e-06,6.705293512105097e-06,-41.741903791495105,-41.73033160606316
316,316,6.783477719060083e-06,6.675781773274618e-06,-41.69140454793993,-41.74948822215434
317,317,6.636522141786006e-06,6.6560350875845055e-06,-41.777580034842785,-41.76235350974723
318,318,6.5551847038693375e-06,6.7188889500501224e-06,-41.83913664258171,-41.721534905461226
319,319,6.616982721697213e-06,6.721585266763884e-06,-41.79335612227078,-41.71979241413679
320,320,6.7684944830015756e-06,6.731858368431476e-06,-41.70091700592235,-41.713159833877924
321,321,6.631883901643528e-06,6.658386227124873e-06,-41.79452445892093,-41.76081970378594
322,322,6.562593607105958e-06,6.7061231148775395e-06,-41.83415870856976,-41.72979431471397
323,323,6.6497402736579895e-06,6.6847600177616665e-06,-41.77473692289649,-41.74365132918125
324,324,6.605065275075456e-06,6.639135814399005e-06,-41.79728396085089,-41.7733940072321
325,325,6.656977207386103e-06,6.673619449621153e-06,-41.772558116707955,-41.75089515453028
326,326,6.660290445015375e-06,6.636567521031554e-06,-41.75948441726813,-41.77507436362923
327,327,6.544371627597618e-06,6.639386930672979e-06,-41.840576154567806,-41.773229744363086
328,328,6.8349316832834505e-06,6.65233411430228e-06,-41.654202307828314,-41.76476900076825
329,329,6.615438634099453e-06,6.572605247799258e-06,-41.80428020819217,-41.81713404430084
330,330,6.5501915685803695e-06,6.594817549691805e-06,-41.83427336067308,-41.802481686825686
331,331,6.650395067650213e-06,6.6091215558117256e-06,-41.77723164136295,-41.793072141223455
332,332,6.491554030776804e-06,6.582366854433387e-06,-41.867320737296225,-41.81068870539646
333,333,6.662213051181284e-06,6.595677165789407e-06,-41.75027839759285,-41.80191563295686
334,334,6.753914954763964e-06,6.636992398661708e-06,-41.703544176778735,-41.77479633420617
335,335,6.488823755810784e-06,6.654649424538213e-06,-41.882322222123506,-41.76325772442741
336,336,6.618958350466612e-06,6.582210397410611e-06,-41.790961449894446,-41.81079193457024
337,337,6.547943363311226e-06,6.573890531351361e-06,-41.842245465789595,-41.81628485746731
338,338,6.547909782329015e-06,6.582513833564008e-06,-41.83320943994798,-41.810591731900224
339,339,6.665251898009524e-06,6.539947566795347e-06,-41.75943596909029,-41.838766872290705
340,340,6.67275597002164e-06,6.547767426175262e-06,-41.755399199179834,-41.83357708601569
341,341,6.815923839407258e-06,6.573575271766841e-06,-41.662810445706725,-41.816493134104036
342,342,6.634269792221417e-06,6.59872579202975e-06,-41.78508762604313,-41.79990871899288
343,343,6.638404603605879e-06,6.642812446730922e-06,-41.77639555620856,-41.77098962928524
344,344,6.596945803318432e-06,6.601394991440956e-06,-41.80535294075874,-41.79815234325935
345,345,6.553003871529879e-06,6.528621246329031e-06,-41.83769845174688,-41.84629479639738
346,346,6.641820075002993e-06,6.501887989878397e-06,-41.7797757837079,-41.8641147017264
347,347,6.53498677679964e-06,6.493415927061026e-06,-41.84273369233349,-41.8697773175093
348,348,6.672537681916981e-06,6.48163083831988e-06,-41.766374355947164,-41.87766661534238
349,349,6.7426046896179825e-06,6.610532229962318e-06,-41.71779124159314,-41.792145266720354
350,350,6.76438729869071e-06,6.604538731679847e-06,-41.70712809894799,-41.79608462265329
351,351,6.458813487304574e-06,6.547961244283024e-06,-41.89397785487987,-41.83344853397124
352,352,6.4875235159316736e-06,6.515084518660412e-06,-41.88095391402052,-41.85530899580668
353,353,6.543606072152693e-06,6.546761692573598e-06,-41.84723128298103,-41.83424421127137
354,354,6.498275627929672e-06,6.537397200047149e-06,-41.874439649710325,-41.8404608097671
355,355,6.4836359792794025e-06,6.516353862121162e-06,-41.886523907536215,-41.85446293592244
356,356,6.3845327437690885e-06,6.531463106129147e-06,-41.94432004072283,-41.84440475646241
357,357,6.753569740579121e-06,6.45264074256901e-06,-41.69827459862435,-41.89713467679225
358,358,6.52322776040444e-06,6.478494158631963e-06,-41.85141968714386,-41.87976882146597
359,359,6.5016600921208195e-06,6.515675929557274e-06,-41.868806353833534,-41.8549147801502
360,360,6.53891593455481e-06,6.570468844744794e-06,-41.83337693254698,-41.81854593326885
361,361,6.4662394552871455e-06,6.426377766681406e-06,-41.897474675287185,-41.91484702235351
362,362,6.612549413214006e-06,6.4617102716032314e-06,-41.793140214001255,-41.89103472325026
363,363,6.605617535260348e-06,6.442766526130359e-06,-41.799644844834134,-41.90378560058423
364,364,6.489500621457935e-06,6.499992076370338e-06,-41.88235859091968,-41.86538126437174
365,365,6.4360824112132904e-06,6.48765372764166e-06,-41.91154645287035,-41.873632919000386
366,366,6.527694190434389e-06,6.543579777491304e-06,-41.8504794688202,-41.83635552088465
367,367,6.500243835409829e-06,6.53854287616253e-06,-41.87518386774366,-41.83969977719379
368,368,6.548084761608649e-06,6.444018421653279e-06,-41.84478846982893,-41.90294180390191
369,369,6.325662605039602e-06,6.491782043763363e-06,-41.98578736426181,-41.870870233467286
370,370,6.753072997075974e-06,6.4428897387283785e-06,-41.705282386845646,-41.903702546139314
371,371,6.480197109490244e-06,6.433056832496445e-06,-41.88326156088222,-41.91033565497386
372,372,6.350026036595887e-06,6.446865977762316e-06,-41.96941504008788,-41.90102311797338
373,373,6.441780704935622e-06,6.459843485859701e-06,-41.90607669096299,-41.8922895796989
374,374,6.449268659201425e-06,6.493006582643016e-06,-41.90960025007348,-41.87005110503142
375,375,6.640305911656169e-06,6.477125632380576e-06,-41.77251737293891,-41.88068632817135
376,376,6.646361261746935e-06,6.453262286461388e-06,-41.767684524298154,-41.896716367306546
377,377,6.391633928380786e-06,6.487131701616913e-06,-41.94161944235656,-41.873982386085316
378,378,6.336314897650022e-06,6.455378704566484e-06,-41.97957509997682,-41.89529228445643
379,379,6.620610147552893e-06,6.469027012874569e-06,-41.78806297082015,-41.88611989027688
380,380,6.368200956785586e-06,6.472334031346499e-06,-41.96033579084954,-41.88390030935295
381,381,6.528420501651744e-06,6.463034136877947e-06,-41.84215883382408,-41.89014503852236
382,382,6.403054007979833e-06,6.464095134249778e-06,-41.92778264075465,-41.88943214195382
383,383,6.439960941992767e-06,6.505690276083585e-06,-41.911613096680924,-41.86157570187447
384,384,6.4813915432563425e-06,6.456835451803942e-06,-41.89280587995975,-41.89431234827852
385,385,6.5445410561467015e-06,6.388021311546541e-06,-41.847078296974644,-41.94084597315525
386,386,6.561587659084627e-06,6.405182495272081e-06,-41.83230590920605,-41.929194455712285
387,387,6.610026601490447e-06,6.438180375162598e-06,-41.80249278296297,-41.906878137426276
388,388,6.467137384404232e-06,6.427210241542382e-06,-41.89111464788858,-41.91428447244338
389,389,6.482605563975347e-06,6.427408511387368e-06,-41.880324573554795,-41.91415050114284
390,390,6.3498175138389794e-06,6.480945127182885e-06,-41.978160559768455,-41.87812609278582
391,391,6.399354010072691e-06,6.423360494074204e-06,-41.9376235440102,-41.9168865734186
392,392,6.484851247037536e-06,6.404548768937514e-06,-41.86952209959399,-41.92962416628886
393,393,6.2610858136751405e-06,6.341102801486972e-06,-42.03518396399764,-41.97286159672197
394,394,6.31116200594013e-06,6.381472758221207e-06,-42.00215420374573,-41.94530034042685
395,395,6.381696568927716e-06,6.398498762313179e-06,-41.953369363668536,-41.93372863388782
396,396,6.4282096844312335e-06,6.3394001556030405e-06,-41.91739625324111,-41.974027874935025
397,397,6.430132318725846e-06,6.403145849425958e-06,-41.91693304199474,-41.93057559466533
398,398,6.573961226675556e-06,6.356268673507178e-06,-41.818715454229064,-41.96248707522875
399,399,6.360637603533759e-06,6.392534846542587e-06,-41.97093705643141,-41.937778495652864
400,400,6.469106571700847e-06,6.442383987871979e-06,-41.883568069260434,-41.90404346991156
401,401,6.34883369372998e-06,6.341346857209972e-06,-41.97222050073033,-41.97269444911778
402,402,6.409775806721732e-06,6.3418028012644135e-06,-41.92861628085425,-41.97238220177809
403,403,6.322214438714395e-06,6.3423340658406044e-06,-41.99288446481418,-41.97201840047821
404,404,6.518074183686715e-06,6.38424812917181e-06,-41.85828317622398,-41.94341195775155
405,405,6.463237180459774e-06,6.372171619180958e-06,-41.89955652764111,-41.951634896977446
406,406,6.4810496341939965e-06,6.377806226067294e-06,-41.88157645144392,-41.94779633526787
407,407,6.436882307115383e-06,6.362483059331824e-06,-41.91300785359935,-41.958243146667954
408,408,6.334195643727615e-06,6.335707248102776e-06,-41.979570667446744,-41.97655851920311
409,409,6.323139938647671e-06,6.295969892801766e-06,-41.98498994134562,-42.003883110973554
410,410,6.345048948731478e-06,6.376755759686746e-06,-41.96625910552578,-41.94851170558641
411,411,6.337687071996679e-06,6.287691241212949e-06,-41.98313432168047,-42.00959746259674
412,412,6.2931371992573946e-06,6.4014895877718165e-06,-42.01113313417597,-41.93169910232711
413,413,6.392281530801502e-06,6.337185942883432e-06,-41.94064144175742,-41.975545034788944
414,414,6.235296552272912e-06,6.427893822547048e-06,-42.050907373262575,-41.913822592933016
415,415,6.394361273273669e-06,6.375088392623614e-06,-41.93735175204786,-41.94964742887522
416,416,6.356773080847936e-06,6.346085827221702e-06,-41.96658791718953,-41.969450122747105
417,417,6.433110243473418e-06,6.321625924580363e-06,-41.91612123646438,-41.98622160311375
418,418,6.674747341487991e-06,6.274827922568779e-06,-41.75498825557412,-42.018491332028006
419,419,6.366511439109766e-06,6.350092103514869e-06,-41.95830013654024,-41.96670929199577
420,420,6.243189550472961e-06,6.4014594547763024e-06,-42.04525577049871,-41.93171954541975
421,421,6.31213741087908e-06,6.336791293985075e-06,-41.99437645507842,-41.975815500540456
422,422,6.375731690119191e-06,6.349699417210343e-06,-41.96052462255015,-41.96697786568841
423,423,6.3581259542168236e-06,6.334812520722871e-06,-41.97301595862504,-41.97717187235931
424,424,6.369372704753427e-06,6.26922005003986e-06,-41.948549532116736,-42.02237439794436
425,425,6.353696579063796e-06,6.340290048300583e-06,-41.972181551036456,-41.973418277251724
426,426,6.192495722231244e-06,6.2997286907997665e-06,-42.08431615526318,-42.00129107486418
427,427,6.615178996802682e-06,6.2738133094267384e-06,-41.793902205766294,-42.01919362462156
428,428,6.174703980598013e-06,6.36832668246107e-06,-42.08689506975404,-41.95425619924031
429,429,6.316565778086949e-06,6.306594609907877e-06,-42.00158991489207,-41.99656038375693
430,430,6.3173826871657045e-06,6.240453689985627e-06,-41.987716596306875,-42.04234789000519
431,431,6.192682632768692e-06,6.3869279313765125e-06,-42.074215170447104,-41.94158937959327
432,432,6.284603419846894e-06,6.2818862476744565e-06,-42.02579737161601,-42.01360885731978
433,433,6.369599970602178e-06,6.271684469538741e-06,-41.95811185646662,-42.020667529350376
434,434,6.4186424893217846e-06,6.258360061014843e-06,-41.92372644784464,-42.029904079569604
435,435,6.15141924257485e-06,6.282719679898276e-06,-42.11037064012369,-42.01303270711107
436,436,6.306178340647543e-06,6.300427015192231e-06,-41.99545464968782,-42.00080968647881
437,437,6.220304872915653e-06,6.2727275163572475e-06,-42.06814911368811,-42.019945312192334
438,438,6.231733498952025e-06,6.247081680492939e-06,-42.049483244089636,-42.03773769289529
439,439,6.405764499092031e-06,6.291812305311109e-06,-41.94190082957641,-42.00675195211247
440,440,6.165587627637973e-06,6.251407668107851e-06,-42.098291655462354,-42.034731325369485
441,441,6.26858775728213e-06,6.3143176320361245e-06,-42.02449788075194,-41.99124529044472
442,442,6.2250111798291365e-06,6.246202199116324e-06,-42.06079791725643,-42.03834914767869
443,443,6.142776919190997e-06,6.190648324072275e-06,-42.11854108087289,-42.077148201834326
444,444,6.175501405862436e-06,6.289047752560643e-06,-42.08256559093157,-42.00866061339359
445,445,6.1507395124882006e-06,6.2596478815784825e-06,-42.10960552630918,-42.02901049750925
446,446,6.319040410031898e-06,6.232288749168602e-06,-41.99754980146933,-42.04803387168199
447,447,6.2354351048833045e-06,6.2324372600797734e-06,-42.04639875670278,-42.04793038369648
448,448,6.153791392281755e-06,6.235252122247689e-06,-42.10995325840305,-42.04596934811062
449,449,6.38682543458063e-06,6.277970202829333e-06,-41.94833071019101,-42.01631703591869
450,450,6.555540330362082e-06,6.146382235640072e-06,-41.82916630150537,-42.10831388688207
451,451,6.211526678524342e-06,6.172210377323943e-06,-42.070510823402145,-42.09010233268834
452,452,6.2799263292786754e-06,6.14117293719717e-06,-42.0149632893915,-42.111996262541126
453,453,6.078964159633429e-06,6.194385485670002e-06,-42.1556578503606,-42.074527250234084
454,454,6.211025612577304e-06,6.244758950694966e-06,-42.066108876371814,-42.03935274511316
455,455,6.195081828222682e-06,6.212362581879317e-06,-42.079883782749704,-42.06194158458538
456,456,6.2058611641162115e-06,6.168716026877519e-06,-42.06994153638498,-42.09256175446523
457,457,6.142953103316706e-06,6.215163921297062e-06,-42.11977488338023,-42.059983662755386
458,458,6.382091875642912e-06,6.168775790253053e-06,-41.94750305623038,-42.09251967961792
459,459,6.1127119825522235e-06,6.197303934497636e-06,-42.13920703312574,-42.07248157881348
