,epoch,train_loss,test_loss,train_dbs,test_dbs
0,0,0.001349348336045352,0.001348481960839739,-1.605615444658258,-1.6173294522390398
1,1,0.0013430871995953248,0.0013447891810516779,-1.6247983186735984,-1.6292387982004488
2,2,0.0013412492885014292,0.0013429248754523303,-1.6333980913367399,-1.6352636784310717
3,3,0.0013385615587599344,0.0013415274320562418,-1.6386058943622497,-1.639785286126002
4,4,0.0013378975569683406,0.0013404832540177985,-1.6417057472834429,-1.6431669339731743
5,5,0.0013379441951065487,0.0013396300706326177,-1.6451007366695451,-1.6459319875650802
6,6,0.0013362164621135778,0.001338745767593776,-1.6476670930625321,-1.6487997549528597
7,7,0.0013358550177426222,0.0013379875852383282,-1.650535644088624,-1.6512600255786571
8,8,0.001334664917109323,0.0013372318537317608,-1.6529458143744415,-1.6537137310732586
9,9,0.0013342905494374867,0.0013363362155168464,-1.655501310761918,-1.6566234811824363
10,10,0.0013334343795539793,0.001335962436554071,-1.6579203832073879,-1.6578383913641082
11,11,0.001332772448034861,0.0013349572453941953,-1.6606337672992666,-1.6611072953117099
12,12,0.001332015720839353,0.001334087371728138,-1.6629250383728573,-1.6639381310652526
13,13,0.0013315145396771504,0.0013334016732283328,-1.665420893526386,-1.666170905605317
14,14,0.0013304693521163666,0.0013328102282493522,-1.6679740882920027,-1.6680976939059136
15,15,0.0013292885383053385,0.001331756142654309,-1.6701354141526805,-1.6715337770619572
16,16,0.0013291792147168795,0.0013312049222325808,-1.6728313279139198,-1.673331715409946
17,17,0.0013272477453094476,0.001330300755063562,-1.6754344080879564,-1.6762824874535964
18,18,0.001327117175324676,0.0013295703592072976,-1.6779832500097092,-1.6786676172912915
19,19,0.0013264883573637489,0.00132893709049217,-1.6801368028465915,-1.6807366362347944
20,20,0.0013254426477342536,0.0013281473963472404,-1.6829345587158255,-1.683318110940103
21,21,0.0013246905759514607,0.0013272823508534777,-1.6851565646463775,-1.6861476679880498
22,22,0.0013244771074561268,0.0013265677874809817,-1.6876430366545783,-1.6884863903798077
23,23,0.0013236096896922466,0.0013258893741294742,-1.690153323097009,-1.6907079620281509
24,24,0.0013225326715421276,0.001325052635940282,-1.6924982123905803,-1.6934495594606969
25,25,0.001322174912856258,0.0013244070455824073,-1.6951450434150916,-1.695566038813066
26,26,0.0013211988099879517,0.0013234928421872226,-1.6975894619005814,-1.698564894679751
27,27,0.001320551875642664,0.0013230431910702272,-1.7000451925439628,-1.7000406425880947
28,28,0.0013195085519271874,0.001322178096559487,-1.7020855051275645,-1.7028812804393851
29,29,0.0013192290171366377,0.0013214215133829337,-1.7045893224372803,-1.705367132732699
30,30,0.0013184115391455054,0.001320723052087583,-1.7072196652708405,-1.7076632818338797
31,31,0.0013175330547251039,0.0013200353867815512,-1.709557984013169,-1.7099251263870252
32,32,0.001316740277184884,0.0013192066689953208,-1.7119898825117557,-1.71265248193712
33,33,0.0013154590929637558,0.0013184068957343698,-1.7146404024523307,-1.7152862045513373
34,34,0.0013150771258917358,0.0013175930178381111,-1.7170511132445259,-1.717968015644729
35,35,0.001314906081780023,0.001316998515425152,-1.7192358818248354,-1.719928009203874
36,36,0.0013142200390875492,0.0013163017390884068,-1.7216518942454906,-1.7222263124430335
37,37,0.0013126811425480031,0.0013156484285565583,-1.724110169365615,-1.7243823499567084
38,38,0.0013125447505969823,0.0013148598618021136,-1.7265634655771933,-1.726986182847726
39,39,0.0013117398994677153,0.0013140408616316946,-1.7290699916096963,-1.7296921600116968
40,40,0.0013111976885054376,0.001313376810254627,-1.7316714022045354,-1.7318874246472902
41,41,0.0013103378257358965,0.001312568122030873,-1.7340704921105319,-1.7345623386558928
42,42,0.0013092727035514473,0.0013117258020333554,-1.7362439485121501,-1.7373502499955986
43,43,0.0013092324694560975,0.0013112079009021584,-1.7389233834799636,-1.739065288436117
44,44,0.0013079791829066793,0.0013104645216739492,-1.7411314910829556,-1.741528185803805
45,45,0.001307310724928591,0.0013097629171649092,-1.7439606555537621,-1.7438539608073043
46,46,0.0013068458449441132,0.0013089665015669244,-1.7459891262533405,-1.746495538877157
47,47,0.001305308430599644,0.0013083270996024734,-1.748723407334261,-1.748617492258921
48,48,0.0013048816208257195,0.0013074165357178764,-1.7509330564747128,-1.751641128682114
49,49,0.0013043777141047968,0.0013068989041800563,-1.753274364534478,-1.753360925153812
50,50,0.0013042134976917015,0.001305941431047885,-1.7557376429405347,-1.756543862211842
51,51,0.0013032743512873643,0.0013053590174470294,-1.7576935436682124,-1.758481126974899
52,52,0.0013021132536712534,0.0013046645326539874,-1.760494157354525,-1.7607923009142312
53,53,0.0013019121408020867,0.0013039156941598968,-1.7627066750400866,-1.7632857372395614
54,54,0.0013005615562469383,0.0013030608625788438,-1.7653408179091086,-1.7661338537748161
55,55,0.0013002814621827805,0.0013023020920196646,-1.7679893698184166,-1.7686634811775328
56,56,0.001299032539407694,0.0013017011009842942,-1.770491777098343,-1.7706681415072147
57,57,0.0012985781644058135,0.0013009176074870322,-1.772559337661904,-1.7732829456784076
58,58,0.0012972878025767883,0.0013003040374697822,-1.7748500254466595,-1.7753317528472357
59,59,0.0012964660472226973,0.0012995264872810558,-1.7771200580311914,-1.7779295049946955
60,60,0.0012966278141134024,0.0012989363044892486,-1.779578208994125,-1.779902310878354
61,61,0.0012959425623250223,0.001298194947211366,-1.7820107319718064,-1.7823817187514632
62,62,0.0012947688462481518,0.0012973137322421138,-1.7844052401810302,-1.7853307114961325
63,63,0.001293781819542121,0.001296622078179529,-1.7869772898550833,-1.7876467406644616
64,64,0.0012941143737107363,0.0012961122587225155,-1.78907777806786,-1.7893546810164684
65,65,0.001292658692523453,0.0012952255232161597,-1.7917311145153025,-1.792326924581421
66,66,0.0012922924139162468,0.0012946189503724639,-1.7937056696117946,-1.7943612648392464
67,67,0.0012917494588560357,0.00129367112745776,-1.7964978131502702,-1.7975420078603106
68,68,0.0012905561610019392,0.0012934327211329027,-1.7988524613193309,-1.7983424283898988
69,69,0.001289647169766429,0.0012923784701055602,-1.8013388888059274,-1.8018837188803714
70,70,0.0012891191938776791,0.0012915992655938393,-1.803814390853368,-1.804502969234557
71,71,0.0012889387945346918,0.0012909954683365005,-1.80610178082203,-1.806533685230243
72,72,0.0012876104621082237,0.0012902353988274147,-1.8082187699276966,-1.809091333268615
73,73,0.0012871378711088724,0.0012896308295526787,-1.8110712399931785,-1.8111267962074606
74,74,0.0012864349049890472,0.0012889235819640913,-1.8128671476246265,-1.8135091677517132
75,75,0.0012861262543664611,0.0012881516809820344,-1.8159300912980068,-1.816110817396396
76,76,0.0012851102882516139,0.0012874915938530314,-1.8178072730642547,-1.8183368415262005
77,77,0.0012841257410719223,0.0012866194654060038,-1.8204757001825036,-1.8212796872529635
78,78,0.0012835280252044502,0.001286058741817741,-1.8224097816556983,-1.8231728051985174
