,epoch,train_loss,test_loss,train_dbs,test_dbs
0,0,0.0010098790121024724,0.0009973368693241163,-19.955691718657576,-20.01553397934142
1,1,0.0009848264708500548,0.0009705194051524526,-20.065724589168006,-20.13391048813556
2,2,0.0009556767289507558,0.0009476112747123759,-20.201887354169344,-20.23765052838971
3,3,0.0009302538927625289,0.0009251674361477949,-20.311558110339192,-20.34174934011324
4,4,0.0009166514476972449,0.0009116179610014354,-20.384278575789658,-20.405823989639906
5,5,0.0008997310693471779,0.0008951433088728472,-20.4617243347527,-20.4850270247529
6,6,0.000888095238514859,0.0008884640012279545,-20.51443939165328,-20.5175543641148
7,7,0.0008775116161673723,0.0008809728866541072,-20.558716426191452,-20.554327296592362
8,8,0.0008742723946421186,0.0008780445848395558,-20.584625008835104,-20.5687870335175
9,9,0.0008716157723947899,0.0008728384456940388,-20.600244293808604,-20.594614049108234
10,10,0.000867466589906397,0.000869617068306788,-20.620917669781353,-20.610672169457196
11,11,0.0008647376323387641,0.0008627251617757505,-20.63356479945933,-20.645228075507948
12,12,0.0008621540895096727,0.00086068536314231,-20.64651289165012,-20.655508547764008
13,13,0.0008550073361005058,0.00085796018768298,-20.679453402190138,-20.669281366197126
14,14,0.000852595705697409,0.0008571022465874098,-20.6923523191405,-20.673626387197395
15,15,0.0008537131271651495,0.0008547364758621706,-20.684343662078916,-20.685630343084863
16,16,0.0008465401347025691,0.0008515011500812283,-20.721885717617283,-20.702100332920352
17,17,0.0008437004955677488,0.0008499574614688754,-20.73703224517154,-20.70998081412067
18,18,0.0008383881505914801,0.0008456083045243041,-20.75761035467037,-20.7322603274516
19,19,0.0008393114477098372,0.0008426109714874704,-20.76276100682742,-20.747681624727182
20,20,0.0008387917865154132,0.0008410718383904742,-20.760735179428245,-20.755621804352643
21,21,0.000836500987415346,0.0008409971334530335,-20.780060675605988,-20.75600756668065
22,22,0.0008343732507764985,0.0008338149422534594,-20.79050724610676,-20.793255986034875
23,23,0.0008262535911197439,0.0008335119836326493,-20.815943230539425,-20.794834239905406
24,24,0.0008300324174642717,0.0008308500615193656,-20.810669106866957,-20.80872615812289
25,25,0.0008233434012995015,0.0008285371096510636,-20.836591749444118,-20.8208330720643
26,26,0.0008261681062687841,0.0008319735949810006,-20.824446317510798,-20.802857292173456
27,27,0.0008248902446849598,0.0008235439308919013,-20.841613112095683,-20.847085011671798
28,28,0.0008250159042234504,0.0008281093323603272,-20.83513598111997,-20.82307593229408
29,29,0.000823168054621513,0.0008241346007899234,-20.84333262650472,-20.843971240588495
30,30,0.00081677538145948,0.0008207104371027335,-20.87718561227026,-20.862053157224246
31,31,0.0008201107122340076,0.0008176686211587175,-20.85996622832655,-20.878179405794842
32,32,0.0008181581326481915,0.0008173854408883735,-20.878467768938528,-20.879683742964836
33,33,0.0008182664895094163,0.0008197630767857558,-20.869527524920013,-20.867069189489218
34,34,0.0008156554588625572,0.0008189977593965045,-20.88293596980857,-20.871125585466977
35,35,0.0008131807955634809,0.0008181831156099705,-20.898331655175294,-20.875447592104223
36,36,0.0008123307422850013,0.0008190654457154635,-20.90153946467445,-20.870766676302182
37,37,0.0008147977095711784,0.0008198770320680188,-20.88631436070685,-20.86646551859726
38,38,0.0008120242471461059,0.0008161374134942889,-20.902810672866995,-20.88631984866143
39,39,0.0008110722260472854,0.000817769112089943,-20.908467392453858,-20.877645693552793
40,40,0.0008149290422563316,0.0008138449415319452,-20.896096701732905,-20.898536037095077
41,41,0.0008089421851051607,0.0008156764455825874,-20.921865084282153,-20.888773508735436
42,42,0.0008035765243118111,0.0008122421506988374,-20.94480953822088,-20.90709749045409
43,43,0.0008123891695748208,0.0008121251318554737,-20.910847219839198,-20.907723218866437
44,44,0.0008075284722414752,0.0008095456961248266,-20.91951069997991,-20.921539039311085
45,45,0.0008032892070969893,0.000811002673703785,-20.941051804676004,-20.91372986181205
46,46,0.0008089603855005782,0.0008098970743288335,-20.92481618731052,-20.91965442047502
47,47,0.0008020984229737336,0.0008095766717911159,-20.954524578005945,-20.921372868288913
48,48,0.0008070801928418583,0.0008069894913780061,-20.936277508478028,-20.935273927979594
49,49,0.0008032180755351161,0.0008074225012311025,-20.944155444999012,-20.9329442402025
50,50,0.0008029767867782604,0.0008088015479427812,-20.955134394888763,-20.925532984036384
51,51,0.0008042032089919696,0.0008071882399044147,-20.948942841698216,-20.934204462243958
52,52,0.0008040364032380821,0.0008085571676737776,-20.94543695821043,-20.926845407830776
53,53,0.0008043238368682256,0.0008058669780822177,-20.950810839219265,-20.941319120694107
54,54,0.0008011505166164686,0.0008018002508355206,-20.97074065639393,-20.963290843921165
55,55,0.0007982264361680322,0.0008058533360446362,-20.973953927751193,-20.941392640418243
56,56,0.000799946251718961,0.0008049656079444839,-20.96498016549957,-20.94617946585007
57,57,0.0007987105318815591,0.0008018043437531512,-20.981218530654104,-20.963268674721252
58,58,0.0007959926823758971,0.0008017139441921915,-20.989947194994265,-20.96375834834491
59,59,0.0007934250086353919,0.0007966892321986195,-21.00876896354957,-20.991063247540538
60,60,0.0007915066809575889,0.0007992937278590704,-21.01563669350093,-20.976888671421797
61,61,0.000788739312334543,0.0007930606952868402,-21.025516502582953,-21.010888457373362
62,62,0.0007881857028720689,0.000793217990767995,-21.032752869871622,-21.010027164079588
63,63,0.0007881037848905573,0.0007922122114043878,-21.036904084749164,-21.015537397019838
64,64,0.0007870843839236372,0.0007902201644978241,-21.038300092588244,-21.02647164545134
65,65,0.0007872570614503293,0.0007876916911060873,-21.039722768177597,-21.040390077937325
66,66,0.0007837681362607046,0.0007905394059458846,-21.055876229641317,-21.024717491261615
67,67,0.0007815347617184839,0.0007879355628239481,-21.07052762247122,-21.03904569725413
68,68,0.0007781068729620773,0.0007855857409977991,-21.085227615110874,-21.05201680109228
69,69,0.0007804391087157671,0.0007863274168860363,-21.076398542659472,-21.04791853691134
70,70,0.0007811330772513888,0.0007836100780160019,-21.078494335010753,-21.062952593477945
71,71,0.0007809748928321852,0.0007819483902207331,-21.071539191854054,-21.072171822600016
72,72,0.0007792879730107781,0.0007848945372786961,-21.08370804616706,-21.05583965687229
73,73,0.0007800597225834337,0.0007827985253626187,-21.082330141307104,-21.067452733095593
74,74,0.0007763089739343094,0.0007798730267064744,-21.092606066155746,-21.083713724163342
75,75,0.0007779533343543251,0.0007844861216941162,-21.088757728044705,-21.0581000726318
76,76,0.0007801622394760398,0.0007816541535583766,-21.08430448532085,-21.073806321863934
77,77,0.0007754986470843636,0.0007820061230296759,-21.108311294703753,-21.071851186160178
78,78,0.0007765405828171631,0.000784016977137837,-21.096019274419415,-21.060698051535816
79,79,0.0007738421542675609,0.0007819161217316593,-21.109864810778944,-21.07235104562911
80,80,0.0007736849929830155,0.0007809016755536982,-21.10502564286382,-21.077989174909682
81,81,0.0007769612585837694,0.0007798321925005631,-21.098608376831237,-21.083941127009545
82,82,0.0007805656473699611,0.00077798913576101,-21.084508821368072,-21.094217398501804
83,83,0.0007721474760250409,0.0007844386058614442,-21.112999527353576,-21.058363130044
84,84,0.0007753690132227985,0.0007765398078941201,-21.103994801429234,-21.102315482233255
85,85,0.0007718323445494872,0.0007824580105462749,-21.122291317022416,-21.0693423109978
86,86,0.0007779372336352532,0.0007756902977186991,-21.096333924400398,-21.107069128190858
87,87,0.0007752713701716557,0.000781745548776694,-21.10855802052264,-21.073298551023587
88,88,0.0007738095039703412,0.0007764288579652968,-21.10845486785541,-21.102936034894707
89,89,0.0007709381806654568,0.000777934653390395,-21.122397393995488,-21.094521544412984
90,90,0.0007745423792266124,0.000782806533511336,-21.11240736345145,-21.06740830433268
91,91,0.0007738146568485296,0.0007752013472399037,-21.112045669559198,-21.10980753357966
92,92,0.0007706909733296363,0.0007725997742167429,-21.129701728554856,-21.124406952801735
93,93,0.0007728982150324227,0.0007775392119870766,-21.12322871016813,-21.096729720672318
94,94,0.0007727930229877305,0.0007766862277333674,-21.11548293694956,-21.101496678956
95,95,0.0007739147140174029,0.0007788062640955966,-21.116891692648984,-21.089658361914985
96,96,0.000771784032791008,0.0007767758430226854,-21.126706937067908,-21.100995611998258
97,97,0.0007756078908623187,0.0007767729479574451,-21.10341494839747,-21.101011798304935
98,98,0.00077449493878281,0.0007805031613985959,-21.107719003673754,-21.080206056760993
99,99,0.0007695475672419692,0.0007742048106401375,-21.131404707297094,-21.115394066249223
100,100,0.0007720472220302627,0.0007785063077646651,-21.122219493967144,-21.09133136428202
101,101,0.0007717419204484556,0.0007729763992277807,-21.124924764914464,-21.122290380741575
102,102,0.0007773945150061597,0.0007775708371283192,-21.101220359780694,-21.09655308205641
103,103,0.000774771673004767,0.0007803376096202747,-21.111858243516288,-21.081127332337573
104,104,0.0007753817619006965,0.0007742247452322198,-21.103637838851704,-21.115282243489087
105,105,0.0007728734461725066,0.0007747727918046477,-21.112511124466536,-21.112209112557988
106,106,0.0007763607913541809,0.0007771812134275311,-21.109360486387278,-21.098729781894214
107,107,0.0007717977896015899,0.0007808805645541533,-21.128699719944663,-21.078106584243393
108,108,0.0007726712123558079,0.0007751592661646244,-21.12032184130177,-21.110043292649298
109,109,0.0007721160402876738,0.0007761737828044907,-21.129761127763143,-21.104363028935506
110,110,0.0007701381391692023,0.0007782574271244046,-21.130425948093617,-21.092719982056394
111,111,0.0007682574346431138,0.0007739679177144641,-21.142092458880718,-21.11672313359863
112,112,0.0007711795426319478,0.0007742304526465503,-21.121463708212687,-21.115250228374236
113,113,0.0007719880464419569,0.0007749834392023714,-21.127444224280794,-21.111028501037392
114,114,0.0007701159788526057,0.0007718341994883591,-21.132299241279124,-21.128712541942022
115,115,0.0007705788443719526,0.000771520509213013,-21.124926121963767,-21.130477968343584
116,116,0.0007755657725189765,0.000778883695602417,-21.111156046291985,-21.089226593372654
117,117,0.0007704219087171033,0.0007745478774028781,-21.133398786930428,-21.11347004047584
118,118,0.0007698116043928204,0.0007757471574127282,-21.13436921736141,-21.106750793071527
119,119,0.0007713370399607211,0.0007797265609138106,-21.12873267621881,-21.084529437199343
120,120,0.0007686703225847372,0.0007779060244119089,-21.146239625852253,-21.094681373212396
121,121,0.0007711749928331329,0.0007731134874599153,-21.132812008423304,-21.121520222894755
122,122,0.000767727304470831,0.0007740489764776277,-21.148672170887846,-21.11626831461421
123,123,0.0007695548011940549,0.0007746836911935947,-21.13193006370915,-21.11270858968667
124,124,0.0007728171617647191,0.0007786937731955396,-21.12950973248141,-21.090285702859767
125,125,0.0007727251504547894,0.0007750802017797373,-21.1227537017487,-21.110486285190916
126,126,0.0007686803679068371,0.0007761222996601933,-21.138627416572213,-21.104651103430317
127,127,0.0007701339938236189,0.0007748894307664351,-21.13574380956534,-21.111555348701106
128,128,0.0007721704158442307,0.0007782463554145867,-21.12393176591112,-21.09278176645465
129,129,0.0007708396482972678,0.0007749285279332023,-21.130160372403914,-21.11133623027247
130,130,0.0007701603084869837,0.0007773931015675005,-21.13609888152087,-21.09754589702423
131,131,0.0007722255438998265,0.0007726740563827518,-21.124627609138575,-21.123989417292005
132,132,0.0007706998052920416,0.0007729247108248895,-21.131667722091198,-21.122580800200055
133,133,0.0007733118404711107,0.0007705421487212574,-21.11512189246412,-21.135988725221146
134,134,0.0007701842276350662,0.0007729821097056725,-21.131534763885867,-21.12225829671056
135,135,0.000770777123068104,0.0007793424761314926,-21.134748691055222,-21.086669251421228
136,136,0.0007699463725301254,0.0007771758644498492,-21.135981947036058,-21.098759672471147
137,137,0.0007707841073873348,0.0007720705562908398,-21.1302343045667,-21.127382816704824
138,138,0.000768571602991907,0.0007767832231413769,-21.14279319300714,-21.100954350035405
139,139,0.0007680271003280103,0.0007744806659358897,-21.14548157805338,-21.113846916284587
140,140,0.0007692556378201188,0.000772484302471735,-21.132323951790227,-21.12505609212719
141,141,0.0007690621783582436,0.000772238234180565,-21.14120514772693,-21.126439720570424
142,142,0.0007692518729246078,0.0007723047900454778,-21.134027014188366,-21.12606543711655
143,143,0.0007699487608444598,0.0007709895787564548,-21.13371741139253,-21.13346764314003
144,144,0.000769165635574609,0.000769887196120659,-21.14066689264328,-21.1396817516938
145,145,0.0007722594081568196,0.0007719251137275837,-21.130340470603027,-21.128201017222736
146,146,0.0007696393457212552,0.0007729422895384854,-21.13708671358685,-21.122482029240945
147,147,0.0007709906587722836,0.0007706447963994977,-21.13050775578683,-21.135410218889422
148,148,0.0007704879432081332,0.0007730789549991881,-21.13280258575964,-21.121714212423235
149,149,0.0007672246441139465,0.00077215753385405,-21.146287088638175,-21.126893590067482
150,150,0.0007672749883399258,0.0007736844065795211,-21.148215401217612,-21.11831428325037
151,151,0.0007685227103569766,0.0007747975269969748,-21.14534644300033,-21.112070463057453
152,152,0.0007697095501611067,0.0007704935422608335,-21.13378146009279,-21.13626269055079
153,153,0.0007677382883164532,0.0007734195831672926,-21.149831110728012,-21.119801078559483
154,154,0.0007707201701723347,0.000773307741742189,-21.134382359225185,-21.120429141606834
155,155,0.0007692757920726904,0.0007730136092409099,-21.13821144780706,-21.122081322425696
156,156,0.0007671859696238619,0.0007741320571911178,-21.150032406999312,-21.115802199932897
157,157,0.0007678263709093109,0.0007710728524742942,-21.144922622850583,-21.13299859188182
158,158,0.0007684321614395175,0.0007707903308695869,-21.149051052207998,-21.134590141334996
159,159,0.00077082990721521,0.0007700592947290524,-21.13604805206287,-21.138711049442477
160,160,0.0007641896270647569,0.0007735445519517127,-21.155109821947708,-21.11909940419781
161,161,0.0007649957491613002,0.000770688066136484,-21.16315872097831,-21.135166380475695
162,162,0.0007648551974628005,0.0007697037531455097,-21.152703505388402,-21.14071667947467
163,163,0.0007683010771870613,0.000768626865465194,-21.141238440139798,-21.146797120804113
164,164,0.0007663975090518133,0.0007696844373927697,-21.15620839680961,-21.140825667251512
165,165,0.0007642009571559497,0.0007714898337757117,-21.16333904826094,-21.130650646034464
166,166,0.000766710685470055,0.0007704590496264006,-21.15743526623749,-21.13645711523176
167,167,0.0007682919439850087,0.0007712592487223446,-21.15457701750516,-21.131948871626278
168,168,0.0007655634994849025,0.0007726531751502893,-21.157948905512143,-21.12410678536589
169,169,0.000766879629305343,0.000771659435581808,-21.150812600632097,-21.129696012153374
170,170,0.0007649656534002921,0.0007682380750530252,-21.169218687037507,-21.14899444510727
171,171,0.000770167580844124,0.0007716044691685391,-21.139122456134864,-21.130005377387793
172,172,0.0007623762844043985,0.0007707108590310734,-21.180844122177458,-21.13503794093696
173,173,0.0007674090489841153,0.0007696422215208019,-21.154336368491123,-21.14106387686274
174,174,0.00076505810636835,0.0007704207826846916,-21.161205542708913,-21.136672824741073
175,175,0.0007646185923223719,0.0007675437097388663,-21.165368937725326,-21.15292155308444
176,176,0.0007636795503317772,0.000768124873406793,-21.162696942565265,-21.14963443516222
177,177,0.0007692162576371554,0.0007679317158793932,-21.14296302805353,-21.150726676806375
178,178,0.0007678670616647632,0.000767170414818745,-21.150548180506203,-21.155034258304703
179,179,0.000766219143976563,0.0007691831223813719,-21.15523866919198,-21.143655259044053
180,180,0.0007649720796460728,0.0007691216489643251,-21.163247166396992,-21.144002362769122
181,181,0.000765433486373423,0.0007704782826629909,-21.156757773581685,-21.136348703273832
182,182,0.0007671461645849817,0.0007689473782911113,-21.148605125820453,-21.14498651615518
183,183,0.0007648409875925899,0.000767719227281448,-21.164359677859935,-21.15192854662653
184,184,0.000765148352846004,0.0007679659879374269,-21.170269973843055,-21.150532859657574
185,185,0.0007631126767235625,0.0007687519384106915,-21.169790909144737,-21.14609048311602
186,186,0.0007638067856776653,0.0007724559093874536,-21.16708492703776,-21.12521572237999
187,187,0.0007672438820459179,0.0007683723907623636,-21.152133883934315,-21.14823520816538
188,188,0.0007641821356787894,0.0007698456695499388,-21.163829705563522,-21.13991600999825
189,189,0.0007629932172010778,0.0007697953811944707,-21.175573500951078,-21.14019971190761
190,190,0.0007620210820549773,0.0007718926859333327,-21.173578134522124,-21.128383463779684
191,191,0.0007651209628411098,0.0007699377724508706,-21.166088270387014,-21.139396459253664
192,192,0.0007665420674776524,0.0007673570285796335,-21.152781677787114,-21.153977967948357
193,193,0.0007639827456363698,0.0007698037110171036,-21.16711035180909,-21.14015271790738
194,194,0.0007633169004021539,0.0007696618252482853,-21.170722517285846,-21.140953258162178
195,195,0.0007649293588234362,0.0007682655337511709,-21.156040022602497,-21.148839220465845
196,196,0.0007676562719219892,0.0007706394167862049,-21.156034063472234,-21.1354405356389
197,197,0.000766999586293301,0.0007697107901453579,-21.152527688444167,-21.140676974377474
198,198,0.0007653642048550405,0.0007687517270249756,-21.160845683605174,-21.14609167730699
199,199,0.0007645853221435676,0.0007700910577305445,-21.165582745410703,-21.13853191762906
200,200,0.0007665241221158006,0.0007666241144761443,-21.162994713397914,-21.15812796127149
201,201,0.0007634681371069446,0.0007691540277415985,-21.171018004860088,-21.14381953566582
202,202,0.000764824412811125,0.0007689778760418688,-21.16700779294826,-21.144814271049913
203,203,0.0007656180964706024,0.0007686669950520521,-21.163297551602817,-21.146570383957176
204,204,0.0007665917432156497,0.0007672530911421697,-21.158345605664476,-21.154566253598798
205,205,0.00076638063963157,0.000764926000939388,-21.154939101737366,-21.167758487017142
206,206,0.0007713296841926028,0.0007699847674781555,-21.133303104093926,-21.13913138512813
207,207,0.0007666497522504212,0.0007665212737935546,-21.152105356833125,-21.158710595395725
208,208,0.0007661908058468829,0.000768590360071118,-21.161590206337486,-21.147003390821734
209,209,0.0007676301252807385,0.0007750284888683573,-21.147169255671333,-21.110776053672303
210,210,0.0007635246051388994,0.0007652585780689199,-21.170009658641188,-21.16587065705965
211,211,0.0007665930627893234,0.0007696280311057834,-21.156623866670824,-21.14114395141662
212,212,0.0007646635514395984,0.0007709045588087879,-21.160243202145608,-21.133946582559556
213,213,0.0007618260089807289,0.0007714204471803418,-21.17810247987738,-21.131041261300684
214,214,0.0007656853191180097,0.0007716318819132683,-21.157509019129183,-21.12985108859382
215,215,0.0007645221572302128,0.0007675492946107529,-21.16524651952524,-21.152889952666282
216,216,0.0007630824153407564,0.000772552656647014,-21.16507354990184,-21.12467181858625
217,217,0.0007651903199694436,0.0007649011860944723,-21.164260202396818,-21.167899378096976
218,218,0.0007654728815583608,0.0007683183219724972,-21.159744119604873,-21.14854082304152
219,219,0.0007655130514452598,0.0007666424866520652,-21.156054117306926,-21.158023883681626
220,220,0.0007644182055487691,0.000764968587502249,-21.164075478311595,-21.167516704225072
221,221,0.0007633551848409025,0.0007673500038340295,-21.16864645552755,-21.154017725481072
222,222,0.0007616577432346866,0.0007684376017239533,-21.178286993867896,-21.147866642618133
223,223,0.0007642257356171295,0.0007687064169562961,-21.165203772656085,-21.146347657125176
224,224,0.0007655908996911393,0.0007684364896512738,-21.160856369346686,-21.147872927674673
225,225,0.0007665342202448507,0.0007651722162814909,-21.162639377598556,-21.16636079941572
226,226,0.0007603592665376353,0.0007648965478629658,-21.181037253628332,-21.167925713060146
227,227,0.0007658495325307103,0.0007682746600996899,-21.160309879215475,-21.148787630239735
228,228,0.0007620514160473399,0.0007707930543754054,-21.174433070986353,-21.13457479602757
229,229,0.0007676368647677459,0.0007708154673884181,-21.155090723948916,-21.134448514319374
230,230,0.0007659685894002005,0.0007658142774169775,-21.158099052717795,-21.162718133387234
231,231,0.0007625047325099021,0.000767939858824799,-21.17686726149053,-21.15068062560894
232,232,0.0007650084990393562,0.0007691486174926946,-21.167420109943503,-21.143850084157066
233,233,0.0007619994594091453,0.0007649476695070533,-21.182131449565162,-21.16763546327276
234,234,0.0007625000968997934,0.0007674080552533269,-21.18414057630192,-21.153689186257182
235,235,0.0007625798936021159,0.0007656736170725995,-21.183660624123274,-21.16351589368005
236,236,0.000764319983421412,0.0007645577823400105,-21.1677356725015,-21.169849588742856
237,237,0.0007635119644752176,0.000766604728261499,-21.17548217758696,-21.158237786051867
238,238,0.0007626231202913314,0.0007677134953586286,-21.173090368796107,-21.15196097191504
239,239,0.0007633341928780771,0.0007645651011874801,-21.172122675700216,-21.16980801543172
240,240,0.0007648628430690655,0.0007680939804566534,-21.161455886655837,-21.149809106078976
241,241,0.0007637348230064069,0.0007635956985483828,-21.171022195654086,-21.175317988903725
242,242,0.0007622828947130552,0.0007655526646167824,-21.175351541544003,-21.164201997162877
243,243,0.0007634030363388052,0.0007649842177909848,-21.17322033474671,-21.16742796752515
244,244,0.0007625315338373184,0.0007674017014276041,-21.178705092688226,-21.153725144217947
245,245,0.0007616112299129059,0.0007688615250548249,-21.187001597015467,-21.145471434492308
246,246,0.000762228557561553,0.0007713563421643094,-21.174387813393807,-21.131402174881096
247,247,0.0007680752284623222,0.0007661023164952272,-21.160266957569256,-21.161084966356757
248,248,0.0007638679013213085,0.0007666428052624198,-21.16674152149862,-21.15802207878961
249,249,0.0007613124193854092,0.0007653676010178108,-21.18357097245617,-21.165251981306795
250,250,0.000758968701720545,0.0007654140997481974,-21.189454679190316,-21.164988140394424
251,251,0.0007584037249619813,0.0007644609983177169,-21.184614977068847,-21.17039938927384
252,252,0.0007635628031662752,0.0007681834149958664,-21.174124744790088,-21.149303456161444
253,253,0.0007644524328535442,0.0007621140715568082,-21.162887158978563,-21.183752917244092
254,254,0.0007637963767077044,0.0007672262114570721,-21.16610207870153,-21.154718405522836
255,255,0.0007622735208793322,0.000767732639551947,-21.17560146698601,-21.151852674823665
256,256,0.0007606210695944496,0.0007678490824458238,-21.185152903772963,-21.151194025327644
257,257,0.0007619129550240012,0.0007695837166944617,-21.17931753420803,-21.141394021029697
258,258,0.0007593839971790302,0.0007698507550613661,-21.194060179354718,-21.139887321101977
259,259,0.0007602856458481593,0.0007635323655497478,-21.185937984433778,-21.17567820979799
260,260,0.0007617695061441933,0.0007653529725135549,-21.183648553797603,-21.16533498899333
261,261,0.0007635777409322868,0.0007678424314546742,-21.179872787813963,-21.15123164341343
262,262,0.0007578510450218449,0.0007679608932353164,-21.198655281192828,-21.15056167093812
263,263,0.0007639507032191553,0.0007658894602699499,-21.167460165316314,-21.16229179117232
264,264,0.0007637126488879937,0.0007665048469789326,-21.16485300724012,-21.15880366719469
265,265,0.0007682234131654283,0.0007665308137228223,-21.153067008270014,-21.15865654454289
266,266,0.0007631303544501899,0.00076449181774239,-21.169901924402353,-21.170224305962805
267,267,0.0007647898968683614,0.0007650165199792307,-21.162856227881598,-21.167244586409517
268,268,0.0007642191275474184,0.0007659867222077752,-21.17059773399508,-21.16174030635342
269,269,0.0007630773068684124,0.0007679368565349202,-21.168581811367517,-21.150697604548906
270,270,0.000761493252585498,0.0007666323983453607,-21.175910080466295,-21.158081033198343
271,271,0.0007651479243896133,0.0007643844460529324,-21.169933203113533,-21.170834308661192
272,272,0.0007658119177801016,0.0007704056609470985,-21.154942835331138,-21.13675806843897
273,273,0.0007635009776292004,0.000766723367728685,-21.17455552455363,-21.157565725503673
274,274,0.0007634305445592582,0.0007694723041679122,-21.176090055782492,-21.142022794055816
275,275,0.0007650003661689608,0.0007674226592490939,-21.16510609403393,-21.153606539555945
276,276,0.0007686480830577155,0.0007677693961580333,-21.149119268504283,-21.15164475336438
277,277,0.0007648515339806368,0.0007677828114920933,-21.1614155866296,-21.15156886919025
278,278,0.0007633121291741959,0.0007664726489517642,-21.177394638538058,-21.15898610203886
279,279,0.0007642488776629349,0.0007708761932965564,-21.16636275609464,-21.13410638459915
280,280,0.0007611982777628318,0.000768433456725784,-21.17869373097538,-21.147890068784207
281,281,0.0007659464866911858,0.0007657390118478553,-21.163858687557678,-21.163144986590478
282,282,0.0007640925168837468,0.000766876956300908,-21.168325901447286,-21.156695842150395
283,283,0.0007625914361212671,0.0007668014456468978,-21.17568941936481,-21.15712349191512
284,284,0.0007619162008511959,0.0007689186972320864,-21.176756701387337,-21.14514850718768
285,285,0.0007627050154698417,0.0007695755247320784,-21.175472932417804,-21.141440250477093
286,286,0.0007660926551289242,0.0007651384650288444,-21.15407766837877,-21.166552368133935
287,287,0.0007634807735700736,0.000767253161604075,-21.167668939591266,-21.154565854757585
288,288,0.0007639963176226263,0.0007624969492960526,-21.169678421906603,-21.181571617350304
289,289,0.0007613526018739669,0.0007694152330881671,-21.17992082610485,-21.142344918375112
290,290,0.0007623037834622964,0.0007658464968890735,-21.17511346473373,-21.162535420097473
291,291,0.0007668501066197594,0.0007660442344403188,-21.154505360708878,-21.161414239244408
292,292,0.000763632939197123,0.0007685164363417579,-21.17199710160794,-21.14742111934707
293,293,0.0007644158280358563,0.0007685506563192527,-21.166922452544284,-21.147227743957405
294,294,0.0007657549528827526,0.0007636610994507608,-21.166542285190147,-21.17494603768938
295,295,0.000763528020188366,0.000771752004144027,-21.169889383275795,-21.129175062071205
296,296,0.0007632949633149372,0.0007686877629327539,-21.165206159142734,-21.146453047656713
297,297,0.0007635608601105428,0.0007658613092069956,-21.175933290506652,-21.162451423555673
298,298,0.0007638585604919293,0.0007645614249141593,-21.167878311812306,-21.16982889774839
299,299,0.0007647969471962796,0.0007657375811648212,-21.16911306016116,-21.16315310082154
300,300,0.0007631402767560992,0.0007651965378930694,-21.177142650193762,-21.166222757631065
301,301,0.0007643329019216609,0.0007688677287660539,-21.164067609068486,-21.145436392724747
302,302,0.0007633448358788395,0.0007681104379068864,-21.170265200326455,-21.149716053621404
303,303,0.0007655636056988817,0.000766177116403062,-21.16514986163945,-21.160660955089
304,304,0.0007629438805077033,0.0007662063672844516,-21.16789991139742,-21.160495154602174
305,305,0.0007641736217582426,0.0007704675050550385,-21.164275947755,-21.136409453699954
306,306,0.0007665277993997809,0.0007688491819671503,-21.159203535781693,-21.145541155472234
307,307,0.0007624493560216092,0.0007715971258125807,-21.180484221844775,-21.130046709369065
308,308,0.0007601202226762381,0.0007728565098276656,-21.18792274420281,-21.122964027999412
309,309,0.0007670760075513696,0.0007692510813572689,-21.15247348761308,-21.143271567519577
310,310,0.0007661416893824935,0.000769741971070241,-21.160878634590922,-21.140501045580432
311,311,0.00076034713894148,0.0007686029022902643,-21.187777269455637,-21.146932521182897
312,312,0.0007645396609339363,0.0007682094613923446,-21.159664492887988,-21.14915620468119
313,313,0.0007647289042409087,0.0007679193452196685,-21.168511048024904,-21.15079663813781
314,314,0.000765016232857231,0.0007722362826921438,-21.172638866325414,-21.126450695444316
315,315,0.0007641272530554957,0.0007710615111710993,-21.1600954708633,-21.13306247043237
316,316,0.0007667991473128271,0.0007662201778178936,-21.163653368258668,-21.16041687563363
317,317,0.0007643216726437365,0.0007689651775811063,-21.16838419118945,-21.144885988548488
318,318,0.0007649183497744968,0.0007651581208368665,-21.175833591463014,-21.1664408027153
319,319,0.0007660386468207022,0.0007679891208872983,-21.15885648296534,-21.15040204186971
320,320,0.0007667257384512305,0.0007661261846997628,-21.16021837282458,-21.160949662392426
321,321,0.000766376955146642,0.0007686842674095379,-21.158751901211552,-21.146472796766417
322,322,0.0007668412176498509,0.0007643703751167969,-21.158371374218877,-21.170914255161893
323,323,0.0007650880551100085,0.0007676960208061102,-21.16343374916282,-21.15205982634642
324,324,0.0007651623466877823,0.0007687329412683061,-21.162975358128126,-21.146197805850953
325,325,0.0007626860739768858,0.0007670369170802204,-21.17933911739124,-21.155790053562992
326,326,0.0007653701558382702,0.0007645546483170045,-21.163579409193986,-21.16986739108192
327,327,0.0007659630962772315,0.0007685510974720513,-21.15890138438358,-21.14722525108111
328,328,0.0007660888806321495,0.0007714867885959776,-21.16399658398229,-21.130667788287116
329,329,0.000764897253397929,0.0007675779327799223,-21.169548760675628,-21.15272791529737
330,330,0.0007646035777462512,0.0007670553903536577,-21.168917177245778,-21.155685459586767
331,331,0.0007685962308332632,0.0007654270586116533,-21.14908962821671,-21.16491461267589
332,332,0.0007628450649022364,0.0007661642280015114,-21.173825934302908,-21.16073401141805
333,333,0.0007611499768057742,0.0007694999619975294,-21.181657772114868,-21.141866694520438
334,334,0.0007693698940577812,0.0007668700142714538,-21.142327446169187,-21.15673515613299
335,335,0.0007619802556816757,0.000767543394192073,-21.17576779404359,-21.152923338523596
336,336,0.0007641627429264415,0.0007684496660275679,-21.171140529316325,-21.147798459862017
337,337,0.0007640568523898183,0.0007655442551415609,-21.17015759227671,-21.164249703988453
338,338,0.00076291646649965,0.0007680647265117027,-21.173153016534606,-21.149974516421146
339,339,0.0007599411717107155,0.0007654541956358834,-21.189005901191344,-21.164760643060717
340,340,0.0007633765440520629,0.0007659936458558628,-21.17700853737009,-21.161701051253004
341,341,0.0007640228693171875,0.0007688652442180013,-21.16655467220134,-21.145450426702403
342,342,0.0007631747224896224,0.0007657311538136319,-21.172079512135646,-21.163189554235068
343,343,0.000767054851166904,0.0007660020308225955,-21.154363343450783,-21.16165351136972
344,344,0.0007655800208593383,0.0007639240571542791,-21.16585708345972,-21.1734508532115
345,345,0.00076513362210724,0.0007699740021244475,-21.16339055189868,-21.139192105373414
346,346,0.0007620678888153785,0.0007667126054385383,-21.17212704684794,-21.157626686682427
347,347,0.000762895067683277,0.0007689464316507312,-21.177794328655413,-21.144991862697196
348,348,0.0007595929560808407,0.0007656362293729265,-21.18757793826354,-21.163727964041904
349,349,0.0007638040487174444,0.000766642327346888,-21.17341994136259,-21.158024786127918
350,350,0.0007630968880455595,0.0007699389825575054,-21.1766172193325,-21.139389633478388
351,351,0.0007636047612885301,0.0007672121772836698,-21.170336362581924,-21.154797847801024
352,352,0.0007623793922134282,0.000764192360771918,-21.1811575758365,-21.171925802103537
353,353,0.0007615615223707227,0.0007653556133032238,-21.178902762718558,-21.16532000403288
354,354,0.0007628363913606814,0.0007668390263509201,-21.172843295319495,-21.156910650735142
355,355,0.0007642866880392906,0.0007666022988575461,-21.16826191816083,-21.158251549055983
356,356,0.0007629478326278556,0.0007678571579928853,-21.175482598474797,-21.15114835037452
357,357,0.0007648345349433342,0.0007657702387261548,-21.17045235607509,-21.162967884677066
358,358,0.0007610613025350438,0.0007664823604404534,-21.183224979906793,-21.1589310756888
359,359,0.0007643529109551196,0.0007655316271427038,-21.173836870043345,-21.16432134341906
360,360,0.0007601420931546882,0.0007644705290563012,-21.1895715476175,-21.170345244963237
361,361,0.000762397892048256,0.0007648560292038478,-21.17997803047899,-21.168155776801658
362,362,0.0007639798298526133,0.0007704128603156852,-21.178632497099507,-21.136717484216916
363,363,0.0007615264597560096,0.0007655341147543176,-21.18299409434934,-21.164307230948673
364,364,0.0007619840325787663,0.0007716418691224566,-21.18181604720016,-21.129794878348072
365,365,0.0007629962698028414,0.0007663530536535147,-21.177285010362716,-21.159663799158743
366,366,0.0007643790827996875,0.0007660469518190151,-21.165831186704303,-21.161398833600362
367,367,0.0007632712769974983,0.0007680529287379039,-21.171314104342617,-21.15004122625997
368,368,0.0007593214623486027,0.0007623424569733048,-21.188010138338775,-21.18245164659429
369,369,0.0007625838133180034,0.0007682631931904899,-21.17661854500748,-21.148852451491997
370,370,0.000765382158017919,0.0007649502367712557,-21.166886734838243,-21.167620887807665
371,371,0.000761398404102158,0.0007667794523417557,-21.179298004400383,-21.157248057512867
372,372,0.0007636507033351233,0.0007657018508517036,-21.171468137223933,-21.163355753012702
373,373,0.0007628648717090795,0.0007633180970228032,-21.17869510509797,-21.176897132564683
374,374,0.0007637844813421138,0.0007637384880677258,-21.17461247044715,-21.174505950503114
375,375,0.0007638265528792957,0.0007635020914389507,-21.171272573154955,-21.17585041127262
376,376,0.0007608055002680144,0.0007664707127811486,-21.18648515434904,-21.15899707267529
377,377,0.0007634174412346838,0.0007703782972193471,-21.177450638823654,-21.136912326482804
378,378,0.0007612412362167439,0.0007639000480259327,-21.18910383117191,-21.173587348399934
379,379,0.000759110667205118,0.000765144570706118,-21.195137209945436,-21.16651771229725
380,380,0.0007605486562638783,0.0007639811711238796,-21.185466562847424,-21.17312616969855
381,381,0.0007623913745904706,0.0007677004078256065,-21.18149073365332,-21.15203500854271
382,382,0.0007609636714854805,0.000764309630827292,-21.19040277189813,-21.1712594014273
383,383,0.0007653830635370975,0.0007598191150464118,-21.171931847005922,-21.196850571108
384,384,0.000764360770189501,0.0007662189370756479,-21.17062468325864,-21.160423908180704
385,385,0.0007640439092863313,0.0007643245534334136,-21.170419720741428,-21.171174609322545
386,386,0.0007613443243845375,0.0007619626274773557,-21.186835313376292,-21.184616014597154
387,387,0.0007618085544834816,0.000767769874073565,-21.184284526296505,-21.15164205000039
388,388,0.0007615303068623407,0.0007631663404601184,-21.179679978471793,-21.177760646615212
389,389,0.000762567671193482,0.0007655864710135287,-21.177528347381312,-21.164010219273845
390,390,0.0007610884543085835,0.0007667575356256412,-21.184387900853604,-21.15737219288026
391,391,0.0007628126114309218,0.0007622982375323772,-21.173963123181636,-21.18270356508581
392,392,0.0007618433392616277,0.0007618741487692061,-21.184283903311766,-21.185120344396214
393,393,0.000763011511208816,0.0007634054299591011,-21.167013781604993,-21.176400274925516
394,394,0.0007620428241165259,0.0007627431738288387,-21.178359273368326,-21.180169425587756
395,395,0.0007615839659245973,0.0007673437602965063,-21.185487424462078,-21.15405306196262
396,396,0.0007653818081718745,0.0007659272523596883,-21.173821229861936,-21.162077497962155
397,397,0.0007591650163581999,0.0007633575005456805,-21.184336296521753,-21.176672949606832
398,398,0.0007631962923285042,0.0007652287604287267,-21.16846650542547,-21.16603987945405
399,399,0.0007649267460795638,0.0007678923123565159,-21.163103739710024,-21.150949524375395
400,400,0.000760965054067447,0.0007655349051530816,-21.18790393393708,-21.16430274694675
401,401,0.0007615607404678138,0.0007642354681401661,-21.182286870963157,-21.17168082760346
402,402,0.0007577770000765312,0.0007664869557821044,-21.194873149521545,-21.158905038226724
403,403,0.0007608022166358441,0.0007626365036948732,-21.190790721536978,-21.18077683174799
404,404,0.0007616718318889436,0.0007666509328900199,-21.176300094912392,-21.157976036942184
405,405,0.0007586987357893863,0.000765077827963978,-21.193818061095193,-21.166896559249984
406,406,0.0007598629862204502,0.0007649813012808169,-21.195469815367403,-21.16744452507833
407,407,0.0007606535602706609,0.0007676277217749311,-21.18297270185161,-21.152446219021236
408,408,0.0007630777707294628,0.0007655936611914321,-21.175648753056407,-21.163969431720222
409,409,0.0007603925541187301,0.0007638617381943684,-21.188346948808725,-21.17380515393225
410,410,0.0007581755071254351,0.0007631157580027846,-21.19475621274396,-21.178048505355495
411,411,0.0007631655202784873,0.0007652385576971268,-21.180800826481317,-21.16598427683446
412,412,0.0007589212906806125,0.0007647971965764698,-21.196959222018812,-21.168489848407013
413,413,0.0007630523993902523,0.000765539482113366,-21.176797953293686,-21.16427678153825
414,414,0.0007598224880903499,0.0007679103260957881,-21.196865591481334,-21.150847645821877
415,415,0.0007588763093604639,0.0007606971561663637,-21.19386846058851,-21.19183479504713
416,416,0.0007617536688597931,0.0007646769946931224,-21.181235122673712,-21.169172475352372
417,417,0.0007625816410321012,0.0007649544215957193,-21.181602870638457,-21.167597128860827
418,418,0.0007627138486324051,0.0007621502001328688,-21.181460660794333,-21.183547041642118
419,419,0.0007605635394227028,0.0007631375766849439,-21.1878234046571,-21.17792433549392
420,420,0.0007588863150773512,0.0007633008644916117,-21.198192437988617,-21.176995179207555
421,421,0.0007602747250108298,0.0007658193874368934,-21.193720970506696,-21.162689154480553
422,422,0.0007627000204124248,0.0007699073482255795,-21.177952756918987,-21.139568074865966
423,423,0.000761872872148554,0.0007663023639715424,-21.18766360998936,-21.15995106854656
424,424,0.00076166679962663,0.0007638633771995572,-21.186012226979415,-21.173795835359137
425,425,0.0007605653528613758,0.0007621819386258721,-21.19362754043277,-21.183366190605433
426,426,0.0007614549447436692,0.0007652833163248081,-21.184462615965067,-21.165730266416777
427,427,0.0007625108713178521,0.0007649116481556312,-21.182001271442243,-21.167839977164668
428,428,0.0007619446860002258,0.0007689395570196211,-21.181753357087736,-21.145030690209484
429,429,0.0007636027768273483,0.000767204763465806,-21.17215098177141,-21.154839815275473
430,430,0.0007607447212686782,0.0007646761705951864,-21.188839432086517,-21.169177155777984
431,431,0.0007594299854317046,0.0007657723770918031,-21.19583483856589,-21.16295575729136
432,432,0.0007588483642825146,0.0007593013211398533,-21.199330858893237,-21.19981116645954
433,433,0.0007592535286076059,0.0007625606407313363,-21.19938149956667,-21.181208865948843
434,434,0.0007594524001817882,0.0007634338843146045,-21.19147995363943,-21.176238403673352
435,435,0.0007612684521987342,0.0007653930929097298,-21.188237757647414,-21.16510733442582
436,436,0.000763307717993625,0.0007620161264448574,-21.16815205061068,-21.184311098189053
437,437,0.0007608477602299955,0.0007658226440023435,-21.19559305082779,-21.162670686609136
438,438,0.0007606855030747649,0.0007631291886546501,-21.18747046176368,-21.177972071254842
439,439,0.0007610299628103132,0.0007620207340407528,-21.180390206449143,-21.18428483827994
440,440,0.0007604856143667142,0.0007623994330826559,-21.189973171592733,-21.182127074808545
441,441,0.0007554086893748914,0.0007655710061570924,-21.211742975014175,-21.164097947700398
442,442,0.0007597082870599535,0.0007649058181988565,-21.19187616060044,-21.167873078081772
443,443,0.0007615239292229573,0.0007614920614287257,-21.18055917162474,-21.187298920052477
444,444,0.0007569772472182653,0.0007637047643871291,-21.203765703670626,-21.174697722058244
445,445,0.0007582448930575599,0.0007643439365844978,-21.19962631233151,-21.17106447431795
446,446,0.0007627009031286021,0.0007650651019311658,-21.17506504034524,-21.166968798852167
447,447,0.0007612537940695268,0.0007643333335995282,-21.18354451254835,-21.171124720099765
448,448,0.0007635733507544801,0.0007663011845005186,-21.173177106260475,-21.159957753090097
449,449,0.0007589491871521645,0.000763394171372056,-21.196653569354986,-21.176464324486748
450,450,0.0007603845298626297,0.0007655116741692549,-21.1919332885022,-21.164434540299375
451,451,0.0007593237054438243,0.0007623923041759745,-21.192437464851302,-21.18216768422107
452,452,0.0007616126977060874,0.0007633208113379384,-21.182590536481086,-21.176881689330806
453,453,0.0007608151051321442,0.0007634600655077712,-21.18933241144739,-21.176089469325632
454,454,0.00076097356438752,0.0007669277041905412,-21.183741568477927,-21.156408458378372
455,455,0.0007621375225801213,0.0007671500482645474,-21.182921513304027,-21.155149554715287
456,456,0.0007604226228761842,0.0007618715263609039,-21.18196836605625,-21.18513529305167
457,457,0.000761440138394954,0.0007630284648927811,-21.181067154508835,-21.178545324928052
458,458,0.0007611037863264839,0.0007662173777230476,-21.185322258609585,-21.16043274663256
459,459,0.0007587939953268266,0.0007616098185903148,-21.194127305439604,-21.186627378821314
460,460,0.0007632266965301073,0.0007644735344097411,-21.17317088316487,-21.170328171632086
461,461,0.0007634058723120575,0.0007644209790190583,-21.176589811577095,-21.17062674705343
462,462,0.0007646778513216557,0.0007646144520932514,-21.175645427599168,-21.169527697453173
463,463,0.0007617825680633181,0.0007658971835074848,-21.18288281945563,-21.162247997090976
464,464,0.0007592334589661704,0.0007659952726068074,-21.199298275770392,-21.161691828092835
465,465,0.0007593930193664718,0.0007663878740889853,-21.196970030400514,-21.15946647523124
466,466,0.0007593676516277351,0.0007601727602856332,-21.193268874954754,-21.194829689533442
467,467,0.0007608081688192318,0.0007588343946018109,-21.184690244710765,-21.20248264863623
468,468,0.0007597726089255788,0.0007657282342399029,-21.195746821726953,-21.163206113012528
469,469,0.0007640228897198727,0.0007641464073554074,-21.175049628149424,-21.172186965605206
470,470,0.0007623226913508296,0.0007607049008488263,-21.177405853089212,-21.1917905796099
471,471,0.0007603031537524357,0.0007646679847599252,-21.192768654525157,-21.169223647119665
472,472,0.0007595077526669219,0.0007618795130646935,-21.194592170465608,-21.18508976617366
473,473,0.0007610457196841304,0.0007605518238913072,-21.180181304800335,-21.19266460011019
474,474,0.0007604428911437616,0.0007641323211014663,-21.187058602605457,-21.172267024068937
475,475,0.0007636224954225815,0.000762365700211376,-21.17012602456964,-21.182319235549084
476,476,0.0007619599226055686,0.0007621532269312363,-21.1794735287719,-21.18352979413345
477,477,0.000760533991533802,0.0007645220918531873,-21.18597244448313,-21.170052327419207
478,478,0.0007617884008309891,0.0007605654965644996,-21.188204671448844,-21.192586526362156
479,479,0.0007639708886758338,0.0007653325722601853,-21.169843494545702,-21.165450750424522
480,480,0.0007574753103700956,0.0007625850726311144,-21.208647423785827,-21.181069723319204
481,481,0.0007605881180575828,0.0007685125241742322,-21.183687351695887,-21.14744322735951
482,482,0.0007639572644827061,0.0007671293324643844,-21.17191198288809,-21.155266831370536
483,483,0.0007626792750820594,0.0007633909822049502,-21.178474303047036,-21.176482467677005
484,484,0.0007626534758865373,0.0007663428550586104,-21.17797480288195,-21.159721595274267
485,485,0.0007598483478938489,0.0007646605923869892,-21.194643167783134,-21.169265632430374
486,486,0.0007619049247671111,0.0007616489984732317,-21.183138544116126,-21.186403968239137
487,487,0.0007605822726882534,0.000766264265525694,-21.19143373044208,-21.160166993185477
488,488,0.0007634694722826718,0.0007657797939732278,-21.177002028659366,-21.162913693942336
489,489,0.0007590078706757079,0.000762447500356326,-21.189559187189996,-21.181853272222014
490,490,0.000763968037100528,0.0007609779591132936,-21.174894426113944,-21.19023194079114
491,491,0.0007611979339175771,0.0007639961243656121,-21.184609817784917,-21.173041166990846
492,492,0.0007652112315216861,0.0007648991947797569,-21.164339918388322,-21.167910684369396
493,493,0.0007614880895059671,0.0007670935347529227,-21.18328489233615,-21.155469497474503
494,494,0.0007606572057504553,0.0007630214524014216,-21.18788938723774,-21.17858523825287
495,495,0.0007608245017688683,0.0007643724614019064,-21.183460019736607,-21.170902401472844
496,496,0.0007595148468006056,0.000762349944316635,-21.19581566928751,-21.182408992588936
497,497,0.0007605211480434254,0.0007657292023252108,-21.18460826087148,-21.16320062237208
498,498,0.0007613512060902629,0.0007629530308277983,-21.18151362272233,-21.178974695772826
499,499,0.000758358987273898,0.0007633878788175551,-21.18888589351058,-21.17650012293875
500,500,0.0007598468728997197,0.0007655421994920624,-21.17918708446055,-21.164261365736632
501,501,0.0007644935550657821,0.000764299046223689,-21.172466441539164,-21.171319545465565
502,502,0.0007607473304120766,0.0007644208227774422,-21.188264661809537,-21.17062763471717
503,503,0.0007628207389006065,0.0007619906345529383,-21.177381558069218,-21.18445638610087
504,504,0.0007627820488084684,0.0007627270257982769,-21.178791311148228,-21.18026137101637
505,505,0.0007631359369849268,0.0007643791951092058,-21.18198444382864,-21.170864142650224
506,506,0.0007593087556762333,0.0007657634498747555,-21.190338782878946,-21.163006386744936
507,507,0.0007637228304280218,0.0007650810784023059,-21.175212944287722,-21.166878108258732
508,508,0.0007610483174260283,0.0007656600179248734,-21.185905097058097,-21.16359302951356
509,509,0.0007604798290052826,0.0007673531562384022,-21.192535022814077,-21.153999883961497
510,510,0.0007602146241007392,0.0007634218506466009,-21.184961148469192,-21.176306860116114
511,511,0.0007618513797198605,0.0007641173341605617,-21.18853481456052,-21.1723522031588
512,512,0.0007609047941364272,0.0007655421535386459,-21.180926823137494,-21.16426162643181
513,513,0.0007612372126871932,0.0007671119406280157,-21.182174707258934,-21.15536529278854
514,514,0.0007634684815522783,0.0007665606374901376,-21.182967629710188,-21.158487574876194
515,515,0.0007612805599922833,0.0007641420050181056,-21.18308392656257,-21.17221198589303
516,516,0.0007598571978586236,0.0007647342557136557,-21.190717737642583,-21.16884727642042
517,517,0.0007612095346443893,0.000765899012453462,-21.187335125626667,-21.162237626244675
518,518,0.0007606541195442688,0.0007607424662350432,-21.19468996459732,-21.191576120137942
519,519,0.0007612949348842129,0.0007652519791583089,-21.183148120897354,-21.16590810692174
520,520,0.0007573823779389339,0.0007645970296212717,-21.202118377348953,-21.16962665673425
521,521,0.0007620708682075066,0.000764731008338889,-21.176843462108046,-21.168865718381475
522,522,0.0007622786983607587,0.0007616947098684154,-21.180682736967682,-21.1861433283509
523,523,0.0007652147485845789,0.0007665833691135049,-21.171869681080647,-21.15835879090611
524,524,0.0007606129097205001,0.0007673195857358607,-21.191451753357377,-21.154189885172986
525,525,0.0007641561984651021,0.0007632510509881142,-21.17279152288708,-21.177278611817762
526,526,0.0007635438748750567,0.0007601542349316572,-21.175130553698175,-21.194935528067298
527,527,0.0007606116531551192,0.0007636003183985227,-21.190307758905224,-21.175291713620123
528,528,0.0007619260271444686,0.0007636366093433217,-21.18568804116624,-21.17508531529664
529,529,0.0007616968755850319,0.0007615016074851155,-21.18419601581841,-21.18724447728362
530,530,0.0007601066194858748,0.0007655875187514251,-21.18892584423034,-21.1640042757718
531,531,0.0007641268486022642,0.0007657142276385505,-21.17442869669275,-21.163285554321348
532,532,0.0007621865976390612,0.0007663466171116421,-21.18175511355467,-21.15970027538003
533,533,0.0007583084258193284,0.0007649670741030652,-21.20034349722838,-21.167525296232313
534,534,0.0007602022102669112,0.0007657038942469578,-21.189074916371283,-21.163344163200062
535,535,0.0007609571510273003,0.0007658607700202418,-21.18014110799317,-21.16245448110554
536,536,0.0007606726775867576,0.0007601508405059576,-21.185398334635387,-21.194954921284808
537,537,0.0007601460068697858,0.0007644562069081554,-21.191011199591596,-21.170426609619405
538,538,0.0007618494096605741,0.0007655233769726596,-21.182855905989477,-21.164368147790103
539,539,0.0007628803945520951,0.0007663768850953171,-21.175729870888627,-21.159528747791768
540,540,0.0007630415115572666,0.0007648955307606803,-21.175650260471727,-21.167931487987556
541,541,0.0007613275629785104,0.0007620932577226899,-21.178901323013896,-21.183871527529345
542,542,0.0007635646676116614,0.0007694844879504098,-21.1743593143984,-21.141954028648826
543,543,0.000759801728958168,0.0007672054680848593,-21.195496698118077,-21.154835826613766
544,544,0.0007609456541141515,0.0007619962071705805,-21.184194229638695,-21.18442462523489
545,545,0.0007616944416646951,0.0007654837528733831,-21.184444212841555,-21.16459294788848
546,546,0.000761086264020312,0.0007644243856990023,-21.18251908704549,-21.170607392547925
547,547,0.0007585610104628752,0.0007617959391178662,-21.19248174587962,-21.18556618920617
548,548,0.0007624996912464039,0.0007680485539726521,-21.18216606264331,-21.150065963380918
549,549,0.0007611978829108639,0.0007678001512479233,-21.184580557180986,-21.151470788390224
550,550,0.0007618071106934594,0.0007626791944188115,-21.186843133093664,-21.180533729997148
551,551,0.0007614889398178796,0.0007630781742352012,-21.18041170570674,-21.178262402456372
552,552,0.0007646731725058605,0.0007671320866058139,-21.169492842952252,-21.155251239393703
553,553,0.0007591433199026535,0.0007616102658702355,-21.19666040955542,-21.186624828287698
554,554,0.0007650655971542385,0.0007649506687333709,-21.167788796864436,-21.167618435377413
555,555,0.0007600853196825332,0.000761552514679926,-21.18712365707514,-21.18695415649355
556,556,0.0007605243158603529,0.0007649050951984368,-21.187641818874553,-21.16787718310011
557,557,0.0007642164289922521,0.0007615003483615032,-21.174110103914373,-21.18725165823877
558,558,0.000759375129211886,0.0007670121175531102,-21.193840983943083,-21.15593047016684
559,559,0.0007593740664720151,0.0007638724851667097,-21.19040969889458,-21.173744052325517
560,560,0.0007602789249636003,0.0007651257573773986,-21.19310806112769,-21.166624497676274
561,561,0.0007625554685874545,0.000764692894575235,-21.178098989170348,-21.169082173704442
562,562,0.0007607920302951843,0.0007673165405561265,-21.186010738260727,-21.15420712059098
563,563,0.0007640990151390049,0.0007654634108276744,-21.17037113341493,-21.164708359294067
564,564,0.0007620278449450648,0.0007669363587506508,-21.182847602069987,-21.15635944976294
565,565,0.0007615858681749591,0.0007647258401113121,-21.18871782900939,-21.168895069097978
566,566,0.0007663659280953333,0.0007642396407103852,-21.159336276567974,-21.171657116072783
567,567,0.000760132668314252,0.0007630267064087093,-21.182251478795916,-21.178555333739574
568,568,0.0007589372557818352,0.000763563549538192,-21.19543675962046,-21.17550084000775
569,569,0.0007629257497214473,0.0007688588168668119,-21.17859955733938,-21.14548673182665
570,570,0.0007613307361961486,0.0007656868731014823,-21.181595349030818,-21.16344070537223
571,571,0.0007618295536472549,0.0007637758022419325,-21.1789737208871,-21.174293771277547
572,572,0.0007598594775586629,0.0007624819868636367,-21.19602138741101,-21.181656839535083
573,573,0.0007593372372247893,0.0007645635939154186,-21.19936408879703,-21.16981657716941
574,574,0.000758384596844463,0.0007627976225002816,-21.195553724836472,-21.179859414113515
575,575,0.0007602787245372214,0.00076557759587702,-21.193019280105187,-21.164060565580883
576,576,0.0007583560342852449,0.0007606450878818961,-21.192670309086466,-21.19213207159649
577,577,0.0007604471144996123,0.0007620640956845723,-21.189229297414236,-21.18403771656762
578,578,0.0007589591130585477,0.0007664587802106613,-21.19027961393431,-21.159064685041567
579,579,0.0007629394885296598,0.0007651824730840561,-21.16991005713732,-21.166302584509246
