,epoch,train_loss,test_loss,train_dbs,test_dbs
0,0,0.00018164224051942415,0.0001671779402960582,-10.314761126694458,-10.68399116094183
1,1,0.0001371545663413102,8.016319464475505e-05,-11.536050263806716,-13.876030700583959
2,2,5.44893864383825e-05,4.977056137010406e-05,-15.545314854800864,-15.946055470794454
3,3,4.642104463574966e-05,5.1142030363400026e-05,-16.23943505276325,-15.828001205937968
4,4,4.517544157258187e-05,4.50117789257906e-05,-16.3594351326439,-16.38251909150596
5,5,4.3640557948689545e-05,4.437410461832769e-05,-16.508110355545746,-16.44448483380037
6,6,4.355230875890558e-05,4.8702337632053774e-05,-16.517486882308855,-16.040282791925517
7,7,4.544793758673363e-05,4.482861224555803e-05,-16.331658859658198,-16.400227916607086
8,8,4.2900546571958726e-05,4.4231780568799494e-05,-16.583408183498968,-16.458436639006145
9,9,4.2904518213430325e-05,4.344244064812205e-05,-16.583230806496584,-16.536638698797535
10,10,4.1923489015502616e-05,4.48214224505998e-05,-16.681225857801223,-16.40092451160421
11,11,4.2337570795501323e-05,4.249114863341674e-05,-16.6373087996832,-16.63279615101558
12,12,4.22311764175658e-05,4.295761563729397e-05,-16.648402048521454,-16.585379184851433
13,13,4.169006472496681e-05,4.219049227877373e-05,-16.705473947669056,-16.663634935672704
14,14,4.1711091979937245e-05,4.194311814468452e-05,-16.704257074853285,-16.68917372580696
15,15,4.156796701151047e-05,4.246615074072523e-05,-16.720643281218774,-16.63535189307622
16,16,4.028129024873968e-05,4.2318595852090145e-05,-16.85643022735354,-16.650468371260104
17,17,4.2671188435333626e-05,5.117022737977095e-05,-16.60484507461129,-15.82560739522629
18,18,4.434723878242123e-05,4.191689482755273e-05,-16.43781316400947,-16.691889833733754
19,19,4.022313783259717e-05,4.104637513304815e-05,-16.86126730761205,-16.783032763760637
20,20,3.949874465518209e-05,4.08691619093971e-05,-16.941012773302685,-16.801823544605565
21,21,3.918353801973635e-05,4.028296442763684e-05,-16.975699359867914,-16.864566634931442
22,22,3.9151148888139656e-05,3.931840527863977e-05,-16.981673829777804,-16.969821914284925
23,23,3.8756466723892105e-05,4.067166293297257e-05,-17.02261747245341,-16.8228615666118
24,24,3.884498114858456e-05,3.9406469448677904e-05,-17.01553469222689,-16.960105595475596
25,25,3.8823458734694535e-05,3.895602075269715e-05,-17.01579527732769,-17.01003497808303
26,26,3.8111776186419725e-05,3.8934428678323074e-05,-17.098692128001755,-17.0124428006241
27,27,3.800201144614905e-05,3.8956175175323883e-05,-17.10998793574688,-17.010017762576812
28,28,3.8267625154496514e-05,3.932844868502702e-05,-17.07850086301254,-16.968712703737427
29,29,3.744828710605549e-05,3.8675634928758405e-05,-17.172017982816058,-17.04140634188058
30,30,3.8313496729314626e-05,3.96631075043268e-05,-17.075250427980073,-16.93191349249487
31,31,3.784878551704958e-05,3.8691581721650437e-05,-17.126677063703937,-17.039616021754053
32,32,3.73272057576165e-05,3.848388989449871e-05,-17.187377698204216,-17.06299122901427
33,33,3.827243079323341e-05,3.8564469210350104e-05,-17.076750340667918,-17.05390728085623
34,34,3.7408535024145205e-05,3.784480089196126e-05,-17.177511455478907,-17.13571861646928
35,35,3.801311337606281e-05,3.927465839201192e-05,-17.105756433044895,-16.97465670059755
36,36,3.7539178424829274e-05,3.7483049470067366e-05,-17.16426415765533,-17.17743170223408
37,37,3.737341543943405e-05,3.870104199832942e-05,-17.18296139806276,-17.038554280781348
38,38,3.792775167256099e-05,3.8956454916746896e-05,-17.116463916803404,-17.0099865763221
39,39,3.787983397844598e-05,3.8463043510043795e-05,-17.125518440699324,-17.065344401403948
40,40,4.221756351342396e-05,3.924754041930244e-05,-16.65137072798919,-16.977656409356253
41,41,3.748683537327752e-05,3.818553427424233e-05,-17.167819268295425,-17.096792149002543
42,42,3.744784389147247e-05,3.816078347690085e-05,-17.173706338448245,-17.099608037286696
43,43,3.748865938834251e-05,3.7427986458887495e-05,-17.171244009374487,-17.183816226469425
44,44,3.7030768523727224e-05,3.764269939366434e-05,-17.220729359991985,-17.15897326786844
45,45,3.74779970725379e-05,3.715585942125855e-05,-17.16953331165862,-17.21550775265978
46,46,3.739303672811036e-05,4.023643008335248e-05,-17.179051312998492,-16.86958644694429
47,47,3.819784733329386e-05,3.8231449779184336e-05,-17.084757930025226,-17.091573190657915
48,48,3.745745113716561e-05,3.8486709998228196e-05,-17.172009005770132,-17.062672989195335
49,49,3.727378762706985e-05,3.76580858420838e-05,-17.192111699567633,-17.157198452448725
50,50,3.7191754430394435e-05,3.7657695812461165e-05,-17.2020009318903,-17.15724343311789
51,51,3.7276658536170216e-05,3.8912279323037515e-05,-17.193438894295063,-17.01491415574875
52,52,3.706006008514189e-05,3.742221739038972e-05,-17.214641988758082,-17.184485690142314
53,53,3.6962437230407156e-05,3.759183834374294e-05,-17.230156528766017,-17.164845219063714
54,54,3.769624772851869e-05,3.8240709488347514e-05,-17.14430445490645,-17.090521450873982
55,55,3.735749026221588e-05,3.835556651067332e-05,-17.183530158701824,-17.077496846807954
56,56,3.7220541400398064e-05,3.757069938920291e-05,-17.197729723106008,-17.167288066745257
57,57,3.669078318331962e-05,3.6799258611465214e-05,-17.259455004971205,-17.25739017224805
58,58,3.710808509963171e-05,3.735660969763749e-05,-17.21267831279008,-17.192106314148635
59,59,3.7068162782816216e-05,3.72335717226011e-05,-17.21666731953682,-17.206433873371388
60,60,3.7793350089749456e-05,3.75715817905362e-05,-17.133142063393286,-17.16718606770454
61,61,3.740819956124376e-05,3.853767827278812e-05,-17.17932135959135,-17.05692539570679
62,62,3.704908848488127e-05,3.815465511012773e-05,-17.219681081652766,-17.100305541206648
63,63,3.709820123628195e-05,3.717309099508719e-05,-17.214462368736697,-17.21349411530302
64,64,3.72804833270643e-05,3.763530711646461e-05,-17.190646846473594,-17.159826219575237
65,65,3.709963767533671e-05,3.8240879898933743e-05,-17.2137247647861,-17.090502097621037
66,66,3.675638218578335e-05,3.748420653880059e-05,-17.255110090223084,-17.177297641420648
67,67,3.6555143281278564e-05,3.7424227660889495e-05,-17.276040500656787,-17.18425239933343
68,68,3.68408177048868e-05,3.779774306167383e-05,-17.244276734448118,-17.141122178431235
69,69,3.667777317102648e-05,3.8360322306337034e-05,-17.26175936772483,-17.076958388387332
70,70,3.7367245971198796e-05,3.806605979518377e-05,-17.18257154221766,-17.110401608602103
71,71,3.710063564418287e-05,3.876430530094934e-05,-17.21258945475526,-17.031460809880944
72,72,3.699726264515157e-05,3.7866050900591196e-05,-17.224393765621166,-17.133280719784135
73,73,3.721965622764739e-05,3.693002269612503e-05,-17.200538585614666,-17.241985117719572
74,74,3.664761554562612e-05,3.6620656254327564e-05,-17.263759977991473,-17.27851963591034
75,75,3.796323057331298e-05,4.044886755812178e-05,-17.115255267556726,-16.84671719097575
76,76,3.9112533749616466e-05,4.0327456525502435e-05,-16.983613883001354,-16.859772546443875
77,77,3.8301721735816624e-05,3.823601410227926e-05,-17.075448368639172,-17.091054732156618
78,78,3.67380736261299e-05,3.692617342733827e-05,-17.25648804693742,-17.242437812627436
79,79,3.6874621672695025e-05,3.6906685732231525e-05,-17.23990976816936,-17.244730395833006
80,80,3.64599727242993e-05,3.7055931898066774e-05,-17.2873718467738,-17.22720346768549
81,81,3.707685942741198e-05,3.7149599129885535e-05,-17.21726695091656,-17.21623954546689
82,82,4.886241184011073e-05,4.790549964558235e-05,-16.01927127498611,-16.11192712190472
83,83,4.1773214087294674e-05,3.9179059776391735e-05,-16.696631478723575,-16.985240767932975
84,84,3.862158580924404e-05,3.84097771817132e-05,-17.039126649761226,-17.071362985335014
85,85,3.795224552753276e-05,3.8401925466084654e-05,-17.112646956201377,-17.072250859621164
86,86,3.7283489797756405e-05,3.7178851351583085e-05,-17.192633079699387,-17.212821183038976
87,87,3.7187828001123376e-05,3.703959191625472e-05,-17.206441007667582,-17.22911893131544
88,88,3.6669928563570304e-05,3.728736680243042e-05,-17.264615587925597,-17.200163713375005
89,89,3.637431896985965e-05,3.694624760292323e-05,-17.29738919410005,-17.24007749905485
90,90,3.657960428192626e-05,3.6399621469746834e-05,-17.273546801947557,-17.30481219009984
91,91,3.6528527472028986e-05,3.755535650079286e-05,-17.28120621185542,-17.169061973757053
92,92,3.680468421173162e-05,3.75338342181701e-05,-17.248355260836128,-17.171551548820386
93,93,3.657916644930158e-05,3.6416236693376526e-05,-17.27560517202643,-17.302830231706373
94,94,3.694805757535055e-05,3.777632120641341e-05,-17.23079892533667,-17.14358423836436
95,95,3.690944571850927e-05,3.7534983149319155e-05,-17.238363789979832,-17.171418610944006
96,96,3.631995901535625e-05,3.659526431108947e-05,-17.3044733018961,-17.281531981091568
97,97,3.671955552639814e-05,3.725097638763193e-05,-17.259464056134547,-17.204404257749996
98,98,3.697493820695432e-05,3.691322279720273e-05,-17.224529916035454,-17.243961223584268
99,99,3.675666621066486e-05,3.711969666734436e-05,-17.253604385655073,-17.219736677098282
100,100,3.6804907928675786e-05,3.675014005765613e-05,-17.24611704609918,-17.263190877742776
101,101,3.6313452021448066e-05,3.6666331173986886e-05,-17.306792595127135,-17.273106296152825
102,102,3.6713223174225166e-05,3.7488302711464806e-05,-17.258533895065334,-17.176823082090955
103,103,3.635225022156463e-05,3.718335622244539e-05,-17.29823812329743,-17.212294990871367
104,104,3.63566679279944e-05,3.715397427808248e-05,-17.301903774540687,-17.215728102306223
105,105,3.646812235940123e-05,3.6498866871912274e-05,-17.287528237322483,-17.292987045813753
106,106,3.6072954675002676e-05,3.688656579470262e-05,-17.332959297195053,-17.24709862812546
107,107,3.60925566861418e-05,3.709436312323975e-05,-17.330655456395082,-17.222701672914454
108,108,3.6189294743175215e-05,3.7285527804143435e-05,-17.322780936326897,-17.200377910990007
109,109,3.6793972239391545e-05,3.731268962407117e-05,-17.251259773691693,-17.197215307528147
110,110,3.642303173111622e-05,3.786853439554474e-05,-17.292226747386135,-17.13299589135329
111,111,3.6518241630773514e-05,3.70177503531235e-05,-17.282961132448264,-17.231680641019945
112,112,3.629243772443307e-05,3.701420389820429e-05,-17.30941640145304,-17.232096733184058
113,113,3.6315665450265164e-05,3.667963526248442e-05,-17.305424501645177,-17.27153077876167
114,114,3.6566160600056354e-05,3.733553459919916e-05,-17.276751758327347,-17.194557120531663
115,115,3.666811823780701e-05,3.714579629319671e-05,-17.2642146114013,-17.21668413587026
116,116,3.631254470203259e-05,3.63331057183371e-05,-17.30756589016497,-17.31275563810931
117,117,3.623689688950988e-05,3.628941857115071e-05,-17.31604889574781,-17.317980763351766
118,118,3.608791430639199e-05,3.6323728349280394e-05,-17.33332045557988,-17.31387667227243
119,119,3.599807235697937e-05,3.682018522292645e-05,-17.34527030547302,-17.254921174479534
120,120,3.6459831349442464e-05,3.642315976704642e-05,-17.289568063756704,-17.30200467497532
121,121,3.610563038181653e-05,3.7322123669008234e-05,-17.332113990441016,-17.196117387268355
122,122,3.573971294714546e-05,3.660022115295042e-05,-17.375792944253718,-17.280943767472237
123,123,3.6168739075272e-05,3.6382806348755316e-05,-17.323433413252175,-17.30681891469202
124,124,3.651366036531717e-05,3.685754812690184e-05,-17.28482679389217,-17.250516450371556
125,125,3.7035373998619855e-05,3.8949732697801664e-05,-17.221159102632715,-17.010736047626164
126,126,3.766537475271856e-05,3.7878655156849784e-05,-17.14972945103501,-17.131835349070577
127,127,3.653414304861463e-05,3.707039295956125e-05,-17.27887734755185,-17.225508965954496
128,128,3.645388677955687e-05,3.677868143744203e-05,-17.289604578800773,-17.25981931156847
129,129,3.64292985809182e-05,3.7300165116137484e-05,-17.291246277475636,-17.198673320293956
130,130,3.60539304461575e-05,3.622322995062476e-05,-17.338295165719025,-17.325909134809315
131,131,3.694603523418317e-05,3.7147915990269544e-05,-17.231097062431125,-17.21643631604433
132,132,3.6115805808539966e-05,3.640986161419852e-05,-17.331583279974467,-17.30359058047697
133,133,3.6231235613159536e-05,3.705639152796817e-05,-17.31722992640529,-17.22714959952412
134,134,3.6069884502176515e-05,3.6345681540919226e-05,-17.33469296575295,-17.311252693271268
135,135,3.586052829182476e-05,3.666704737713046e-05,-17.361260554747798,-17.27302146627608
136,136,3.6302306642065776e-05,3.648795944555834e-05,-17.308875144164915,-17.294285097901113
137,137,3.602302092179709e-05,3.654720364322298e-05,-17.342435118820717,-17.287239331810987
138,138,3.627939564541952e-05,3.680192515419453e-05,-17.309473192178377,-17.257075485789393
139,139,3.649637060850191e-05,3.6651695202300816e-05,-17.285495403635725,-17.2748402003887
140,140,3.593606730252768e-05,3.634885089061419e-05,-17.351969876037792,-17.310874004245125
141,141,3.660773169012265e-05,3.8585451061647435e-05,-17.271882538859163,-17.051545048353308
142,142,3.703367916930745e-05,3.687300886667799e-05,-17.219586385065675,-17.24869508502641
143,143,3.635021979808351e-05,3.631237507905002e-05,-17.3024947965469,-17.315234306402026
144,144,3.587942292236305e-05,3.6407323549562866e-05,-17.359920418738135,-17.303893329742532
145,145,3.768204427165214e-05,4.855143197346479e-05,-17.145543463116226,-16.05376042835581
146,146,4.596609627715787e-05,3.875758327347668e-05,-16.28228843273424,-17.03221397508359
147,147,3.7783640511838006e-05,3.768208128014138e-05,-17.136654307346912,-17.154432043217184
148,148,3.673833766088043e-05,3.6826828267964485e-05,-17.25661546240582,-17.254137697275468
149,149,3.644400267242502e-05,3.6541689616186836e-05,-17.29138724136693,-17.287894619204902
150,150,3.692059404202905e-05,3.629798313915288e-05,-17.235270034602827,-17.316955917565075
151,151,3.583033929354531e-05,3.6504362230372956e-05,-17.36373051613542,-17.29233321066443
152,152,3.6492461975323056e-05,3.7542292806105446e-05,-17.285136965657696,-17.170572937315992
153,153,3.6107098193750384e-05,3.726461411708059e-05,-17.330760287777128,-17.202814579490386
154,154,3.581907065419034e-05,3.624692659573875e-05,-17.365126069232492,-17.3230689801664
155,155,3.580845859500018e-05,3.588000819083965e-05,-17.36628648844792,-17.367255528132176
156,156,3.609983406894355e-05,3.714181500407377e-05,-17.33310982357429,-17.21714963795558
157,157,3.6436555898579117e-05,3.665701718235045e-05,-17.290843453868497,-17.27420963234372
158,158,3.629243022344584e-05,3.654753527371213e-05,-17.307622566191874,-17.287199923970256
159,159,3.599094289364581e-05,3.609100129228624e-05,-17.345075103684618,-17.34179155233096
160,160,3.6199973842438754e-05,3.70669688556135e-05,-17.32011228174528,-17.225910131956258
161,161,3.58141222341615e-05,3.694158084200401e-05,-17.367724878024774,-17.2406261005122
162,162,3.5859238740852456e-05,3.654086963491098e-05,-17.361375364791403,-17.287992074287764
163,163,3.5977738418258706e-05,3.6464872353367116e-05,-17.3463042035553,-17.297033886900614
164,164,3.58304858628358e-05,3.689142642159775e-05,-17.364154061060525,-17.246526386084497
165,165,3.598996071437777e-05,3.710165918547366e-05,-17.34521182672554,-17.221847546377905
166,166,3.635432420702911e-05,3.633156474710344e-05,-17.301686927367452,-17.312939836372195
167,167,3.6194588489903705e-05,3.69487794447004e-05,-17.319893362162645,-17.2397798971844
168,168,3.608764070788273e-05,3.6340815648528456e-05,-17.334397049341494,-17.31183415758712
169,169,3.559614030104827e-05,3.615728469173375e-05,-17.39201453820557,-17.333822775686297
170,170,3.5956162972388954e-05,3.581896204483009e-05,-17.348630487597305,-17.37465089536622
171,171,3.5746877196307304e-05,3.633861246941562e-05,-17.37150565305914,-17.31209745864945
172,172,3.5296811361571525e-05,3.5970780070209385e-05,-17.428390386411515,-17.35628230202038
173,173,3.6170530479795e-05,3.622472851068443e-05,-17.324034236410423,-17.325729470294643
174,174,3.5780058638432746e-05,3.626926120073461e-05,-17.37100126138756,-17.320393771690433
175,175,3.571765925708232e-05,3.64861097248075e-05,-17.3825411776373,-17.294505264742416
176,176,3.5956222061415865e-05,3.5959593764059004e-05,-17.349001425492993,-17.35763309468673
177,177,3.6671214851613167e-05,3.764341215030168e-05,-17.263225347567698,-17.15889103589545
178,178,3.6957770678725995e-05,3.709540052161748e-05,-17.230738945652515,-17.222580217778635
179,179,3.686065436565898e-05,3.651774376952457e-05,-17.240326013068856,-17.290741493033615
180,180,3.635257565189566e-05,3.688961212327214e-05,-17.301915288251507,-17.246739974769895
181,181,3.601207279962651e-05,3.747645467611667e-05,-17.34329756913172,-17.1781958702104
182,182,3.580754743132875e-05,3.5052881637392075e-05,-17.365872433046864,-17.46854359951692
183,183,3.6547795464206705e-05,3.602955247946451e-05,-17.28163393053994,-17.34919218512983
184,184,3.59488086294582e-05,3.6663196289354296e-05,-17.352332195267405,-17.27347762354174
185,185,3.6093284300655685e-05,3.61476867462778e-05,-17.335844926187644,-17.33497576273289
186,186,3.5705961580010195e-05,3.628024186534611e-05,-17.37981535284179,-17.31907912668715
187,187,3.721511100443469e-05,4.127058032042298e-05,-17.200340133007927,-16.759375106371294
188,188,3.619262529402064e-05,3.554760989668706e-05,-17.321409408812986,-17.407676808000588
189,189,3.5473106858187315e-05,3.602108728572555e-05,-17.411109683125353,-17.350212685977006
190,190,3.55201687271642e-05,3.640493502500345e-05,-17.405049750231157,-17.304178260620034
191,191,3.5435354726997534e-05,3.555450683435131e-05,-17.41350693149435,-17.406834272752214
192,192,3.606067867181504e-05,3.600017283277243e-05,-17.337534686504718,-17.352735005567066
193,193,3.550778341584013e-05,3.61726055607984e-05,-17.402118006223198,-17.33198293631449
194,194,3.5813412096947865e-05,3.638601983287739e-05,-17.366710624459525,-17.306435344282537
195,195,3.535275239291596e-05,3.572943521583894e-05,-17.422043926938056,-17.385519350731734
196,196,3.5544954895608356e-05,3.6037561011126905e-05,-17.397098092711566,-17.348226956760058
197,197,3.550233638643758e-05,3.522310486771044e-05,-17.406639509105197,-17.4475045055461
198,198,3.732004855938265e-05,4.4672359906958025e-05,-17.18775463858908,-16.41539190773457
199,199,3.7455058153466675e-05,3.555802322807722e-05,-17.17329452967168,-17.406404770274584
200,200,3.540762278960043e-05,3.786954594512568e-05,-17.415383068667044,-17.132879883553983
201,201,3.852837169725933e-05,3.637142952739898e-05,-17.050997935539105,-17.30817715609678
202,202,3.6742024096065036e-05,3.575056995798246e-05,-17.2560765220878,-17.382951163408713
203,203,3.907878352638176e-05,3.646951623331437e-05,-16.986843399017573,-17.296480838749385
204,204,3.6387179337457525e-05,3.578892804063415e-05,-17.29838070461995,-17.378293958453554
205,205,3.6209093505209406e-05,3.612402466196248e-05,-17.320039228482173,-17.337819562281954
206,206,3.639299910966806e-05,3.802607678057699e-05,-17.29737194924955,-17.11496565555705
207,207,3.613761567901316e-05,3.6419391682628834e-05,-17.32591209156135,-17.302453988800494
208,208,3.5748567299997753e-05,3.613846427852925e-05,-17.37394943416538,-17.336083932643078
209,209,3.593034187398405e-05,3.608281631865171e-05,-17.354002805233467,-17.342776587906712
210,210,3.5537093410930916e-05,3.623503270271038e-05,-17.398084792121796,-17.324494287155044
211,211,3.546023673930604e-05,3.5858812751891824e-05,-17.41107399684597,-17.369821799036387
212,212,3.541822755408051e-05,3.535801356759437e-05,-17.418506238563705,-17.430902282013427
213,213,3.569806932253264e-05,3.559189032162785e-05,-17.38008806142704,-17.40227031888198
214,214,3.558765169633336e-05,3.5291390495809826e-05,-17.394387292771345,-17.439093162433085
215,215,3.534723552932228e-05,3.491982639197407e-05,-17.423218734508264,-17.485060104350808
216,216,3.5110046005731005e-05,3.562714760176421e-05,-17.452872251612273,-17.397970332836817
217,217,3.691441831046946e-05,3.775807186014534e-05,-17.23550978319485,-17.14568277658384
218,218,3.5498464864393044e-05,3.558816685031879e-05,-17.40524317537137,-17.402724682957754
219,219,3.660066180338017e-05,3.690710304669521e-05,-17.272585614307225,-17.24468128918998
220,220,3.623779995211511e-05,3.62893929138265e-05,-17.31671325299676,-17.317983833899245
221,221,3.584602408287519e-05,3.634061240039668e-05,-17.36184154323579,-17.311858447022388
222,222,3.5735475920745626e-05,3.6220131062835114e-05,-17.377441078766967,-17.326280688489067
223,223,3.5998427791259315e-05,3.597108958561684e-05,-17.3448535181103,-17.356244932729265
224,224,3.621618508855745e-05,3.660323177188586e-05,-17.317151403938404,-17.280586545199444
225,225,3.5809155174179396e-05,3.539425080433782e-05,-17.366453023739297,-17.426453623451643
226,226,3.6025030830078136e-05,3.556624601754409e-05,-17.34115711658337,-17.4054005808059
227,227,3.5510017341104834e-05,3.577240414941978e-05,-17.406578432022656,-17.380299576482702
228,228,3.513504520221253e-05,3.578760965626172e-05,-17.451306772783852,-17.378453945811554
229,229,3.51667107323235e-05,3.5477935422309916e-05,-17.44455280290549,-17.41619747456413
230,230,3.5186469982907455e-05,3.588668751992947e-05,-17.44280211794797,-17.366447132052024
231,231,3.53825313684809e-05,3.5223929731536806e-05,-17.41912781921788,-17.447402802526184
232,232,3.6038488595051567e-05,3.590808151593113e-05,-17.339552136840858,-17.363858839113927
233,233,3.5686495524264643e-05,3.682655273893799e-05,-17.38144747804541,-17.254170190213113
234,234,3.576043506195534e-05,3.6280764776931486e-05,-17.372882610855072,-17.319016531740758
235,235,3.5470523368165176e-05,3.502587634628933e-05,-17.407717053541077,-17.471890762002705
236,236,3.5586736144584405e-05,3.6105971575077424e-05,-17.395329697712107,-17.33999050415852
237,237,3.519699906242637e-05,3.555028084328545e-05,-17.4434955959292,-17.407350503701654
238,238,3.5125733401653955e-05,3.568577822558214e-05,-17.451717078747155,-17.390829141576894
239,239,3.541257595400369e-05,3.5477574975199166e-05,-17.415760023221914,-17.416241598041037
240,240,3.5554936665593956e-05,3.665047877707126e-05,-17.397438202021643,-17.2749843398422
241,241,3.605958992227091e-05,3.611985544251327e-05,-17.337835095939052,-17.338320827994714
242,242,3.615702483977057e-05,3.645256650710699e-05,-17.324245833789135,-17.2984997532997
243,243,3.5613790686577125e-05,3.574656540494241e-05,-17.392122372024367,-17.383437659904203
244,244,3.513315598481604e-05,3.5710584262759716e-05,-17.45008484906101,-17.387811305619397
245,245,3.5072314596018445e-05,3.518762126699776e-05,-17.456766170814305,-17.451881774220382
246,246,3.5422222148573036e-05,3.566519348839249e-05,-17.414709108888815,-17.393335018597536
247,247,3.5233615337872215e-05,3.559030732216534e-05,-17.436153262840673,-17.402463481766603
248,248,3.541965390430744e-05,3.507746269430132e-05,-17.416475410957986,-17.46549914909708
249,249,3.525498418780116e-05,3.498669579321837e-05,-17.43519148005804,-17.476751574640485
250,250,3.524955221663047e-05,3.874382606514509e-05,-17.43556773635467,-17.0337557998784
251,251,3.590895130869707e-05,3.893582489629472e-05,-17.355855900691168,-17.012287062140445
252,252,3.5906973298364225e-05,3.515921248196575e-05,-17.35624731799035,-17.455389474166537
253,253,3.6183815159488076e-05,3.573325777420235e-05,-17.321724868646818,-17.385054740195493
254,254,3.5041588883350136e-05,3.5388431761499594e-05,-17.460591579615837,-17.42716769025688
255,255,3.516223856872644e-05,3.521288683834044e-05,-17.448932245044297,-17.448764552773362
256,256,3.509164807181469e-05,3.5252213772190244e-05,-17.45359881331653,-17.443916912739795
257,257,3.59040848557062e-05,3.6882751756868524e-05,-17.354941886466044,-17.247547707943895
258,258,3.64268042401293e-05,3.5612768777738034e-05,-17.29405529538916,-17.399723463478452
259,259,3.638921836832149e-05,3.5855843969712674e-05,-17.298256278487944,-17.370181370085895
260,260,3.528850774995421e-05,3.559989157733262e-05,-17.43219434443954,-17.401294110358233
261,261,3.524821340292452e-05,3.52028697594314e-05,-17.437632872315827,-17.450000174553068
262,262,3.5216172917214337e-05,3.513728303292546e-05,-17.440881941722544,-17.45809909402698
263,263,3.46620147950292e-05,3.538487697752364e-05,-17.50953164145182,-17.427603962940445
264,264,3.478506417748802e-05,3.5296956028966966e-05,-17.49242241127837,-17.43840832408143
265,265,3.524507919041987e-05,3.52029415616447e-05,-17.437238300024948,-17.44999131639081
266,266,3.511063091396282e-05,3.5462927227950115e-05,-17.453185419682022,-17.418035054725276
267,267,3.508065944431306e-05,3.566411645519302e-05,-17.455898591666532,-17.39346617073563
