,epoch,train_loss,test_loss,train_dbs,test_dbs
0,0,0.0004007520928820499,0.00034210281936745897,-6.878171637784668,-7.5742143298265585
1,1,0.00023960359421553877,0.0001319036765428456,-9.113219692238312,-11.713211855501244
2,2,9.26074412886591e-05,8.066893114071143e-05,-13.241975182048972,-13.8487178372686
3,3,6.549477857146317e-05,6.125544065358362e-05,-14.744517364595193,-15.04433417929767
4,4,5.834036230376067e-05,5.78775777141441e-05,-15.248767977416941,-15.29067739544203
5,5,5.623674786472021e-05,5.599422518954318e-05,-15.406811322377933,-15.434348467794665
6,6,5.4444702232338145e-05,5.524289487144224e-05,-15.54804243727604,-15.493016576639956
7,7,5.358037258739603e-05,5.409825366529587e-05,-15.616743365412223,-15.583948403667005
8,8,5.308132954409884e-05,5.358066463438598e-05,-15.658618514401287,-15.625699898728394
9,9,5.2626096916843454e-05,5.359587138579962e-05,-15.696249489785945,-15.624467500571823
10,10,5.2303883046651084e-05,5.2417292049779606e-05,-15.720460725859752,-15.721035053947983
11,11,5.185168850674899e-05,5.203887294077216e-05,-15.756939124437439,-15.752502042973413
12,12,5.151300858190168e-05,5.2815296504903876e-05,-15.785564691267808,-15.688183640673328
13,13,5.1806568080792204e-05,5.224917932585078e-05,-15.761951406879497,-15.734986129237832
14,14,5.138784752151756e-05,5.2192108437578244e-05,-15.798168403288253,-15.739732446494505
15,15,5.1507795695815545e-05,5.258456076262519e-05,-15.789501484480155,-15.707198357073203
16,16,5.126603557692226e-05,5.179872383259384e-05,-15.809166611400771,-15.772590261828153
17,17,5.1045331854334814e-05,5.229755601919207e-05,-15.826632144426128,-15.730966925309362
18,18,5.132497900967323e-05,5.221571949445397e-05,-15.803191202542454,-15.73776819686094
19,19,5.110457060095307e-05,5.203403864135524e-05,-15.821429343926752,-15.75290551195112
20,20,5.1090118148815384e-05,5.165448161087146e-05,-15.823476634617377,-15.784700788761779
21,21,5.0936880105621534e-05,5.158876554464529e-05,-15.836412425793805,-15.790229504600363
22,22,5.074453105239111e-05,5.108923563200637e-05,-15.855226505065199,-15.832486812632334
23,23,5.079024454390332e-05,5.174513276678657e-05,-15.848256206260228,-15.777085807387687
24,24,5.0807730582801955e-05,5.130722715157868e-05,-15.849585874324369,-15.813995420546371
25,25,5.046252993723983e-05,5.104976279605915e-05,-15.877047312089648,-15.835843578599146
26,26,5.247442365459589e-05,6.19814537027483e-05,-15.709807249225541,-14.993163284343044
27,27,5.23590632341082e-05,5.1810401361619464e-05,-15.718135100995788,-15.7716112966202
28,28,5.076225243476412e-05,5.107941711015117e-05,-15.851407130695481,-15.833321536348627
29,29,5.049828027996724e-05,5.080565709871926e-05,-15.873571675715514,-15.856660136114598
30,30,5.04647249323808e-05,5.143837322401324e-05,-15.878889226296058,-15.802908610735528
31,31,5.2543872144954165e-05,5.3570368196999064e-05,-15.70197580555104,-15.626534549750598
32,32,5.046897227263808e-05,5.115840433159304e-05,-15.877387894720691,-15.826610962755714
33,33,5.047102161735949e-05,5.136223817795613e-05,-15.87518984806372,-15.809341458940715
34,34,5.022652933887715e-05,5.079772649639237e-05,-15.897886770592805,-15.857338108976105
35,35,4.9943949785095535e-05,5.0478522385482826e-05,-15.92026198975747,-15.884714526358263
36,36,5.001236595208613e-05,5.0439727745374274e-05,-15.91833778919042,-15.888053525782976
37,37,5.0242029641426084e-05,5.122887887409888e-05,-15.897917528825614,-15.82063234728703
38,38,5.01424978041935e-05,5.084519043999822e-05,-15.903975263524497,-15.853282080102279
39,39,5.037006054201989e-05,5.213728543726335e-05,-15.887874381027329,-15.744296707404173
40,40,5.017565235527971e-05,5.044852284634927e-05,-15.901372105715746,-15.887296318911313
41,41,5.035097401747576e-05,5.018424091854525e-05,-15.886528295895904,-15.910107268841942
42,42,4.978704180888899e-05,5.044276124528168e-05,-15.936811289128093,-15.887792344227243
43,43,5.043314376962371e-05,5.1567888141634234e-05,-15.883082701484721,-15.79198740207454
44,44,5.0921506644766684e-05,5.089466446263128e-05,-15.83734416439539,-15.84905830825962
45,45,5.0140871965211154e-05,5.01420654472895e-05,-15.905378219049368,-15.913758669193555
46,46,4.977912174150127e-05,5.063727190932504e-05,-15.936486373660175,-15.871077863691376
47,47,5.127245173387508e-05,5.036386956865164e-05,-15.806305967041844,-15.894589957945058
48,48,5.026739006670019e-05,5.2496712382172085e-05,-15.894527854269732,-15.714459798550134
49,49,4.977348692488338e-05,5.0493351170045665e-05,-15.936166296954715,-15.88343891184731
50,50,4.977231873988447e-05,5.191432711925652e-05,-15.936588851501634,-15.762908569925498
51,51,4.977442064777391e-05,5.0852123087296554e-05,-15.937746511500666,-15.852689968006711
52,52,4.944603038968557e-05,5.017323009700416e-05,-15.962388865342906,-15.911060250021581
53,53,4.964448622165046e-05,5.057706182828712e-05,-15.949052324175259,-15.876244900427896
54,54,5.1073753695032495e-05,5.09764523533369e-05,-15.825307905726923,-15.842084783601802
55,55,4.946849003317766e-05,4.992302331773221e-05,-15.964020535450134,-15.93277208162113
56,56,4.943177420087879e-05,5.220091713310563e-05,-15.965494598870958,-15.738999530124186
57,57,5.0211976110976015e-05,4.998392040234696e-05,-15.896951690559447,-15.927477700649641
58,58,4.9380022977219565e-05,5.006372616902043e-05,-15.971850874898486,-15.920549159573621
59,59,4.9038822833177415e-05,4.999045287197652e-05,-16.001277570014235,-15.92691015210206
60,60,5.022643992710935e-05,5.096875304987311e-05,-15.897972005673736,-15.842740776201348
61,61,4.945297851665282e-05,4.992568402054818e-05,-15.967064883152972,-15.932540625735111
62,62,4.907574483011033e-05,4.992153098053103e-05,-15.998787360311235,-15.932901906190175
63,63,4.925709121024054e-05,4.9406658370954624e-05,-15.983303277854539,-15.977926050377489
64,64,4.961477788663277e-05,4.915390596388055e-05,-15.949351673615553,-16.000200520303228
65,65,4.966106760398408e-05,4.939742958461131e-05,-15.947260929847495,-15.978737355067032
66,66,4.895118111084436e-05,4.986383244517798e-05,-16.010805925389572,-15.93792431778445
67,67,4.9509310405689396e-05,4.9315749684434484e-05,-15.95865663298091,-15.98592446793031
68,68,4.9135122795051596e-05,4.99298856945978e-05,-15.993648887653293,-15.932175145099272
69,69,4.934902972308919e-05,5.009774605768096e-05,-15.973002789156459,-15.91759899317532
70,70,4.9452810344519094e-05,5.0346444607528517e-05,-15.965572679435184,-15.896092795981174
71,71,4.9589707412020085e-05,4.9715248965903334e-05,-15.95248750024898,-15.95088467695345
72,72,4.888511489063847e-05,4.9688376748235896e-05,-16.014323290130505,-15.95323277161296
73,73,4.975154784990513e-05,5.140691983366483e-05,-15.940196192103892,-15.805565034551385
74,74,4.983365005566306e-05,4.9800678473394855e-05,-15.928990224465,-15.943428267961682
75,75,4.967931581819526e-05,4.9824571186419285e-05,-15.947130833060308,-15.941345166808393
76,76,4.9144100689163586e-05,4.9647255907889064e-05,-15.992059470816372,-15.956828370613323
77,77,4.912585268122955e-05,4.973442704986634e-05,-15.994530321089835,-15.949209671769815
78,78,4.88559308371233e-05,5.1301870323521526e-05,-16.018478926965006,-15.814448877583825
79,79,4.948916350408534e-05,4.901021652346428e-05,-15.96208436875032,-16.012914651305124
80,80,4.928682287332851e-05,5.070101982901657e-05,-15.978227005302541,-15.865613912615865
81,81,4.875463073591332e-05,4.9310409514490807e-05,-16.02813764003531,-15.986394770405854
82,82,4.8905309310996636e-05,4.936640088042048e-05,-16.015460173352658,-15.981466207399023
83,83,4.8529058891365345e-05,4.914100760575629e-05,-16.045591703628812,-16.001340291546256
84,84,4.9040669163679415e-05,4.9501572472141366e-05,-16.001863794627745,-15.969590913311187
85,85,4.923707786371413e-05,4.9529577441525795e-05,-15.982099022037824,-15.967134634856512
86,86,4.9539945750214045e-05,5.015238888230861e-05,-15.958243375866028,-15.912864619585552
87,87,4.8634868342316585e-05,4.924199100442868e-05,-16.040971698356362,-15.992424818582702
88,88,4.9319083606776274e-05,4.9434590197817764e-05,-15.977566242939563,-15.975471480291679
89,89,4.894097571767694e-05,4.878878424183073e-05,-16.008611667924267,-16.03258090179986
90,90,4.848765002890039e-05,5.032070035476385e-05,-16.049625467739055,-15.898314094134477
91,91,4.8918350508644185e-05,4.940859339273486e-05,-16.012809820747034,-15.97775596139494
92,92,4.899954848914388e-05,5.0926646317269554e-05,-16.005465436720673,-15.846330088923056
93,93,4.864978152384247e-05,4.8675140102491956e-05,-16.037134276537486,-16.042708760967233
94,94,4.861071611980826e-05,4.9302700254453446e-05,-16.03939485207121,-15.987073805700136
95,95,4.857673314093977e-05,4.911367413067063e-05,-16.045455978092715,-16.00375661970434
96,96,4.9097624647289454e-05,4.900218750423703e-05,-15.995321985876693,-16.01362618548039
97,97,4.913975615486426e-05,5.010693788981849e-05,-15.994108241769032,-15.916802231620899
98,98,4.8784809926651976e-05,5.075045306799247e-05,-16.020758312247672,-15.861381626184565
99,99,4.861572240995358e-05,4.8807693115362016e-05,-16.03919809456303,-16.03089805017268
100,100,4.8649215049286776e-05,4.9032907171701813e-05,-16.03441602887433,-16.010904429042736
101,101,4.8435707492561836e-05,4.847670520815116e-05,-16.05581147406681,-16.060449916412644
102,102,4.9010468313840134e-05,4.90210326174029e-05,-16.00387051437738,-16.011956309965292
103,103,4.8790015161731136e-05,4.8952667528187465e-05,-16.02024158320313,-16.0180172397405
104,104,4.863201639196144e-05,4.926000263750259e-05,-16.038521741768022,-15.990836555715724
105,105,4.8146427006847175e-05,4.772001116898058e-05,-16.081021637849606,-16.128775496819014
106,106,4.842227425581665e-05,4.8736415919847786e-05,-16.0543246266962,-16.037244983578102
107,107,4.810115344823607e-05,4.93121515319217e-05,-16.083277021562083,-15.986241347385874
108,108,4.830859508785448e-05,4.981491062943334e-05,-16.06833805790491,-15.942187308202104
109,109,4.871214073740628e-05,4.862657921253949e-05,-16.032654379202064,-16.047043674767757
110,110,4.840010379413479e-05,4.897065943958679e-05,-16.05752473928588,-16.016421340546813
111,111,4.8238455981601837e-05,4.862919530224692e-05,-16.07412572702534,-16.04681003243031
112,112,4.833623956374046e-05,4.852343370562027e-05,-16.064849200420504,-16.056265606906372
113,113,4.855312933436038e-05,4.93503236947091e-05,-16.04419230583663,-15.982880807231174
114,114,4.8342296198375294e-05,4.8272101642061515e-05,-16.064272631970702,-16.078818790426052
115,115,4.809983139923659e-05,4.931143848807551e-05,-16.085665301439448,-15.986304145953174
116,116,4.8677425905966116e-05,4.895799620977701e-05,-16.034856689934305,-16.017544519625226
117,117,4.830009969474613e-05,4.7972357079791104e-05,-16.06807862631158,-16.1058702865834
118,118,4.812578588394693e-05,4.794793341333341e-05,-16.08315993870377,-16.108081927883717
119,119,4.8181917402862104e-05,4.8084199270784954e-05,-16.079221973299237,-16.09575698038389
120,120,4.8514472846645075e-05,4.794938745602083e-05,-16.04900145060888,-16.107950228121947
121,121,4.80039212074114e-05,4.906819365140492e-05,-16.095096167185115,-16.007780157458996
122,122,4.801906215641455e-05,4.9255248756564564e-05,-16.093166807097482,-15.991255695743565
123,123,4.801411608044423e-05,4.780750838874251e-05,-16.093077717588834,-16.12081976416168
124,124,4.7871328112621284e-05,4.862344059419181e-05,-16.108625745596477,-16.047324000598515
125,125,4.7901043423557096e-05,4.9462141568686714e-05,-16.103876712493214,-15.973051701916178
126,126,4.8294109293828554e-05,4.856759685361268e-05,-16.070210772958426,-16.052314714081593
127,127,4.759374811684895e-05,4.807145657985913e-05,-16.130367518346237,-16.096908047440138
128,128,4.782439957369244e-05,4.853210990213005e-05,-16.1105477202021,-16.055489139300697
129,129,4.80512788965722e-05,4.77762108570651e-05,-16.088704860398256,-16.12366383549469
130,130,4.7547370487927294e-05,4.79209978182457e-05,-16.13655628994303,-16.11052233907239
131,131,4.777959362662532e-05,4.80419876112137e-05,-16.114350946306338,-16.099571194303483
132,132,4.778226911625585e-05,4.775903921415049e-05,-16.11588867222811,-16.12522504977691
133,133,4.8073315034325225e-05,4.785128514509109e-05,-16.089020667120856,-16.116844801830947
134,134,4.758389121954828e-05,4.7698314071902515e-05,-16.131540942479756,-16.13075057438885
135,135,4.751791114818074e-05,4.8083867448823235e-05,-16.138853975757602,-16.095786950508458
136,136,4.783614949514062e-05,4.8082323796973613e-05,-16.1106552087092,-16.09592637569971
137,137,4.770876435453754e-05,4.811658149456458e-05,-16.122254736224445,-16.0928332158326
138,138,4.747816022892348e-05,4.7503211566149015e-05,-16.14113481272898,-16.148551142123086
139,139,4.7830025201600966e-05,4.747203504513508e-05,-16.110986087330904,-16.151402367470894
140,140,4.7761861817880066e-05,4.725134395381534e-05,-16.116462877498957,-16.17163920817493
141,141,4.732001061430057e-05,4.762860024991249e-05,-16.157162402180752,-16.137102680468335
142,142,4.7592441294853545e-05,4.7695479129048946e-05,-16.13017515494215,-16.131008704398543
143,143,4.753676289182454e-05,4.787297439179383e-05,-16.137269166236685,-16.114876748932673
144,144,4.7302809350382174e-05,4.828475606413313e-05,-16.1595055660585,-16.077680446482514
145,145,4.760225639290287e-05,4.775843262905255e-05,-16.130612626003057,-16.12528020964573
146,146,4.738955324204859e-05,4.7521710113965366e-05,-16.149838511663464,-16.14686025573259
147,147,4.7513737036311306e-05,4.771038794914555e-05,-16.14150041514436,-16.12965138360672
148,148,4.712588298323531e-05,4.764445896542288e-05,-16.175215471321536,-16.13565686719088
149,149,4.707393318969161e-05,4.7392420559557844e-05,-16.179843073227744,-16.15869195547581
150,150,4.722957691200529e-05,4.701823222843048e-05,-16.16581628412996,-16.19311789651874
151,151,4.7269565912597265e-05,4.737074988569427e-05,-16.160423582341366,-16.160678266021968
152,152,4.711452945145735e-05,4.7322988776661655e-05,-16.17562002699635,-16.165059207814817
153,153,4.762649622694205e-05,4.824005851620122e-05,-16.1281998318861,-16.081702603871438
154,154,4.725510644703652e-05,4.7481832505007715e-05,-16.161781747729155,-16.15050614641445
155,155,4.7360178044626304e-05,4.723688317952972e-05,-16.152009492970855,-16.172968523945976
156,156,4.6941138037057957e-05,4.791419230873304e-05,-16.192625736655014,-16.111139146996273
157,157,4.710759679527627e-05,4.762874902409845e-05,-16.17530715533092,-16.1370891147312
158,158,4.723974686300804e-05,4.742900005351801e-05,-16.162707453821213,-16.15534117818033
159,159,4.6885381923801235e-05,4.7066348136133074e-05,-16.19663276773099,-16.18867583492952
