,epoch,train_loss,test_loss,train_dbs,test_dbs
0,0,0.0010207141473524504,0.001027783771094523,-19.90532352552943,-19.889703871612266
1,1,0.0010240410680200944,0.0010285551573983149,-19.897845259513566,-19.88644556797151
2,2,0.0010198984311931988,0.0010244220826088597,-19.911423341061212,-19.90393211350544
3,3,0.0010164251212587522,0.001017798740098155,-19.933336073626734,-19.93210234032466
4,4,0.001013707614398187,0.0010169132361433615,-19.9380865839538,-19.93588242821955
5,5,0.0010091933264569908,0.0010144755789568943,-19.960978927000124,-19.946305460631063
6,6,0.0010069313407491548,0.0010081266947580797,-19.969701452440354,-19.97357028145748
7,7,0.0010056995268258237,0.0010052832474588957,-19.97580207098161,-19.98583697654733
8,8,0.0010032355815373822,0.0010042141626687034,-19.986877508322635,-19.990458009314352
9,9,0.0010003013639547623,0.001000665627591508,-19.994054975578635,-20.00583160746865
10,10,0.0009980127767458098,0.0009979067223244592,-20.012654030893092,-20.017821947420167
11,11,0.0009934863264038775,0.0009926153487819982,-20.029084003441234,-20.04091156574205
12,12,0.0009899532438025415,0.0009933783470554964,-20.03877253745914,-20.037574536456614
13,13,0.0009859183391546544,0.0009880790572711511,-20.048696070538966,-20.06080448622482
14,14,0.00098274262038722,0.0009884070635675208,-20.069537406894035,-20.059363025803233
15,15,0.0009875974225446813,0.0009850354950973078,-20.05785268133252,-20.07420262678581
16,16,0.0009791528399236808,0.0009853813619548945,-20.08251641626824,-20.072677994384005
17,17,0.0009745885017952046,0.000981459207220101,-20.10116662705004,-20.089998894136258
18,18,0.0009739971539658523,0.0009768018223296263,-20.102956686991277,-20.110656818092657
19,19,0.0009701389371724703,0.0009790390307132743,-20.13162922812508,-20.100721370859
20,20,0.0009711011248093444,0.0009709282435084644,-20.127473039188992,-20.13685008427702
21,21,0.0009682763724338225,0.0009679124678338045,-20.143773779151715,-20.15036058859824
22,22,0.000968040659010756,0.0009666836489678213,-20.143520142143814,-20.15587770216929
23,23,0.0009648508107836944,0.0009671503426752201,-20.153586067618477,-20.153781529419483
24,24,0.0009613346120044973,0.0009598923222112813,-20.173000202630295,-20.186496250268114
25,25,0.0009587664924053111,0.0009574746179982627,-20.186629112117608,-20.197448730287096
26,26,0.0009554369739957692,0.0009595926967449486,-20.1986471662593,-20.187852089844228
27,27,0.000955466939539639,0.0009580007570452596,-20.198008499976794,-20.195062906970875
28,28,0.0009532341104692098,0.0009533611561269744,-20.21162600188727,-20.21614689970564
29,29,0.0009445808347813861,0.0009504869506743393,-20.241304988654495,-20.22925984198072
30,30,0.0009462941034706598,0.0009507931842419662,-20.23903495032763,-20.227860831416194
31,31,0.000945335560713501,0.0009477920248173177,-20.245125080163756,-20.24159092956317
32,32,0.0009402654316161096,0.0009438356164058572,-20.266877705769506,-20.25975781198039
33,33,0.0009364569121635682,0.0009390696252108013,-20.28178845152109,-20.281743497202612
34,34,0.0009371632765306486,0.0009376194119747532,-20.2826290162724,-20.288455528006686
35,35,0.0009343267878104654,0.0009384640602787074,-20.29000546686873,-20.284544975754976
36,36,0.0009318021433331917,0.000937000511361188,-20.300719741670598,-20.291323150693692
37,37,0.0009307501580777395,0.0009332473304024653,-20.310657623218304,-20.30875386689766
38,38,0.0009291613835735803,0.000931549403742936,-20.320534428931644,-20.316662507761144
39,39,0.0009262857174971284,0.0009324703500361034,-20.333476866753756,-20.3123711162672
40,40,0.0009258277408212193,0.0009223093879164049,-20.341893511772895,-20.3599551375399
41,41,0.000922253578613253,0.000928012497943679,-20.354274753824257,-20.333183178813222
42,42,0.0009169170690565994,0.0009225044908051036,-20.379300297258304,-20.359036539634076
43,43,0.0009160239151054897,0.000920339848993248,-20.378186198628807,-20.369239163982126
44,44,0.0009198504813332303,0.0009204899175337663,-20.370386820754813,-20.36853107092123
45,45,0.0009107683700048508,0.0009176465376329265,-20.40524865539414,-20.3819671265782
46,46,0.000910506638957514,0.000915255998016188,-20.412798733255137,-20.393295593125647
47,47,0.0009077432152536727,0.0009109124228799422,-20.4191143349802,-20.413955180151184
48,48,0.0009041279566368645,0.0009073287793925326,-20.434998489650855,-20.431074565687336
49,49,0.0009036911375455789,0.0009115218754710728,-20.446778370514203,-20.411050472887766
50,50,0.0008982968205806905,0.0009039284348929007,-20.460235262823332,-20.4473809475309
51,51,0.000902741469356433,0.0009040274062978202,-20.45007867331187,-20.446905463184585
52,52,0.0009006594797385108,0.0009006983386107573,-20.45759994105607,-20.462927813065974
53,53,0.0008967360091568498,0.0009004139145346064,-20.47082518812015,-20.46429945225841
54,54,0.000894808695896423,0.0009013911966528548,-20.486156173833145,-20.459588307082903
55,55,0.0008915794848886885,0.000896257859973335,-20.498853244034766,-20.48439165615928
56,56,0.0008935651510291416,0.0008983149891719222,-20.491556258956525,-20.474434966451767
57,57,0.0008908363998886774,0.0008965680884246371,-20.503695195879676,-20.48288866022155
58,58,0.0008884095586836338,0.0008974269547156597,-20.519329487773966,-20.478730333019847
59,59,0.0008850239478915776,0.0008928074630124396,-20.529363627963583,-20.501143310770487
60,60,0.0008826377950416705,0.000886825262568891,-20.541018215985623,-20.530340868115232
61,61,0.0008804801648684306,0.0008892636396922171,-20.544635931812493,-20.518416077712665
62,62,0.0008767793973975037,0.0008833115326093608,-20.560426101556992,-20.54758242301365
63,63,0.0008777772525287012,0.0008809684046642168,-20.55756164262934,-20.559118099566646
64,64,0.0008802939369583253,0.0008786288243228276,-20.563239361017352,-20.570666963298116
65,65,0.0008740592465889593,0.0008845323954071654,-20.580835813745495,-20.54158399688412
66,66,0.000871732265126805,0.0008823131701271785,-20.59527976742919,-20.552493810609086
67,67,0.000875204110868544,0.0008734934932650312,-20.579858724765273,-20.596124687395903
68,68,0.000876566676000498,0.0008771053919764725,-20.577333651457028,-20.57820362142636
69,69,0.0008689950786761402,0.0008759833075792381,-20.603739635543107,-20.583763124817374
70,70,0.0008690150511047812,0.0008750965996449324,-20.608992574554897,-20.588161466597835
71,71,0.0008660622118713008,0.0008760637536301816,-20.622328206487403,-20.583364308178098
72,72,0.0008670394008825581,0.0008695169909563111,-20.61185293578022,-20.615940701375944
73,73,0.0008596527514998446,0.0008689668182724793,-20.647970076210807,-20.618689498544953
74,74,0.0008652043005585978,0.0008703204251727776,-20.63816880942295,-20.611929670593966
75,75,0.0008661899356814774,0.0008664417147979533,-20.62251235179801,-20.631327897610603
76,76,0.0008604256322213746,0.0008656698995956072,-20.65181661880937,-20.635198261423504
77,77,0.0008628593179272468,0.0008690390141533786,-20.639985048922703,-20.61832869109398
78,78,0.0008634345770391069,0.0008645793208607325,-20.64601857072563,-20.64067299169657
79,79,0.0008577086750331536,0.0008635089340570726,-20.666723046866267,-20.64605307735433
80,80,0.0008575950518788136,0.00085827004850695,-20.66785693914609,-20.672481859796687
81,81,0.0008541089602621253,0.0008595907803330766,-20.68080244385122,-20.665803942149985
82,82,0.0008555916702067576,0.0008592344269058422,-20.677631468392473,-20.667604734093466
83,83,0.0008536624108902035,0.0008579120530109657,-20.68700377893418,-20.674293735943976
84,84,0.0008481251713147713,0.0008574531897657403,-20.71225668650436,-20.676617226884954
85,85,0.0008483306629602442,0.000855495923468353,-20.717008781788003,-20.686541985489132
86,86,0.0008521297269683216,0.0008550851060518701,-20.690800905098982,-20.688628010499343
87,87,0.0008480484728202147,0.0008522322750650346,-20.71621066183281,-20.703141655380826
88,88,0.0008469565163040054,0.000848937831745532,-20.72227442070396,-20.719962552215083
89,89,0.0008461529589450159,0.0008507026359438896,-20.733347730547756,-20.710943644804907
90,90,0.0008443923362233129,0.0008516456888939597,-20.73805068220453,-20.70613190647523
91,91,0.0008429661795218504,0.0008472439980036334,-20.746310940167003,-20.72863642053504
92,92,0.0008393853978426723,0.000846900603439855,-20.75294268964205,-20.7303970065686
93,93,0.0008414986389737154,0.0008437577481871765,-20.744276679949873,-20.74654369007339
94,94,0.0008349486713096039,0.000842329546637637,-20.780258721511625,-20.753901081381176
95,95,0.0008391252642055762,0.0008433258534703208,-20.7610173903748,-20.748767284638674
96,96,0.0008403963983039727,0.000841361550173085,-20.762009438857312,-20.758894818892433
97,97,0.0008408182154207961,0.0008397443054587041,-20.761924422652925,-20.767250755190684
98,98,0.0008369869571755227,0.0008417439653146031,-20.773818463963632,-20.756921314711178
99,99,0.0008345728286436384,0.0008371830519631897,-20.786734214502324,-20.780517151255935
100,100,0.0008329818062436258,0.0008353983897617773,-20.789891611601234,-20.789785091470282
101,101,0.0008328209664749424,0.0008345014587240783,-20.79171172981361,-20.7944504279949
102,102,0.0008317485485302726,0.0008381101743955361,-20.796807677255348,-20.775710300834934
103,103,0.0008262215661048197,0.000836013197457712,-20.821602407041073,-20.78659009624756
104,104,0.000831813563487118,0.000835348551749791,-20.802284817087468,-20.79004418963845
105,105,0.0008296252950814735,0.0008366270186869722,-20.81082520764626,-20.783402570536573
106,106,0.000830326690794612,0.0008306756560494634,-20.81104597397247,-20.814406598413647
107,107,0.0008267787880427444,0.000831702990628975,-20.822945817489504,-20.80903879852473
108,108,0.0008287751457903572,0.0008300396668920783,-20.827498524910926,-20.817732955330932
109,109,0.0008276875188439777,0.0008292624016145343,-20.82934729386965,-20.821801678586446
110,110,0.0008239009508805484,0.0008297021053486356,-20.845028194955386,-20.81949950865981
111,111,0.0008222737185148158,0.0008275432506036994,-20.846054925498834,-20.83081442023806
112,112,0.0008228917626577631,0.0008239921972792791,-20.845011156776216,-20.84949043766582
113,113,0.0008230034469569236,0.0008253475228373549,-20.847158283633043,-20.842352908188264
114,114,0.0008229886688119204,0.0008252954882520594,-20.850096658937712,-20.842626720673675
115,115,0.0008202703044384948,0.0008235294831377503,-20.862129945334274,-20.85192991031176
116,116,0.0008156987419591967,0.0008235188525807308,-20.879030174393062,-20.851985971717525
117,117,0.0008170838364563191,0.0008221123379802233,-20.880443950222602,-20.8594097697345
118,118,0.0008137997326239483,0.0008195455976467775,-20.887167846698542,-20.87299021237646
119,119,0.0008166453509457102,0.0008194575692821098,-20.88424173974152,-20.873456718284864
120,120,0.000814612570804419,0.000819045109796877,-20.88726242809528,-20.87564321311964
121,121,0.0008127726134412067,0.0008214752888306975,-20.89253012754035,-20.862776392112057
122,122,0.0008160938771643205,0.0008150437895796801,-20.88734931108948,-20.896912004119525
123,123,0.0008150915106393627,0.0008188515264344843,-20.88648721375118,-20.876669800324315
124,124,0.0008133377444200678,0.0008163275350326378,-20.904569473635988,-20.890076973086984
125,125,0.0008135174422707293,0.0008213301036065738,-20.896433484081072,-20.863544019758585
126,126,0.0008114149365526115,0.0008186387804974066,-20.90953459262929,-20.877798288067403
127,127,0.000812247615144348,0.0008105771726389465,-20.898152596081644,-20.92077773932871
128,128,0.0008123083503379189,0.0008159620368755178,-20.90641659169997,-20.89202189558318
129,129,0.0008150304135981679,0.000818416509948867,-20.897302771298676,-20.878977611378925
130,130,0.0008085792993444988,0.0008201590052952892,-20.916101754503664,-20.869740851865362
131,131,0.0008056168648481523,0.0008171398198771241,-20.931605527772128,-20.885757684382348
132,132,0.0008082205667304471,0.0008127887022534484,-20.920677849569635,-20.908944846729867
133,133,0.0008096774468755292,0.0008189218259710623,-20.917831332701113,-20.876296968506164
134,134,0.0008094620857310971,0.0008121531726302285,-20.91262733611505,-20.912341977750856
135,135,0.000807297431633414,0.0008156139121733998,-20.92666390064716,-20.893875179085267
136,136,0.0008113558785797856,0.0008186520089542395,-20.917296821232373,-20.877728110602977
137,137,0.0008107087930145952,0.0008175617580204026,-20.913897296187134,-20.88351574109585
138,138,0.0008099635597318411,0.0008141075101632037,-20.918313816731885,-20.901903818310466
139,139,0.0008048291621758535,0.0008139337817403046,-20.93179682824999,-20.90283069032626
140,140,0.0008123211950284534,0.0008130281777611296,-20.90684969212611,-20.907665454277158
141,141,0.000808701536032496,0.0008120444468467644,-20.92365694658436,-20.912923421871984
142,142,0.0008070309521611204,0.0008131324276818257,-20.920193837221987,-20.907108619174796
143,143,0.0008078641258180141,0.0008132467904177151,-20.92758278238434,-20.906497850116004
144,144,0.0008069029655163512,0.0008123705230996405,-20.932277150096397,-20.91117986346079
145,145,0.0008096883419094627,0.0008136428966137924,-20.916572052702872,-20.904383057208108
146,146,0.0008071806160589084,0.0008105647866614163,-20.928074734520923,-20.92084410195246
147,147,0.0008059628313820157,0.0008104988955892622,-20.932649745141106,-20.921197155683444
148,148,0.0008087546874279368,0.000809926107697385,-20.92323456625195,-20.92426744441139
149,149,0.0008057723579131375,0.0008119335122357466,-20.93351046918211,-20.913516758613074
150,150,0.00080867626190608,0.0008141670933630513,-20.924081574346186,-20.901585976898907
151,151,0.000804918195293813,0.0008113355173631326,-20.94452223225094,-20.916716547192728
152,152,0.000807938923262367,0.0008108167124814109,-20.930918490298282,-20.919494512180886
153,153,0.0008094532261650587,0.000811852487171755,-20.9165637903673,-20.913950174570957
154,154,0.0008058563953736009,0.0008101313356555215,-20.934380037988483,-20.923167120832208
155,155,0.0008090360704617402,0.000815721452358718,-20.927789547872244,-20.893302591619197
156,156,0.0008072175251166384,0.0008093234378305313,-20.931719911856007,-20.927500253219552
157,157,0.0008054399201598441,0.0008107131733068902,-20.94352781014858,-20.920049130293204
158,158,0.0008089361801148229,0.0008107453927789864,-20.925248614071386,-20.91987653582504
159,159,0.0008047598212496521,0.0008125926986777861,-20.946190817108228,-20.909992271927514
160,160,0.000806881854137809,0.0008091456348713683,-20.93486497268742,-20.92845447404025
161,161,0.0008062197485957871,0.0008116789885159386,-20.94183533304909,-20.91487839198163
162,162,0.0008069705098060911,0.0008130659729144291,-20.93372618810627,-20.90746356896176
163,163,0.0008058517189581216,0.000807563115622064,-20.94073011262399,-20.93695668072126
164,164,0.0008082452899843608,0.0008085019837476706,-20.925071642997125,-20.931910531377177
165,165,0.0008017852783596777,0.0008146848382526322,-20.955034131463318,-20.898825090512773
166,166,0.0008020527641644183,0.0008098162759683634,-20.947998491927137,-20.924856418490307
167,167,0.0008041284709554358,0.0008104847541912214,-20.94821838316893,-20.921272931045355
168,168,0.0008046548368322864,0.0008081649797723481,-20.93976289310797,-20.9337211574651
169,169,0.0008046897506274129,0.0008113462551447906,-20.953996027496075,-20.916659070004027
170,170,0.0008059222792448072,0.0008093204937483135,-20.93986145209992,-20.92751605161272
171,171,0.0008057115237065351,0.0008101820008290049,-20.93374321103999,-20.92289552391598
172,172,0.0008077383888693354,0.0008115845021644706,-20.930674012153663,-20.915383977197337
173,173,0.0008032283362855693,0.0008111416153903855,-20.94745268970899,-20.917754596426153
174,174,0.0008098383028463451,0.0008108631530041365,-20.918235895651385,-20.91924577180751
175,175,0.0008020620389851098,0.0008128771625802313,-20.957386834249647,-20.90847220554747
176,176,0.0008067913988326705,0.0008081848040762308,-20.9325998955358,-20.93361462624432
177,177,0.0008028639113223276,0.0008093292892322337,-20.951162183481806,-20.927468853878256
178,178,0.0008077113547112755,0.0008084721691710385,-20.93415948457549,-20.932070686146375
179,179,0.0008072521334715648,0.0008105689959943687,-20.93542960472494,-20.92082154872344
180,180,0.000803791833849451,0.0008107125912302811,-20.942742029164826,-20.920052248445945
181,181,0.000806562297079789,0.0008105538221762368,-20.93736254724485,-20.92090284923208
182,182,0.0008034369723448894,0.0008096168657127572,-20.952393932042106,-20.925925962787673
183,183,0.0008090688803799681,0.0008070212053625207,-20.92745802149434,-20.939871965369882
184,184,0.0008044907638380668,0.0008092485582701078,-20.936372268877076,-20.92790208619332
185,185,0.0008080888457941948,0.0008101783674455395,-20.940645814165233,-20.922915000551185
186,186,0.0008033026590674501,0.000807774930236567,-20.94811924211846,-20.935817725082494
187,187,0.0008039073124479925,0.0008075956812765645,-20.95661347770389,-20.936781551389355
188,188,0.0008015037513069194,0.0008085689072399155,-20.95592249650242,-20.931551060390838
189,189,0.0007999193729813566,0.0008089921290152951,-20.963276581906335,-20.92927846749643
190,190,0.0008044398585382427,0.0008090017148979792,-20.9524737802264,-20.929227007523707
191,191,0.0008072411322236522,0.0008087533611902281,-20.93598719361436,-20.93056044355835
192,192,0.0008002949132075169,0.0008073020052458895,-20.9642444644337,-20.938361117476543
193,193,0.0008043233081986455,0.0008078225042768999,-20.94712749917081,-20.935561954148927
194,194,0.0008024226714492074,0.0008079036518833355,-20.95022574810457,-20.935125717382075
195,195,0.0008032811702392304,0.0008106601063015038,-20.948380362015143,-20.920333416557305
196,196,0.000807037491221749,0.0008069192531126502,-20.93426678075616,-20.940420651033754
197,197,0.0008028612385705574,0.0008093850950612442,-20.951198499668898,-20.927169404341733
198,198,0.0008055111813387766,0.000806928523448541,-20.94321866437371,-20.940370757161713
199,199,0.0008038226425042856,0.0008105428546274963,-20.947293159455306,-20.920961613721158
200,200,0.0008037874586736188,0.0008043383254277471,-20.952527715701894,-20.954333803410208
201,201,0.0007976870347755318,0.0008086920715868473,-20.97479601555465,-20.930889576597636
202,202,0.0008024109975127599,0.0008079634556595824,-20.95377859147237,-20.934804249732764
203,203,0.0008043533613540462,0.0008109709198929762,-20.947759944437927,-20.918668615783893
204,204,0.0008038831532683185,0.0008070519451346053,-20.94659564400677,-20.939706543952784
205,205,0.000800301213436712,0.0008082387258151644,-20.962920950868916,-20.933324876519087
206,206,0.0008017404200557197,0.0008062163098274093,-20.95425424634898,-20.944205632484888
207,207,0.000800380327849236,0.0008070891949740288,-20.96760862608289,-20.939506098039917
208,208,0.0008038300336770637,0.0008085728102167579,-20.944049957178585,-20.931530096967688
209,209,0.000803676674492926,0.0008068329066430268,-20.945461543935235,-20.94088540387822
210,210,0.000804246636107564,0.0008093704114128885,-20.94784127088234,-20.927248193602125
211,211,0.0008047690084588129,0.0008107518936556421,-20.943827112671443,-20.919841712518426
212,212,0.0008028230351424709,0.0008112972412307403,-20.957483062766187,-20.916921437831128
213,213,0.0008007570706336692,0.0008082759113198048,-20.96688738308435,-20.93312507060204
214,214,0.000803140916779983,0.0008068960374466291,-20.956792656686755,-20.940545602578165
215,215,0.0008027110832080859,0.0008076790132020649,-20.95624058072299,-20.93633344685869
216,216,0.0008012938460805597,0.0008083465202760539,-20.95753992832577,-20.93274569840613
217,217,0.0007997470104961281,0.0008088323734945765,-20.967968875181235,-20.930136174141616
218,218,0.0008051017354501738,0.0008089448858395611,-20.944021329839728,-20.92953209233283
219,219,0.0007986924160972776,0.0008058028516212577,-20.96773975904221,-20.94643343009004
220,220,0.0008024330816193263,0.0008080886848466961,-20.946921152756993,-20.934131173119923
221,221,0.0008018695924565504,0.0008049991141122423,-20.954849201800382,-20.950767405357734
222,222,0.000803010919270557,0.0008098289836198092,-20.945479267665846,-20.924788269457444
223,223,0.0008001551374111363,0.0008068280018817045,-20.96913603753471,-20.940911804849645
224,224,0.0008018539141930794,0.0008080218624519674,-20.962943687681683,-20.934490314360144
225,225,0.0008001830314823724,0.0008106998253711744,-20.962762646760858,-20.92012063502187
226,226,0.0008096810005432399,0.0008073690880433117,-20.921378675786254,-20.93800025526889
227,227,0.0008019155014987997,0.0008103590409614538,-20.958978283164335,-20.921946611782055
228,228,0.0008012720548125348,0.0008076399711793975,-20.96142520914666,-20.93654338353589
229,229,0.0008011930640162804,0.0008070881502996934,-20.970199748697958,-20.939511719433384
230,230,0.0008097033774883477,0.0008095131733601814,-20.929169278775355,-20.926482224675404
231,231,0.0008058481076828291,0.0008067099414275665,-20.945471414598813,-20.94154733999857
232,232,0.0008023588356475547,0.0008059502364822516,-20.958126870403188,-20.945639159149945
233,233,0.0008044956202772399,0.0008047656125487073,-20.943803812305184,-20.952027321662158
234,234,0.0008056281361316052,0.0008106698698707317,-20.94294754811846,-20.92028111055789
235,235,0.0008071857497345694,0.0008067951972694381,-20.938614220766766,-20.94108838711616
236,236,0.0008060985062386572,0.0008053833275641265,-20.94590937210252,-20.948695080413373
237,237,0.0008047755775233903,0.0008098842655798714,-20.946419574604764,-20.924491813893784
238,238,0.0008017709490737503,0.0008064490271193025,-20.963077210391027,-20.942952206444172
239,239,0.0008020724437545179,0.0008077979865974109,-20.95376962860133,-20.93569376595711
240,240,0.0008034541196016999,0.000809896571904813,-20.949994597069768,-20.924425822632607
241,241,0.0008027035558173797,0.0008068264915460819,-20.955722479835458,-20.940919934600217
242,242,0.000802205313241935,0.0008075638661945337,-20.955221894564794,-20.936952644264863
243,243,0.0008045999392070184,0.0008075198366943942,-20.944517472214173,-20.937189434084758
244,244,0.0008032576321412992,0.0008093332504167369,-20.947199428147904,-20.927447597803823
245,245,0.0007978574938102404,0.0008089872456989006,-20.975982831238372,-20.929304682878367
246,246,0.0008034379444728346,0.000807471214916165,-20.949936395811743,-20.937450936090862
247,247,0.0008027524748557852,0.0008068840252235532,-20.957477127352156,-20.94061025627315
248,248,0.0008032398301983233,0.0008061720934500428,-20.95597845916306,-20.944443824829435
249,249,0.0008048212063287568,0.0008067816165030786,-20.944951641829576,-20.941161492429025
250,250,0.0008030565402748966,0.0008086448008390633,-20.955553028974506,-20.93114344362156
251,251,0.0008029059252519276,0.0008067254583645416,-20.950350228919646,-20.941463804951486
252,252,0.0008002241134893187,0.0008080358996889309,-20.959065543033194,-20.934414867866863
253,253,0.0008051185376615715,0.0008053567572987001,-20.949895456743675,-20.948838360136364
254,254,0.0008025389391516057,0.0008062457016326095,-20.954154114443778,-20.944047306909184
255,255,0.0008000000584006463,0.0008059952585761877,-20.96750753880464,-20.945396559793764
256,256,0.000803588354868872,0.0008053786219342759,-20.9575242906311,-20.948720455101153
257,257,0.0008055332204394196,0.0008084231368756216,-20.93531881908783,-20.93233408545568
258,258,0.0008006696409267402,0.000811003405894888,-20.960200162425902,-20.91849464889494
259,259,0.0008033942359201994,0.0008109972083107813,-20.952069109377916,-20.918527837249556
260,260,0.0008068712585432859,0.0008058171737694034,-20.938790490884216,-20.94635624030819
261,261,0.0008060827601662616,0.0008113494872017519,-20.942218449759867,-20.91664176960116
262,262,0.0008027552418199551,0.0008045845622147777,-20.948689669906987,-20.953004475827072
263,263,0.0007982098145804071,0.0008098715609919868,-20.969075644215664,-20.92455994184644
264,264,0.0008045647853803005,0.0008074460508252837,-20.945536486209924,-20.937586282043803
265,265,0.0008044073870645586,0.0008070177282206714,-20.94581560098908,-20.939890677477585
266,266,0.0008026270205443053,0.0008062519175980828,-20.958265897214098,-20.94401382395116
267,267,0.0008031097900832898,0.0008059004965042206,-20.954532012685732,-20.945907196351577
268,268,0.0008017036028100734,0.0008086109086626062,-20.959105905822263,-20.931325470311965
269,269,0.0007991766408277848,0.0008086317163696023,-20.966466951421708,-20.931213716241306
270,270,0.0008066836492513719,0.0008072912490828649,-20.9456875908225,-20.938418981489484
271,271,0.0008005440485970952,0.0008100333537808375,-20.963369639867814,-20.923692412956285
272,272,0.0008021411984035573,0.0008060700462297781,-20.959384798749706,-20.94499360012215
273,273,0.000798773136321148,0.0008086469422682727,-20.96944115701858,-20.931131942778958
274,274,0.000801332142520888,0.0008063419342139049,-20.956594556467792,-20.9435289688275
275,275,0.0008029306989124755,0.000807917477734583,-20.94895493485388,-20.935051396149426
276,276,0.0007998212504671099,0.0008110329263696545,-20.96297870637324,-20.91833656884407
277,277,0.0008053693250685776,0.0008029552960866376,-20.945499401466854,-20.9618077602698
278,278,0.0008060579739040552,0.000806051183884081,-20.944644355627414,-20.945095227871967
279,279,0.0008046501994219407,0.0008064107785589601,-20.944128436424286,-20.943158190109237
280,280,0.00080629948048958,0.0008085304319760517,-20.936690273446303,-20.931757721718114
281,281,0.0007994580130601666,0.0008050906196187594,-20.961838044232746,-20.950273764093467
282,282,0.0008027263210135867,0.0008083686759499343,-20.953524775827333,-20.932626665852567
283,283,0.0008021014395707584,0.0008104310407744427,-20.957794737934584,-20.921560761426083
284,284,0.0008027363555342651,0.0008071574511153525,-20.958245696221955,-20.939138827454315
285,285,0.0008005220046958205,0.0008076273094813683,-20.968324768963207,-20.936611470169623
286,286,0.0008012669385391643,0.0008068049393937384,-20.9594323500554,-20.941035945984936
287,287,0.0008021800913223901,0.0008088255325626386,-20.959405839159064,-20.930172905999207
288,288,0.0008013924480579102,0.0008075624048758886,-20.957482788323905,-20.936960503001796
289,289,0.0008004342221424522,0.0008071977828972434,-20.961855515063075,-20.938921826016777
290,290,0.000800078764759465,0.0008055599050988492,-20.965227182743785,-20.947743009009358
291,291,0.0008017666099026569,0.000805073454485912,-20.960010260903385,-20.95036635990525
292,292,0.00080345411360091,0.0008052709592065137,-20.951976138493688,-20.949301057228283
293,293,0.0008036404771288645,0.0008054700202161545,-20.958284054391317,-20.948227624570972
294,294,0.0008064928349376339,0.0008045456703066042,-20.945726939837293,-20.95321440962575
295,295,0.0008031164269567918,0.0008047853663906847,-20.956884603070588,-20.951920720694805
296,296,0.0007988495779819018,0.0008038044294440432,-20.965065787681084,-20.957217478848218
297,297,0.0008032687738076927,0.0008035485761387175,-20.954955094745273,-20.95860007096373
298,298,0.00079648224960955,0.0008039122361591772,-20.9844918968751,-20.95663503963406
299,299,0.0007969598884732683,0.0008049704422439007,-20.981140563579224,-20.950922091937475
300,300,0.0008011167687747973,0.0008020352320990673,-20.962056267693434,-20.96678696419097
301,301,0.00079449727476008,0.000801164574161368,-20.99466692974568,-20.971504055269257
302,302,0.0007964150611666444,0.0008030394888728073,-20.990959017591013,-20.96135241056598
303,303,0.0007940962983861796,0.0008027272844245951,-20.994964174926128,-20.96304118222383
304,304,0.0007965883831781594,0.0007980519623838757,-20.987159765529988,-20.988409731209256
305,305,0.0007950703843890392,0.0007981333121853439,-20.994938601440403,-20.98796705365202
306,306,0.0007916360417832189,0.0007992033956964549,-21.00898222030919,-20.98214822495698
307,307,0.0007956343398131814,0.0007965693336078211,-20.997427279685468,-20.996485600800533
308,308,0.0007935400581774637,0.0007974745668961029,-21.007053874317577,-20.991553015643085
309,309,0.0007928786985336121,0.0007959944471765898,-21.01135060296372,-20.99962104841854
310,310,0.00079186336970264,0.0007950884939514493,-21.012533432120772,-21.00456674318895
311,311,0.0007947632759694278,0.0007962341463242314,-20.997404137666923,-20.998313447005668
312,312,0.0007883261951627498,0.0007964262836857846,-21.028329712898362,-20.9972655877794
313,313,0.0007917582304648979,0.0007979972655639836,-21.014591993608146,-20.988707397805626
314,314,0.0007915652672683378,0.0007971655577421188,-21.016241062339883,-20.993236166217798
315,315,0.0007910454098480879,0.0007922642582439279,-21.021250400903764,-21.020020791143054
316,316,0.0007915691245760116,0.0007958002878647102,-21.01680696417965,-21.000680510625838
317,317,0.0007911337552755379,0.000793829128317731,-21.01727319626768,-21.01145112350277
318,318,0.0007921901811154309,0.0007967131586108161,-21.018840283173414,-20.995701528853026
319,319,0.0007896434255280369,0.0007952065145792929,-21.022385046029235,-21.00392213690845
320,320,0.0007894223336293602,0.0007958028551289125,-21.024561822425536,-21.000666500240378
321,321,0.0007895059804384088,0.0007961319918793283,-21.021930382056013,-20.998870669502672
322,322,0.0007913720358364745,0.000794472206555503,-21.02157548203449,-21.0079343431636
323,323,0.0007886405087306558,0.0007941822098617099,-21.026157413406366,-21.009519885796184
324,324,0.000787402161747486,0.0007932882351604732,-21.036677316950303,-21.01441129428782
325,325,0.000789196322283218,0.0007931968246243502,-21.030374560053858,-21.014911760286225
326,326,0.0007941448075706427,0.0007970758719908956,-21.005740927458305,-20.993724800199782
327,327,0.0007893764545910598,0.0007951583155724956,-21.023791692334257,-21.004185379182108
328,328,0.0007896410630170986,0.0007929413420099177,-21.028193253114612,-21.016310814832213
329,329,0.00078716476210249,0.000797073390506404,-21.037204582748416,-20.993738320828584
330,330,0.000788344684796235,0.0007896657334640622,-21.03127990781186,-21.034288502026712
331,331,0.0007915371325654313,0.0007960447845490355,-21.019078867921724,-20.999346416453974
332,332,0.0007909929269406292,0.0007968867062836102,-21.019022571162395,-20.994755610136544
333,333,0.0007933925551640772,0.0007909702896875771,-21.01140346868689,-21.027119720731704
334,334,0.0007896481385483339,0.0007944144002210937,-21.022193098564045,-21.008250350258848
335,335,0.0007941357397771988,0.000796799397855801,-21.00899149520972,-20.995231457524064
336,336,0.0007863109301266827,0.0007917402851346292,-21.042820560745817,-21.022893998032334
337,337,0.0007892402396633377,0.0007934171344937855,-21.034376097494114,-21.013705677853007
338,338,0.0007883039142302785,0.0007915377071568448,-21.02967833300392,-21.024005344224417
339,339,0.0007913074769396527,0.0007903095101937652,-21.02074613666314,-21.030749349145893
340,340,0.0007879132934193098,0.0007916112908309227,-21.031824077843506,-21.023601630061393
341,341,0.0007902535642305217,0.0007930573897044125,-21.026761320947628,-21.015675267370053
342,342,0.0007881549530249742,0.0007905829054499535,-21.03123072517777,-21.029247234882455
343,343,0.0007898411035451308,0.0007915123806972252,-21.02796352295841,-21.02414430560971
344,344,0.0007868470316848804,0.0007927307528198549,-21.03944622225173,-21.017464366364447
345,345,0.0007887691236581154,0.0007916359586249056,-21.030092125685336,-21.02346629950184
346,346,0.0007899557192301013,0.0007942620860902887,-21.025148725477145,-21.009083108687605
347,347,0.0007872878743057168,0.0007915339512309354,-21.033822556229108,-21.02402595198261
348,348,0.0007888320059342714,0.0007924456670145063,-21.02482013153297,-21.01902647884502
349,349,0.0007898072194855314,0.00078967226803989,-21.026468990334912,-21.034252563801694
350,350,0.0007902831547250299,0.0007937748940955652,-21.021012119257367,-21.01174784262282
351,351,0.0007895335588681022,0.0007936294331509424,-21.03030948708163,-21.01254376946609
352,352,0.0007875357165250965,0.0007932935198033718,-21.03747762385798,-21.014382363017905
353,353,0.0007916234617275138,0.0007916718390525171,-21.027993349831235,-21.02326946257923
354,354,0.000786956788530362,0.0007892489390398719,-21.03945591863753,-21.03658136212701
355,355,0.0007893780502010637,0.0007922122604213655,-21.02804839486035,-21.020305836293957
356,356,0.0007875283607569782,0.0007930168924902223,-21.03685549099159,-21.015897044078198
357,357,0.0007898646296414825,0.0007919410556113641,-21.02458225351817,-21.02179284834523
358,358,0.0007888610149522495,0.000792425364795092,-21.03158229151513,-21.0191377452091
359,359,0.0007880577564325914,0.0007899250424663095,-21.035975603794746,-21.032862607782306
360,360,0.0007911692991535919,0.0007916451401175245,-21.02559961974809,-21.023415929778075
361,361,0.0007900203501364005,0.000789915018494388,-21.022976969176792,-21.03291771912933
362,362,0.0007852467596674934,0.0007902739943299247,-21.04596656916449,-21.030944521924102
363,363,0.0007870368864723318,0.000793705014266858,-21.03538105317435,-21.012130189811767
364,364,0.0007845230056116953,0.0007914631799059478,-21.058767738223672,-21.024414273544725
365,365,0.0007893061883430736,0.0007916694249663698,-21.034662382780137,-21.023282705767116
366,366,0.0007895685692759442,0.0007904756501758177,-21.022700102729075,-21.029836465099365
367,367,0.000788308585845126,0.0007911988221550066,-21.031012826570922,-21.025865109078786
368,368,0.0007896848255768418,0.0007914615899177367,-21.02937750883891,-21.024422998193167
369,369,0.0007852786142599874,0.0007899445328420322,-21.04655360128421,-21.03275545257457
370,370,0.000786098931224767,0.0007938744628948992,-21.03833293895228,-21.01120311050062
371,371,0.0007863713952847133,0.0007923948517265288,-21.0408562145923,-21.019304977519326
372,372,0.0007899705777856876,0.0007922748520382141,-21.033316933078005,-21.019962719665095
373,373,0.0007875581528780233,0.0007920219458786672,-21.029945630843045,-21.02134927489399
374,374,0.000792659574293906,0.0007938499329611659,-21.02086809044648,-21.011337305262515
375,375,0.000787605836953891,0.0007944961881117994,-21.04117545116263,-21.00780325109654
376,376,0.0007878828976188123,0.0007911208637156769,-21.03203516432722,-21.02629304940397
377,377,0.0007891106814117238,0.0007931432950212375,-21.034201111223467,-21.015204857724427
378,378,0.0007883168063270524,0.0007926769995767819,-21.022259144952713,-21.017758861415636
379,379,0.0007897061205795515,0.000790639382198845,-21.02109664458423,-21.028936999685275
380,380,0.0007877640075712782,0.0007922796955283143,-21.037633284861403,-21.01993616960373
381,381,0.0007850314189257465,0.0007961886616325692,-21.048930125040705,-20.998561543811448
382,382,0.0007874392934345169,0.0007922548745562764,-21.044458162128063,-21.02007222988788
383,383,0.0007896952843533579,0.00079214452814899,-21.028040724245052,-21.020677163666296
384,384,0.0007870136382125472,0.0007929705163022797,-21.033217154381227,-21.01615102998514
385,385,0.0007903113158314114,0.0007912769429630747,-21.020534729303378,-21.02543631975207
386,386,0.000786444630123406,0.0007923891044859039,-21.038313705091312,-21.019336477016523
387,387,0.0007872661544470904,0.0007916402996909854,-21.04294773109489,-21.023442484314394
388,388,0.0007887842618505057,0.000793714839107308,-21.036141657112587,-21.012076431204882
389,389,0.0007840072035251819,0.000793679035268724,-21.052595583898736,-21.012272342374523
390,390,0.0007885434915618875,0.0007850572950892934,-21.0305407995153,-21.059707893675576
391,391,0.0007881780362630397,0.0007935981940183984,-21.02747446771811,-21.012714721415932
392,392,0.0007836256679099475,0.0007909455667494944,-21.04656724933928,-21.0272554679719
393,393,0.0007881023639035364,0.0007901246947432427,-21.037416587543298,-21.031765074197246
394,394,0.0007896518074312084,0.0007921475549473575,-21.028062507394267,-21.020660569228404
395,395,0.00078760823426941,0.0007902480337131573,-21.031511179292792,-21.031087190642538
396,396,0.0007883404488387258,0.0007871676689798111,-21.029429023421077,-21.048048947827578
397,397,0.0007907406921431268,0.0007897286222463375,-21.031318556684745,-21.033942644755133
398,398,0.0007844878163803177,0.0007920719677043197,-21.046179156614656,-21.021074995665003
399,399,0.0007885057753979315,0.0007927822206463469,-21.033659569429854,-21.017182411017213
400,400,0.0007911331365941112,0.0007952115939635979,-21.024068150106785,-21.003894396422304
401,401,0.0007889335158943516,0.0007906456134821239,-21.029693012145813,-21.028902771675135
402,402,0.0007894614167732292,0.0007945330335611576,-21.034479532616473,-21.00760184793637
403,403,0.000785700484183761,0.0007930026132319318,-21.04502413415281,-21.01597524492074
404,404,0.000789607377583641,0.0007914306479506195,-21.026320457769888,-21.024592787712105
405,405,0.0007866844120819468,0.0007934053918640865,-21.035672633396846,-21.0137699542191
406,406,0.000785207768935787,0.0007897040923126042,-21.0452880541877,-21.0340775440106
407,407,0.0007905544450304942,0.0007920563129070951,-21.024632172008214,-21.021160832047492
408,408,0.0007847524668118849,0.0007902093133644053,-21.048514008605714,-21.031299990232917
409,409,0.0007848899851111483,0.0007940419722887638,-21.05130720127121,-21.01028683551183
410,410,0.0007880212944337004,0.0007943574057303761,-21.040245919286118,-21.008561941800636
411,411,0.0007913370974381099,0.0007893255893386117,-21.017158539228777,-21.036159604380302
412,412,0.0007888820717236047,0.0007911958566278612,-21.032995490976138,-21.02588138709201
413,413,0.0007875779050776793,0.0007929201329764174,-21.04082749614858,-21.016426978398343
414,414,0.0007866788883549497,0.0007917876079629519,-21.04596242899058,-21.022634425172214
415,415,0.0007886732292371159,0.0007938604011494471,-21.03400098403045,-21.011280036926998
416,416,0.0007868947313628016,0.0007940529704731153,-21.03961752934,-21.010226682297485
417,417,0.000785809867180039,0.0007927053650890134,-21.0427777010663,-21.01760345429475
418,418,0.0007880230220610794,0.000792421961178709,-21.032300605652914,-21.019156399016182
419,419,0.0007887380233648972,0.0007892698172087732,-21.03692321085918,-21.036466478809842
420,420,0.0007857738084342215,0.0007947362885859452,-21.039836483595153,-21.006490991079882
421,421,0.0007889665220384054,0.0007926594484352359,-21.02329248746451,-21.017855022251837
422,422,0.0007861476786405847,0.0007937780342456934,-21.041698784804538,-21.01173066209487
423,423,0.0007858073402474605,0.000789028852810397,-21.044837548792856,-21.03779258408194
424,424,0.0007880882392445407,0.0007944379681966415,-21.036437022866636,-21.008121509569378
425,425,0.0007916873599373803,0.000790622284464342,-21.018709731803092,-21.029030917749623
426,426,0.0007846316403094871,0.0007924062757458733,-21.042253085107475,-21.019242365391193
427,427,0.0007875452811839347,0.0007927844999358058,-21.03422345235224,-21.017169924846538
428,428,0.0007884066621532914,0.0007912743450632613,-21.029497388180985,-21.025450578418592
429,429,0.000792118343860679,0.0007911789120714131,-21.023135994355382,-21.025974398273807
430,430,0.0007849948825170622,0.00079093147130487,-21.05200557620502,-21.02733286430137
431,431,0.0007909088330727416,0.0007900295313447714,-21.0181988723938,-21.032288174261815
432,432,0.0007863675361768026,0.0007925201360577423,-21.03631926188635,-21.018618375471295
433,433,0.0007909360136500723,0.0007879577001164618,-21.01936454816589,-21.04369239058226
434,434,0.0007891338528613991,0.0007949079797407122,-21.02778546119048,-21.005552862683707
435,435,0.0007894915197351851,0.0007947817702140463,-21.02671087480017,-21.006242457632798
436,436,0.0007877765330197962,0.0007904048145160471,-21.035866591436534,-21.030225660068467
437,437,0.0007857425935259185,0.0007928275215243431,-21.040126193524216,-21.01693425510821
438,438,0.0007888374312483158,0.000790700586022515,-21.03005022303622,-21.02860082298148
439,439,0.000789703485632757,0.0007896448246595499,-21.034327649963384,-21.034403496235754
440,440,0.0007870460970845726,0.0007937222192259995,-21.04172168511072,-21.012036049826524
441,441,0.0007881977758610371,0.0007933382968124198,-21.029785211379078,-21.014137234844537
442,442,0.0007886220172969336,0.0007890523870867726,-21.03386996416738,-21.03766304947868
443,443,0.0007882263168174121,0.0007911412333334355,-21.035221409885665,-21.02618122959096
444,444,0.0007902604543373527,0.0007925864866640614,-21.024088592854664,-21.018254794854077
445,445,0.000787923358544016,0.0007929916211747025,-21.035077642592327,-21.016035444254328
446,446,0.0007889389742127399,0.0007925852459218157,-21.03444534538925,-21.018261593455133
447,447,0.0007879098063603658,0.0007931124265795868,-21.03266405319914,-21.0153738846183
448,448,0.0007862880161108891,0.0007913317010541888,-21.044178311571457,-21.025135788892342
449,449,0.000784499553325058,0.0007935910589845949,-21.046439109029404,-21.012753767872464
450,450,0.0007869115617779112,0.0007951369257888904,-21.036736612372376,-21.00430220610516
451,451,0.0007851988787657206,0.000791250669863075,-21.04760999306886,-21.025580522763264
452,452,0.0007905672687182645,0.0007936536597921268,-21.021188307016807,-21.012411197064495
453,453,0.0007858367231146423,0.00079152113329129,-21.045856127954004,-21.02409628131621
454,454,0.0007898196927271783,0.0007924787197752218,-21.02706380128342,-21.01884533920565
455,455,0.0007882140290001695,0.0007938542587094401,-21.037505747804012,-21.01131364029248
456,456,0.0007855832401528647,0.0007902678672077233,-21.048614259623992,-21.030978193608817
457,457,0.0007867449954555361,0.0007933329355804936,-21.038342474834035,-21.01416658375305
458,458,0.0007894751165763082,0.0007941272924654186,-21.03815761408456,-21.009820209154377
459,459,0.0007873875324220694,0.000791908502211108,-21.037736404392913,-21.021971372397978
460,460,0.000786660132886477,0.0007884944574662337,-21.034964861063337,-21.040734980641037
461,461,0.00078609209752536,0.0007914993268633751,-21.04349831357149,-21.0242159312077
462,462,0.0007877171522044798,0.0007906157406978309,-21.04762776232025,-21.029066863276373
463,463,0.0007877361297021745,0.000790278081120433,-21.03924447241404,-21.030922063055534
464,464,0.0007878069552237686,0.0007902471851067323,-21.03765476091973,-21.031091854308496
465,465,0.0007892998341067703,0.0007926543721144921,-21.02924505865911,-21.017882835269788
466,466,0.0007861659078397932,0.0007907658184290325,-21.05151615657278,-21.02824254696464
467,467,0.0007903900281910199,0.0007913139967345877,-21.026225845752112,-21.025232953890416
468,468,0.0007897106619772607,0.0007920641219243407,-21.02779893417038,-21.021118014430545
469,469,0.0007890001354623854,0.0007912549343401272,-21.03299061347627,-21.025557116351976
470,470,0.0007849327683419988,0.0007884818784843542,-21.04152427860921,-21.040804264907315
471,471,0.0007903864415189655,0.0007910531559517901,-21.024964117751963,-21.02666475451214
472,472,0.000789526030877317,0.0007914785099656958,-21.032418391043493,-21.024330154712064
473,473,0.0007844130759434678,0.0007930068409462509,-21.048726666486353,-21.015952091553082
474,474,0.0007878806569239067,0.0007912622164248636,-21.039553761931366,-21.025517147505933
475,475,0.0007865009073302457,0.000793698810555629,-21.039537375491065,-21.01216413501855
476,476,0.0007888656655643327,0.0007901498527070018,-21.03719363078404,-21.031626794872867
477,477,0.0007897667213554311,0.0007904442578652187,-21.02808346814163,-21.030008940721938
478,478,0.0007863455060773442,0.0007922977613481251,-21.04505109184005,-21.01983714148969
479,479,0.0007892747202014416,0.000790159260903142,-21.030730707191445,-21.031575084386187
480,480,0.0007874213042668998,0.0007916592876426876,-21.039693988102925,-21.02333831751345
481,481,0.0007900865880542041,0.0007889564731158316,-21.0297272251601,-21.038190992121066
482,482,0.0007861516259601052,0.0007931824963490822,-21.048312620527774,-21.01499021177386
483,483,0.0007863516388845045,0.0007956806037231887,-21.040725989738537,-21.001333715607522
484,484,0.0007888973881394516,0.00079023445907392,-21.035320615200877,-21.031161793062264
485,485,0.0007873779377592824,0.0007933280553276601,-21.03821303422844,-21.014193299817634
486,486,0.0007899554137899013,0.0007887094796292091,-21.026143656267017,-21.039550822559143
487,487,0.0007867861506721177,0.0007891230665049271,-21.039108486445688,-21.0372740473403
488,488,0.0007885954980066372,0.00079198579892124,-21.027770338353783,-21.021547486351004
489,489,0.000785393842625595,0.0007927961690400384,-21.048545502451542,-21.01710600091411
490,490,0.0007857756410754219,0.0007919047217767098,-21.04796149811674,-21.021992104915842
491,491,0.0007881739809293031,0.0007932970949791764,-21.036495685347887,-21.014362790494165
492,492,0.0007901161191408935,0.0007920929255258096,-21.028175911148196,-21.020960085073753
493,493,0.0007874165108360196,0.0007927306731672663,-21.03355985290197,-21.0174648027381
494,494,0.0007910129587770891,0.0007933698147290239,-21.024767885181028,-21.01396470081431
495,495,0.0007864878250084357,0.0007906503681289522,-21.037625175262416,-21.028876654908824
496,496,0.0007881130597112489,0.0007910422435471494,-21.03903414896912,-21.026724664895816
497,497,0.0007845632883134423,0.0007906315241646217,-21.0431003800135,-21.02898016371097
498,498,0.0007866204832680523,0.000794165905589532,-21.03561999026538,-21.00960904579039
499,499,0.0007887484515373854,0.0007916798472012344,-21.031612237425442,-21.023225531785727
