,epoch,train_loss,test_loss,train_dbs,test_dbs
0,0,0.0010534808334904079,0.0010490124665298744,-19.778446699100027,-19.798102330095308
1,1,0.0010478596590680176,0.0010475522262583439,-19.79452644712868,-19.804151982623623
2,2,0.0010453211491658668,0.0010403660371115333,-19.8066081200504,-19.834047162628078
3,3,0.0010415138904792593,0.001037560207279105,-19.826755095102094,-19.84577575171808
4,4,0.0010368046002731343,0.0010333435707970669,-19.848490103683393,-19.863461406710265
5,5,0.0010330857704249547,0.0010329640599114722,-19.85892989696977,-19.86505671113483
6,6,0.0010279507895922001,0.001021984713397136,-19.876683605934954,-19.911464826422808
7,7,0.001026468938960665,0.0010262244675112399,-19.88826132542063,-19.893485174115465
8,8,0.0010191769910419418,0.0010210920927899057,-19.90928328754108,-19.9152596933377
9,9,0.001016796769972737,0.0010131514557686291,-19.927544715681652,-19.949165096250418
10,10,0.00101291498207708,0.0010087597337061244,-19.946505434638635,-19.96803144079807
11,11,0.001010761758283779,0.001009187115797479,-19.950853377099925,-19.966191851348427
12,12,0.0010085802647698018,0.0010121444509805816,-19.962925030840157,-19.953483839573614
13,13,0.0010074739585649798,0.0010084109901646642,-19.967304147939,-19.969533122290592
14,14,0.001000956220542724,0.0010012076266943232,-19.994143469344646,-20.000667332316574
15,15,0.0010036605706716859,0.0009967385435869034,-19.984546274231857,-20.02009629790794
16,16,0.0009963606164992316,0.000996218586806208,-20.012923409117597,-20.02236242157276
17,17,0.0009903569415346096,0.0009923175982150592,-20.044622496726447,-20.039401890154444
18,18,0.000989400623870303,0.0009915852263618849,-20.04422910506477,-20.042608348303936
19,19,0.0009910271277401557,0.0009846639801061859,-20.043341622863807,-20.073028310892145
20,20,0.0009845957146794296,0.000981732161323491,-20.064138272459186,-20.08597863799988
21,21,0.0009858899530186557,0.000976217809549876,-20.06776382904217,-20.11044156007905
22,22,0.0009784118161949608,0.0009804675049197517,-20.097195963931483,-20.091576777507754
23,23,0.000974380048159894,0.00097771112402705,-20.110454847952614,-20.103803259654626
24,24,0.0009687312677041771,0.0009720318485051394,-20.126156987900327,-20.12910387651384
25,25,0.0009727447813367183,0.000965262720312335,-20.125163738937466,-20.159453489140226
26,26,0.0009631657278040404,0.0009710945887491107,-20.15708316111903,-20.13329348315926
27,27,0.0009646607465686795,0.0009647474446530012,-20.156266252326944,-20.16177245496628
28,28,0.0009602080483335195,0.0009580291715744687,-20.17423696460794,-20.1921214905732
29,29,0.0009601828834214775,0.0009559839044844633,-20.180899632102772,-20.201403021200143
30,30,0.0009518259135314945,0.0009524735995862437,-20.209838803332424,-20.217379355628037
31,31,0.0009542538558814636,0.0009496086430245716,-20.20711365730709,-20.230462236469748
32,32,0.0009534073400685622,0.0009512967938606284,-20.209833463425646,-20.222748493626625
33,33,0.0009504512526075711,0.0009418656853468795,-20.222318105562888,-20.266019077253183
34,34,0.0009409128046191307,0.0009442567610868105,-20.26965931992576,-20.255007792615526
35,35,0.0009392012773590527,0.0009396755485795438,-20.272118369130435,-20.27612956247777
36,36,0.0009390928262854283,0.0009379403383814191,-20.269540288925146,-20.284156682761104
37,37,0.000934084096669037,0.0009334923785277887,-20.294599215566215,-20.304801059020726
38,38,0.0009344234467320836,0.0009310677445395605,-20.296564946618165,-20.31609600995564
39,39,0.0009290739484659405,0.0009327196565113569,-20.319086821090522,-20.308397530596935
40,40,0.0009280532615297695,0.0009249356930683318,-20.319907053728468,-20.344793433169215
41,41,0.0009276974903054766,0.0009270105756034976,-20.328528844018358,-20.33506193687364
42,42,0.0009222097764482972,0.0009193695180951373,-20.35275489602522,-20.37100781895635
43,43,0.0009198846528306603,0.0009179003689879257,-20.36123490266801,-20.377953379767348
44,44,0.0009156477087916634,0.0009145669326627333,-20.383073466429526,-20.393753875605576
45,45,0.000918550439630203,0.0009139817220305926,-20.373155592507274,-20.396533716943843
46,46,0.0009107168322217833,0.0009114343771024755,-20.398715113854475,-20.40865477322729
47,47,0.0009120643269702716,0.0009106010854195215,-20.406327844644508,-20.412627187731815
48,48,0.0009088849525217005,0.0009027308827315114,-20.41261598460792,-20.450325823402945
49,49,0.0009057590229071907,0.0009019151575079089,-20.427412098971093,-20.4542519671407
50,50,0.0008994980610801464,0.0009030043637674106,-20.456833141223065,-20.449010333704948
51,51,0.0009009960130308323,0.0009024981685031794,-20.45593721660441,-20.45144553179359
52,52,0.0008993859339226998,0.0008936152842484022,-20.455511378132133,-20.49440294144338
53,53,0.000898726249699356,0.0008971037459559739,-20.46478774405863,-20.47748212292429
54,54,0.0008968399584379777,0.0008964576776825675,-20.47097096806322,-20.480610913435843
55,55,0.000890167221215736,0.0008927098089387934,-20.503082637755824,-20.49880575664922
56,56,0.0008942819675718693,0.0008913874626159668,-20.490733212268797,-20.50524360984801
57,57,0.0008911209783430413,0.000884361454824868,-20.50462316366555,-20.53961076960463
58,58,0.0008898088678515987,0.0008870998863130808,-20.508817682821356,-20.52618358828125
59,59,0.0008860161712815621,0.0008865197979551004,-20.525236453070367,-20.52902443611469
60,60,0.0008851331448633724,0.0008783508000258161,-20.532466744347737,-20.56922881216447
61,61,0.0008837486990516257,0.0008809815963583165,-20.538459824821583,-20.55624046290026
62,62,0.0008796145827461456,0.0008757591437499382,-20.559180637088534,-20.582062019599327
63,63,0.0008756274335835245,0.0008753953581234734,-20.571687648341232,-20.583866430258382
64,64,0.0008782395359714391,0.0008732801866962722,-20.565562687355417,-20.594372755801025
65,65,0.0008742450304406206,0.0008740586406355234,-20.58101442625845,-20.590503119674235
66,66,0.0008702606140376674,0.0008745627771866949,-20.597310104086638,-20.587998932934504
67,67,0.0008718854064822735,0.0008693451374328058,-20.597609526838028,-20.613986531203174
68,68,0.0008662979516978423,0.000869487571579061,-20.609367646324387,-20.613275038216287
69,69,0.0008714796132744127,0.0008690719321174057,-20.59872186349518,-20.615351584089048
70,70,0.0008680967166395762,0.000865128902277272,-20.619297628113085,-20.63510061221192
71,71,0.0008664469735111235,0.0008669110738035096,-20.624323737575946,-20.626163318113804
72,72,0.0008674695374943392,0.0008634039305003458,-20.622779295140553,-20.643768610396734
73,73,0.0008597537759960312,0.0008594063662090584,-20.66047444060235,-20.663923159413784
74,74,0.0008620030610322876,0.0008653166464922068,-20.650093807756598,-20.634158238995575
75,75,0.0008599579882731219,0.0008601679399266447,-20.652377741419738,-20.66007630867223
76,76,0.0008595885898553065,0.000858521131847642,-20.661300900882242,-20.66839892958239
77,77,0.0008569805350001018,0.0008553943235280091,-20.671013560024036,-20.684245185026263
78,78,0.0008569022306941988,0.0008495821078356944,-20.664993871385896,-20.71385524806843
79,79,0.0008547905665707112,0.0008544283551409057,-20.677262559495784,-20.689152299548468
80,80,0.0008559768627032868,0.0008519480991373328,-20.681684230096906,-20.701777441579022
81,81,0.0008509500857116174,0.0008513293517018227,-20.69867636950643,-20.704932753810997
82,82,0.0008535002185435025,0.0008532687788829207,-20.69326400696262,-20.69505027334669
83,83,0.0008512087509554532,0.000848094892908672,-20.693506519246064,-20.721464344511993
84,84,0.0008502058029539653,0.0008489416060528081,-20.706082778081367,-20.71713063834844
85,85,0.0008466727563573681,0.0008474628986349623,-20.721993077690723,-20.72470188250388
86,86,0.0008484799056025894,0.0008448796426436227,-20.708545800265835,-20.737960364948904
87,87,0.0008454569909462379,0.0008490482945681402,-20.730004196972267,-20.71658488441274
88,88,0.0008451329386965899,0.000845728858717178,-20.733346880288977,-20.73359732187405
89,89,0.0008432517811108726,0.0008439243170677832,-20.742928358025008,-20.74287381470578
90,90,0.0008434506628863974,0.0008417026960830155,-20.740407031715158,-20.75432164136852
91,91,0.0008417958388892338,0.0008415975699838447,-20.747255190676547,-20.75486409580465
92,92,0.0008417699568828126,0.000840956446298055,-20.745834799918697,-20.75817378440587
93,93,0.0008387304386412053,0.0008399409493186364,-20.76226414021474,-20.76342127648191
94,94,0.0008367401308898535,0.000837468523777237,-20.763883587000226,-20.77622389342627
95,95,0.0008380488119299341,0.0008396202373612476,-20.76147547224519,-20.765079845829327
96,96,0.0008341607682109263,0.000837021409288833,-20.784806199890305,-20.77854315920235
97,97,0.0008383962000508975,0.0008374538462560036,-20.76731187984783,-20.776300008792496
98,98,0.0008347817125355767,0.0008377509289666227,-20.78205039409999,-20.774759643278365
99,99,0.000835177280397644,0.0008366693632285061,-20.77749170799813,-20.780370159340503
100,100,0.0008315229668406789,0.0008379910999026738,-20.792161787767284,-20.77351476296674
101,101,0.0008359427051378664,0.0008341582755460159,-20.77724582212138,-20.79342419699051
102,102,0.0008350261337047001,0.0008380797716151727,-20.78587448974055,-20.773055240208734
103,103,0.0008323378578913351,0.0008357059743598496,-20.803693453716217,-20.78537375520157
104,104,0.000829686182095026,0.000831140738323723,-20.809954401227717,-20.80916312661163
105,105,0.0008322338630042048,0.0008343760732953486,-20.800641520672002,-20.79229040719099
106,106,0.0008299211214162102,0.0008320285093137308,-20.8096397790972,-20.804526748452044
107,107,0.0008268705989262953,0.0008279436212768288,-20.819302224560886,-20.825901178563484
108,108,0.000833831650094542,0.0008264372100759493,-20.795103387342024,-20.833810194920915
109,109,0.0008288201013071098,0.0008285330994495828,-20.813249641761672,-20.822810194848074
110,110,0.000826968582822298,0.0008278785144763166,-20.823981416585575,-20.826242707083978
111,111,0.0008264150159654313,0.0008293294262042956,-20.816646163896458,-20.818638071567527
112,112,0.0008295196667793638,0.0008259468197234367,-20.81355820548061,-20.836387971351655
113,113,0.0008283905785761236,0.0008263328835662259,-20.81754205453926,-20.834358467517614
114,114,0.0008249030197663329,0.0008202258184993346,-20.833860687612393,-20.866574468295276
115,115,0.0008269262124457848,0.000826250721921066,-20.830411106093006,-20.834790304660714
116,116,0.000828049808126135,0.0008228241257663621,-20.82121737930763,-20.852838653958536
117,117,0.0008230630167971182,0.0008199571350001191,-20.847579278779165,-20.86799733105437
118,118,0.0008253579690437956,0.0008227708718837484,-20.835148203693095,-20.85311974216554
119,119,0.0008208331539170797,0.0008216154590052994,-20.851981540896336,-20.85922280335722
120,120,0.0008190304986633284,0.0008172512722299679,-20.85536768650906,-20.882352770895114
121,121,0.0008217028987872385,0.0008171216468326747,-20.857939521851026,-20.883041666241095
122,122,0.0008163273462920075,0.0008170565093965514,-20.88108158845211,-20.883387880991073
123,123,0.000821090577597509,0.0008166412161173005,-20.864158105601874,-20.885595873089223
124,124,0.0008193742761090782,0.0008164333075432008,-20.87408394251196,-20.88670168357921
125,125,0.0008130256313417759,0.0008144834611907994,-20.896913046080286,-20.8970861241724
126,126,0.0008125399844240897,0.0008154205861501396,-20.900814290283236,-20.892092109411763
127,127,0.0008164806286660359,0.0008118995894236784,-20.87777043190028,-20.91088560633142
128,128,0.0008157758509077746,0.0008124946677861246,-20.890534984212298,-20.90770362930183
129,129,0.0008148785858155833,0.0008135494426824152,-20.8908722331089,-20.902069305135463
130,130,0.0008121538396022215,0.0008119098554169269,-20.90685217401671,-20.910830692693203
131,131,0.0008151694698998532,0.0008119151063606535,-20.88806288923655,-20.91080260523379
132,132,0.0008071590534209745,0.0008113662632623393,-20.92576206992467,-20.913739367061677
133,133,0.0008093297251106537,0.0008116140685926535,-20.914890867545488,-20.91241315889679
134,134,0.0008119602205193381,0.0008094844923011566,-20.91267911472635,-20.923823492438693
135,135,0.0008130676596732714,0.000807115820383555,-20.895666622810243,-20.936550223608332
136,136,0.0008072821062163825,0.000811969937977234,-20.92098351923501,-20.910509320082767
137,137,0.0008075758304744575,0.0008130381680338791,-20.92478828904821,-20.904799484124233
138,138,0.0008075182859008153,0.000812450362565486,-20.922604526442306,-20.907940455932742
139,139,0.0008081133860240201,0.0008034287602640688,-20.924641714091994,-20.956435083437878
140,140,0.0008135439165551023,0.0008077469200974232,-20.89701680687981,-20.933155716690234
141,141,0.0008063866239588362,0.0008067639795818219,-20.92798205327048,-20.938443828338066
142,142,0.0008058653419510913,0.0008096345577781138,-20.92997557461934,-20.923018454554043
143,143,0.0008105271569088332,0.0008056919782814619,-20.915311009507672,-20.944218427212054
144,144,0.0008070182016829855,0.0008103058085237679,-20.930849453053305,-20.91941930340552
145,145,0.0008054776615271172,0.0008082930764526521,-20.935618289125514,-20.930220236122064
146,146,0.0008068201414155821,0.0008072451884417157,-20.933928607817897,-20.93585417317591
147,147,0.0008088842570810512,0.0008079824895647011,-20.924404462096938,-20.931889334833755
148,148,0.0008068548475833821,0.0008053872550494576,-20.928307707661688,-20.945861296377114
149,149,0.0008061592732364139,0.0008083856388877489,-20.936445752971995,-20.929722928222148
150,150,0.000806168171807586,0.000805249066998888,-20.939605766111885,-20.946606521194823
151,151,0.0008039233219550596,0.0008035237888658518,-20.93728213403432,-20.955921435446868
152,152,0.0008098084807213511,0.0008077274266581394,-20.919178796676363,-20.93326052668776
153,153,0.0008075888041819725,0.0008073987004249112,-20.92862596776125,-20.935028363746746
154,154,0.0008093249166777991,0.0008050779119673136,-20.920734522995478,-20.947529708684236
155,155,0.0008052071621257466,0.0008052473881674048,-20.94023370360375,-20.946615575635725
156,156,0.0008055890931930277,0.0008057876410403926,-20.935496058045345,-20.94370280408064
157,157,0.0008076537927353428,0.000807645978822716,-20.93536096411041,-20.933698473052328
158,158,0.0008042896167643983,0.0008077861061074623,-20.941695174017575,-20.932945033681527
159,159,0.0008071749585142993,0.0008028714923727277,-20.93924129789078,-20.95944844758899
160,160,0.0008065683416753393,0.0008063997191033865,-20.931471868000315,-20.940405145947402
161,161,0.000807633756098251,0.000803758883481159,-20.93216002975483,-20.954650964525506
162,162,0.0008073932030382231,0.000808800720781284,-20.920963931816523,-20.92749352801999
163,163,0.0008062865403864879,0.0008062792568173455,-20.934304939950348,-20.941053955871553
164,164,0.0008033070822496005,0.0008046862877611267,-20.951453508443095,-20.949642816120853
165,165,0.0008063835425532816,0.0008055011368062543,-20.937841278913353,-20.945247247397695
166,166,0.0008073482643236819,0.0008044104263382522,-20.93474690059567,-20.951131913623176
167,167,0.0008053714133434228,0.0008046416761843782,-20.939671820321326,-20.94988359440906
168,168,0.0008062564182220046,0.000803696003889567,-20.941035058315975,-20.954990734678702
169,169,0.0008023271544778854,0.0008043629442047523,-20.951525544694768,-20.951388273268996
170,170,0.0008004571493599832,0.0008045021983745851,-20.96011056482225,-20.950636472312027
171,171,0.0008064854611671463,0.0008042629648882308,-20.938976776099437,-20.951928118677184
172,172,0.0008048940463154816,0.000807718196148543,-20.939618043473793,-20.933310157072423
173,173,0.0008045650374134714,0.0008041843294018978,-20.941851493427187,-20.95235276371149
174,174,0.0008070018705335859,0.000807143959192265,-20.925585641807164,-20.936398816387438
175,175,0.0008050551279159935,0.0008035115805748654,-20.940976474922305,-20.955987420222435
176,176,0.000801842152045022,0.0008012591309747414,-20.958273132894632,-20.96817890736081
177,177,0.0008087457396502885,0.000806279970627082,-20.927406348146512,-20.94105011100652
178,178,0.0008050669734750289,0.0008026241036867233,-20.93317177027885,-20.96078684480828
179,179,0.000804689470990609,0.0008030258161996148,-20.95296519225716,-20.958613749301726
180,180,0.0008048962918110192,0.0008065595512131327,-20.9451011571728,-20.939544439731215
181,181,0.0008038444985808401,0.0008028571273347264,-20.94173804148243,-20.959526152584218
182,182,0.0008034633626182055,0.0008050625727168823,-20.94594176497639,-20.947612456144874
183,183,0.0008001176192732432,0.0008029187815018782,-20.962889047963216,-20.959192655681615
184,184,0.0008057758905780837,0.0008049033839549674,-20.941161337133714,-20.948471291709936
185,185,0.000803270552441785,0.000803237180470636,-20.951089798640957,-20.957470794041022
186,186,0.0008071590294178153,0.0008052118110323423,-20.9395687942896,-20.94680745821741
187,187,0.0008027354158105847,0.0008038503767334317,-20.951766432703206,-20.954156627803027
188,188,0.0008034231633274365,0.0008032199019860281,-20.952380295538177,-20.957564216400115
189,189,0.0008068801121085344,0.0008056162838137856,-20.938990222104458,-20.944626464462527
190,190,0.0008046873179072342,0.0008014259571944805,-20.945925953105622,-20.96727477831555
191,191,0.0008055584315575429,0.0008041644713988429,-20.9431205992235,-20.95246000688094
192,192,0.0008040779485059998,0.0008009121949343305,-20.9434514521767,-20.97005976002422
193,193,0.0008005045465980992,0.000800011535542772,-20.963372655485202,-20.9749463319158
194,194,0.0008056791194416967,0.0008018911344391343,-20.93861329008139,-20.96475470393746
195,195,0.0008024497206092419,0.0008033000815071558,-20.949757879948294,-20.957130713873234
196,196,0.0008065247897433175,0.0008027692858472859,-20.93924259564976,-20.96000134498268
197,197,0.0008029033581140576,0.0008048002675518786,-20.953662468027233,-20.94902770325655
198,198,0.0008045810313184851,0.0008026253321747246,-20.941728368726302,-20.96078019754776
199,199,0.000804067288102947,0.0008048148562298401,-20.94605871978913,-20.948948979066607
200,200,0.0008041660761047807,0.0008002497978802575,-20.945763356922484,-20.97365309290516
201,201,0.0008040628757222181,0.0008039024756535104,-20.951059657891772,-20.953875163229938
202,202,0.000803416789888606,0.0008033635094761848,-20.949838030475117,-20.95678781176085
203,203,0.0008101690177728911,0.0008039797907450089,-20.9263138152171,-20.95345750183354
204,204,0.0008041672522595786,0.0008018471171932393,-20.94347361017984,-20.96499310252883
205,205,0.0008032916290157465,0.0008009927880362069,-20.95075835912163,-20.969622766072323
206,206,0.0008033825373805137,0.0008009572078375832,-20.95183385950609,-20.969815684502606
207,207,0.0008008623988962895,0.0008018290421827451,-20.960809344679852,-20.965091001063673
208,208,0.0008040958992685623,0.0008042733319789955,-20.948184579854402,-20.951872137717086
209,209,0.0008055546390583989,0.000801900493618297,-20.94492667476675,-20.964704016057635
210,210,0.0008012106955368264,0.0008020915158436095,-20.95878344765552,-20.963669598201726
211,211,0.0008069664004652464,0.0008045239374041557,-20.934235191476986,-20.950519120077963
212,212,0.0008054524582100206,0.000800230227851946,-20.94099554443413,-20.973759300482513
213,213,0.0008018485332848792,0.0008020218872269126,-20.959518226753616,-20.964046620474278
214,214,0.0008004160007442703,0.0008038217263100179,-20.96864422300493,-20.95431141957643
215,215,0.0008019911840596457,0.0008025405021678461,-20.957616991724414,-20.961239230541526
216,216,0.0008015609268319898,0.0008024212469248788,-20.956342417797565,-20.961884627780222
217,217,0.0008025781393108755,0.000801827639071761,-20.954835719158936,-20.965098600737157
218,218,0.0008029918541613314,0.0008048149879629675,-20.951632770232433,-20.948948268207886
219,219,0.0008019670380817092,0.0008029384097378505,-20.95603775074143,-20.959086488898926
220,220,0.0008020346819845595,0.000802608672529459,-20.951451482744933,-20.96087034256074
221,221,0.0008077285649763785,0.00080232698114981,-20.931208559886734,-20.96239485244071
222,222,0.0008029248079371437,0.0008048312952987066,-20.948142645938823,-20.948860271410084
223,223,0.0008023025920451379,0.000805522998378269,-20.960596666615725,-20.945129380012784
224,224,0.0008039114661946816,0.0007993845655092675,-20.951037737071196,-20.978351237550342
225,225,0.0008038360824731668,0.0008018957389714686,-20.95040629307838,-20.964729766422163
226,226,0.0008059331784792936,0.0008011050798047922,-20.941776213261075,-20.969013968114112
227,227,0.0008023301026659067,0.0008002245112469321,-20.955654832953083,-20.97379032529005
228,228,0.0008041515493928694,0.0008025011139627742,-20.947792689835772,-20.961452384891498
229,229,0.000806536520687268,0.0008018710037791415,-20.93878063636291,-20.964863730511215
230,230,0.0008056568877157016,0.0008046619171325705,-20.941874863942083,-20.949774347997806
231,231,0.0008042343788943493,0.0008036898430681935,-20.948545744898507,-20.955024026134286
232,232,0.0007999721871324114,0.0008026001650202824,-20.969783442212563,-20.960916377247365
233,233,0.000798967799541454,0.0008019768283702433,-20.974270986007177,-20.96429062082948
234,234,0.0008033558572690512,0.0008047323085759816,-20.951537062678543,-20.94939444585851
235,235,0.0008024684670765299,0.0008017915809576056,-20.95872699115176,-20.965293906952155
236,236,0.0008032092015671823,0.000803392383539559,-20.944643926187943,-20.9566317227563
237,237,0.0008031488630258161,0.0008036602460043995,-20.942590613131667,-20.95518396442744
238,238,0.0008022461786203701,0.0008036427745154422,-20.959593947873127,-20.955278380615905
239,239,0.0008062875785231206,0.0007987636582631813,-20.936709974661746,-20.98172585074711
240,240,0.0008031210157607403,0.0008034064238400836,-20.95043449269466,-20.956555824952364
241,241,0.0008017372378368967,0.0008040941534808984,-20.96209532617671,-20.95283978017473
242,242,0.0008037571882896279,0.0008039068044653456,-20.948636474183566,-20.9538517776317
243,243,0.0008019614483460246,0.0008048779747791981,-20.951782695682116,-20.948608391879063
244,244,0.000804234809751056,0.0008067103580718762,-20.94804345628027,-20.938732491446565
245,245,0.0008032049278046974,0.000800171116440508,-20.942273688996607,-20.974080117006547
246,246,0.0008039130113980512,0.0008030429690782176,-20.94620090017183,-20.95852098365439
247,247,0.0008033284258587074,0.0008042356593681401,-20.953029002976287,-20.952075568435898
248,248,0.00080104630930138,0.0008022390416284141,-20.949114279514408,-20.962870889554537
249,249,0.0008023148822626963,0.000805686993867551,-20.957195773236784,-20.944245294925913
250,250,0.0008053201629981859,0.0008051005670016533,-20.943743954075316,-20.947407499171064
251,251,0.0008034408500552485,0.0008000839887628038,-20.94835538300433,-20.974553029976015
252,252,0.000804901708723958,0.000800731852283015,-20.942081244570048,-20.971037777815194
253,253,0.000803444154690183,0.0008031122331311437,-20.94316182168545,-20.958146412181385
254,254,0.0008043205976418997,0.0008018881597213055,-20.94477082559134,-20.964770814677177
255,255,0.0008073102481202366,0.0008008385898153248,-20.938725593792057,-20.970458901980024
256,256,0.000801699571479496,0.0008047991769241267,-20.95008849064671,-20.94903358861661
257,257,0.000804106622079829,0.0008049051332483558,-20.948152581079032,-20.948461853215132
258,258,0.0008028967434434777,0.0008032964879499847,-20.953641865351955,-20.957150142049287
259,259,0.0008022471177439714,0.0008049286031899484,-20.958956121639154,-20.948335220682914
260,260,0.0008059731773436838,0.000803179257720905,-20.935929392587397,-20.957783982203164
261,261,0.0008016792930105759,0.0008031542131089066,-20.95824977365174,-20.957919405351483
262,262,0.0008027374992847981,0.0008037053906407795,-20.94931795054062,-20.954940011638787
263,263,0.0008024424428513908,0.000801968725251132,-20.954831668262614,-20.96433450186906
264,264,0.000805202658533013,0.0008004479306308847,-20.944280040313306,-20.972577962239466
265,265,0.0008055824359168404,0.0008004129937800922,-20.935558427862915,-20.972767521260934
266,266,0.0008034714282797553,0.0008049354257405197,-20.949170242720257,-20.94829841016957
267,267,0.0008017800912769876,0.0008016423120065347,-20.958379975433704,-20.966102505076982
268,268,0.0008066491363090031,0.0008026205468922853,-20.93420409646463,-20.960806090425415
269,269,0.0008030029802256715,0.000804383041165573,-20.952302533046215,-20.951279766403808
270,270,0.0008070018831352444,0.000805151906158579,-20.934188043646756,-20.94713056977102
271,271,0.0008044575824709513,0.000800758499137469,-20.950217675731068,-20.970893255160526
272,272,0.0008008927160864408,0.0008014656058022458,-20.956973382818337,-20.96705992695606
273,273,0.0008051940690025149,0.0007997714748949205,-20.94075267193977,-20.976249721372824
274,274,0.0007998030956776947,0.0008022776026719887,-20.969818144475436,-20.96266214321958
275,275,0.000805584344167992,0.0008015099814847895,-20.93988754916673,-20.966819472713123
276,276,0.000804635156642108,0.0008010338826448118,-20.95256547972959,-20.969399958773497
277,277,0.0008016367984177141,0.0008033850126115507,-20.953935066384606,-20.956671568392267
278,278,0.0008033959023395227,0.0008017650566455957,-20.94816298433149,-20.96543757961171
279,279,0.0008029514634453682,0.0008030435756633157,-20.951218042569177,-20.958517703176618
280,280,0.0008060483978437164,0.0008046619171325705,-20.94005615733243,-20.949774347997806
281,281,0.0008021891009081731,0.0008027243097067663,-20.95673459098531,-20.960244670645316
282,282,0.0008033858060107096,0.0008027261080171325,-20.94914798075219,-20.96023494133496
283,283,0.0008040097309276462,0.0008025091803191524,-20.947602823150817,-20.961408731912115
284,284,0.0008022183607591642,0.0008030891675796164,-20.9530337747446,-20.95827114425728
285,285,0.0008037073493301484,0.0008017535958635179,-20.95329400289433,-20.96549966001728
286,286,0.0007994514541969318,0.0008024552677709021,-20.96763331845259,-20.961700500645648
287,287,0.0008071455174394566,0.0008054948197432646,-20.940177801764904,-20.945281306646415
288,288,0.0008008044912748653,0.000804361746352362,-20.966049083838648,-20.951394740760747
289,289,0.0008036266783127542,0.0008020807382356571,-20.9474147250473,-20.9637279542249
290,290,0.0008054763071488627,0.0008039560695914062,-20.939050356596056,-20.95358564085163
291,291,0.0008014036635340182,0.0008038279545297356,-20.96373797912648,-20.954277769441234
292,292,0.000801977644477654,0.000801989658564133,-20.948823103860814,-20.96422114204107
293,293,0.0008020794550773025,0.0008020178280084541,-20.950339044744005,-20.96406860117913
294,294,0.0008052792136086939,0.0008032413652950996,-20.94782093753294,-20.957448167580466
295,295,0.0008043208094697792,0.0008016177238651404,-20.94718051733038,-20.966235714835722
296,296,0.0008059081737883389,0.0008010814720029501,-20.94295639497684,-20.969141952437273
297,297,0.000803985910792595,0.0008045016009801705,-20.94770288540162,-20.95063969722794
298,298,0.0008043685271500697,0.000802245092161588,-20.944728893366005,-20.962838134937467
299,299,0.0008037128070484578,0.000798863331223593,-20.95367402130411,-20.981183954333957
300,300,0.0007997281428128865,0.0008012961786191322,-20.965521848287562,-20.967978108206697
301,301,0.0008031072283461306,0.0008019050644514593,-20.9513010982589,-20.964679261340827
302,302,0.0008040786776019587,0.0008048168781801666,-20.946479992535867,-20.94893806822469
303,303,0.0008071241462267167,0.000803450483975834,-20.938267817110074,-20.956317657213344
304,304,0.0008028479804256067,0.0008007415331360933,-20.949215871846025,-20.970985271902695
305,305,0.0008036985401707442,0.0008007807926715989,-20.953333130020198,-20.97077234699543
306,306,0.0008027430644172445,0.0008022437503218258,-20.947021491055054,-20.96284539897806
307,307,0.0007987132004327764,0.0008018768674350883,-20.970746319122124,-20.964831972982903
308,308,0.0008035715730601595,0.0008025741124966819,-20.950244547276938,-20.961057352185712
309,309,0.0008003505555307973,0.0008022949883812352,-20.968441997180527,-20.962568030710962
310,310,0.0008035387475398782,0.0008014650053442701,-20.94679666215169,-20.967063180691234
311,311,0.0008046386473015258,0.0008020822761433297,-20.94469184225822,-20.963719627080962
312,312,0.0008047897351867298,0.0008049004031100163,-20.947644303904156,-20.948487375216803
313,313,0.0008021413640253554,0.0008017071155144981,-20.95522668155702,-20.96575144241468
314,314,0.0008006977498262506,0.0008023178517377298,-20.961484863071,-20.962444269647662
315,315,0.0008052785853260034,0.0008022681944758484,-20.945426535240017,-20.962713072618733
316,316,0.0008005288683991764,0.0008015503684107802,-20.95386885336959,-20.966600643533006
317,317,0.0008040755019840045,0.0008041358209754291,-20.945634229340836,-20.95261473819391
318,318,0.0008069662570463705,0.0008049464116706268,-20.93868016245185,-20.94823913713831
319,319,0.0008028975565504935,0.0008026497334388918,-20.95291924843844,-20.96064816616439
320,320,0.000802861139557526,0.0008011449734974457,-20.942737052996584,-20.968797702113058
321,321,0.0008014112899377558,0.0008017104823681477,-20.959093855557644,-20.96573320379782
322,322,0.0008016734146369025,0.0008021963325231091,-20.954583342071093,-20.963102102716057
323,323,0.0008026652857805267,0.0008028028165235332,-20.956786710742257,-20.95981994935866
324,324,0.0008011979756627194,0.000803381737664734,-20.957954937063874,-20.956689272160794
325,325,0.0008005766418868119,0.0008066741375889825,-20.967387206155124,-20.93892748967417
326,326,0.0008058407075088663,0.0008008162105014842,-20.943375698039553,-20.970580266615006
327,327,0.0008029399779337199,0.0008047362789511681,-20.957575718406307,-20.949373018760795
328,328,0.0008011013617470246,0.0007997542883171455,-20.95986037781653,-20.97634304948372
329,329,0.0008053883895777242,0.0008056126259218313,-20.947327544799652,-20.944646183600902
330,330,0.0008019566831188564,0.000803342735468361,-20.958870214892343,-20.95690011650845
331,331,0.0007991399700014093,0.0008036633493917945,-20.96869191662641,-20.955167193890077
332,332,0.0008063231722077297,0.0008017024527745027,-20.93741824341102,-20.96577670111701
333,333,0.0008059271854905354,0.0008037804754597968,-20.940805651429642,-20.954534298303628
334,334,0.0008013064411382392,0.0008036512299440801,-20.956812608324892,-20.955232687096373
335,335,0.0008006268222912301,0.0008018550947063455,-20.962320677742063,-20.96494989513165
336,336,0.0008008442183034783,0.0008024810721460534,-20.9561048476405,-20.96156084778267
337,337,0.0008036082816915106,0.0008037920587843186,-20.947363352330935,-20.95447171233858
338,338,0.0008018684703088605,0.0008025259349348122,-20.963576231395713,-20.961318061782116
339,339,0.0008009292104895966,0.0008021624495373352,-20.96091135862823,-20.96328554290311
340,340,0.0008064303931194483,0.0007976400022591023,-20.934558041606408,-20.987839563648002
341,341,0.0008030901272954016,0.0008039062438336643,-20.954667329960618,-20.953854806332657
342,342,0.00080326355312058,0.0008024325759738291,-20.950787611516976,-20.961823311997136
343,343,0.0008067525005131268,0.0008071150054763022,-20.93534346628789,-20.93655460847966
344,344,0.0008051031822405909,0.0008008320705573025,-20.941569578230478,-20.970494256036947
345,345,0.0008001098626523672,0.0008051491765256383,-20.962756736498843,-20.947145293284983
346,346,0.0008007909882976913,0.000802696648813588,-20.960663877496867,-20.96039432576486
347,347,0.0008003509455821333,0.000802819908130914,-20.96788833233667,-20.959727489397068
348,348,0.000800140444477348,0.0008003431568412404,-20.966056603915124,-20.97314646463946
349,349,0.0008015386320977021,0.0008029195780277645,-20.956857052709125,-20.959188347317763
350,350,0.0008046810686847521,0.0008033398679751707,-20.942417540496905,-20.95691561846841
351,351,0.0008064579751496156,0.000800086035221619,-20.94249838411659,-20.974541921584308
352,352,0.0008025996353400429,0.0008024965492567342,-20.955900576472537,-20.961477088063223
353,353,0.0008064443635581465,0.0008002071500461744,-20.93325369986319,-20.973884548290897
354,354,0.0008006811936472341,0.0008002413210066918,-20.958652864564318,-20.973699097026895
355,355,0.0008046959260401805,0.0008025468835656188,-20.939052799049165,-20.96120469776949
356,356,0.0008045802008091789,0.0008039185807942168,-20.950047463361145,-20.953788158849555
357,357,0.0008045630577529214,0.0008032433075928374,-20.943190698978682,-20.957437666027555
358,358,0.0008042943543879335,0.0008028094246248273,-20.946668235317567,-20.95978420147565
359,359,0.0008024518568904052,0.0008024708827418324,-20.954580563713684,-20.96161599213779
360,360,0.0007982047751171457,0.0007991013147770182,-20.967945488112857,-20.97989037196267
361,361,0.0008047677794970648,0.0008026473714332832,-20.947194770213034,-20.960660946427918
362,362,0.0008090603496572099,0.00080550961367982,-20.933244772832737,-20.945201543675207
363,363,0.0008032970315267899,0.0008030624625175015,-20.941670880159748,-20.958415562267376
364,364,0.0008063347741346998,0.0008035893950268234,-20.94133462363594,-20.955566856889615
365,365,0.0008027327826640271,0.0008012592014366467,-20.955626461526926,-20.968178525446717
366,366,0.0008020290202393974,0.0008017089536511584,-20.957804652999968,-20.965741485016544
367,367,0.0008035150366192011,0.0008042153111953093,-20.94937484285286,-20.952185451787514
368,368,0.0008048365311457094,0.0008032330017732946,-20.944652737658934,-20.957493387491148
369,369,0.0008042520704227931,0.0008025674461877268,-20.944590825225777,-20.961093425529874
370,370,0.0008050301244251968,0.0008019844780823117,-20.944868131252186,-20.96424919554414
371,371,0.0008051992194803874,0.0008056532824411988,-20.94400166542087,-20.944427015530295
372,372,0.0008037111754337153,0.0008054380887188017,-20.954842774031235,-20.94558719115293
373,373,0.0008052158938749626,0.0008030022114613338,-20.940795416483247,-20.95874141092912
374,374,0.0008040779035000765,0.0008001007832047579,-20.95061706476734,-20.974461868835185
375,375,0.0008074749289944614,0.000801214709338781,-20.93590409154164,-20.968419685973156
376,376,0.0008021249098597651,0.0008028059413558559,-20.95554527303399,-20.959803044898866
377,377,0.000802219761943579,0.0008033492516628222,-20.961202157871483,-20.956864889503898
378,378,0.0008035616021478529,0.0008033239834108635,-20.947521915361552,-20.957001493041616
379,379,0.0008035216866944408,0.0008022274460496479,-20.951154197039408,-20.962933663017388
380,380,0.0008041458840472336,0.0008029199150194856,-20.94704843859987,-20.959186524549725
381,381,0.0008074255418944528,0.0008055153456026394,-20.93644530473486,-20.945170639840516
382,382,0.0008047380293815483,0.000803179199513244,-20.947705809417627,-20.957784296943203
383,383,0.0008013206534087658,0.0008022258131715812,-20.959336213057647,-20.962942502787946
384,384,0.0008007018693684379,0.0008017832051815563,-20.95862443114925,-20.965339275005476
385,385,0.0008063962426247824,0.0008029494477484963,-20.942921402531894,-20.95902678675855
386,386,0.0008024481454019233,0.0008034321271177186,-20.95961018901649,-20.956416883903955
387,387,0.0008024356685598026,0.0008008378760055884,-20.952899214787656,-20.970462772969405
388,388,0.0008042653951765105,0.0008033575416591607,-20.946677017636418,-20.9568200736149
389,389,0.0008046302431954321,0.0008008509543479273,-20.940503817278927,-20.9703918496814
390,390,0.0008034735495589443,0.0007999514407282205,-20.947178476476815,-20.975272575044546
391,391,0.0008072725139539113,0.0008029305608943105,-20.934794848503643,-20.959128942044245
392,392,0.0008022256295158307,0.0008046601096315211,-20.9569068236543,-20.94978410350626
393,393,0.0008029124049047373,0.000801984089010052,-20.952464649959378,-20.964251302467417
394,394,0.0008018682836842982,0.000802111275812709,-20.96369070826119,-20.96356260866664
395,395,0.0007999513211861713,0.0007994419368180005,-20.96456848004761,-20.97803955841847
396,396,0.0008037311232591182,0.0007975411350152603,-20.955313183141115,-20.988377903746105
397,397,0.0008028631564229727,0.0008027853358438925,-20.955513353108884,-20.95991451610913
398,398,0.0008076952887967843,0.0008021104180156008,-20.93883860461672,-20.96356725311886
399,399,0.0008045904681605008,0.0008025690913200378,-20.93986250136058,-20.96108452321075
400,400,0.0008021444286286985,0.0008019692644378857,-20.959594930995404,-20.964331581982716
401,401,0.0008028080697728263,0.0008016422813709237,-20.95684757051906,-20.966102671047228
402,402,0.0008008750743645522,0.0008051466092614359,-20.95667387748619,-20.947159141035023
403,403,0.0008062392931681165,0.0008036488097308105,-20.939906053477987,-20.955245765989446
404,404,0.0008058666303206581,0.0008012454950642821,-20.943598335788106,-20.968252816672177
405,405,0.0008006833833354266,0.000800526333286574,-20.970298812648537,-20.97215259824047
406,406,0.0008035397406705876,0.0008012708429688294,-20.95240937798991,-20.968115427057946
407,407,0.0008042074221464776,0.0007996589717406191,-20.947783280187497,-20.97686068259709
408,408,0.0008012313640570825,0.0008032821259755446,-20.96087085285631,-20.957227789370055
409,409,0.0008054597479694514,0.0008041912040330077,-20.943041533843697,-20.952315637874968
410,410,0.0008030207545650144,0.0008022561608078448,-20.949527927395426,-20.962778215358316
411,411,0.0008000904777010461,0.0007993485870477008,-20.961204917376012,-20.978546707911402
412,412,0.0008054332004754429,0.000805500092131919,-20.944483664299792,-20.945252879873838
413,413,0.0007999394864285576,0.0008008077979627016,-20.959918755020976,-20.970625889297395
414,414,0.0008015806034216945,0.0008029263056079415,-20.951333864822807,-20.959151958384336
415,415,0.0008018817680590239,0.0008057054181240107,-20.958946742336558,-20.94414598264351
416,416,0.0008035106128369717,0.0007996591586178463,-20.956762633659064,-20.9768596676677
417,417,0.0008057811916757797,0.0008014870537935119,-20.944615603522927,-20.966943707126365
418,418,0.0008016979440653063,0.0008054608846769521,-20.95709047063295,-20.945464276445076
419,419,0.0008037225883358071,0.0008020370334729945,-20.953991795077457,-20.963964604396065
420,420,0.0008029406794260457,0.0008052670501025492,-20.951573147561213,-20.946509534115897
421,421,0.0008048252262578337,0.0008026937537483479,-20.944839451801847,-20.960409989379848
422,422,0.0008018586218126656,0.0008070765118310718,-20.96297400854472,-20.936761740998143
423,423,0.0008035421379861067,0.0008008222457168525,-20.958488155170816,-20.970547536872267
424,424,0.000796411391083612,0.0007982792908717927,-20.983966647089215,-20.984360195576194
425,425,0.0008041736653036217,0.0008004509574292522,-20.946379719490828,-20.972561539942735
426,426,0.0008058497861037319,0.0008004528874727456,-20.946335130121767,-20.972551068267727
427,427,0.000804269401303771,0.0008027614461944291,-20.945489556009782,-20.960043757350224
428,428,0.0008039900027311494,0.0008025637454059171,-20.953342409984543,-20.96111345167013
429,429,0.0007984962802831583,0.0008025616560572464,-20.972365318903393,-20.961124757859636
430,430,0.0008031133287490259,0.000800058169069847,-20.956061905692987,-20.974693184400692
431,431,0.0007985030965802749,0.0008031274283942031,-20.972326445834362,-20.95806424238996
432,432,0.0008043482000747523,0.0008016695531918422,-20.945033744753687,-20.96595492684573
433,433,0.0008025564440554872,0.000801639885666143,-20.95307958953889,-20.96611564994
434,434,0.000803606905110334,0.0008017470674148123,-20.94682331966399,-20.965535023510583
435,435,0.000802298879356498,0.0008052959119116789,-20.954918332900828,-20.94635388016458
436,436,0.0008043494824435293,0.0008049248778996499,-20.944642774412575,-20.94835532031358
437,437,0.0008058458609871336,0.0008001474626852493,-20.948534338061393,-20.974208500136253
438,438,0.000799585100186547,0.0008023499578580653,-20.972298606593483,-20.962270482763977
439,439,0.0008046431940999458,0.0008002638443079041,-20.94570019903106,-20.973576863801494
440,440,0.000801511685551173,0.0008000950175827663,-20.960681293445976,-20.974493164728027
441,441,0.0008003742196453139,0.0008046907176704783,-20.962490929921227,-20.949618907674537
442,442,0.0008030004070870118,0.0008001304109041628,-20.949043327601125,-20.97430105274296
443,443,0.0008017428803795315,0.0007995369164028057,-20.95640591694236,-20.97752361526463
444,444,0.0008045606688385081,0.0007995488275283654,-20.94509324435958,-20.97745891659386
445,445,0.0008001419350735305,0.0008012572407575423,-20.96048990062874,-20.96818915263398
446,446,0.0008010925831916483,0.0008043286353839855,-20.964946659612067,-20.95157351861659
447,447,0.000800839705109481,0.0008012971865307344,-20.965782524577115,-20.967972645430464
448,448,0.0008073706922755029,0.0008020848525982154,-20.933598795523658,-20.963705676662464
449,449,0.0008027229407687009,0.0008061233552564916,-20.957174516172525,-20.941893785667204
450,450,0.0008006764674251995,0.0008049838024338609,-20.966665766663056,-20.94803740662841
451,451,0.000804212906268262,0.0008016304989149304,-20.952535769676768,-20.966166503673644
452,452,0.0008070244419042827,0.0008032079908604684,-20.934267749711978,-20.957628619366808
453,453,0.0008031499617704257,0.0007994553613427438,-20.944873531019034,-20.97796663069478
454,454,0.0008011007748697837,0.0007999677633817651,-20.95927008407247,-20.975183960090156
455,455,0.0008015557445499316,0.0008037301472780344,-20.96363332481463,-20.954806237428905
456,456,0.000801450002832895,0.0008020406300937267,-20.966299488263186,-20.963945129122852
457,457,0.0007985082314560938,0.0008065698600962366,-20.97049811806588,-20.939488931586425
458,458,0.0008002173866039699,0.000801943692893378,-20.960080761248232,-20.96447006307202
459,459,0.0008053597796122668,0.0008008746081031859,-20.94177366251518,-20.970263579325646
