,epoch,train_loss,test_loss,train_dbs,test_dbs
0,0,0.0013071267299123645,0.0011420659720897675,-1.7437526707106341,-2.3388689442591164
1,1,0.0009676266015152034,0.0008120586587067105,-3.051074984356314,-3.8199068487914216
2,2,0.0007203519032288765,0.0006645574528527888,-4.332986952157112,-4.690455534519037
3,3,0.0006435330202274947,0.0006357140924879595,-4.820875788179541,-4.883162473656751
4,4,0.0006300955002685797,0.0006288936956001347,-4.914395414017339,-4.930008452005153
5,5,0.0006266303868129005,0.0006265777751411262,-4.936898789635629,-4.94603100034886
6,6,0.0006242935142489438,0.0006264615405694043,-4.953710475508531,-4.946836721807352
7,7,0.0006227885347733408,0.0006241419989811746,-4.963394569978874,-4.962946787636942
8,8,0.0006230806526199905,0.000623237681697662,-4.962593775592548,-4.969243829043163
9,9,0.0006222350147226345,0.0006242264123437436,-4.968716638747508,-4.962359456889289
10,10,0.0006213781937534354,0.0006238001239437022,-4.972239963901623,-4.965326296161601
11,11,0.0006215483737514191,0.0006235168946563805,-4.969818813513196,-4.9672986082021975
12,12,0.0006219623304337033,0.0006237877777924663,-4.967093022688301,-4.965412251874176
13,13,0.0006219422187867392,0.0006251026520897684,-4.968299254822471,-4.956267448630528
14,14,0.0006225579658273569,0.0006245429946207686,-4.964974727087022,-4.960157450047049
15,15,0.000623205085597049,0.000623698729261952,-4.96192124165606,-4.966032271173317
16,16,0.0006224621338145711,0.0006261592926947694,-4.966334585401287,-4.94893256091816
17,17,0.0006224922691807919,0.0006247280429019348,-4.964852837882558,-4.9588708525742815
18,18,0.0006224076892489318,0.0006237054445878847,-4.965729513781327,-4.965985511204769
19,19,0.0006228060552792758,0.000626352171438109,-4.962498515548161,-4.947594989535068
20,20,0.0006233709348250449,0.0006236292262512602,-4.9593802139520085,-4.96651626215447
21,21,0.0006231477156463895,0.0006230330388796957,-4.960825760844835,-4.970670088136556
22,22,0.0006231459598152985,0.0006244254978618732,-4.963221102984835,-4.960974575450732
23,23,0.0006219600765370601,0.0006235328129198598,-4.9684341616196726,-4.967187735091865
24,24,0.0006232519091596615,0.0006240838985448997,-4.962247667256248,-4.963351084630597
25,25,0.0006230457802303135,0.0006251920222941982,-4.961537923035018,-4.95564658720495
26,26,0.0006236916326332031,0.000624164338468721,-4.959584845399686,-4.962791346366159
27,27,0.0006231291480026371,0.0006242121729117475,-4.962273113566227,-4.962458526347966
28,28,0.0006228635602477054,0.0006251474045903274,-4.962886737055692,-4.955956538601792
29,29,0.0006225676787057027,0.0006237194205536262,-4.964471859839048,-4.965888195767654
30,30,0.0006227978305967967,0.0006240713011816536,-4.965297419076025,-4.963438749455383
31,31,0.0006230166679987511,0.0006247466203364494,-4.962199890933206,-4.958741709062442
32,32,0.0006231353006124036,0.0006240192757870414,-4.9618089578667135,-4.963800811988808
33,33,0.0006224748794920743,0.000625460381055937,-4.964392506762218,-4.953782812252452
34,34,0.000623385802981895,0.0006250698137783298,-4.959649390280882,-4.956495601111013
35,35,0.0006226892355042174,0.0006245787096160807,-4.962377261577176,-4.959909102342628
36,36,0.0006228675963789148,0.0006262557274710975,-4.965154412357652,-4.948263755599934
37,37,0.0006238261925431026,0.0006240872194451329,-4.957953227891543,-4.963327974840193
38,38,0.0006230477148849401,0.00062562771889038,-4.960821829868374,-4.952621041174162
39,39,0.0006236404644987863,0.0006256774037243112,-4.960256246175931,-4.952276155680895
40,40,0.000622935351296376,0.0006241749690257405,-4.961872606307464,-4.962717379421027
41,41,0.0006234692001580884,0.0006256084153918843,-4.958457019222155,-4.952755043104718
42,42,0.000623505424525704,0.0006236149684378976,-4.959572153151992,-4.966615554493437
43,43,0.0006233307871410681,0.0006270173011886838,-4.963057332598505,-4.942985619132343
44,44,0.0006228524593866824,0.0006268575885578206,-4.962504777021416,-4.944091986525397
45,45,0.0006234450673818896,0.0006242391782028502,-4.959315109024266,-4.962270641591392
46,46,0.0006233738860134611,0.0006257232652339889,-4.959472622703105,-4.951957833962077
47,47,0.0006232906910638834,0.0006267558293122994,-4.958240409412426,-4.9447970440539715
48,48,0.0006233216011320654,0.0006241477370311163,-4.960269446617068,-4.962906860953983
49,49,0.0006237709912778714,0.0006249461960243551,-4.9558952253234105,-4.957354574246884
50,50,0.0006238047205170943,0.0006240821553786334,-4.95598101945277,-4.963363215187875
51,51,0.0006241056289206998,0.0006239924971994601,-4.955227653049436,-4.96398718511562
52,52,0.0006228463013762052,0.0006236814477137829,-4.9598942813878155,-4.966152607878159
53,53,0.0006234456284557344,0.0006268503799985506,-4.959776688412584,-4.944141928578762
54,54,0.0006235435229399693,0.0006245548597929117,-4.958617959748456,-4.960074942839619
55,55,0.0006236377899467791,0.000627212450030799,-4.957982839724682,-4.941634159148524
56,56,0.0006228195150507634,0.0006259666529091957,-4.961934462564031,-4.950268886498241
57,57,0.000623435237488143,0.0006261979211366883,-4.957111369818233,-4.948664648233346
58,58,0.0006237323965982909,0.0006258015974277729,-4.957380733202312,-4.951414189315852
59,59,0.0006227159522204977,0.0006248053273578224,-4.963778022279513,-4.958333624620702
60,60,0.0006236805209707584,0.0006242237654269525,-4.957674166164424,-4.962377872383586
61,61,0.000624110115711222,0.0006242777484371082,-4.9563772049813855,-4.962002309788245
62,62,0.0006234074178267002,0.000627267964821505,-4.959736701339647,-4.941249780612233
63,63,0.0006238941478869427,0.0006244621441797598,-4.956881775819126,-4.960719703945737
64,64,0.0006228111571507509,0.0006244124838543174,-4.96189834830989,-4.961065090181255
65,65,0.0006242565427830001,0.0006258368988423363,-4.953790418290164,-4.951169211079755
66,66,0.0006234397758854573,0.000626227266988472,-4.960492604996815,-4.94846112723074
67,67,0.0006229787064024929,0.0006256714267166037,-4.960793379686995,-4.95231764341641
68,68,0.000622777399107737,0.0006256643345726556,-4.964240910872364,-4.9523668720739265
69,69,0.0006242325744284413,0.0006262091429610001,-4.952324693366412,-4.948586820879678
70,70,0.0006237483310954857,0.0006262991044327224,-4.957388483857273,-4.947962956391737
71,71,0.0006241764976479805,0.0006253645559282679,-4.953328839258923,-4.954448234295542
72,72,0.0006232530361079832,0.0006237052975369519,-4.959445664231171,-4.965986535140295
73,73,0.0006240179183768089,0.0006263496440002008,-4.9562915567514345,-4.947612514093958
74,74,0.0006226197679613516,0.0006244936804777305,-4.961988153301038,-4.960500384095974
75,75,0.0006238217837628477,0.0006256069295647505,-4.9582815324338565,-4.952765357660526
76,76,0.0006233624593095528,0.0006247537982601084,-4.959366949423249,-4.95869181179806
77,77,0.000623831897493951,0.0006253797603820107,-4.956955565005084,-4.954342645802753
78,78,0.0006235357231134069,0.0006256839873171167,-4.959038450941083,-4.952230457962442
79,79,0.0006237165311101786,0.0006263538257611033,-4.957312952057663,-4.947583518952994
80,80,0.0006228500230660298,0.0006259205983951688,-4.961700392331052,-4.9505884236018725
81,81,0.0006235986155909055,0.0006265835959072176,-4.959244931047989,-4.945990655559237
82,82,0.0006237827318230856,0.0006255369915283824,-4.958686793511414,-4.953250892582439
83,83,0.0006230587767408297,0.000625386763682687,-4.9603202152077905,-4.954294011708694
84,84,0.000623481850423034,0.0006257257405913582,-4.9591895132290835,-4.951940653333201
85,85,0.0006237004195896851,0.0006250252665363645,-4.955261363742873,-4.956805123509468
86,86,0.0006236020270398981,0.00062453214348735,-4.958723460448517,-4.9602329072749205
87,87,0.0006238523511859329,0.0006263937776614176,-4.959630981853963,-4.947306513596024
