,epoch,train_loss,test_loss,train_dbs,test_dbs
0,0,0.0005186573307020302,0.0004988841997386006,-5.758051017097405,-5.9357833679838095
1,1,0.00047934705543946284,0.00046342261607366567,-6.0993397800388784,-6.256008618019942
2,2,0.0004500084236797099,0.0004406690667996085,-6.37628670342743,-6.474655204781117
3,3,0.00043094633735197874,0.0004253046844448698,-6.560757441154623,-6.628779201260544
4,4,0.0004177080091093811,0.0004134905006810042,-6.6972063295229844,-6.751125495836957
5,5,0.0004073842068577243,0.0004036804878667585,-6.80943884687643,-6.855403282888406
6,6,0.0003982563464081433,0.00039529911162772854,-6.904808220194755,-6.946522479919951
7,7,0.000390263701568252,0.00038767175895995215,-6.99454731079708,-7.031139215718279
8,8,0.0003829209617646315,0.0003803772959049399,-7.075576851870633,-7.113634996120809
9,9,0.0003759114161138567,0.00037277665902174224,-7.157150260022467,-7.20129374640033
10,10,0.00036901278246059707,0.00036669353262129193,-7.237222763308559,-7.272748359572603
11,11,0.0003630427851284057,0.0003608790989107403,-7.3086157256048265,-7.342163566390641
12,12,0.00035790557830268037,0.0003560099239142514,-7.370333870324172,-7.401159820596824
13,13,0.000352685253037447,0.0003512083035035941,-7.435007017717997,-7.4601331108934925
14,14,0.00034829037331198296,0.0003469424110861789,-7.488608128911686,-7.513206940243775
15,15,0.00034427179141238945,0.00034326739076181854,-7.537313621214979,-7.559455374458079
16,16,0.00034071856595998265,0.00033998755909698576,-7.584708749110649,-7.601150607984929
17,17,0.0003370281810555415,0.00033664782715373134,-7.6282922056043105,-7.644022706077806
18,18,0.0003339600102428693,0.00033356481090825245,-7.670131290740656,-7.68397857415046
19,19,0.00033145602858510135,0.00033123655502047196,-7.702912003455966,-7.714398271533252
20,20,0.00032866471351037936,0.00032872610915403227,-7.739013169595358,-7.74743886927685
21,21,0.0003263677062932402,0.000326183567889721,-7.7692292388098325,-7.7811600747330045
22,22,0.00032408455429963536,0.0003238706420616884,-7.801504266478812,-7.812065040739851
23,23,0.00032212028067472593,0.00032243402644158587,-7.827572012933908,-7.831372197082746
24,24,0.00032014129821393523,0.0003204684548300544,-7.853145290617382,-7.857927999534836
25,25,0.0003182570184172928,0.00031851346169500366,-7.880254270918544,-7.884502941892688
26,26,0.00031669085158860866,0.0003167744542128946,-7.90091602172636,-7.908279350067073
27,27,0.000314699385384789,0.0003152751903000631,-7.928640909283874,-7.928882898257916
28,28,0.00031341480351648455,0.000313482613388547,-7.9450125416229875,-7.953646276644941
29,29,0.00031157616272655113,0.00031197509777389074,-7.972149031427872,-7.9745815683186585
30,30,0.00031022704416434714,0.0003106457558092906,-7.9909330705653385,-7.993126618768645
31,31,0.0003089429504602917,0.00030938838149028783,-8.008390283323331,-8.01074085786097
32,32,0.00030741704563062985,0.0003082987830949653,-8.029711639106447,-8.026062758283533
33,33,0.00030630832920859076,0.00030671288626954744,-8.043825811483241,-8.048460634650663
34,34,0.00030488868726455826,0.00030557590837002193,-8.065150247572344,-8.064589748875425
35,35,0.0003038413712236377,0.0003046195335245054,-8.081714149342897,-8.078203375907844
36,36,0.0003029519092584432,0.00030391246821780344,-8.094595805610828,-8.088295686529348
37,37,0.0003015128949647481,0.000302405859417233,-8.112643727438476,-8.109878845254169
38,38,0.0003005813398595285,0.0003008707074178873,-8.128084499418229,-8.13198179166164
39,39,0.00029927948831830214,0.000300080691599042,-8.146777752596483,-8.143400342611017
40,40,0.0002984593681794274,0.0002991878672649986,-8.159500998952096,-8.15634108387771
41,41,0.00029750886708065943,0.00029797191535563847,-8.172904131079148,-8.174027537309822
42,42,0.00029662148288892796,0.0002974606774698355,-8.184519066858215,-8.181485236131769
43,43,0.00029588303949981546,0.0002963554671671438,-8.197890343800406,-8.197651428121416
44,44,0.00029451489693379585,0.00029606003724773854,-8.216067143144532,-8.201982968854788
45,45,0.0002940542970126322,0.0002949123598610688,-8.223473594935003,-8.218851119891026
46,46,0.00029343608424749185,0.00029442325620421847,-8.23309755415802,-8.226059748123465
47,47,0.00029223283858412935,0.00029299967910016055,-8.248564671577794,-8.247109416225758
48,48,0.0002915271511061367,0.00029236875247749453,-8.259854112235839,-8.256471316937676
49,49,0.0002907334425433817,0.0002918578148206794,-8.272358157745398,-8.26406759803629
50,50,0.0002899314063846028,0.00029094604695656975,-8.286271926296038,-8.277656254570015
51,51,0.0002892393644025415,0.00029008107498827343,-8.295478041929854,-8.290586901562314
52,52,0.0002883118034230027,0.00028934546954635724,-8.308357524892807,-8.30161399581365
53,53,0.00028771166233633905,0.0002885727475299255,-8.318948781867665,-8.313227718927127
54,54,0.0002868441191559523,0.00028811723428876385,-8.330190437344525,-8.320088491073301
55,55,0.0002862682989702474,0.00028724580280188665,-8.340630505349685,-8.33324394775361
56,56,0.0002857275591015854,0.00028609142081174806,-8.347170764049764,-8.350732517661545
57,57,0.00028495273412416504,0.0002865082841660631,-8.35951201312343,-8.344409025529169
58,58,0.0002841364262870407,0.00028538858628292615,-8.369944234663414,-8.361414862018746
59,59,0.00028376099227485964,0.0002848354526672904,-8.375204593066359,-8.369840425866052
60,60,0.00028310499658697696,0.0002842681623358083,-8.388256199687754,-8.378498643305056
61,61,0.00028247617847603005,0.00028401422835151225,-8.39804997551261,-8.382379887464467
62,62,0.00028196790348018335,0.0002833871710065164,-8.404330899906228,-8.39197900568815
63,63,0.00028106413503206266,0.00028234461512367586,-8.417533417106052,-8.407985770400664
64,64,0.00028081656824893405,0.0002814540409752609,-8.42457711043987,-8.421705979055996
65,65,0.0002799172064807919,0.000281148308299874,-8.43627387088162,-8.426426116719817
66,66,0.0002796662522518297,0.000280236878959266,-8.440912993116056,-8.440527987949743
67,67,0.0002790269008045536,0.00028013133468400493,-8.451819942521542,-8.442163958576497
68,68,0.0002780250345954441,0.00027926340178390473,-8.465782511103338,-8.455640623517178
69,69,0.0002771701907364594,0.000279038286718883,-8.478582775714385,-8.459142896135868
70,70,0.00027721548694805196,0.000278309058079398,-8.478570248525259,-8.470507448523117
71,71,0.00027677395738680494,0.0002775299102435575,-8.487172499358921,-8.482682911079893
72,72,0.0002760822589499588,0.000276766095531026,-8.495678739894256,-8.494651993352065
73,73,0.0002752300108826153,0.00027595779791131223,-8.510364053209633,-8.507354156236085
74,74,0.0002749984045500973,0.0002759991498590496,-8.513443558853348,-8.50670341987614
75,75,0.00027442293045994317,0.0002759927179125187,-8.524562152392804,-8.506804630022502
76,76,0.00027427412857560765,0.0002751376550326026,-8.525362838643572,-8.520280548121423
77,77,0.0002732768412691435,0.00027513389757491256,-8.540522926238397,-8.520339858588521
78,78,0.00027290277108646085,0.0002737122076244927,-8.546383883144706,-8.54283918856633
79,79,0.00027250197143581956,0.00027339745429344475,-8.55339495448549,-8.54783619956542
80,80,0.00027201754867924933,0.00027320303611065214,-8.562333398692328,-8.55092564968526
81,81,0.00027156728046787805,0.0002721943647453659,-8.566443851160644,-8.566989565895868
82,82,0.00027075644490097834,0.0002720446270694466,-8.578776549406758,-8.569379333957462
83,83,0.0002704910632731758,0.000271320863057075,-8.586229112887608,-8.580948964652857
84,84,0.0002700244016542109,0.0002705505482337781,-8.59338756012383,-8.593296680198456
85,85,0.000269387276499945,0.00027064086661036864,-8.602178504865012,-8.591847109053903
86,86,0.00026891711237000244,0.0002703216757110663,-8.609422587469442,-8.596972153820703
87,87,0.00026841561886669165,0.0002696483915267316,-8.619195105926076,-8.607802522957359
88,88,0.00026798517411435503,0.00026847056027403787,-8.62970971204171,-8.626814171918015
89,89,0.00026725120626428384,0.00026852038373410895,-8.636517029799398,-8.626008271778291
90,90,0.000266745154861092,0.0002680420576852109,-8.646310764682681,-8.633751430918053
91,91,0.00026657279447613995,0.000268027298213718,-8.651544225042244,-8.633990577474604
92,92,0.0002659014327158748,0.00026672766819645305,-8.661267437162184,-8.655100180628327
93,93,0.0002654653146668558,0.0002662014625170023,-8.668434797028755,-8.66367649158704
94,94,0.00026516089685136435,0.000266089683129011,-8.671481947165915,-8.665500499839133
95,95,0.00026446934978444054,0.0002655231732397193,-8.683762654916405,-8.67475656688291
96,96,0.0002637975687189892,0.0002652240080734421,-8.692411087978849,-8.679652524854104
97,97,0.0002634365835584719,0.0002644629949875372,-8.699477149382169,-8.692131744066977
98,98,0.00026295630419722845,0.00026406660541205813,-8.709256612806735,-8.698646037210114
99,99,0.00026258838032348295,0.0002636282664944271,-8.715647265359973,-8.705861124073781
100,100,0.0002623432341089338,0.00026366293987896487,-8.719923442852512,-8.705289961140911
101,101,0.0002617839893047727,0.00026280426276284024,-8.727569275963207,-8.719456809980892
102,102,0.0002614531218081463,0.00026256893148743793,-8.733106599886897,-8.723347495013186
103,103,0.0002605632336368573,0.0002618533517785468,-8.749386999096323,-8.735199489931201
104,104,0.0002604373342167951,0.0002614368261818431,-8.7495270331258,-8.742113237371614
105,105,0.0002598186887947113,0.00026086023181529815,-8.759577059295733,-8.751702104457138
106,106,0.0002595868824858737,0.00026038239134083455,-8.766189009665128,-8.759664751033018
107,107,0.00025915161369862897,0.00026042293067898994,-8.771200905622909,-8.758988643852385
108,108,0.00025866547756655547,0.0002596961398682508,-8.781007521205668,-8.771125920176843
109,109,0.0002576265638314917,0.0002592493945389594,-8.796750698040759,-8.778603355336898
110,110,0.0002577469621775384,0.00025878358466893827,-8.796689441088471,-8.786413619115777
111,111,0.0002572840681544399,0.00025850420321435914,-8.802281798321903,-8.791104773197098
112,112,0.000256918332768729,0.00025813928560206766,-8.811799055663847,-8.797239825129552
113,113,0.00025650053393076527,0.00025770243863869265,-8.816821236347412,-8.804595580279583
114,114,0.0002558681379989289,0.0002568722281323158,-8.827327498884664,-8.818609334856614
115,115,0.0002556063469436941,0.0002564218149544965,-8.830731722235772,-8.8262311652887
116,116,0.0002549205625852205,0.0002560477503146486,-8.842387521406314,-8.83257121936497
117,117,0.00025466115729398447,0.0002559793762262224,-8.849608803986435,-8.833731098908297
118,118,0.000253811322444253,0.0002548210629213013,-8.861906866193682,-8.853427634007032
119,119,0.00025337069705200677,0.0002552733027474268,-8.866261988795216,-8.845726889765892
120,120,0.0002533037391894487,0.0002547209388515177,-8.87150461156689,-8.855134395428902
121,121,0.0002525641741027057,0.00025453886528818036,-8.88350553099712,-8.858239825960988
122,122,0.00025206944408956146,0.000253122492913941,-8.891420980384304,-8.88247347276408
123,123,0.000251649708346675,0.00025290540054955174,-8.898464192002404,-8.886199829469694
124,124,0.0002513163805262368,0.00025296095746422286,-8.905739423641466,-8.885245899199852
125,125,0.0002510196857271985,0.0002520173193739825,-8.909512235429904,-8.901476985221583
126,126,0.00025087736859634403,0.00025168164575006813,-8.915525068407957,-8.907265411812123
127,127,0.0002502676508492627,0.00025088924035356427,-8.922370207088328,-8.920960497851622
128,128,0.0002496168938508622,0.0002501352826488744,-8.934115595557055,-8.934031311868385
129,129,0.0002495812965657792,0.0002504502534927604,-8.936693233808917,-8.928566107317485
130,130,0.0002491058979469073,0.0002502273533824145,-8.94157157344871,-8.932433038572453
131,131,0.00024851074036614027,0.00024936578273283025,-8.952927039766724,-8.947412257571886
132,132,0.0002482666822447989,0.00024917413400927266,-8.958384513126154,-8.950751287583714
133,133,0.00024788414914828256,0.0002492382512795494,-8.96409266222683,-8.949633908575834
134,134,0.00024750311009840293,0.00024881160674053,-8.973207750875066,-8.957074505591144
135,135,0.0002468494005614085,0.00024776151602916226,-8.982853327558155,-8.975442365643524
136,136,0.00024679592017266784,0.0002476439189386407,-8.98301512185694,-8.97750418268693
137,137,0.0002462110522961647,0.0002470862941424313,-8.995167619858266,-8.987294305388836
138,138,0.00024590465121964935,0.00024669317645020783,-9.000599495000179,-8.994209492864647
139,139,0.00024521799179600534,0.0002465750148985535,-9.011040597323829,-8.996290182912707
140,140,0.0002451303991676337,0.0002461905923586241,-9.015053871313125,-9.003066330404387
141,141,0.00024454180435061495,0.00024577464577496837,-9.025296054583453,-9.010410074843607
