,epoch,train_loss,test_loss,train_dbs,test_dbs
0,0,0.0010481901591662894,0.001041430881933162,-19.80378235391453,-19.8143397734131
1,1,0.001040413339031841,0.0010356928565000232,-19.827431018542214,-19.838334483748593
2,2,0.0010395041071646607,0.0010337606501324397,-19.833233526461996,-19.846444323418776
3,3,0.001035139941581592,0.0010266882048821763,-19.843888745297892,-19.87625856511823
4,4,0.0010312130283468316,0.0010274279078370647,-19.87019869405431,-19.8731307095559
5,5,0.0010335089641229547,0.0010181732052986167,-19.861360967028528,-19.912427654021037
6,6,0.001025681241088998,0.0010210036998614669,-19.88884224090109,-19.90037113301914
7,7,0.0010261310866947488,0.0010158475488424301,-19.887969655419422,-19.922358921475478
8,8,0.0010206171997928434,0.001010621511867564,-19.90959341284509,-19.94475890868443
9,9,0.0010179795160380758,0.001007065903027787,-19.922639912432334,-19.960065371776466
10,10,0.0010140016692997793,0.0010049870102911403,-19.944162965369003,-19.969039807381968
11,11,0.0010119223518335481,0.000998073965188508,-19.942990052473323,-19.999017020240103
12,12,0.0010080689008674132,0.0010004589689503376,-19.96403306155951,-19.988651472121315
13,13,0.001002067686226603,0.000997252655093019,-19.989721830112636,-20.002592279136778
14,14,0.0010029758541537544,0.000990919701411928,-19.990751504045697,-20.030259660496878
15,15,0.0009956341794903208,0.0009941455117720914,-20.01654799300831,-20.016144730035425
16,16,0.0009922273103003727,0.0009937051493723534,-20.02491831479935,-20.018068888294497
17,17,0.0009887838650965276,0.0009822685755544196,-20.045814829550437,-20.06834178717542
18,18,0.0009863880755783048,0.0009850803609496278,-20.05665589183564,-20.05592768319775
19,19,0.0009852013275862585,0.0009795238790837558,-20.060428240043585,-20.080494013642
20,20,0.000984916155653785,0.0009747853435232843,-20.07184248403915,-20.10155438479764
21,21,0.0009811247090482605,0.0009726745254164072,-20.084052627531854,-20.110968874202293
22,22,0.0009766837063523912,0.000972065817270624,-20.093056753885932,-20.11368757748245
23,23,0.0009782019193697068,0.0009721235929694222,-20.101225205785678,-20.113429457907767
24,24,0.000977595021093706,0.0009644412478481076,-20.101795049775212,-20.147886528756246
25,25,0.0009727728116258825,0.0009643901690938755,-20.11928577741223,-20.14811654596683
26,26,0.0009687389871201565,0.0009622308119249187,-20.13370997912597,-20.15785169683314
27,27,0.0009688271207197272,0.0009601094398500496,-20.13561034764479,-20.167436894451647
28,28,0.000966970509364625,0.0009558848626176385,-20.146736647188362,-20.18658844987389
29,29,0.0009599796504732798,0.0009560639216368528,-20.174203158663147,-20.185774993521427
30,30,0.000955830771024771,0.0009552173984335049,-20.194701610423532,-20.189622050217856
31,31,0.0009608488312691988,0.0009485829045603934,-20.17537173064275,-20.219891356707237
32,32,0.0009543293920230389,0.0009495722295373286,-20.200167088458834,-20.21536424077788
33,33,0.0009510344087587881,0.0009473154909516636,-20.214428320220005,-20.225697900136552
34,34,0.0009487543846768586,0.0009429041651616755,-20.22464650859731,-20.245968749827647
35,35,0.0009474835998244276,0.000942081347794125,-20.234960342760253,-20.249760238542883
36,36,0.0009471145038464174,0.0009421035095951275,-20.241235565674046,-20.249658075022708
37,37,0.0009462852036993298,0.0009380764278926348,-20.24338309632871,-20.268262060749382
38,38,0.000940407446907238,0.0009354971208315538,-20.26625864054042,-20.280219739509256
39,39,0.0009415221512173638,0.000930196866025462,-20.267371870260646,-20.304895571921268
40,40,0.0009388915537952532,0.0009308999686158801,-20.280596750563223,-20.30161413503874
41,41,0.0009390551839311866,0.0009253667177338349,-20.275345926511097,-20.327505538038114
42,42,0.0009316133272824521,0.0009293633752110365,-20.301310400637963,-20.308788755671227
43,43,0.000930886923277885,0.0009259990122365324,-20.30815444961356,-20.324539057459038
44,44,0.000929766727645027,0.0009222193651734606,-20.311467099842965,-20.34230191677684
45,45,0.000927554002420535,0.0009225828199353265,-20.324081352247802,-20.340590661219835
46,46,0.0009255612391460034,0.0009177601130336131,-20.33582407504948,-20.36335250361553
47,47,0.0009236559199802962,0.0009181864780226821,-20.349250035677983,-20.361335364704622
48,48,0.000923967447981584,0.0009149023558405277,-20.345809020091515,-20.376896832771617
49,49,0.0009260368671450648,0.0009197605847332038,-20.343600677434672,-20.35389634712564
50,50,0.0009224908984477449,0.0009121702843051599,-20.348375899601677,-20.389885090055564
51,51,0.0009218854577635828,0.0009110480436663094,-20.35469661454176,-20.395231492852147
52,52,0.0009198565847365205,0.0009115546708926558,-20.363422262460023,-20.392817083911645
53,53,0.0009184488492595396,0.0009129297411020257,-20.376276404220196,-20.386270735657796
54,54,0.0009159553626830661,0.0009123467546152441,-20.388712605178366,-20.38904497642008
55,55,0.0009122096258935701,0.0009056162027838198,-20.394933670143686,-20.421202450958265
56,56,0.0009112274418248958,0.0009028570891946162,-20.40576725412917,-20.43445416710759
57,57,0.0009098212695536539,0.0009047516780954442,-20.406368105428708,-20.42535031873847
58,58,0.0009067661840631866,0.0009011948897846436,-20.419079176512543,-20.442457087691473
59,59,0.0009036791647698,0.0009002239798734847,-20.434188626329913,-20.44713851814358
60,60,0.0009045480803308106,0.000898565095236623,-20.431447940464587,-20.4551488475159
61,61,0.0009059999162119996,0.0008995726821012795,-20.43101013402684,-20.45028170700338
62,62,0.0009020487051793211,0.0008980221157942555,-20.44307936590602,-20.457773968983304
63,63,0.0009032134758788593,0.0008916749716981462,-20.442796921426112,-20.48857852505009
64,64,0.0009027463960048464,0.0008943209939293171,-20.456316969182335,-20.475710033554158
65,65,0.0008984813736703669,0.0008952088169998637,-20.46284886787906,-20.471400782154994
66,66,0.0008965594281164027,0.0008937652425007208,-20.472534674503198,-20.478409677246994
67,67,0.0008960431669694707,0.000897331077507452,-20.476977748804146,-20.461117201174975
68,68,0.0008977292070750953,0.0008909097615335332,-20.473997097036577,-20.49230711720288
69,69,0.0008981970496494899,0.0008892130633620056,-20.47326236733181,-20.50058594904734
70,70,0.0008932518761979474,0.00088959460538861,-20.49074819013113,-20.49872288535338
71,71,0.0008919474425168766,0.0008866094254986628,-20.491400375101144,-20.513320852161172
72,72,0.0008921527157336013,0.0008896353262427606,-20.49465692322675,-20.498524093258613
73,73,0.0008941984641816967,0.0008873193965930687,-20.487606320321838,-20.50984453968195
74,74,0.0008915333112116097,0.0008838992676158485,-20.495455265619867,-20.52661655115952
75,75,0.0008880453785526153,0.0008866499778569528,-20.50762297026761,-20.513122216074393
76,76,0.0008879561594101725,0.0008841258332770513,-20.50955481816864,-20.52550348758437
77,77,0.0008912171662026613,0.0008874327697987227,-20.502895368594988,-20.509289675080456
78,78,0.0008924314236153186,0.0008842819247786936,-20.497982358821616,-20.52473681284318
79,79,0.0008899349102404775,0.0008826639846359429,-20.511382450976882,-20.532690227474447
80,80,0.0008891942945654629,0.0008817387799928455,-20.512230759978515,-20.537244871300807
81,81,0.0008891788899380061,0.0008857274844654297,-20.505904652243856,-20.517643079538583
82,82,0.0008819945721848647,0.0008825008530708912,-20.53983967113905,-20.533492952944773
83,83,0.0008876504911801096,0.0008780727450931934,-20.523489014703394,-20.55533932071013
84,84,0.0008842970380204317,0.0008779592125823623,-20.530944699621717,-20.55590088842903
85,85,0.0008851172505714691,0.0008795674902534014,-20.529225001280874,-20.547952601649293
86,86,0.000886670187158875,0.0008711393273092414,-20.52811495554448,-20.589768088971457
87,87,0.0008864641632433481,0.0008754327979036852,-20.522141480659926,-20.568416158336703
88,88,0.0008821355685418875,0.000874094557825868,-20.548088891874592,-20.575060128694812
89,89,0.0008834148235090999,0.0008749445734888708,-20.538131209984126,-20.57083887218399
90,90,0.0008828834895783863,0.0008761580377866171,-20.54133184527111,-20.56481979678017
91,91,0.0008769226092461151,0.0008744769821580695,-20.56608207871799,-20.57316046630101
92,92,0.0008769499854491928,0.0008742318268081075,-20.56827282976707,-20.574378160360183
93,93,0.0008763143091856205,0.0008723529325307984,-20.569124159412443,-20.583722038200868
94,94,0.0008743859103823215,0.0008701554493439433,-20.59083126521965,-20.594675848672985
95,95,0.0008766436079257773,0.0008714811502661752,-20.574109291266023,-20.58806431206996
96,96,0.0008734121730253484,0.0008697781135867301,-20.591423220987796,-20.596559539444208
97,97,0.0008709285949529676,0.0008659793989193675,-20.595419563866773,-20.615568686060083
98,98,0.0008741834857405077,0.0008719043505966271,-20.580676509174715,-20.585955844702603
99,99,0.0008721759887268171,0.0008647186454924706,-20.5978277578562,-20.621896056163287
100,100,0.0008697761498756476,0.000861998138900258,-20.604063070425738,-20.635581010051276
101,101,0.0008673838876216605,0.0008632904224980034,-20.609299509505043,-20.62907506370619
102,102,0.0008699651261474745,0.0008611411566993123,-20.606267977230104,-20.63990083111967
103,103,0.0008686960467195004,0.0008593035132722243,-20.609771097523595,-20.649178417519565
104,104,0.0008662315475581618,0.0008585770418377299,-20.62140495101985,-20.652851578067665
105,105,0.0008651170568761521,0.0008589258527775344,-20.631570570759934,-20.65108754414443
106,106,0.0008641378419982634,0.0008606169844585422,-20.632019576158022,-20.64254516441277
107,107,0.0008611655560053271,0.0008560438995788756,-20.649097377143168,-20.66568392460819
108,108,0.0008599596738949726,0.000856144966459588,-20.655022196606666,-20.665171214947257
109,109,0.0008591605589206609,0.0008551612294181005,-20.65891477767359,-20.6701642619759
110,110,0.00086211106684731,0.0008558117306644195,-20.648920142804137,-20.666861940759247
111,111,0.0008552046678720292,0.0008510050492508239,-20.67673678186236,-20.691322922832267
112,112,0.0008528632701124958,0.0008520001888667282,-20.689305346294702,-20.686247381272818
113,113,0.0008547474676983181,0.0008524497940303071,-20.68422723479305,-20.683956190002135
114,114,0.0008514903254144508,0.0008510339018692704,-20.69907773333275,-20.69117568139607
115,115,0.0008542567627149221,0.0008487176842448351,-20.683952177237437,-20.70301177749421
116,116,0.0008523806151885962,0.0008444442738484787,-20.687441520780034,-20.724934340613927
117,117,0.0008489082689809892,0.0008421502057708016,-20.711812021203766,-20.736748700659554
118,118,0.0008499926176959092,0.0008411298316021107,-20.71550799338847,-20.74201393181989
119,119,0.0008472541734797054,0.0008411707669055383,-20.712612442877845,-20.741802578671557
120,120,0.0008423643927185883,0.0008397958560013457,-20.74301934330087,-20.748907018983704
121,121,0.0008433289248640313,0.000836391044829629,-20.740614575833778,-20.766550549509088
122,122,0.0008427950820031086,0.0008346289702642121,-20.737965054624897,-20.775709740149463
123,123,0.000838052303189431,0.0008311101793017434,-20.76757201357225,-20.794058276551848
124,124,0.0008378129220836479,0.0008304792480837358,-20.765558970290606,-20.79735644341659
125,125,0.000835149776377744,0.0008284146897494793,-20.779940957700607,-20.808166378091833
126,126,0.0008347174908831408,0.0008256528342730905,-20.783471299149994,-20.822669530961896
127,127,0.0008310871210774963,0.000826432483001171,-20.798287289319614,-20.818570503362977
128,128,0.0008291509092458975,0.0008203656792542652,-20.81411621834448,-20.85056946195025
129,129,0.0008283595490922249,0.000819397250827598,-20.828907451112148,-20.855699266545827
130,130,0.0008208592069460099,0.000816303142959154,-20.851193391122194,-20.872129605274388
131,131,0.0008212969567597911,0.0008165099486512574,-20.857220337573317,-20.8710294846072
132,132,0.0008176262256420534,0.0008156372381276206,-20.870638420431042,-20.875673837811433
133,133,0.000817553703697187,0.0008084766235888788,-20.876321174574535,-20.91396961996104
134,134,0.0008124901892703757,0.0008108720649033785,-20.899241275766208,-20.90112090231518
135,135,0.0008109916984487671,0.0008060309184273999,-20.91412600880875,-20.927127280000395
136,136,0.0008083469787679766,0.0008026240853053567,-20.920909151461956,-20.94552241176283
137,137,0.0008054834444882329,0.000801968421958583,-20.939839572564267,-20.949071611800214
138,138,0.0008063914419929544,0.0007972531602717936,-20.943852871055647,-20.974681797259205
139,139,0.0008031179757606354,0.000800043356751925,-20.953328400404878,-20.95950905814206
140,140,0.0007989920397317901,0.000796578456892779,-20.97709787495151,-20.978358722334285
141,141,0.0007938073543572472,0.0007921895318615594,-20.99615679363282,-21.002353299071256
142,142,0.0007938704634632569,0.0007887789795763398,-21.00629201122082,-21.021091007313895
143,143,0.000788608505318575,0.0007820416817833719,-21.03083192611855,-21.0583452816998
144,144,0.0007856467897168447,0.0007840760732314697,-21.0450281826507,-21.04706227984292
145,145,0.000784109751021816,0.000784567670627056,-21.05136481871442,-21.044340208065357
146,146,0.00078376143037812,0.0007780361215976116,-21.060955093349886,-21.080646688776614
147,147,0.0007799049568141705,0.0007722546793765536,-21.077891157888573,-21.113038806337542
148,148,0.0007772601147172684,0.0007718799537733981,-21.092569878556194,-21.11514667000926
149,149,0.0007739143359676464,0.0007696651247035908,-21.111071003919257,-21.12762621042199
150,150,0.0007751600177161703,0.0007686410528166514,-21.111206882070135,-21.133408529205724
151,151,0.0007684208913562224,0.0007660646530750551,-21.135845670910204,-21.14799005109333
152,152,0.0007662407006137073,0.0007595359072040178,-21.154789188393508,-21.185161191279064
153,153,0.0007660383245782907,0.0007619061078386087,-21.161502593825816,-21.17162974046902
154,154,0.0007641479113744092,0.000759808077035766,-21.168730124148865,-21.183605232147237
155,155,0.0007612981255041416,0.0007590159105970279,-21.18545301431837,-21.188135494338116
156,156,0.0007602065656401371,0.0007552295451444623,-21.19167465917485,-21.209854576188228
157,157,0.0007550133003363597,0.0007538986453590425,-21.217809703001663,-21.21751466214061
158,158,0.0007543438738308002,0.0007504924372034637,-21.2220606898136,-21.237181089989168
159,159,0.0007564176591689285,0.000751320719964018,-21.221117552804788,-21.2323906316406
160,160,0.0007535346037199356,0.0007478880579583347,-21.232613063049328,-21.252278305651245
161,161,0.0007550281168864176,0.0007470277119673005,-21.233384595419743,-21.257277163315376
162,162,0.0007478311572694363,0.0007446433699346686,-21.255276941503887,-21.271161021254482
163,163,0.0007486460417192237,0.0007390779455339438,-21.260174665206634,-21.30374186264847
164,164,0.000747680049581626,0.00074187099418946,-21.269206359999444,-21.287360378797928
165,165,0.0007418316702560051,0.0007421473151464996,-21.296302584262552,-21.28574308516336
166,166,0.0007423296788006483,0.0007390372675696486,-21.292837884548494,-21.303980899704264
167,167,0.0007404855274854554,0.0007353217408404147,-21.29869461400249,-21.32587022466077
168,168,0.0007406515657383296,0.0007330966856036531,-21.305620767942713,-21.33903173140075
169,169,0.0007401406710977023,0.0007357770717996908,-21.30594675471984,-21.323181788946336
170,170,0.0007354757597324313,0.0007365983818951799,-21.3309351163517,-21.318336686720507
171,171,0.0007343650771516192,0.000733512128997398,-21.332283271075383,-21.336571296464367
172,172,0.000734777734662915,0.0007312481910431464,-21.335095589830324,-21.349996244292115
173,173,0.0007344492838343548,0.000731110744374363,-21.34169258749079,-21.350812628403276
174,174,0.0007311962130863565,0.0007291131708035735,-21.35945602901372,-21.362694857027826
175,175,0.0007337242042040932,0.0007306692913468731,-21.3440747965843,-21.35343574015746
176,176,0.000731602183917595,0.0007255481813397063,-21.35871554803254,-21.383981713237898
177,177,0.0007286226147660966,0.0007246826150405564,-21.374303530631646,-21.38916586341616
178,178,0.0007284417527622168,0.0007258203235994044,-21.376126746411206,-21.382353045085566
179,179,0.0007274231895055506,0.0007255547312333396,-21.377177896646682,-21.383942507436057
180,180,0.0007284788214409551,0.000724765738643902,-21.381739312046584,-21.388667741186463
181,181,0.0007256621221253245,0.0007207091364666427,-21.39151821947514,-21.413044014982763
182,182,0.0007252493794028138,0.0007224587515290631,-21.39500029370272,-21.402513728858
183,183,0.0007219099248855462,0.0007213624378078078,-21.40717179715301,-21.40910904820359
184,184,0.0007194427835764651,0.0007243806673949095,-21.41801005619913,-21.39097578020607
185,185,0.0007223215004544437,0.0007233165670186281,-21.40544793497243,-21.397360167685026
186,186,0.0007219437723403278,0.0007198707776536283,-21.418970964268375,-21.41809884941273
187,187,0.0007252032105263668,0.0007174549636578089,-21.404439044781036,-21.43269784594502
188,188,0.0007241086202635209,0.0007191651598795465,-21.40591431782275,-21.422357894266074
189,189,0.0007203512353409734,0.0007149702654906401,-21.425002281040356,-21.447764486262734
190,190,0.0007200960355532385,0.0007208731962907079,-21.421075827461813,-21.41205551401432
191,191,0.0007195026588568598,0.0007178316958934852,-21.42807496099502,-21.43041798451417
192,192,0.0007191180346351233,0.0007157732309822581,-21.43263957739606,-21.442889768752003
193,193,0.0007143589882804177,0.0007142381203409872,-21.45828064114529,-21.45221403510967
194,194,0.0007176814461606986,0.0007189668678237419,-21.4416039593068,-21.423555519303665
195,195,0.0007145081607135224,0.0007156145078816304,-21.458844360601105,-21.44385292590592
196,196,0.0007142635247161247,0.000713481687278928,-21.45587639756675,-21.456815984788694
197,197,0.0007141612718582691,0.0007103438777113823,-21.45891003298395,-21.47595787435835
198,198,0.0007148111129861287,0.0007141085439606717,-21.453880802726033,-21.453001999383567
199,199,0.0007126795136388967,0.0007110886232878425,-21.46911889772437,-21.47140698750798
200,200,0.0007119047894747448,0.0007115046885844908,-21.475330614842466,-21.468866628768907
201,201,0.0007127876856757962,0.0007085653242508048,-21.470010630821996,-21.48684534139521
202,202,0.0007107452184595552,0.0007131780148483813,-21.48475771526546,-21.458664824602245
203,203,0.0007100051662587013,0.000711414408502414,-21.479664520147892,-21.469417723228243
204,204,0.0007101966964666607,0.0007103764954464216,-21.482604297111724,-21.47575845858858
205,205,0.0007097374206197631,0.000705957850808964,-21.4920597494925,-21.5028565687841
206,206,0.000711037583538744,0.0007070944197230825,-21.476453510369286,-21.495870192916126
207,207,0.0007119737415497681,0.0007123600072717588,-21.481873785182067,-21.463648994931788
208,208,0.0007112354799845861,0.0007097011180839649,-21.485452871815575,-21.479889397363156
209,209,0.0007100184790108391,0.0007072542794048786,-21.486042449559935,-21.494888452302632
210,210,0.000711212942818391,0.0007062001110936858,-21.479669601958168,-21.50136647619234
211,211,0.0007118114747932737,0.0007057759610592927,-21.47351990841627,-21.50397567090335
212,212,0.0007094280979087212,0.0007128894886639165,-21.49214977281133,-21.460422179442723
213,213,0.0007105105737771493,0.0007062798402713318,-21.488758338743963,-21.5008761904095
214,214,0.0007096734161959173,0.0007095505501829871,-21.49071980647107,-21.480810880286217
215,215,0.0007086885761776843,0.0007111560155049359,-21.486259041196327,-21.470995411788437
216,216,0.0007108465789999697,0.0007075494535169319,-21.48883608584278,-21.4930762929629
217,217,0.0007090771495191784,0.0007079887651152125,-21.496833948575215,-21.49038063124803
218,218,0.0007077454686520103,0.0007054841905636223,-21.501405944941602,-21.505771432200966
219,219,0.0007035184049133941,0.0007079402229895717,-21.513287020202,-21.4906784085729
220,220,0.0007055660658131939,0.0007038701135714195,-21.505811588982713,-21.51571903778885
221,221,0.0007068894127835088,0.0007046255632303655,-21.50602491173279,-21.511060341917783
222,222,0.0007052790696406257,0.0007019696916502557,-21.517636752707617,-21.527460677957553
223,223,0.0007062430335112761,0.0007056813062119641,-21.511838012095332,-21.50455816218942
224,224,0.0007039883249612121,0.0007028543531257464,-21.52030418504895,-21.52199090187601
225,225,0.0007075303355375901,0.0006986507153334586,-21.50936817970793,-21.548043211108276
226,226,0.0007061176986155129,0.0006994177850796596,-21.508666334250783,-21.54327757635805
227,227,0.0007023161778840976,0.000697451236192137,-21.52978520695458,-21.555505807945718
228,228,0.0006983996208123479,0.0006975201908253917,-21.55724647683318,-21.555076456975964
229,229,0.0006960471761988994,0.000694199397816862,-21.57271739187078,-21.575801965591218
230,230,0.0006950630634763883,0.0006924671378280772,-21.577855908658226,-21.58665261102552
231,231,0.0006960994478785576,0.0006966146787530498,-21.572874130841978,-21.560718076882296
232,232,0.0006948370257267709,0.0006954378209468958,-21.580669479482538,-21.568061233452514
233,233,0.0006957679510491027,0.0006952473961159979,-21.57324043836988,-21.569250581736057
234,234,0.0006946167241321089,0.000690923109160442,-21.589704873163356,-21.596347104826666
235,235,0.0006939651853808193,0.0006964578336153767,-21.59172772745729,-21.561696015611084
236,236,0.0006935964650522495,0.0006901731248944998,-21.595030353549312,-21.601063851599235
237,237,0.0006889319917446329,0.0006890774606481978,-21.61315002242002,-21.607963845570882
238,238,0.0006925779432010328,0.000689776090439409,-21.59982749929686,-21.603562927301635
239,239,0.0006900640869436344,0.0006887032221512575,-21.613516693795276,-21.610323142956354
240,240,0.0006916545506701181,0.0006886125009163822,-21.599903106171094,-21.610895266414975
241,241,0.0006907047198595691,0.000686805483909618,-21.60651991076098,-21.622306749686608
242,242,0.0006872759255839838,0.0006873030246137397,-21.625795143626853,-21.61916174053449
243,243,0.0006842342632601864,0.0006865860502186575,-21.638067862714777,-21.623694538085914
244,244,0.0006849598745604228,0.0006851445405596966,-21.63525724105615,-21.63282227680016
245,245,0.0006857573933246517,0.000684603141914857,-21.63011406107167,-21.636255412102614
246,246,0.0006852059975535292,0.0006844201155840174,-21.63932346791023,-21.63741663891983
247,247,0.0006830060534112002,0.0006829447168121604,-21.654841066233388,-21.646788794451595
248,248,0.0006866150328015774,0.0006854172557053205,-21.634321068945862,-21.631093953644474
249,249,0.0006841755023264547,0.0006834201845585516,-21.651888956513567,-21.643766277893857
250,250,0.0006838782586051708,0.0006843305922015325,-21.651159562996497,-21.637984741070923
251,251,0.000683024303013094,0.0006833351768651291,-21.656891507067023,-21.6443065116952
252,252,0.0006854631145936005,0.0006849366901932578,-21.643001068055018,-21.63413998360283
253,253,0.0006814255413944958,0.0006801963348774926,-21.662527707011378,-21.6643014168511
254,254,0.0006772661089570713,0.0006780674846499766,-21.67875219389865,-21.67791510000127
255,255,0.0006777071808080774,0.0006798845623913957,-21.68226541096821,-21.66629249066097
256,256,0.0006774383316238978,0.000682253926673806,-21.689017122322696,-21.651183852596077
257,257,0.0006789324598713327,0.0006799874092011075,-21.675712937163063,-21.66563557879048
258,258,0.0006787517490873555,0.0006781680429795463,-21.67193739701673,-21.677271083135
259,259,0.0006764703196204584,0.0006754493193798943,-21.692086254040408,-21.69471660766325
260,260,0.0006782653742738682,0.0006738494573111989,-21.69032876297782,-21.705015462236474
261,261,0.000676945331938488,0.0006763051067920108,-21.692147825977884,-21.689217623628522
262,262,0.0006784364417886611,0.0006756210963143722,-21.68101610951438,-21.693612271807808
263,263,0.0006739204970294053,0.0006756949158826549,-21.711336805219,-21.69313777981771
264,264,0.0006758122022033276,0.0006783387078413446,-21.70298489844697,-21.676178293761414
265,265,0.0006743870074284676,0.0006760406847062864,-21.708545661023138,-21.69091596224737
266,266,0.0006763513449617882,0.0006751378471227852,-21.691607408137802,-21.69671974656878
267,267,0.0006776007538008475,0.000676595474176697,-21.69311784779579,-21.687353407490185
268,268,0.0006764366761925295,0.0006715326331016657,-21.69760860812697,-21.719973071253538
269,269,0.0006758945984477849,0.0006773392087779939,-21.6983837612148,-21.68258213056083
270,270,0.0006782679852175037,0.0006722860301746742,-21.691481798362556,-21.71510342277027
271,271,0.0006741410140524205,0.0006689876256706683,-21.714126192635153,-21.736463445112648
272,272,0.0006757399508940805,0.0006731226366307391,-21.70514026952715,-21.70970233352226
273,273,0.0006755628543857907,0.0006752903971477951,-21.709086300235807,-21.695738552127107
274,274,0.000669024358431511,0.000673940536982723,-21.73098152080459,-21.70442849543921
275,275,0.0006743484085483342,0.0006720680792472864,-21.709292632663942,-21.71651160660005
276,276,0.0006732160859193999,0.0006746011357264299,-21.715745788254686,-21.70017361154651
277,277,0.0006739083358288272,0.000674289727804104,-21.71741710499913,-21.702178855237403
278,278,0.0006728767208543789,0.0006745099304489008,-21.720271304834743,-21.70076081225674
279,279,0.0006737447590999229,0.0006743098921632688,-21.717005094494386,-21.702048983186614
280,280,0.0006714314816414004,0.0006734468870011991,-21.72328817266129,-21.70761079429021
281,281,0.0006750581747631437,0.0006757958786022899,-21.707940781312224,-21.692488903002925
282,282,0.0006722001450078696,0.0006770370742551199,-21.725468331498785,-21.68451978053148
283,283,0.0006708638933391224,0.0006705936301793707,-21.728287979258756,-21.72605005320881
284,284,0.0006757660141243532,0.0006734058597909385,-21.70688994642774,-21.707875379874228
285,285,0.0006730298826125325,0.00067312954189746,-21.709701214707053,-21.709657781405195
286,286,0.000675263068729954,0.0006700965336916086,-21.70173368543372,-21.729270577641962
287,287,0.0006709326365866612,0.0006724059287654726,-21.734628069907846,-21.71432895102358
288,288,0.0006723493996517944,0.0006736040047958101,-21.719935292176128,-21.70659768644205
289,289,0.0006763111594728357,0.0006736976517315366,-21.704594300977927,-21.705993956055444
290,290,0.0006738458009983998,0.0006723536245868002,-21.71440670573762,-21.71466678712421
291,291,0.0006740651274647218,0.000672547057834699,-21.71691429414771,-21.713417520262258
292,292,0.0006772830911921625,0.0006695174134189361,-21.699245042927643,-21.733025521444844
293,293,0.000674071370686414,0.0006701012668935092,-21.71411369667732,-21.729239901521375
294,294,0.000673169718416811,0.0006723329792485425,-21.720175649153447,-21.714800143944416
295,295,0.0006756963983619797,0.0006742678539778449,-21.709071418144692,-21.702319741799037
296,296,0.0006726769233583329,0.0006708225302741324,-21.723301107003724,-21.724567887540054
297,297,0.000671173810128353,0.0006703463579086881,-21.726556417649576,-21.727651750299756
298,298,0.0006728587532896049,0.0006706199032793704,-21.716080396285857,-21.725879904875693
299,299,0.0006740806143029986,0.0006737172033784813,-21.71551097740113,-21.705867919558983
300,300,0.0006707358172825855,0.0006704815467329402,-21.73024387085498,-21.726775996440765
301,301,0.0006707956097520811,0.0006753875610516651,-21.73380290580742,-21.695113714102504
302,302,0.0006744007174328892,0.0006730589298776498,-21.711775485975156,-21.710113384929226
303,303,0.0006711946178669322,0.0006711250140429719,-21.73034547818334,-21.72261003107311
304,304,0.0006703649246681136,0.0006729852542967388,-21.732414942430477,-21.710588806147175
305,305,0.0006723271931291164,0.0006704284153927706,-21.725557552437465,-21.727120160456476
306,306,0.0006744752676447027,0.0006711512289353107,-21.7171174227836,-21.722440394112795
307,307,0.0006729442741453033,0.0006739690158467152,-21.719405258938494,-21.704244978474613
308,308,0.0006704898863147522,0.0006739137951578749,-21.729072318475623,-21.704600826034472
309,309,0.0006742000060165589,0.0006686643587033215,-21.717898741745106,-21.738562542104592
310,310,0.000671798924401825,0.0006749739282225308,-21.720159081612202,-21.697774312205638
311,311,0.0006695323192860125,0.0006694374943005019,-21.74061050869716,-21.733543962088003
312,312,0.0006737619375608401,0.0006700104997052174,-21.716010430081155,-21.729828206020386
313,313,0.0006723858802531337,0.0006692116026227412,-21.728829703590886,-21.735009671216943
314,314,0.0006692925709318946,0.0006723203175505134,-21.739226773331062,-21.714881933140173
315,315,0.00067376539761623,0.0006726471903292756,-21.717809856294213,-21.712770966948586
316,316,0.0006726930870856974,0.0006720902441118501,-21.725974504779074,-21.71636837825848
317,317,0.0006699535831300177,0.000673008224877872,-21.736753694185147,-21.710440573681154
318,318,0.0006703455193141072,0.0006709769245629248,-21.740840780981294,-21.723568444773637
319,319,0.0006719413849515552,0.000670079144918801,-21.733675594786494,-21.729383277017106
320,320,0.0006725418731839079,0.0006701043886622708,-21.726707850560235,-21.72921966929893
321,321,0.0006713282374530723,0.0006702363331753172,-21.726264482365355,-21.72836462142663
322,322,0.0006715850622546812,0.0006693723446101343,-21.72527998805297,-21.733966638262384
323,323,0.0006718084794593995,0.0006715470257117168,-21.73287850305318,-21.719879992170927
324,324,0.0006681320427907343,0.0006710471505740363,-21.746704084329917,-21.72311392581672
325,325,0.0006713519885790409,0.0006702115857287458,-21.729141879538783,-21.72852498095029
326,326,0.0006713590425074331,0.0006708663054987004,-21.74030060593005,-21.72428449338824
327,327,0.0006678366725160213,0.0006691715404342272,-21.752331194935813,-21.735269668326143
328,328,0.0006672970592956414,0.0006667361625372187,-21.752572917924063,-21.75110418071574
329,329,0.0006686817943454557,0.0006689162538877051,-21.748419584344948,-21.736926802338935
330,330,0.0006688838799426466,0.0006666612676589897,-21.75146708655912,-21.751592053747967
331,331,0.0006662472871314619,0.0006717762627981996,-21.762318459466343,-21.71839775176722
332,332,0.0006687481942845835,0.0006674153172705127,-21.747242317585354,-21.74668259616601
333,333,0.0006684149560259329,0.0006706064910088715,-21.74549325493254,-21.725966763814533
334,334,0.0006678563383043043,0.0006662265851015323,-21.75872631411138,-21.754424703807533
335,335,0.0006668085452005959,0.0006676063425593862,-21.762597933134042,-21.745439751470315
336,336,0.0006652824339437654,0.0006654656118419217,-21.766059181176157,-21.759388110880955
337,337,0.0006667813232178157,0.0006666882116788704,-21.758627409583156,-21.751416531286118
338,338,0.0006673135896712618,0.000669019737918126,-21.760876862424027,-21.736254983302125
339,339,0.0006675797883065936,0.0006665903799186804,-21.75158335829761,-21.752053874358293
340,340,0.0006673246557277042,0.0006719155414765211,-21.75491936035316,-21.717497426834584
341,341,0.0006700880056218311,0.0006681709201075137,-21.746222732164856,-21.741768586595576
342,342,0.0006663256286422617,0.000665089354458216,-21.759953397993293,-21.761844326730934
343,343,0.0006722246504331142,0.0006694435080709426,-21.734870079001958,-21.733504948205315
344,344,0.0006667783180222914,0.000665470973073848,-21.758860723117103,-21.759353122685905
345,345,0.0006668493223674211,0.0006681631018995846,-21.762177483071273,-21.741819403300177
346,346,0.000667892136015766,0.0006667383437927224,-21.76199457694187,-21.751089972611656
347,347,0.0006676938117136123,0.0006695470564361466,-21.75806628961635,-21.732833240952107
348,348,0.0006631987707055721,0.0006680744301870858,-21.776959200945583,-21.742395792371294
349,349,0.000664057717754592,0.0006655990911990797,-21.77614215215705,-21.758517088633525
350,350,0.0006635501055459771,0.0006648891997572623,-21.771666690915154,-21.76315150694872
351,351,0.000667569873201632,0.0006648843532036009,-21.753860677909373,-21.763183163940344
352,352,0.0006651486709387493,0.0006623749351619106,-21.771431255485886,-21.779605391555343
353,353,0.0006618120403931543,0.0006606206205967618,-21.794809987118903,-21.79112303541135
354,354,0.0006629783550959042,0.0006631257649707166,-21.787192370115818,-21.774685269255045
355,355,0.0006637939014328048,0.0006617957719993827,-21.784939216614774,-21.783404409012626
356,356,0.0006641808221567922,0.0006620219516518869,-21.783505287316114,-21.78192038935943
357,357,0.0006631568587893985,0.0006628967362063888,-21.782363194832147,-21.77618548406204
358,358,0.000660502989704423,0.0006643435305082484,-21.799497114287682,-21.766717190394623
359,359,0.0006642756784411589,0.0006625738828197905,-21.787137729323163,-21.778301161995955
360,360,0.0006611272536659825,0.0006609111258416976,-21.792952925673905,-21.789213662788075
361,361,0.0006591285244062467,0.0006625612670751778,-21.802117362704053,-21.77838385466728
362,362,0.0006610816794678031,0.0006624392485000977,-21.798975214014625,-21.779183733510706
363,363,0.0006618781606954782,0.0006629991602446688,-21.791896965263852,-21.7755145083867
364,364,0.0006599519125752381,0.0006614452270839951,-21.80414174608268,-21.785705421845194
365,365,0.0006600456041063077,0.0006595776250929033,-21.80228726197029,-21.797985145517828
366,366,0.0006602531768256779,0.0006627314754663722,-21.795766057132578,-21.777268319010847
367,367,0.0006593587633087923,0.0006602314472394554,-21.802210071524357,-21.793682229594992
368,368,0.0006619356470614595,0.0006608931458015975,-21.78392764761162,-21.789331813899672
369,369,0.0006627388995803278,0.0006627629780651707,-21.789080587166584,-21.777061884275643
370,370,0.0006595223730420406,0.0006604343744632052,-21.800109828809425,-21.792347597127822
371,371,0.0006619810526374459,0.0006599671905860305,-21.792086236748936,-21.795420834750807
372,372,0.0006633007721303357,0.0006631031099363769,-21.792905126917077,-21.774833644193762
373,373,0.0006615193044651568,0.0006626996144309248,-21.801191822551335,-21.777477112542112
374,374,0.0006606950701848057,0.0006596227605386,-21.798208629087735,-21.797687964358307
375,375,0.0006603303427817588,0.0006583553898197256,-21.803299959673552,-21.80604033771495
376,376,0.0006619749342321812,0.0006602285246021653,-21.790785874428067,-21.79370145449048
377,377,0.0006629135309641739,0.0006587242701483008,-21.787346540926574,-21.803607642104485
378,378,0.0006611261039146597,0.0006601759906564104,-21.796927729136087,-21.79404703347786
379,379,0.0006608767428953853,0.0006613585221777228,-21.795605328120335,-21.78627474987171
380,380,0.0006614118687251641,0.0006618431223997552,-21.793894502015565,-21.783093689560463
381,381,0.0006578562453571591,0.0006597078693295387,-21.804031486063984,-21.79712764570155
382,382,0.0006633256292018617,0.0006589361092712926,-21.78747468598624,-21.802211219105114
383,383,0.0006589804423166459,0.0006582476259944471,-21.80506197221321,-21.80675127691545
384,384,0.0006608075189845848,0.0006572649611993448,-21.80011208565883,-21.81323948511055
385,385,0.0006625397219658666,0.0006599683057222711,-21.787380728503884,-21.795413496551067
386,386,0.0006591646791647006,0.000660576061100552,-21.80422923294193,-21.79141598109606
387,387,0.0006602679933757358,0.0006592043730626372,-21.800112403848022,-21.800443494231395
388,388,0.0006606568577555344,0.0006623409663964259,-21.796461476873716,-21.779828117762413
389,389,0.0006617886247113347,0.0006592051052537403,-21.79534976405752,-21.800438670440894
390,390,0.0006576268507657361,0.0006627065993502344,-21.815069913587095,-21.777431337716532
391,391,0.0006593350685902478,0.0006596564474564634,-21.804973932614953,-21.797466175938464
392,392,0.0006613205475060596,0.000662386751317076,-21.797053081534553,-21.77952791813445
393,393,0.0006567717016165712,0.0006589375123822768,-21.81648563440126,-21.80220197142995
394,394,0.0006607764186913666,0.000659149091102575,-21.799452518385923,-21.800807715980277
395,395,0.0006611093677119495,0.0006606018103316034,-21.796734745092298,-21.791246696562887
396,396,0.0006579682074928868,0.0006605800008401275,-21.81558670871935,-21.79139007942998
397,397,0.000657259007152554,0.0006614250014536083,-21.813105603392003,-21.785838222168024
398,398,0.000663032116171587,0.0006640625008577971,-21.795350463404013,-21.768554725385904
399,399,0.0006579990131473265,0.0006608866541156251,-21.81658442238174,-21.78937447309898
400,400,0.0006614114474697211,0.0006556105616159345,-21.795602595391834,-21.82418487906088
401,401,0.0006573184917815337,0.0006578006126035593,-21.820970490227687,-21.80970155564797
402,402,0.0006599754146684307,0.0006575528103368063,-21.802295198319772,-21.811337909139738
403,403,0.000661243622181649,0.0006603668351951791,-21.792856833405445,-21.79279175074044
404,404,0.0006614646468714802,0.0006609269828339549,-21.797184494852075,-21.78910946539519
405,405,0.0006596070201827463,0.000661173268637963,-21.808695421416992,-21.787491425208447
406,406,0.0006576189933315918,0.0006606801026990931,-21.81005437614899,-21.790732015435708
407,407,0.0006587811794909696,0.00066037802638388,-21.803074344251606,-21.79271815179427
408,408,0.0006595895158789438,0.0006617547049628277,-21.815635877477014,-21.78367391422123
409,409,0.0006604669363593164,0.0006577748480547024,-21.803720276085173,-21.809871662217045
410,410,0.0006602694857721553,0.0006617122072432386,-21.805392847231808,-21.783952825993744
411,411,0.0006583275341851272,0.0006618380859053056,-21.80772560970338,-21.783126738632003
412,412,0.0006615730391373646,0.000658771335637491,-21.798836542376982,-21.803297352154946
413,413,0.0006611769096013735,0.0006583450349832052,-21.800555119106303,-21.80610864555897
414,414,0.0006612044634278288,0.0006625391052741753,-21.799422792392203,-21.77852912287618
415,415,0.0006612413208787665,0.0006595656526961216,-21.79918269103132,-21.79806397768026
416,416,0.0006612950699528699,0.000658960182734422,-21.795251622118595,-21.802052557573674
417,417,0.000657078904848661,0.0006616194671215979,-21.813260967172678,-21.784561539952996
418,418,0.000658334261670555,0.0006609927483001037,-21.81228375744915,-21.788677342651287
419,419,0.0006601575242365067,0.0006575027854475928,-21.806817683115348,-21.811668321533304
420,420,0.0006601734803365447,0.0006579717431266449,-21.810089596285778,-21.808571861108383
421,421,0.000659851988023819,0.0006580130062311104,-21.804346825036514,-21.808299512381083
422,422,0.0006616970838633241,0.0006567825544870606,-21.79976037633304,-21.816428206676388
423,423,0.000657901526116718,0.0006561751361005008,-21.817674483088506,-21.820446591643407
424,424,0.0006605155067518353,0.000658749035976239,-21.801551460247634,-21.803444364983584
425,425,0.0006608731142178024,0.0006602522672006959,-21.80035661740797,-21.79354527986692
426,426,0.0006604199111701671,0.0006584679818172988,-21.801721045176322,-21.80529767040778
427,427,0.0006578333343417605,0.0006581689813174307,-21.81736063839896,-21.807270184822116
428,428,0.0006603064194331234,0.0006613713309266849,-21.7992160702681,-21.786190639439308
429,429,0.0006603055271156824,0.0006577392249662233,-21.801341896250896,-21.810106869290475
430,430,0.0006562777784096135,0.0006629835146381275,-21.822952161942656,-21.77561699540581
431,431,0.0006622626847040254,0.0006598265915128746,-21.795574111416826,-21.79634615206464
432,432,0.0006577216428416522,0.000658249540720135,-21.813147778510316,-21.80673864407701
433,433,0.0006617683606443101,0.0006585427143267895,-21.797369583861578,-21.804804797925872
434,434,0.0006579679104537924,0.0006582147539838365,-21.813844861164995,-21.80696816321676
435,435,0.000656887478454365,0.000656782232813145,-21.818523896343173,-21.816430333731066
436,436,0.0006594202996077995,0.0006600462457802342,-21.810420521177466,-21.794900639520915
437,437,0.0006600027860708765,0.0006635576321155225,-21.805420292300685,-21.77185780454204
438,438,0.0006584951662477682,0.0006574268183229785,-21.81017088648114,-21.81217012943189
439,439,0.0006595390750402489,0.0006604205210399078,-21.805636895484028,-21.79243869669242
440,440,0.0006584773739060559,0.0006614491668235706,-21.809540888773817,-21.785679554214852
441,441,0.000663934301311323,0.0006564091431516173,-21.788649413552857,-21.81889807436022
442,442,0.0006614141676277306,0.0006583777446250774,-21.80142195890653,-21.805892873230988
443,443,0.000660614969242441,0.0006598096500199876,-21.809375034620334,-21.79645766153437
444,444,0.0006628776336396017,0.000659557693564382,-21.788811755550924,-21.798116385319094
445,445,0.0006603897091951797,0.0006581621250676873,-21.80197353644436,-21.80731542619665
446,446,0.0006579024160338431,0.0006599106066125003,-21.81426020929493,-21.79579320418585
447,447,0.0006603633909313412,0.0006593358794864463,-21.804721311921753,-21.799577195090748
448,448,0.0006589786420797103,0.0006620390432592677,-21.811505264943285,-21.781808267775887
449,449,0.000660831365523111,0.000660705073785625,-21.80225990823076,-21.790567872454808
450,450,0.0006589089705099919,0.0006574713686285051,-21.804220557598775,-21.811875841219212
451,451,0.0006573058301150875,0.0006599203671181673,-21.821322127378675,-21.795728969691645
452,452,0.0006588528961298469,0.0006582112216978873,-21.80998058551104,-21.806991469537422
453,453,0.000659747349852024,0.0006570442438762831,-21.80114442390405,-21.814698142114505
454,454,0.0006564362334644364,0.0006588441993747102,-21.82831425115184,-21.802817025106627
455,455,0.0006573619597024985,0.0006601952543286117,-21.821817560516262,-21.7939203099284
456,456,0.0006562324652457898,0.0006561623426693442,-21.82636952493253,-21.8205312667616
457,457,0.0006594969212922469,0.0006578257705673183,-21.805297100234924,-21.80953546039513
458,458,0.0006578031197651146,0.0006599934483682247,-21.81763013852498,-21.795248047630057
459,459,0.0006588734758384142,0.0006593592422034003,-21.812574898571626,-21.799423311165803
460,460,0.0006605493164016414,0.0006591295945997301,-21.81419267326085,-21.800936174760565
461,461,0.0006568989729671979,0.0006618998258521682,-21.82167898978738,-21.782721623419743
462,462,0.0006616239204340297,0.0006613263578497266,-21.79771142632144,-21.786485968588675
463,463,0.0006589052362185087,0.0006563614098061072,-21.814626457312073,-21.819213899978344
464,464,0.0006589288415252855,0.0006582696652530055,-21.81150991679363,-21.806605870114616
465,465,0.0006608443230284934,0.0006568626298471109,-21.804560721074658,-21.815898744269578
466,466,0.0006600503135261309,0.0006604064225317224,-21.805522039341373,-21.79253140988756
467,467,0.0006594340822217774,0.000659291243401209,-21.812466425815526,-21.79987121612495
468,468,0.0006601308219221219,0.0006570293764142614,-21.80610746249011,-21.81479641448854
469,469,0.0006573021288279482,0.0006598694170335014,-21.817196717181837,-21.796064285829104
470,470,0.0006596830651912954,0.0006586727410505869,-21.802188777991994,-21.80394738483376
471,471,0.0006622268329854555,0.000658623344191399,-21.791793216210152,-21.80427309419582
472,472,0.0006617562636521828,0.0006606576621140304,-21.795892193670255,-21.790879529909656
473,473,0.0006576475378884406,0.0006582751030739592,-21.815088441461853,-21.806569994150642
474,474,0.0006587341795051374,0.0006584849998992132,-21.8061376276601,-21.805185428601565
475,475,0.0006605847726681645,0.0006595207899073629,-21.80287647803951,-21.79835938912532
476,476,0.0006610604630754396,0.0006607516552321613,-21.793267838233824,-21.790261694208425
477,477,0.0006563803835138294,0.000657478819209102,-21.824080541490805,-21.811826626487427
478,478,0.0006587856674816498,0.0006607155818002004,-21.815054874599113,-21.79049880175084
479,479,0.0006591607954535518,0.0006617093948941482,-21.81001119639513,-21.78397128402238
480,480,0.000656895985173964,0.0006599241261076378,-21.82304773775856,-21.795704231801793
481,481,0.0006592718622714435,0.0006577530140547376,-21.80851971415634,-21.810015823142503
482,482,0.0006593449410896018,0.0006617016563388077,-21.811448958290427,-21.78402207416621
483,483,0.0006616840357460158,0.0006575462389982453,-21.798174419881562,-21.8113813111341
484,484,0.0006628968955747323,0.0006588991964235902,-21.794465903366103,-21.802454512724637
485,485,0.0006579787406791962,0.0006581715332638277,-21.819890957417577,-21.807253345771333
486,486,0.000659751616413561,0.0006597841795729963,-21.810866100741798,-21.796625314251944
487,487,0.0006603584894862448,0.0006596366844238027,-21.803759618992938,-21.797596290707098
488,488,0.0006603169166146941,0.000659124144524532,-21.809698026670375,-21.800972084957735
489,489,0.0006626055014233306,0.000661750608981636,-21.791185247058596,-21.78370079529244
490,490,0.0006584416674065989,0.0006586133968085051,-21.806398164948337,-21.804338687469468
491,491,0.0006598269719313638,0.0006555949588992485,-21.803524388643396,-21.824288236980806
492,492,0.0006584653741267231,0.0006589825773660682,-21.80859117289877,-21.80190496595978
493,493,0.0006625225873107148,0.0006607462082205242,-21.791461917685034,-21.79029749611416
494,494,0.0006625932064051404,0.0006619240494297916,-21.7927662562637,-21.78256268738163
495,495,0.0006594467924946209,0.0006602771371897114,-21.804551300244405,-21.793381695489927
496,496,0.0006582884012347029,0.0006588193538941835,-21.81825911473969,-21.80298080371411
497,497,0.0006598342598905575,0.0006582478925242628,-21.804366751447457,-21.806749518422137
498,498,0.0006601250245591107,0.0006590605296782757,-21.802704204312437,-21.80139126107559
499,499,0.0006605016131232464,0.0006548385350278726,-21.798934671192963,-21.829302009161186
