,epoch,train_loss,test_loss,train_dbs,test_dbs
0,0,0.03758667098339071,0.03621567648492361,-4.251422874191731,-4.440964643338432
1,1,0.03455973408885838,0.03283119270283925,-4.618727146576957,-4.867064060655477
2,2,0.031459855856661945,0.029773126111218805,-5.026273773231616,-5.291686292967146
3,3,0.02845226545078853,0.026977213687802617,-5.467752189564246,-5.719959742619247
4,4,0.025794967164083856,0.02448280361530028,-5.88711645002355,-6.141319173112274
5,5,0.02337608146529222,0.02215247777731795,-6.3076663771045824,-6.575707567221501
6,6,0.021127892197253778,0.019456280689490468,-6.775768780529873,-7.139332432161565
7,7,0.0183768811414844,0.01711450654425119,-7.35180796330418,-7.6962868446586725
8,8,0.016406337288928402,0.015471541077682846,-7.852696941022906,-8.134594915468703
9,9,0.015401934033509382,0.01468286859361749,-8.128946344225387,-8.361821542513015
