,epoch,train_loss,test_loss,train_dbs,test_dbs
0,0,0.001013427583342322,0.001001730665417486,-19.947173480155325,-20.000719677502204
1,1,0.0009871004605377764,0.0009758579146460091,-20.056813773644304,-20.11436347743924
2,2,0.0009625563506017794,0.0009507137767382359,-20.167920633805053,-20.227731492487507
3,3,0.0009382361931409495,0.0009354995686168733,-20.279364475670874,-20.297793449688584
4,4,0.0009269983238857432,0.0009141879180740369,-20.339112786781456,-20.397874591938706
5,5,0.0009119279032150648,0.0009036933709132043,-20.40633988828475,-20.448018400364685
6,6,0.0008993060394075036,0.0009004059584664279,-20.463819885721357,-20.46384576244283
7,7,0.0008936353968744425,0.00088965909334978,-20.49487775052718,-20.515993144344904
8,8,0.0008813954809363739,0.0008859265454750704,-20.544237018925024,-20.534252216707017
9,9,0.0008789223736420888,0.0008815556188653174,-20.562784309557887,-20.55573218652395
10,10,0.0008713723359552701,0.0008736526820269462,-20.598191449684947,-20.594841220500577
11,11,0.0008673630516793695,0.0008681044533946796,-20.612827222293284,-20.62250952373588
12,12,0.0008662905161192199,0.0008635949037086807,-20.624566849207994,-20.645128657519862
13,13,0.0008597285234724584,0.0008632217834115421,-20.661521601905235,-20.647005453011403
14,14,0.0008550305939615541,0.0008577366794557555,-20.674557056902984,-20.674689542993335
15,15,0.0008554909769541671,0.0008557436981630561,-20.67606771562287,-20.684792269345806
16,16,0.0008550063573716919,0.0008542563545664674,-20.68366305843047,-20.692347184663564
17,17,0.0008471147667318967,0.000851436227094382,-20.713352274844496,-20.70670811849853
18,18,0.0008449215188708886,0.0008455996714091222,-20.72982790574877,-20.736581310032093
19,19,0.0008429824422622464,0.0008452901751489231,-20.742512480449605,-20.738171153625377
20,20,0.0008368804989641859,0.000840566644910723,-20.768404040762665,-20.762507840600026
21,21,0.0008360527518214946,0.0008419089717790484,-20.781617127083287,-20.755577989495706
22,22,0.0008366958618634524,0.0008353649816279741,-20.778695281147193,-20.789466707879328
23,23,0.0008361718536969082,0.0008347889126621579,-20.77534918276207,-20.79246264237167
24,24,0.0008360610275106869,0.0008331451681442559,-20.78532255681711,-20.8010225658495
25,25,0.0008259694921284838,0.0008269852627754995,-20.831352252075508,-20.83325166228931
26,26,0.0008293870595264604,0.0008313556134357656,-20.81244022396151,-20.81036102988648
27,27,0.0008305292294514318,0.0008290514417335783,-20.812088355210612,-20.822414576573873
28,28,0.0008243588777499024,0.0008270076665978291,-20.834147482536622,-20.833134009350907
29,29,0.0008218640577979386,0.0008250909587858539,-20.853298751657032,-20.843211083283965
30,30,0.0008197739215078044,0.0008231441422953809,-20.866011751365217,-20.853470445576683
31,31,0.000823562992400653,0.000821897925465907,-20.846861686342358,-20.860050522845683
32,32,0.0008216446695234819,0.0008214893383219054,-20.8529446216105,-20.86221005212503
33,33,0.0008203636401227301,0.0008211032040172109,-20.86418238444828,-20.864251897519658
34,34,0.0008170853510556608,0.0008193145928855397,-20.87967815120035,-20.873722463543096
35,35,0.0008160358051212562,0.0008201346224124887,-20.879931433037584,-20.869377902882988
36,36,0.0008172115032589927,0.0008230277698634094,-20.878973349156453,-20.85408447506852
37,37,0.000809828876205672,0.0008169975297182406,-20.904359167294647,-20.886021931431404
38,38,0.0008186827240915028,0.0008157135422439559,-20.873275159293794,-20.89285264140141
39,39,0.0008123795377071371,0.0008199837879816952,-20.89792968683391,-20.8701767057102
40,40,0.0008110092813629157,0.0008176632109098136,-20.911971637908092,-20.88248478544138
41,41,0.0008116981276243771,0.0008162054398685301,-20.910322439153155,-20.890234515957374
42,42,0.0008153272108606918,0.0008178025569864794,-20.894497005544107,-20.88174472431011
43,43,0.0008125418434687651,0.0008156560177571679,-20.902377512747282,-20.893158918627726
44,44,0.0008128276850893786,0.0008164085692873126,-20.896250918068482,-20.889153819777505
45,45,0.0008139065892877269,0.0008131952214937069,-20.898998033809384,-20.906281185727703
46,46,0.0008053457809698567,0.0008141418189839705,-20.934814575999503,-20.901228733743316
47,47,0.0008095845120440516,0.0008143494058841545,-20.92454692581509,-20.900121526724
48,48,0.0008109045867836967,0.0008132194205628414,-20.912679340648236,-20.906151950268047
49,49,0.0008091039009891527,0.000814226949219837,-20.921609958741094,-20.900774640144427
50,50,0.0008126032873556094,0.0008124808725704881,-20.91026752029656,-20.910097909324833
51,51,0.0008106786564482164,0.0008129495974188965,-20.91167447841057,-20.90759316212591
52,52,0.0008064214093370613,0.0008127164696098158,-20.9380107600323,-20.908838757685903
53,53,0.0008080243583067714,0.0008132867331273461,-20.92211814089668,-20.905792486822087
54,54,0.0008051917875022388,0.0008062689785698527,-20.93607320699135,-20.943429860244045
55,55,0.0008030430769029352,0.0008106919520191456,-20.95529483330733,-20.919670748726826
56,56,0.0008058400504223849,0.000808950145973971,-20.947971106397855,-20.92901178828769
57,57,0.0008000667319757884,0.0008047549452289547,-20.96872362259174,-20.951592824297386
58,58,0.0008022652149258047,0.000804647907467657,-20.953779541549817,-20.95217050326791
59,59,0.000799131973348942,0.0008038840513970507,-20.966248805950517,-20.95629523948519
60,60,0.0008048737882492468,0.0008066576985201161,-20.947026179454863,-20.941336535915404
61,61,0.000804310546919089,0.0008031477888212784,-20.951937433792622,-20.960274685172074
62,62,0.0007989294118891211,0.0008044508255184873,-20.96851489086429,-20.953234348533343
63,63,0.0007994276904693046,0.0008049025292214202,-20.967337766410314,-20.950796444760222
64,64,0.0008014799833787393,0.0008088991407452053,-20.958436243593436,-20.929285624541663
65,65,0.0007994425538255228,0.0008024793075348594,-20.97158650675847,-20.963890938925896
66,66,0.0008011277910254742,0.0008030465718260721,-20.967616885505475,-20.960822040879805
67,67,0.0008039668444832115,0.0008024733519720796,-20.95578176861129,-20.96392317000806
68,68,0.0007959387382761258,0.0008002435114528788,-20.98526429015039,-20.976007750634324
69,69,0.0008021772793522969,0.0008017106294190805,-20.96271351004678,-20.968052948447358
70,70,0.0007990584756756566,0.0007995803822077027,-20.973099662613865,-20.97960806426389
71,71,0.0007981482632794254,0.0008005515709029217,-20.987746515008578,-20.974336224748495
72,72,0.0007987857247779588,0.0008042658446356654,-20.97347252085092,-20.954233109576993
73,73,0.0007971375118509011,0.0008010131239547933,-20.98671168416989,-20.971833048327007
74,74,0.0007965982790805937,0.0008041312470787057,-20.98713329098758,-20.954959982022892
75,75,0.0007995361523443507,0.0008002955552288576,-20.978351868470675,-20.975725316731854
76,76,0.0007980956477545125,0.0008029180891370695,-20.97516833123239,-20.961516941886398
77,77,0.0007961587626342997,0.0008010122477763185,-20.987317822506604,-20.971837798807037
78,78,0.0007966347320783,0.0008018234726286641,-20.987835044946934,-20.967441708770444
79,79,0.0007971255618781235,0.0008010892779566348,-20.983430253892557,-20.971420175057986
80,80,0.0007981507254034741,0.0008005629213967998,-20.97833434221602,-20.974274649428533
81,81,0.000796232488937676,0.0007962130935323474,-20.993578473825785,-20.99793621365633
82,82,0.0007923910773560865,0.0008006485816287367,-21.00365669200243,-20.973809979195845
83,83,0.000793656688927644,0.0007980035979447788,-21.003362096590152,-20.988180870894464
84,84,0.0007966883329328956,0.0007956418741837536,-20.988271697616305,-21.001053048125925
85,85,0.0007930560788792587,0.0007992938105752202,-21.008888120313,-20.981164865675176
86,86,0.0007940770526531815,0.0007960748105113836,-20.99510146208594,-20.998690543987472
87,87,0.00079322317027074,0.0007992797059399125,-21.010878721165422,-20.9812415035679
88,88,0.0007915063125090962,0.0007987257466945602,-21.01626889621665,-20.98425252524741
89,89,0.0007937254579785789,0.0007911795952455386,-20.99946044022827,-21.025478583893463
90,90,0.0007916236213485221,0.0008006487654424028,-21.01318343105905,-20.973808982138543
91,91,0.0007945791435351153,0.0007951952039117092,-20.999538808333188,-21.003491845186268
92,92,0.0007936022815669013,0.000797376251093259,-20.99847649234117,-20.991596399679807
93,93,0.0007947116865795682,0.0007957344550002171,-20.99269026224063,-21.00054773285853
94,94,0.0007931621194356265,0.0007955701286463361,-21.008567079035465,-21.001444682816555
95,95,0.0007941247511309447,0.0007937688466259523,-21.000379540437333,-21.01128886569915
96,96,0.0007883182735201548,0.0007919322448096386,-21.029308064962244,-21.02134910208615
97,97,0.0007924422598923988,0.000794330176799313,-21.015062158875697,-21.008218747232064
98,98,0.0007907373731062969,0.0007960965035875377,-21.01984312569007,-20.998572200148637
99,99,0.0007913457499769007,0.0007921008632126215,-21.019466998497865,-21.0204244996663
100,100,0.0007872453623105647,0.0007920124059493997,-21.045491182640216,-21.020909521818307
101,101,0.0007855140408453023,0.0007897432630048378,-21.04736539679504,-21.033370067462013
102,102,0.0007864407230091771,0.0007897808130732493,-21.045127758733532,-21.033163577573617
103,103,0.0007815001221594506,0.0007875382465212361,-21.07165818275004,-21.045512822060996
104,104,0.000781017719868801,0.0007856577438743491,-21.07075461251551,-21.055895410329803
105,105,0.0007858412285076128,0.000785616551231789,-21.04875637786726,-21.056123120251854
106,106,0.0007844013335980167,0.0007866488947337004,-21.05081495727827,-21.05041999738684
107,107,0.0007840758009535289,0.0007859611313937134,-21.05943039286189,-21.054218673949904
108,108,0.0007767564126232773,0.0007815407803527227,-21.089328902897147,-21.078712923553518
109,109,0.0007784175200474247,0.0007851625008410529,-21.08370944331319,-21.058633869098863
110,110,0.0007820698845478677,0.0007800578207120692,-21.073785155206703,-21.08696141176278
111,111,0.000782205286368574,0.0007792308246471772,-21.080363772865745,-21.091568126013964
112,112,0.0007802200216809576,0.0007819951340360077,-21.07818758916401,-21.07618885869231
113,113,0.00077934937729241,0.0007799183459658371,-21.082166275552538,-21.08773800199677
114,114,0.0007799369806289365,0.000781660253108528,-21.083071916290578,-21.07804907600513
115,115,0.0007778705480585317,0.0007808561479721806,-21.09715051270628,-21.082519025301952
116,116,0.0007767890437179696,0.0007810345636435637,-21.095094788999305,-21.081526831144863
117,117,0.0007755223364021975,0.0007841319005054078,-21.098277910874547,-21.064338141066962
118,118,0.0007760940256442145,0.0007807567078424128,-21.104962846808114,-21.08307212397216
119,119,0.0007774735154036778,0.0007839470605463966,-21.099053181173844,-21.06536200499983
120,120,0.0007765059210552075,0.0007799787869627931,-21.0974839866524,-21.087401451708704
121,121,0.0007770221083924251,0.0007825905432630526,-21.09551192183336,-21.072883409102495
122,122,0.0007790360916597941,0.0007768770906535026,-21.087145931048873,-21.10470621823549
123,123,0.0007803870026579069,0.0007825911651659561,-21.078072918323976,-21.072879957886602
124,124,0.0007783484149522619,0.0007764047017860177,-21.093890727113653,-21.107347797964096
125,125,0.0007759385643834152,0.0007794029937174759,-21.10753771132756,-21.090608669384597
126,126,0.0007755399463199003,0.0007810112162444152,-21.105998301023163,-21.081656656361876
127,127,0.0007755596415120532,0.000778607726954904,-21.107787410567905,-21.095042271696048
128,128,0.0007768126694274318,0.0007789539154864064,-21.100807010279357,-21.09311171861476
129,129,0.000779789672041139,0.0007776734878701207,-21.08535936730948,-21.100256431247317
130,130,0.0007751049418674456,0.0007795896626224643,-21.107970502055736,-21.089568648119105
131,131,0.0007751312979362597,0.0007784584273682221,-21.100518666049982,-21.095875119891545
132,132,0.0007716359765048033,0.0007799941691030797,-21.1257342086706,-21.087315804343852
133,133,0.000775900854220249,0.0007786968704558125,-21.101186743177006,-21.094545072488536
134,134,0.0007711184203874358,0.0007759852053009366,-21.127951212774995,-21.10969495330505
135,135,0.0007755969712251471,0.0007757258717902005,-21.102684790621243,-21.111146603878368
136,136,0.0007745647705736157,0.0007774314420346759,-21.11800189706184,-21.101608355088963
137,137,0.0007720404303363841,0.000776747514273187,-21.122485486520514,-21.10543064428935
138,138,0.000775741003381722,0.0007763183522528331,-21.10486565260185,-21.107830834854905
139,139,0.000776305779113828,0.0007735932840181416,-21.105005551926318,-21.12310245794543
140,140,0.0007712707780397584,0.0007764984283743328,-21.12381991753276,-21.106823554830424
141,141,0.0007715897860255131,0.0007796089293582267,-21.127686074228485,-21.08946131814755
142,142,0.0007729504741104224,0.0007771052340486724,-21.118809353174463,-21.103431024602436
143,143,0.0007747458594073494,0.000774936033657899,-21.11312579887061,-21.115570809708338
144,144,0.0007736649623467136,0.0007755465523682927,-21.11604177523734,-21.11215064977729
145,145,0.0007724685632844561,0.0007714002276770771,-21.116475350711248,-21.135431738293768
146,146,0.0007760381288874472,0.0007727304963689102,-21.10159722396517,-21.12794884210834
147,147,0.0007721535866292789,0.0007769313003671797,-21.127932100757214,-21.104403182421535
148,148,0.000773770510838319,0.0007748554711916336,-21.111128341365173,-21.116022326373255
149,149,0.0007700602243145563,0.0007778896527413867,-21.13383420748206,-21.099049418700858
150,150,0.0007728791349212226,0.0007750035055275811,-21.12182924259963,-21.115192696111464
151,151,0.0007682103680485149,0.0007783137200596301,-21.13792129713452,-21.096682503115836
152,152,0.0007687801220358263,0.0007716613870702292,-21.14122394179938,-21.133961672765054
153,153,0.0007723735089740265,0.0007752101549780683,-21.119830352413373,-21.114034833568347
154,154,0.0007706643082201481,0.0007757910980695957,-21.131137049592617,-21.110781446245113
155,155,0.0007728463766097869,0.00077456697564278,-21.120692667632063,-21.117639600301676
156,156,0.0007707815636525449,0.0007752028116221098,-21.129603953634742,-21.11407597330389
157,157,0.0007716722080733665,0.000773512923746909,-21.12521909723474,-21.123553623123577
158,158,0.0007710102177465085,0.0007731381644445815,-21.130238414294364,-21.12565824648007
159,159,0.0007696890400617009,0.0007711267956581555,-21.137027907530328,-21.136971419822075
160,160,0.0007710112030761912,0.0007734632542307832,-21.133033688491395,-21.12383250520446
161,161,0.0007692357764060888,0.0007755449011088594,-21.142775804096235,-21.112159896593244
162,162,0.0007696621943284402,0.0007698432615909137,-21.135334846377546,-21.144206237773645
163,163,0.0007711213559737986,0.0007748455238087397,-21.133148327809337,-21.116078080270483
164,164,0.0007673843887384943,0.0007730589652630059,-21.142560113686386,-21.126103154401562
165,165,0.0007684350976259591,0.0007724383459916632,-21.140963937156254,-21.129591113098506
166,166,0.0007689860781424285,0.0007697229800549777,-21.143936234317543,-21.14488483939565
167,167,0.0007664352360171909,0.0007725451846214893,-21.150885420147723,-21.12899046685805
168,168,0.0007675368838089029,0.0007742718260392154,-21.150728531433508,-21.119294799610685
169,169,0.0007659016103848585,0.0007729234700826438,-21.15845049198721,-21.126864415434824
170,170,0.0007696230937822809,0.0007722211272553786,-21.134798356325483,-21.13081257194805
171,171,0.0007689498789781301,0.0007719274787967535,-21.136438288937256,-21.132464354765297
172,172,0.0007743532859393847,0.0007741206729980675,-21.123465832300642,-21.120142710356088
173,173,0.0007689063924547169,0.0007728707492596617,-21.146015514654696,-21.12716065619216
174,174,0.0007681443461591436,0.0007733090621370234,-21.140997357679367,-21.124698369882623
175,175,0.0007688243322544875,0.0007705779586869635,-21.143087758347274,-21.140063540767414
176,176,0.0007664239305292361,0.000771923937320121,-21.15858653712378,-21.13248427952934
177,177,0.0007699151924264032,0.0007747966906447944,-21.13352351091912,-21.116351794724622
178,178,0.000765324631446646,0.0007683442458265313,-21.153937977108683,-21.15267093375786
179,179,0.0007692091767052092,0.0007708091166262564,-21.143777193943876,-21.138760939755077
180,180,0.0007682457817094305,0.0007734648411554334,-21.143661092311454,-21.123823594737054
181,181,0.0007683409950407894,0.0007714271379977857,-21.142165294316477,-21.135280237172502
182,182,0.0007636211620470913,0.0007733360796823705,-21.165475321506193,-21.12454664056162
183,183,0.0007671206828312392,0.000768177321572837,-21.146152151286937,-21.15361454931261
184,184,0.0007687069370036887,0.0007740674742595537,-21.14605903882898,-21.120441174320312
185,185,0.0007668363600105201,0.0007714619400518897,-21.154065998554476,-21.135084314597457
186,186,0.0007703237838025406,0.0007693833567349142,-21.13705992454115,-21.146801491061588
187,187,0.0007714607252393724,0.000769020863931234,-21.12921282634666,-21.14884813946734
188,188,0.0007684764562693146,0.0007718902289573299,-21.14244770362856,-21.132673931318738
189,189,0.0007724219575505128,0.0007732985571860091,-21.128211321460387,-21.12475736664691
190,190,0.0007701678112744517,0.00077114935265854,-21.137917060991384,-21.13684438186189
191,191,0.0007684044659944232,0.0007710601540135318,-21.14330851800898,-21.137346758214726
192,192,0.0007702857381952254,0.0007713395262774276,-21.134274330287415,-21.13577349759384
193,193,0.0007676567687873834,0.000774395986043505,-21.14701904718117,-21.118598433295958
194,194,0.0007703115421913794,0.0007715017540919545,-21.134779228267348,-21.13486018725121
195,195,0.0007661060386903814,0.0007717483615698783,-21.158387116098908,-21.133472203972502
196,196,0.0007694634001644462,0.0007736767966937469,-21.13256753258169,-21.122633643939757
197,197,0.0007697800870447122,0.0007723608470864986,-21.140444444274724,-21.13002686354485
198,198,0.0007696169105684865,0.0007688577415568656,-21.14312728281378,-21.149769449472902
199,199,0.0007674713263806608,0.000773532512156587,-21.146439719774925,-21.123443643958964
200,200,0.0007710491124655783,0.0007713727842967369,-21.128614880952625,-21.13558624590513
201,201,0.0007728039264227695,0.0007758161518722773,-21.119807069352138,-21.110641195182783
202,202,0.0007688749885215357,0.0007763977965192968,-21.14168669762741,-21.107386423858067
203,203,0.0007693056081968945,0.0007742800700821375,-21.138528630548624,-21.11924855844358
204,204,0.0007699951343478385,0.0007736185522701003,-21.132635827189574,-21.122960604552937
205,205,0.0007726287141624722,0.0007740543560909206,-21.122488117332374,-21.120514775094342
206,206,0.0007692917259698062,0.0007727121027480615,-21.135202808161694,-21.12805222023499
207,207,0.0007703486012688541,0.000774923834557596,-21.131777141697835,-21.115639177204713
208,208,0.0007715487358227526,0.0007743140419111832,-21.12125523934312,-21.119058014287656
209,209,0.000772102227069668,0.0007742332833770074,-21.120197752991416,-21.119510993479423
210,210,0.000772777272114703,0.0007729857063264047,-21.12045604120155,-21.12651473309039
211,211,0.0007685275343918847,0.0007746023291378821,-21.138365119898506,-21.117441380161445
212,212,0.0007691990155678665,0.0007749855806315807,-21.130773503598746,-21.115293144346765
213,213,0.0007673851388372173,0.0007751274265741047,-21.13876576024149,-21.114498326033466
214,214,0.0007729434177817143,0.0007752250683935065,-21.11848912755178,-21.11395128523387
215,215,0.0007709533524622699,0.0007737589491482236,-21.12854229841709,-21.122172515162255
216,216,0.0007715625544414692,0.0007754356085665916,-21.13088506797944,-21.11277196293196
217,217,0.0007753941067254421,0.0007782502492007456,-21.103127107958365,-21.097036681220107
218,218,0.0007727135677303466,0.0007759370246755058,-21.122343385477045,-21.10996461346407
219,219,0.000772361751626601,0.0007714448943979254,-21.1243950111626,-21.135180274162767
220,220,0.0007715298507372205,0.0007742651627938214,-21.127987566358122,-21.119332174380897
221,221,0.000770770235361589,0.0007774335589553965,-21.13281272363436,-21.101596529406518
222,222,0.0007708455374723627,0.0007778363038883789,-21.12433037072425,-21.099347274661767
223,223,0.000772565398029215,0.000772781933559791,-21.120621779888733,-21.127659761441762
224,224,0.0007726972701853698,0.0007750080916785487,-21.115263931895605,-21.11516699643203
225,225,0.0007742373596819252,0.0007772440562563899,-21.11674824900787,-21.102655269509114
226,226,0.0007742579633936516,0.000773822873414151,-21.10755128732213,-21.121813736640007
227,227,0.0007761815303610158,0.0007785481284372509,-21.102968949783374,-21.09537471507054
228,228,0.000771290455829621,0.0007763835601508617,-21.123563813889522,-21.107466058717506
229,229,0.0007742088619312367,0.0007778947351892528,-21.11783973217557,-21.099021043572787
230,230,0.0007747676026690559,0.0007765410762084158,-21.105366443085472,-21.106585032642712
231,231,0.0007794217378160311,0.0007785824556393843,-21.09293645053143,-21.095183233192007
232,232,0.0007751398154572805,0.0007762389692575916,-21.10494091172095,-21.108274948529072
233,233,0.0007719244890769502,0.0007779376464895904,-21.12815328864602,-21.098781478679136
234,234,0.0007721810504438874,0.0007780054461603102,-21.11722241057126,-21.09840299410568
235,235,0.000777657459413191,0.0007768085986179741,-21.090349953310525,-21.105089123392034
236,236,0.0007741589797660708,0.0007732140978700236,-21.10931493027007,-21.125231727005932
237,237,0.0007716411965918372,0.0007737699779681861,-21.1243469335642,-21.122110613176865
238,238,0.0007746007657110615,0.0007755943714935137,-21.107220993932117,-21.111882878075825
239,239,0.000776316822967348,0.0007744085558347012,-21.102365486975344,-21.118527940334353
240,240,0.0007717961051798973,0.0007803141151701933,-21.12364204456385,-21.08553473563067
241,241,0.0007735832249889746,0.0007740942130208408,-21.105938614799648,-21.12029115773514
242,242,0.0007768761463818553,0.0007746703738934899,-21.104232920220557,-21.117059891972257
243,243,0.0007741823030357278,0.0007803479981559672,-21.10670026826591,-21.085346159338233
244,244,0.0007751088171774886,0.0007793891065950064,-21.1041313196159,-21.09068605110416
245,245,0.000773752268437373,0.0007773218247549314,-21.117302112457033,-21.10222075039065
246,246,0.000774585046042141,0.0007802596879436782,-21.111434853051968,-21.085837668360973
247,247,0.0007747686702095586,0.0007781653854946949,-21.109300526986004,-21.097510280154307
248,248,0.0007753759333335785,0.0007803768262659249,-21.108548248340476,-21.085185722483715
249,249,0.0007756307460703724,0.0007807052890328984,-21.105299931484957,-21.083358149572405
250,250,0.0007779535269796772,0.0007760179670233475,-21.0960595821938,-21.109511600132628
251,251,0.0007730115861535917,0.0007770709007194167,-21.115313939042917,-21.10362290472606
252,252,0.0007751625548500914,0.0007741588419058213,-21.102626251871182,-21.119928581759005
253,253,0.0007743018051638201,0.0007792503272771443,-21.1103795469068,-21.091459431923344
254,254,0.0007763315759090342,0.0007801181575479476,-21.10026344430933,-21.08662550151604
255,255,0.0007727291865859987,0.0007781820175679107,-21.114860210256072,-21.09741745746438
256,256,0.0007758138829736596,0.0007786249533589734,-21.105827217040385,-21.094946186732955
257,257,0.0007716696637384978,0.0007788253990982316,-21.110854153827766,-21.093828302251765
258,258,0.0007760540225792714,0.0007756552046262904,-21.100569453278148,-21.11154225598249
259,259,0.0007745908392045993,0.0007799995395256893,-21.100995454883012,-21.087285902365505
260,260,0.0007762347639672766,0.000776417274640775,-21.106757633823246,-21.1072774702443
261,261,0.0007793352502330984,0.0007748608998219041,-21.089343126055766,-21.115991899848574
262,262,0.0007747464192810363,0.0007798495720826873,-21.10633342371412,-21.088120983562483
263,263,0.0007764201025603359,0.0007786654260646748,-21.099633488064544,-21.094720447551744
264,264,0.0007711937423008159,0.0007793017399595364,-21.119293574334755,-21.091172906439336
265,265,0.000778066793087025,0.0007778108028057767,-21.087261780436574,-21.09948965887487
266,266,0.0007744271322585566,0.0007820763000238099,-21.114594655543698,-21.07573811277515
267,267,0.0007767188356776443,0.0007770687592902073,-21.096104554952415,-21.103634872902575
268,268,0.0007751701836541449,0.000779710725366481,-21.107399288041037,-21.08889428310001
269,269,0.0007748905372489052,0.0007772768639322175,-21.105519054905038,-21.102471956536057
270,270,0.0007732954247105751,0.00077699467625567,-21.115489085486775,-21.10404893390408
271,271,0.0007765279331522965,0.0007767679819249009,-21.106859791595962,-21.10531620721783
272,272,0.0007757154946244255,0.0007783970918114248,-21.104572764848438,-21.09621731855478
273,273,0.0007747399720324914,0.0007778290095493981,-21.106224862213367,-21.099388001817424
274,274,0.0007756988688362474,0.0007769464680581893,-21.10225224812411,-21.104318397831104
275,275,0.0007733486679180996,0.00077829543366342,-21.11234640241689,-21.09678454133075
276,276,0.0007747076493783941,0.0007783327692825543,-21.10485635840208,-21.096576210872122
277,277,0.0007754793113395188,0.0007776540128122035,-21.10488974278466,-21.100365191751905
278,278,0.0007774663342585423,0.0007796805646074446,-21.091766389599282,-21.08906228007813
279,279,0.0007753526592703978,0.0007791511689949976,-21.099489792528917,-21.0920120994475
280,280,0.0007762149127545891,0.0007785768217505201,-21.09755764265477,-21.095214659223767
281,281,0.000774661342483782,0.0007803113181389085,-21.111546853271186,-21.085550302918335
282,282,0.0007759934968132641,0.0007762585147774141,-21.102446959318193,-21.10816559554792
283,283,0.0007773811368454132,0.0007793055387753013,-21.091086598094204,-21.091151736196558
284,284,0.0007774507214036799,0.0007810219632167565,-21.096053346330258,-21.081596896417636
285,285,0.00077530709587364,0.0007786980713717639,-21.10976025226472,-21.094538374750446
286,286,0.0007702399671711412,0.0007792872707604578,-21.12331800185074,-21.09125354210755
287,287,0.0007745277324989054,0.0007806303390105697,-21.110458914336366,-21.083775105165508
288,288,0.0007786921755958003,0.0007776654613400368,-21.086476240748983,-21.100301255916897
289,289,0.000773836379107472,0.0007811293686053863,-21.11219064906666,-21.080999699888313
290,290,0.0007736426712128997,0.000778837794266445,-21.113226153080618,-21.093759183931702
291,291,0.0007786469230399534,0.0007796344825213677,-21.089878614863768,-21.089318972216653
292,292,0.0007771663571775113,0.0007766533465320734,-21.095386283943274,-21.105957186168155
293,293,0.0007764943563331341,0.0007779282382934502,-21.10380275073655,-21.0988340015567
294,294,0.00077588118603165,0.0007786638912205634,-21.10199213616071,-21.094729008031802
295,295,0.0007793500685833932,0.0007812553085386753,-21.092660033718587,-21.080299551979834
296,296,0.0007737925337368296,0.0007760093032725548,-21.109198514152943,-21.109560086641
297,297,0.0007770517426926989,0.0007763837439645277,-21.098528493021128,-21.10746503049827
298,298,0.0007741417935041269,0.0007794358381560366,-21.11266483332045,-21.090425659337136
299,299,0.0007781434285732889,0.0007798154562662699,-21.093503422146703,-21.088310977061717
300,300,0.0007749710642473446,0.0007799135453655923,-21.10470973131507,-21.087764734033826
301,301,0.0007778335405878492,0.0007745722020780178,-21.089751866187157,-21.117610296130476
302,302,0.000778257857033618,0.0007773038324605869,-21.091171347316866,-21.1023212756086
303,303,0.0007730869428715525,0.000776033796443555,-21.1128498358798,-21.109423012496443
304,304,0.0007777582450779443,0.000780903856809202,-21.093408937337358,-21.082253687675177
305,305,0.000774761324042704,0.0007815232261476156,-21.108214424016833,-21.078810471630636
306,306,0.0007733193540600004,0.0007806046357329347,-21.108526148387405,-21.083918104673273
307,307,0.0007768159518594441,0.0007768121462217287,-21.099767694213835,-21.10506928966183
308,308,0.0007762881943994423,0.0007815414114463094,-21.09987546286209,-21.07870941663029
309,309,0.0007763863067123463,0.0007825050025099987,-21.101890684731373,-21.073358138931823
310,310,0.0007770719851568802,0.0007781792052188202,-21.09784947819222,-21.097433152891295
311,311,0.0007757251949011127,0.0007805883620963677,-21.099031622844393,-21.084008645055803
312,312,0.0007748380933465801,0.0007819537054992428,-21.109827486163603,-21.076418945309715
313,313,0.0007775835398843838,0.0007804399233703551,-21.094428484968887,-21.084834589343973
314,314,0.0007785117072437304,0.000776859456795807,-21.09257559569361,-21.104804797201204
315,315,0.0007770601149946067,0.0007805683754237467,-21.09427983045294,-21.084119845954767
316,316,0.0007742990081957014,0.0007795523178126467,-21.109866919079828,-21.089776693890926
317,317,0.0007749953206398131,0.0007782705361023545,-21.10528317219658,-21.096923473744724
318,318,0.0007734183628908982,0.0007817804672461199,-21.113894155738777,-21.077381211390552
319,319,0.0007755693399885035,0.0007806151774466822,-21.107014701504884,-21.08385945555709
320,320,0.0007751654574321103,0.0007761066142273577,-21.106905175192633,-21.109015518928263
321,321,0.0007762836373996796,0.000781439033361446,-21.09772856035425,-21.079278358327997
322,322,0.000776611666972797,0.0007788403891026974,-21.10188194279126,-21.093744714664847
323,323,0.0007749982268223059,0.0007811449774491944,-21.104446635130543,-21.080912918270833
324,324,0.0007753248204064277,0.0007767210359145936,-21.099713587286338,-21.105578692410788
325,325,0.0007763140746056265,0.000776363671512196,-21.10803749085119,-21.10757731347745
326,326,0.0007770103030386812,0.0007776008416457396,-21.097606996318476,-21.100662145580845
327,327,0.0007761764356904884,0.0007762039527542105,-21.098404120528663,-21.108470865222447
328,328,0.0007768405989033275,0.0007800858400418962,-21.097228891405795,-21.086805417918907
329,329,0.0007769892012614027,0.0007810790404236238,-21.098781935613033,-21.081279524929645
330,330,0.0007747321794068767,0.0007790072520851697,-21.105574862650553,-21.092814358308
331,331,0.0007734882696915764,0.0007807988072990587,-21.11231290022713,-21.082837952832676
332,332,0.0007764211719010755,0.0007794894933651545,-21.099364869220466,-21.090126707735244
333,333,0.0007745999472033348,0.0007792951318582422,-21.10028389563936,-21.091209732663998
334,334,0.0007744004173425132,0.0007805093773640692,-21.099943063022927,-21.08444811316282
335,335,0.0007762364705918913,0.0007817732648139721,-21.10515821738463,-21.0774212225072
336,336,0.0007745675231358901,0.000777241167318272,-21.100126635092952,-21.102671411828954
337,337,0.0007749992103517516,0.0007777388428190821,-21.102101756697174,-21.099891469582094
338,338,0.0007749161570208128,0.0007784535134162166,-21.104833455324467,-21.095902534444477
339,339,0.0007752620383434612,0.0007807206773003074,-21.107079959235996,-21.083272547824183
340,340,0.0007730579746589449,0.0007782162344818445,-21.11248863745065,-21.097226500980177
341,341,0.0007768078537936293,0.0007786942909373657,-21.092988873742556,-21.094559458991494
342,342,0.0007743566031759777,0.000778527841535642,-21.105931888857352,-21.09548788218113
343,343,0.0007753378565221564,0.0007807465123110696,-21.105739964506085,-21.08312883679792
344,344,0.000772964822598877,0.000777603531452386,-21.124675558768207,-21.100647122884098
345,345,0.0007789576133309873,0.000777678882801219,-21.091324309403483,-21.100226303170224
346,346,0.0007731640890250271,0.0007764418780999748,-21.114192101609966,-21.1071398512394
347,347,0.0007727367055755992,0.0007784587459785765,-21.11605148710541,-21.095873342395336
348,348,0.0007757155186275846,0.0007796935295980228,-21.10191651128556,-21.088990063617857
349,349,0.0007751779288735203,0.0007798742061774982,-21.100597345699583,-21.087983799638085
350,350,0.0007786350084718355,0.0007786852901948518,-21.093130221650366,-21.094609658350137
351,351,0.000777412500573303,0.0007750617744597165,-21.09433571566699,-21.114866182434504
352,352,0.000780117351168133,0.000777292092894449,-21.086979261212853,-21.1023868672998
353,353,0.0007763615624556682,0.0007787107759596486,-21.0943922657199,-21.09446751946511
354,354,0.0007749192402266042,0.0007787888263058113,-21.10339842340956,-21.094032246998545
355,355,0.0007774716995646889,0.0007776477784653636,-21.09642693836293,-21.100400008691558
356,356,0.0007774994580180759,0.0007805365756595213,-21.092596332797697,-21.084296777840365
357,357,0.0007793509783031247,0.0007802804190616467,-21.088869140915293,-21.085722279975915
358,358,0.0007760477151491286,0.0007798574760703272,-21.10482466791727,-21.088076966857923
359,359,0.000774741351013984,0.0007786214241365853,-21.106601554317592,-21.09496587175943
360,360,0.0007761186240817007,0.000777402760975651,-21.098264864595976,-21.101768578290216
361,361,0.0007786480895934876,0.0007788172500257037,-21.083534551871935,-21.09387374396118
362,362,0.0007734080709363381,0.0007810273183215605,-21.118185829714278,-21.081567118964468
363,363,0.0007756406731769135,0.000781697573409857,-21.095627498433927,-21.077841727429416
364,364,0.0007731029181741178,0.0007809919035552364,-21.117971515586365,-21.08176404916071
365,365,0.0007781331450198345,0.0007804334990827268,-21.092611781054003,-21.084870338977826
366,366,0.0007753552378097683,0.0007812722592222455,-21.105455354461455,-21.080205325311567
367,367,0.0007784759731406404,0.0007787513558899885,-21.091478833591705,-21.09424120719123
368,368,0.0007762439661784117,0.0007796000450310346,-21.102895507009546,-21.089510810093
369,369,0.0007729104668449265,0.0007816466937870963,-21.11041882791444,-21.07812441295016
370,370,0.0007768002843973946,0.0007773630419059804,-21.102601492437188,-21.10199047373911
371,371,0.0007744585409923696,0.0007822285804554428,-21.104465384986568,-21.074892567227167
372,372,0.0007778378641568892,0.0007823315314262322,-21.099275171673636,-21.074321019502726
373,373,0.0007740494683528915,0.0007808280888160592,-21.10937886336177,-21.08267508676924
374,374,0.0007738101616569017,0.0007771557674890286,-21.117162475331426,-21.103148621656157
375,375,0.0007726680403383276,0.0007841217049740647,-21.112266393056718,-21.064394609778233
376,376,0.0007760479497800092,0.0007819272547126993,-21.105490721444827,-21.076565854581343
377,377,0.0007733074580943308,0.0007799546277199529,-21.111615679777618,-21.08753597316654
378,378,0.0007748538376187387,0.00077360521965219,-21.101210320136428,-21.123035451934335
379,379,0.0007750718229085437,0.0007762564683185989,-21.106515861700448,-21.108177044915955
380,380,0.0007748239944909805,0.0007768648517269053,-21.098968616222045,-21.104774637554563
381,381,0.0007745692045571878,0.0007814041853539253,-21.11165944004469,-21.07947203479142
382,382,0.0007724419497817601,0.000778361778142617,-21.120672593626463,-21.09641435011564
383,383,0.0007758659062206207,0.000775535670599263,-21.108301540103653,-21.112211586485515
384,384,0.0007734228400801568,0.0007776719959158646,-21.116256306753503,-21.100264763126084
385,385,0.0007759508035942604,0.0007762709191363109,-21.109827970585116,-21.10809619725501
386,386,0.0007752285509360666,0.0007770707934947783,-21.10304416320542,-21.103623503990192
387,387,0.0007679183612164762,0.0007776568772418326,-21.13353099280583,-21.10034919487321
388,388,0.0007740583129169554,0.0007761234821947781,-21.10935449541781,-21.10892113002047
389,389,0.0007744093003116318,0.0007782428200650765,-21.11031443273689,-21.09707813893926
390,390,0.0007728158757954682,0.0007790679596119413,-21.120233734335244,-21.092475928639107
391,391,0.0007779432752304087,0.0007820790357838728,-21.105285798760768,-21.075722920863296
392,392,0.0007736043807733612,0.0007784084606866695,-21.1051864559105,-21.096153888156852
393,393,0.0007728341127957035,0.0007758346833533755,-21.11990614470134,-21.11053745895811
394,394,0.0007731770171265397,0.0007798946064308678,-21.11304108252382,-21.087870196681074
395,395,0.0007745288414448576,0.0007778140134178102,-21.108785768136386,-21.099471732301893
396,396,0.0007750002496885424,0.0007757640315072709,-21.104560711205444,-21.110932969815742
397,397,0.0007731038975030107,0.0007760502201946158,-21.118404430846965,-21.109331100662008
398,398,0.0007778169700069373,0.0007783502989791726,-21.09713803206954,-21.096478399690564
399,399,0.0007787686292581337,0.0007773892353533915,-21.09179578882633,-21.10184413956305
400,400,0.0007769029873144842,0.0007818768560690316,-21.10103537536114,-21.07684578545884
401,401,0.0007762693429183331,0.0007791551454973064,-21.098667849814046,-21.09198993470372
402,402,0.000775319290078562,0.0007752644106451618,-21.10489306884852,-21.11373088873284
403,403,0.0007749011040396374,0.0007793426752629641,-21.104638543691824,-21.09094478543593
404,404,0.000774633582830237,0.000775622001751081,-21.11122907193043,-21.11172816505702
405,405,0.0007742186414183492,0.0007816681754775345,-21.112155483601512,-21.07800505913599
406,406,0.0007756507443024095,0.0007757334908666579,-21.10774367023953,-21.11110394826079
407,407,0.0007708707833950667,0.0007790984665533822,-21.12264681704781,-21.092305869830156
408,408,0.0007768056527039362,0.0007794900202976638,-21.102043505867712,-21.090123771918844
409,409,0.0007769714635268776,0.0007787862866136589,-21.096059754930355,-21.094046409709264
410,410,0.0007730572557643286,0.0007775461938428251,-21.110104275991336,-21.100967367385884
411,411,0.0007738167997305617,0.0007763368653525648,-21.110372444621554,-21.107727268564524
412,412,0.0007712795541948188,0.000778931879291409,-21.121273383987116,-21.093234579968552
413,413,0.0007729788326427878,0.0007767962922930325,-21.113757789064543,-21.105157925557194
414,414,0.0007751934355144034,0.0007742957034344343,-21.108739427186585,-21.119160871696153
415,415,0.0007794245419850977,0.0007801927460700666,-21.09086202512294,-21.08621028447796
416,416,0.0007774061319351042,0.0007811034171793022,-21.097064856318923,-21.081143987746685
417,417,0.0007765517394855311,0.0007762956298201492,-21.099612711670254,-21.107957952441694
418,418,0.0007749905110068005,0.000781038831184177,-21.10819921260687,-21.081503101538487
419,419,0.0007736705556828721,0.0007753905650277279,-21.114754309992854,-21.113024243435245
420,420,0.0007719610878938483,0.0007779670107227407,-21.11926046137048,-21.098617551868266
421,421,0.0007764858934193005,0.0007777801671947696,-21.103374561311252,-21.09966071768234
422,422,0.0007775397227174535,0.000779342883585119,-21.09922587392068,-21.09094362454544
423,423,0.0007731485367781416,0.000779067585857487,-21.116492308034434,-21.092478012148437
424,424,0.0007739835172728396,0.0007800458483152875,-21.115511695876936,-21.08702806817749
425,425,0.0007746421687602613,0.0007784014114325768,-21.10616598618424,-21.09619321797109
426,426,0.0007764581403666243,0.0007788095451695355,-21.100438332403712,-21.093916709022235
427,427,0.0007745056363907595,0.0007783212962462322,-21.109380590285408,-21.096640228645573
428,428,0.0007787581842834342,0.0007804866579949463,-21.093930837361,-21.08457453112186
429,429,0.0007703680642304424,0.0007816404104232788,-21.125115613746694,-21.07815932439063
430,430,0.0007764457775395095,0.0007802332432842569,-21.09993596416804,-21.085984862487056
431,431,0.0007735826231097591,0.0007770398117013668,-21.116010434364767,-21.103796660545136
432,432,0.0007767173012756964,0.00077511834005188,-21.104485817832327,-21.114549237012188
433,433,0.000775610531809903,0.0007782274134163009,-21.10602943759915,-21.09716411581699
434,434,0.0007752851353833432,0.0007749764634737451,-21.10221465126635,-21.11534423632484
435,435,0.0007740804420294452,0.0007755705829415666,-21.107773544364736,-21.11201608424213
436,436,0.0007762552380619436,0.0007834741233014746,-21.105808264737263,-21.067982794409925
437,437,0.000775681388535604,0.0007785309970035757,-21.104468898334055,-21.095470279733775
438,438,0.0007736854460426443,0.0007765172999107131,-21.105482326280644,-21.1067180078747
439,439,0.0007729657029147385,0.000771889469194177,-21.11606107065848,-21.132678206034168
440,440,0.0007730717668741865,0.0007788881010032798,-21.11749970065523,-21.093478673242583
441,441,0.0007773748036118743,0.0007778982031404188,-21.09901891806632,-21.099001682229538
442,442,0.0007750302602383356,0.0007800026521037676,-21.103330084445325,-21.087268571934928
443,443,0.0007747617867035964,0.0007751388689748159,-21.110416272365384,-21.114434216125343
444,444,0.0007752320439958004,0.0007825898080083885,-21.11052537481712,-21.072887489361275
445,445,0.0007745668636490926,0.0007764946050500791,-21.108987991622886,-21.106844938681995
446,446,0.0007729321717015785,0.0007799559787503983,-21.11951425809968,-21.087528450362797
447,447,0.0007747625920095856,0.0007766687256087991,-21.108598259879066,-21.105871189216472
448,448,0.0007761584879283208,0.0007794996245617145,-21.10203826221873,-21.090070261892095
449,449,0.0007770953642338822,0.0007842792669850352,-21.0980136472584,-21.06352202281386
450,450,0.0007773668159605916,0.0007788065398160956,-21.096652793904727,-21.093933468073807
451,451,0.0007746803313829773,0.0007771306248430751,-21.103598220128198,-21.10328912745294
452,452,0.0007742309670405674,0.000781778675062876,-21.11569595504093,-21.077391167333662
453,453,0.0007740045362392191,0.0007805958065498425,-21.108164523516205,-21.08396722668724
454,454,0.0007763714769605509,0.0007790198310670492,-21.102329055542445,-21.092744231383026
455,455,0.0007757525182972403,0.000779288646299392,-21.10596159805999,-21.091245876276684
456,456,0.0007759988621194108,0.0007740573614443603,-21.10087695155919,-21.120497913153432
457,457,0.0007766859147448055,0.0007763152641832436,-21.1018164474767,-21.1078481104255
458,458,0.0007763256483288846,0.0007827670074460146,-21.098162690807804,-21.071904240845328
459,459,0.0007787041447711052,0.0007799006263284307,-21.09519574546016,-21.08783667422584
460,460,0.000773471430875361,0.0007773837485154601,-21.111828470678027,-21.101874792313794
461,461,0.0007748022854337757,0.0007811252327979003,-21.103291609424566,-21.081022694326833
462,462,0.0007744229863128942,0.000779125413636824,-21.1123177215233,-21.092155660738996
463,463,0.000776034760044062,0.0007795316173302892,-21.105996833541887,-21.089892019372236
464,464,0.0007763651251245636,0.000778506730536097,-21.10206623556219,-21.095605649516223
465,465,0.0007732239529039211,0.0007763705461433059,-21.114524111586842,-21.10753885725845
466,466,0.0007752820041712335,0.0007769140157554494,-21.1009171398064,-21.10449980222556
467,467,0.0007748657299839344,0.0007786477094908294,-21.109470097617454,-21.09481926146507
468,468,0.0007724434619807859,0.0007787619925741302,-21.120618169960675,-21.094181888878065
469,469,0.0007761632261519349,0.0007781887237031601,-21.106957439469475,-21.09738003145197
470,470,0.0007778329189060276,0.0007776394210706808,-21.090781527460116,-21.10044668264856
471,471,0.0007736613342692097,0.0007767391507513821,-21.106299651562757,-21.10547740660088
472,472,0.0007729392304306024,0.0007757851547610603,-21.114346466701704,-21.110814717521293
473,473,0.0007733302136892741,0.0007754453292459642,-21.11226642946876,-21.112717521132993
474,474,0.0007785257256887469,0.0007781571874051894,-21.089544301762864,-21.09755603397291
475,475,0.0007762719190573876,0.0007768147042952478,-21.099168103572662,-21.105054988194098
476,476,0.0007758646496552398,0.0007789855773903822,-21.104196523671636,-21.092935195839033
477,477,0.0007749562032914423,0.0007812678139950884,-21.106233849151348,-21.080230035559428
478,478,0.0007760406798231847,0.0007802137559720952,-21.104821333834156,-21.086093334381882
479,479,0.0007726984187365346,0.0007779888692311943,-21.11664347210603,-21.098495530032977
480,480,0.0007756198426353332,0.000778672003530358,-21.101548003756577,-21.09468376241214
481,481,0.0007761346125860036,0.0007768096341016261,-21.09958853337598,-21.1050833342628
482,482,0.0007744006777767898,0.0007780322002394026,-21.108971975671057,-21.098253651331795
483,483,0.0007717588480763598,0.0007734775426797569,-21.11997135065048,-21.123752277253182
484,484,0.0007779229649573027,0.0007750505005548659,-21.095372972770562,-21.11492935456397
485,485,0.0007765614007570848,0.0007783020233833476,-21.104735849661623,-21.09674777037254
486,486,0.0007756087615769164,0.0007808506243715161,-21.10533619776881,-21.08254974642491
487,487,0.0007715207031332725,0.0007770078250599143,-21.127182950997074,-21.10397544041714
488,488,0.000776624973124066,0.0007809020676895192,-21.093931093455602,-21.0822636377566
489,489,0.0007771392984162132,0.0007784788092402252,-21.09704785659588,-21.095761412873255
490,490,0.0007773905562851386,0.0007794273214561766,-21.10073291479614,-21.090473113864885
491,491,0.0007752715345932959,0.0007803750708454141,-21.10073819286218,-21.085195491742272
492,492,0.0007758554912498701,0.0007764774307265485,-21.106830587665762,-21.106940995967875
493,493,0.0007772119403768753,0.0007775881493120993,-21.106396663050198,-21.10073303356288
494,494,0.0007737787493226147,0.0007811195131293253,-21.113840824893323,-21.08105449498428
495,495,0.0007723535059413575,0.0007789956258707925,-21.117222412257686,-21.092879174629218
496,496,0.000777655287127289,0.0007756199920549989,-21.094714963157962,-21.111739417974647
497,497,0.0007747208859205016,0.0007801205992061449,-21.101132804493005,-21.086611908741514
498,498,0.0007743526378540879,0.0007799930294583502,-21.11422089894045,-21.087322149798705
499,499,0.0007743087150732574,0.0007785313125503691,-21.110950888517706,-21.095468519492965
500,500,0.0007719688529158299,0.000779927159831124,-21.11744275001677,-21.087688922609814
501,501,0.0007727265216352552,0.0007796896358118637,-21.116074232053933,-21.089011752319905
502,502,0.0007735713974323086,0.0007764894827759187,-21.115074154279753,-21.106873587725087
503,503,0.0007789068382483014,0.0007805256663184417,-21.098247347860173,-21.084357478387787
504,504,0.0007740849828270753,0.000777700876106361,-21.10821165821225,-21.100103483376436
505,505,0.0007744493393813135,0.0007745423201030414,-21.116094036518174,-21.117777844451226
506,506,0.0007757687330313181,0.0007740222530341462,-21.1089058477381,-21.1206948977101
507,507,0.0007738733469729417,0.0007805239905505196,-21.111386305002817,-21.084366802585237
508,508,0.0007719912730666242,0.0007785600058636383,-21.12142717980062,-21.095308460189127
509,509,0.0007744916413488231,0.0007747873896732926,-21.11326365475644,-21.11640392949615
510,510,0.0007766634753914838,0.0007816984066984764,-21.099056065158646,-21.077837097858225
511,511,0.0007731002148183197,0.0007758333537678578,-21.114232739551827,-21.110544901679617
512,512,0.0007765281089754371,0.0007769004380526511,-21.108834628421704,-21.104575702168287
513,513,0.0007766409670290796,0.0007792324452709995,-21.105689072132275,-21.09155909368068
514,514,0.0007737675320462699,0.000776752075915666,-21.107863376596278,-21.10540513934336
515,515,0.00077685607073963,0.0007766191602537507,-21.10584706557939,-21.106148355611634
516,516,0.0007769076427271993,0.0007782199475178985,-21.094701083775455,-21.097205779911263
517,517,0.0007772018302462457,0.000777263709000851,-21.092330527942057,-21.102545458819648
518,518,0.0007728614517938845,0.0007752132338569744,-21.118410315226328,-21.114017584859006
519,519,0.0007760194028228445,0.0007762410157164069,-21.111534344186232,-21.10826349890293
520,520,0.0007738376830790922,0.0007772916302967229,-21.109220420547214,-21.102389451961358
521,521,0.0007775737735990089,0.0007798997654677614,-21.0927484202346,-21.08784146800638
522,522,0.0007754198813177261,0.0007791989329761188,-21.103164722313505,-21.091745873861676
523,523,0.000774593414743575,0.0007770210565803083,-21.10925077812595,-21.10390148585475
524,524,0.0007763004378108404,0.0007754982614546622,-21.10177096399241,-21.112421080098006
525,525,0.000775913103032358,0.000776680955344713,-21.11109835719735,-21.105802804011418
526,526,0.0007774406358762884,0.0007806761576303918,-21.095268635809052,-21.083520206158735
527,527,0.0007733285466698718,0.000778027402702719,-21.119171367856183,-21.09828043107345
528,528,0.0007727880939390011,0.0007821813372797088,-21.113307137442163,-21.07515486996895
529,529,0.0007735621124102743,0.0007761881570331752,-21.105884575043422,-21.108559244884262
530,530,0.0007727299132816417,0.0007818202138878405,-21.11452648217332,-21.077160416562492
531,531,0.0007731511525224088,0.0007775811153758122,-21.118376599694784,-21.10077231931505
532,532,0.0007711833345310129,0.0007788207853752139,-21.121338622213436,-21.093854029717576
533,533,0.0007735953021784956,0.0007795698413821427,-21.11346779436729,-21.089679069859464
534,534,0.0007783312754964782,0.0007747905022513709,-21.094196496884386,-21.116386482480536
535,535,0.0007698833444347778,0.0007767942519613394,-21.131771991400953,-21.10516933274294
536,536,0.0007748183411469241,0.0007763678226374873,-21.110525701168367,-21.10755409232409
537,537,0.000777067695192263,0.0007779430628656165,-21.097893117735982,-21.098751241113934
538,538,0.0007764471697227395,0.0007817851391767985,-21.10230423314831,-21.077355257970943
539,539,0.0007769675978180981,0.0007731334128613142,-21.096297549670098,-21.12568493760502
