,epoch,train_loss,test_loss,train_dbs,test_dbs
0,0,0.00013902913363465617,0.00012665118265431374,-11.47587146415586,-11.889688367899677
1,1,9.444681575015361e-05,4.830958144004015e-05,-13.156279773210615,-16.07544811604089
2,2,3.6533588219341614e-05,3.5664998952262594e-05,-17.281510737603718,-17.393358707295086
3,3,3.2197214806597616e-05,3.306700579598424e-05,-17.828401096137753,-17.72183214823706
4,4,3.0886813958917176e-05,3.135437231991857e-05,-18.010728073749224,-17.95279975227791
5,5,3.114312867464176e-05,3.139934558834954e-05,-17.9733908985412,-17.946574895390505
6,6,3.021013750541672e-05,3.057663429660208e-05,-18.106071686177724,-18.061884073071074
7,7,2.9911998485049388e-05,3.036746133339444e-05,-18.148346356720253,-18.091695991505116
8,8,2.940912350616778e-05,3.008906979199597e-05,-18.223215624550345,-18.131693246578266
9,9,2.9458510793701113e-05,2.9712970660368325e-05,-18.216153218562216,-18.186320122115006
10,10,3.1846621720067504e-05,3.267192886070054e-05,-17.875166354370293,-17.77403311545396
11,11,3.0306413970448403e-05,2.9967711893014464e-05,-18.089222646528484,-18.149245015461464
12,12,2.9260009430743724e-05,2.918470224693393e-05,-18.241989226531288,-18.26422819491111
13,13,2.875100920194659e-05,2.9484280228069493e-05,-18.319268704910495,-18.219875561062896
14,14,2.8650262842366482e-05,3.0379234790177035e-05,-18.33548656525381,-18.09001255925154
15,15,2.890992130129778e-05,2.955848034808265e-05,-18.297762034231614,-18.208959838515902
16,16,2.9512379246016188e-05,2.8605582644415433e-05,-18.20742172598159,-18.351272883363798
17,17,2.8569346711461997e-05,2.9558038142185022e-05,-18.347189364387344,-18.20902481107725
18,18,2.8670132638749754e-05,2.9226056109396986e-05,-18.332181985241856,-18.25807872595053
19,19,2.8565226194146328e-05,2.8704916315435087e-05,-18.347650105554198,-18.336218012380606
20,20,2.8622138528327323e-05,2.9108988440528167e-05,-18.339824911446147,-18.27550972690145
21,21,3.105722930037522e-05,3.061263257557968e-05,-17.985108748627376,-18.05677407371308
22,22,2.931578444648827e-05,2.957252849898252e-05,-18.238103741582908,-18.20689627334071
23,23,2.874919808857964e-05,2.8644329895063204e-05,-18.31980189225492,-18.34539419500665
24,24,2.869323219146253e-05,2.9087630824314576e-05,-18.33108911500242,-18.278697367490114
25,25,2.804937977679842e-05,2.858152354172872e-05,-18.42750488624284,-18.354927111335687
26,26,2.8008961382192395e-05,2.8354723039420176e-05,-18.43631397414269,-18.389526767456577
27,27,2.7932256755578698e-05,2.846193676400856e-05,-18.446993525456122,-18.373136369147048
28,28,3.0138996379784806e-05,3.2540423298518074e-05,-18.11552811204357,-17.79154888218265
29,29,2.9584785825698926e-05,2.9476940127144763e-05,-18.195653264146955,-18.220956870209985
30,30,2.8622186309615984e-05,2.8590899857686292e-05,-18.341740286861096,-18.353502619570133
31,31,2.8203109228418246e-05,2.8441336421804552e-05,-18.404226654964337,-18.376280868517465
32,32,2.8672790838604716e-05,2.877508344873173e-05,-18.33293283878231,-18.32561494555269
33,33,2.8001660540053073e-05,2.797927405289987e-05,-18.433772940575363,-18.447416441816916
34,34,3.031188586562363e-05,3.049301717271048e-05,-18.091088894320123,-18.073776879831346
35,35,2.9396218638963153e-05,2.9863508021471236e-05,-18.22217615395995,-18.164372640211916
36,36,2.8895663434145108e-05,2.869630100720219e-05,-18.30078509106598,-18.33752167144153
37,37,2.8397446868373515e-05,2.9006486568648955e-05,-18.37579632630669,-18.290829585681205
38,38,2.8269969221845404e-05,2.846380410023573e-05,-18.39278154845573,-18.372851445733744
39,39,2.8047297446485656e-05,2.8425743853164787e-05,-18.430688906649962,-18.37866248074581
40,40,2.8072523266543903e-05,2.8477716975765744e-05,-18.423487877674205,-18.370729168324864
41,41,2.8054311844675092e-05,2.865740431221447e-05,-18.426610856076767,-18.343412353654035
42,42,2.804707275441315e-05,2.8273652883638678e-05,-18.429099104615258,-18.40196164477119
43,43,2.8134728353572576e-05,2.8436598145880882e-05,-18.41781584756579,-18.37700445565465
44,44,2.7607746926957224e-05,2.812569044564091e-05,-18.49604696102226,-18.424748937666156
45,45,2.7674182120725015e-05,2.7551194714186223e-05,-18.48654909451365,-18.514376502352054
46,46,2.835281265640905e-05,2.849360240169948e-05,-18.38099719143306,-18.368307264433614
47,47,2.8011477007032564e-05,3.051946384259377e-05,-18.431786724472545,-18.070011865420113
48,48,2.8278256293785873e-05,2.7954736843208882e-05,-18.39286495941319,-18.4512267802078
49,49,2.7560744765838706e-05,2.9104520906816777e-05,-18.503237471773815,-18.2761763162427
50,50,2.8462379136210975e-05,2.9422811310628038e-05,-18.363755593936162,-18.228939196915704
51,51,2.7962355123179934e-05,2.829050773518822e-05,-18.44207117912501,-18.39937344434257
52,52,2.7998621271294303e-05,2.92856943576082e-05,-18.43233671956607,-18.249225608116607
53,53,2.8098937861811003e-05,2.8082739414745256e-05,-18.420863489831106,-18.431386162504847
54,54,2.818046176020589e-05,2.837677637121248e-05,-18.40780463218643,-18.386150286705348
55,55,2.8159160025360197e-05,2.8695052127372228e-05,-18.411110119279897,-18.337710683057104
56,56,2.829240587481163e-05,2.8000631094695755e-05,-18.388857785665724,-18.44410266490812
57,57,2.749358347650694e-05,2.8371745812412547e-05,-18.512711336988723,-18.386920260565233
58,58,2.759060786497544e-05,2.853191223326384e-05,-18.49975106386352,-18.362472069061678
59,59,2.7240721052650544e-05,2.738575485158148e-05,-18.554491944669035,-18.54053370153493
60,60,2.7634918296826072e-05,2.7981832700836668e-05,-18.492714119079558,-18.4470193064687
61,61,2.8069181314197887e-05,2.93029114752579e-05,-18.426691963986706,-18.246673132494948
62,62,2.9110741866368454e-05,2.9236887616877394e-05,-18.26692362444096,-18.25646947958576
63,63,2.8045076347909118e-05,2.8158583805442934e-05,-18.42942462919554,-18.419672775107536
64,64,2.778246001530674e-05,2.7608021283460977e-05,-18.46775520845125,-18.50542805239804
65,65,2.7345058453610147e-05,2.752483468564031e-05,-18.538632886096078,-18.51853367052092
66,66,2.7987553789664406e-05,2.8367236920626294e-05,-18.43878826345944,-18.387610504461783
67,67,2.7439482006023534e-05,2.8241527711782654e-05,-18.52176631930544,-18.406899003626975
68,68,2.7598747392497072e-05,2.8067076192727607e-05,-18.49867563059094,-18.433809127208807
69,69,2.793025136664246e-05,2.7893842247737522e-05,-18.44504052834268,-18.460697458854153
70,70,2.747132889125328e-05,2.819987295017774e-05,-18.51868576635682,-18.41330934645415
71,71,2.7270166778105274e-05,2.738579601818377e-05,-18.549525019143662,-18.540527173171963
72,72,2.855771363664241e-05,2.9239799148758482e-05,-18.348855348406012,-18.256037012460546
73,73,2.8788643323854765e-05,2.9619370539684926e-05,-18.316050170335117,-18.200022615162755
74,74,2.9398782720180834e-05,2.8389242097067547e-05,-18.220923721160545,-18.384242879356773
75,75,2.846857681753445e-05,2.8482114143308106e-05,-18.365229327032498,-18.37005863768391
76,76,2.7643814205147625e-05,2.7962964610962542e-05,-18.490793737993975,-18.44994873262478
77,77,2.7276044457937234e-05,2.74799947778535e-05,-18.549817439997522,-18.52561440471265
78,78,2.7866393249552727e-05,2.805516305670608e-05,-18.456844233094618,-18.43565289159997
79,79,2.7844434953294694e-05,2.945728901020055e-05,-18.45980140855262,-18.22385310626612
80,80,2.73552017386033e-05,2.7105482187930886e-05,-18.535136021491212,-18.585209488416666
81,81,2.7416183039565214e-05,2.8243101616298144e-05,-18.52822644548844,-18.40665697741403
82,82,2.757032684571969e-05,2.8024759893397506e-05,-18.50460112675426,-18.440361859321868
83,83,2.7484432722144212e-05,2.7792726828728948e-05,-18.51474262055447,-18.476469275111516
84,84,2.7662216020824828e-05,2.865312518751077e-05,-18.488557984861075,-18.34406089076087
85,85,2.7531673508419023e-05,2.8251261124081028e-05,-18.50669561876747,-18.405402470217947
86,86,2.737329631384352e-05,2.7487789626129117e-05,-18.534527656112346,-18.524382679747646
87,87,2.7336149512323282e-05,2.751356882263759e-05,-18.543075732586928,-18.520311593531915
88,88,2.80075355101534e-05,2.8152519677716652e-05,-18.43496727430637,-18.420608156251344
89,89,2.7614074928557604e-05,2.9853538236286687e-05,-18.494032913196257,-18.165822753036636
90,90,2.8114246664155927e-05,2.8236585134628083e-05,-18.41667232308793,-18.40765913312915
91,91,2.7277014541863366e-05,2.8058734115850376e-05,-18.54955951359127,-18.435100126113642
92,92,2.8358087706926864e-05,2.8362566904673403e-05,-18.380616804930007,-18.38832552973124
93,93,2.7623343054618034e-05,2.818443796346209e-05,-18.49518084973149,-18.41568707515835
94,94,2.7358909936027105e-05,2.7827102664894865e-05,-18.53572714485294,-18.471100960251686
95,95,2.759496631360608e-05,2.8057595141274904e-05,-18.501440340579723,-18.43527642074295
96,96,2.6936940671053964e-05,2.7580001953633893e-05,-18.60244410225083,-18.50983793724708
97,97,3.125690936846611e-05,3.078292071509886e-05,-17.958977877507817,-18.032682625714255
98,98,2.92342456773862e-05,2.9171277243509203e-05,-18.24468556128409,-18.26622641516571
99,99,2.819614519935807e-05,2.844195411231148e-05,-18.405068146803373,-18.376186549227505
100,100,2.752279650258529e-05,2.7658430936801443e-05,-18.508248811788476,-18.49750547388171
101,101,2.7165010719399267e-05,2.74182083031567e-05,-18.567369144515055,-18.535390147757433
102,102,2.7207642205277955e-05,2.7605500355620232e-05,-18.559849960580113,-18.50582463099646
103,103,2.7104868797660977e-05,2.7378336534112397e-05,-18.573078019920047,-18.54171028797324
104,104,2.713414931387194e-05,2.797593419688239e-05,-18.572582404289964,-18.447934885438464
105,105,2.7230465496631013e-05,2.7228824029933956e-05,-18.556111614884678,-18.565492010781984
106,106,2.7522440411968964e-05,2.8384537041634566e-05,-18.507907057067932,-18.38496271152129
107,107,2.7503430735039017e-05,2.7998429638836042e-05,-18.51096322453898,-18.444444127825534
108,108,2.7511366610757324e-05,2.7963470481489294e-05,-18.513460490489564,-18.44987016628027
109,109,2.7540814849042774e-05,2.7451150201254915e-05,-18.509258681515142,-18.53017540252391
110,110,2.7452998616241793e-05,2.7881369628869978e-05,-18.520089787395253,-18.462639823376705
111,111,2.7265028414327278e-05,2.7536569560700292e-05,-18.55200016517909,-18.51668250394379
112,112,2.7005949378530878e-05,2.7548368004653112e-05,-18.59298331167032,-18.51482210456473
113,113,2.7707057728848575e-05,2.7638168735153923e-05,-18.480460471911975,-18.500688223928826
114,114,2.7997269799672403e-05,2.8222393092092763e-05,-18.436388557429048,-18.409842497434855
115,115,2.7227386885194212e-05,2.7522604987576703e-05,-18.557041217564624,-18.51888549272069
116,116,2.7058950622959695e-05,2.7341899304270844e-05,-18.585023232315038,-18.547494067941447
117,117,2.6963861901751124e-05,2.7423757561145496e-05,-18.59973795609764,-18.534511254343077
118,118,2.7047298814424495e-05,2.771171765696061e-05,-18.585699293118193,-18.489146408119364
119,119,2.7350307738236824e-05,2.740527902221258e-05,-18.538440588556917,-18.537438582013277
120,120,2.6960449777669562e-05,2.7538382327245353e-05,-18.600443286013988,-18.516396611907282
121,121,2.7343786220542113e-05,2.7862770366482437e-05,-18.539276809675894,-18.465537906412088
122,122,2.723850968660494e-05,2.826276221113451e-05,-18.55547012326794,-18.403634817370957
123,123,2.7424113852117143e-05,2.8204895945811203e-05,-18.525441066199118,-18.41253584473268
124,124,2.7478537480625894e-05,2.9715007258346304e-05,-18.519444369208337,-18.1860224565053
125,125,2.7293339427938618e-05,2.7093744249309804e-05,-18.546759687106352,-18.587090593512386
126,126,2.7343378579391037e-05,2.9123663568354556e-05,-18.540630624445388,-18.27332080815869
127,127,2.7441029590956588e-05,2.785436108273356e-05,-18.521862575417636,-18.466848851703645
128,128,2.700619218548755e-05,2.749175808658995e-05,-18.592409443443415,-18.523755726433375
129,129,2.7028167208947107e-05,2.7853775463881902e-05,-18.58758840041302,-18.46694016010186
130,130,2.7134682821588755e-05,2.7196554296288494e-05,-18.57257383686244,-18.570642023268064
131,131,2.6719486263620227e-05,2.7820207067538593e-05,-18.638494426230515,-18.472177281788518
132,132,2.7293557144093e-05,2.7640952746304193e-05,-18.54795496635024,-18.500250778235504
133,133,2.7190765527829518e-05,2.7127505075584752e-05,-18.563847030332973,-18.58168232917578
134,134,2.7676088065323037e-05,2.8255468350835145e-05,-18.48509344401365,-18.40475575950445
135,135,2.763606187858686e-05,2.766192119452171e-05,-18.492665822870492,-18.4969574659201
136,136,2.742393467228466e-05,2.7404652715440054e-05,-18.526919696298993,-18.53753783467303
137,137,2.721979989914449e-05,2.7416250783349633e-05,-18.55938713953971,-18.53570022286894
138,138,2.6983254447821817e-05,2.8131393360366163e-05,-18.595130343279443,-18.42386842831982
139,139,2.7128132584489183e-05,2.706270482265513e-05,-18.57379319113203,-18.592068856830835
140,140,2.682203206315591e-05,2.7141043430770207e-05,-18.622358582172126,-18.579515463381544
141,141,2.7017352660606646e-05,2.706579844494914e-05,-18.591182818729045,-18.591572429620868
142,142,2.6848595731167997e-05,2.7444699394675953e-05,-18.616339227536454,-18.5311960806752
143,143,2.685841071670251e-05,2.7250764680119526e-05,-18.61676210158436,-18.56199392863939
144,144,2.719886291855538e-05,2.8164864871589662e-05,-18.562867429880555,-18.418704143944716
145,145,2.697624680052089e-05,2.742926278044347e-05,-18.597072755464236,-18.533639511508895
146,146,2.723275509797344e-05,2.7535172481102083e-05,-18.555748851388334,-18.516902850690748
147,147,2.6749526948629657e-05,2.688650793539924e-05,-18.63653125122638,-18.62043687335148
148,148,2.6996664656536203e-05,2.7914036859568258e-05,-18.594709357554834,-18.457554386941954
149,149,2.6954720917424264e-05,2.8243200128934787e-05,-18.60129954339954,-18.406641829141556
150,150,2.6862680841208503e-05,2.7027396323606617e-05,-18.61646331340761,-18.59773876247129
151,151,2.684434396532825e-05,2.7401962334375928e-05,-18.617711773916184,-18.537964213003548
152,152,2.6995240312823353e-05,2.7528153766884077e-05,-18.594296627982704,-18.51801000824157
153,153,2.702991930829702e-05,2.7323361121632745e-05,-18.588238666048053,-18.550439642761777
154,154,2.6680261932419055e-05,2.7069851440549092e-05,-18.644368316349645,-18.59092213960634
155,155,2.6977313553419963e-05,2.688217529411256e-05,-18.59615575981507,-18.621136776006306
156,156,2.6758840380652962e-05,2.7313848955887615e-05,-18.633488991086455,-18.55195182873538
157,157,2.6748041284346193e-05,2.8188485502093835e-05,-18.633296798635236,-18.41506343402427
158,158,2.9566549481800038e-05,2.8093753108374874e-05,-18.197776633161244,-18.42968324862925
159,159,2.7544613161451933e-05,2.7484246809188717e-05,-18.50664057363613,-18.524942464667223
160,160,2.6938556796257845e-05,2.6991297138585268e-05,-18.603451597351736,-18.60354330093195
161,161,2.6585908570493686e-05,2.6894248979883023e-05,-18.66175292464368,-18.61918665185237
162,162,2.6768794453243207e-05,2.701510043392007e-05,-18.631097891782048,-18.599714998749587
163,163,2.665864191193268e-05,2.701018925826678e-05,-18.64826259114472,-18.600504590625505
164,164,2.6617364804308438e-05,2.727751866347573e-05,-18.655030464990485,-18.55773224733918
165,165,2.7008744527660213e-05,2.820211490248575e-05,-18.591981583157967,-18.41296408645405
166,166,2.718495541314004e-05,2.713037199435731e-05,-18.563961436234926,-18.58122337756492
167,167,2.6916714502767344e-05,2.7551066906246552e-05,-18.606109314412848,-18.51439664899624
168,168,2.6639418663143796e-05,2.633866585567471e-05,-18.652734519259234,-18.709843136593037
169,169,2.654138201644846e-05,2.721820467405977e-05,-18.666808307399172,-18.56718610789831
170,170,2.691970003632884e-05,2.6951435517587112e-05,-18.605661726959276,-18.609961843092453
171,171,2.655099758823743e-05,2.7045487896478e-05,-18.66307830394762,-18.59483265872872
172,172,2.7108656271143584e-05,2.7267657156028835e-05,-18.574665216733134,-18.559302614745555
173,173,2.720950601308021e-05,2.8044987629982643e-05,-18.560376445842646,-18.437228335398736
174,174,2.6446011089347784e-05,2.643931685796767e-05,-18.683809984090704,-18.693278567187903
175,175,2.6745900071283668e-05,2.71258113092412e-05,-18.638798899414383,-18.58195349909714
176,176,2.6307247485560437e-05,2.6708713305293042e-05,-18.70598786021491,-18.64925119978937
177,177,2.669063324742403e-05,2.700916401839717e-05,-18.642889546093585,-18.600669441180372
178,178,2.6675538635769492e-05,2.6943966555623583e-05,-18.646664634119556,-18.611165555788634
179,179,2.6386776074470673e-05,2.6283534967469197e-05,-18.69209310495737,-18.718943116797465
180,180,2.6203684345879064e-05,2.6860390406861706e-05,-18.723643565286302,-18.62465765623103
181,181,2.6487003965813367e-05,2.6781994835657412e-05,-18.677450397631134,-18.63735164366845
182,182,2.6555240877961605e-05,2.6578662838897128e-05,-18.664115739925233,-18.67044958340262
183,183,2.6145316895185106e-05,2.6661850394080638e-05,-18.736306687400035,-18.656877991625656
184,184,2.6328056996247788e-05,2.663599690621547e-05,-18.7049891216955,-18.66109130550874
185,185,2.9399718843387275e-05,2.8866031387128476e-05,-18.226677178405247,-18.311910068165677
186,186,2.79529367335928e-05,2.8111592799082007e-05,-18.4429482705993,-18.426926329561123
187,187,2.7054951865419255e-05,2.699943568012187e-05,-18.585065664368155,-18.60223399338144
188,188,2.6377956713723816e-05,2.68687860960582e-05,-18.6951987618206,-18.62330040426597
189,189,2.6665709979685753e-05,2.692694636751089e-05,-18.650570441254565,-18.613909810015326
190,190,2.6546932071910633e-05,2.6743429388213707e-05,-18.669656565571938,-18.64360988978534
191,191,2.625431672228289e-05,2.6560970773540537e-05,-18.715867576852187,-18.673341423680544
192,192,2.62935681695529e-05,2.700010411085953e-05,-18.70937838601504,-18.602126475509234
193,193,2.6149032921764337e-05,2.6693776434465116e-05,-18.730797309597733,-18.65168067481132
194,194,2.616634649421405e-05,2.7285057608663154e-05,-18.729736745082665,-18.55653211254394
195,195,2.6635536395935053e-05,2.6665341130482328e-05,-18.651661770075485,-18.656309423315246
196,196,2.656075483492273e-05,2.6809817427420057e-05,-18.662473635771725,-18.632842298434507
197,197,2.6436168368912984e-05,2.7096096106872307e-05,-18.687223763741496,-18.586713622937996
198,198,2.6978047037456356e-05,2.7202607988759776e-05,-18.597071564740723,-18.569675432925187
199,199,2.7008360083312153e-05,2.7246710727156727e-05,-18.59341713544444,-18.562640053764166
200,200,2.6204670725699955e-05,2.6443069528843472e-05,-18.722563698223322,-18.692662193999077
201,201,2.6220923996099617e-05,2.664232067074504e-05,-18.72232456936558,-18.660060351012483
202,202,2.611308052119338e-05,2.6473262168062655e-05,-18.739126219421276,-18.687706257860107
203,203,2.6287925842571548e-05,2.674731455810711e-05,-18.70869055153898,-18.64297901134752
204,204,2.635445548314481e-05,2.6467548722346118e-05,-18.699324141367374,-18.688643651116934
205,205,2.593049179005302e-05,2.66904257602475e-05,-18.770108216889472,-18.652225847077816
206,206,2.6208084406236368e-05,2.789914594215684e-05,-18.72319762968714,-18.45987177616474
207,207,2.643032611249322e-05,2.63068118089761e-05,-18.68448182305128,-18.715098683321614
208,208,2.5998062933327092e-05,2.6280143030913006e-05,-18.757125939128407,-18.71950361765565
209,209,2.6118415204559685e-05,2.735981290338953e-05,-18.73914808443564,-18.544649631373595
210,210,2.6154794373799152e-05,2.7463058167517086e-05,-18.72939073063678,-18.528291895769268
211,211,2.6262676216255077e-05,2.6055680312933155e-05,-18.71510050956456,-18.75675669262784
212,212,2.606825165861027e-05,2.6821048825360394e-05,-18.749655427625008,-18.63102329584825
213,213,2.6151062388869587e-05,2.649502158946186e-05,-18.73164197905487,-18.68413808592615
214,214,2.6062934283772003e-05,2.651684122898395e-05,-18.74714751686024,-18.68056298062976
215,215,2.597851176012893e-05,2.6633940299354053e-05,-18.76063059316913,-18.661426643997448
216,216,2.6628109949764547e-05,2.6692937497404944e-05,-18.653782821731074,-18.651817167848293
217,217,2.6325146594449646e-05,2.6267034052963074e-05,-18.703762093316275,-18.721670492156278
218,218,2.5938111611674348e-05,2.624130080987111e-05,-18.767955351883284,-18.725927266399925
219,219,2.6101183205346106e-05,2.6182312132349533e-05,-18.740873046953283,-18.735700903322986
220,220,2.586041092896623e-05,2.6289289101106605e-05,-18.781977268182967,-18.717992439887443
221,221,2.605895362236326e-05,2.794459722185581e-05,-18.746681735962557,-18.452802320140137
222,222,2.659313828452159e-05,2.6821918972449278e-05,-18.660740863243113,-18.630882401302443
223,223,2.642722614199528e-05,2.6883781748964746e-05,-18.68717304404545,-18.620877253246437
224,224,2.621250618195171e-05,2.679011020901319e-05,-18.72109295520205,-18.636035861176417
225,225,2.6334147891641796e-05,2.6677112098121525e-05,-18.701201072165265,-18.654392726175942
226,226,2.6217697408937217e-05,2.66798365613029e-05,-18.721255260568952,-18.65394921530938
227,227,2.637134601866716e-05,2.6855246113355908e-05,-18.69876430425081,-18.625489495313435
228,228,2.65523309824801e-05,2.5923467355345276e-05,-18.667685408433783,-18.778849968228936
229,229,2.611691832630031e-05,2.6377451879517666e-05,-18.73665098480769,-18.703452469035128
230,230,2.6054937537542312e-05,2.6365984970317713e-05,-18.747658746760905,-18.705340861512344
231,231,2.6204363897817267e-05,2.6510392049921822e-05,-18.72328060475442,-18.681619359671284
232,232,2.5993517466332313e-05,2.6266110963708917e-05,-18.758567300556663,-18.721823116778047
233,233,2.5580233697612656e-05,2.6127267119591124e-05,-18.827441415656377,-18.744841009002645
234,234,2.5881069247879703e-05,2.621386891788509e-05,-18.777088401086463,-18.73046962913198
235,235,2.5973653923897145e-05,2.615585847371748e-05,-18.76106252252461,-18.74009107547281
236,236,2.5859785046591662e-05,2.6366824769004444e-05,-18.781962174763656,-18.705202533993905
237,237,2.574902291880133e-05,2.614411163162195e-05,-18.80094442387268,-18.74204197096181
238,238,2.550566212673787e-05,2.6252837989503813e-05,-18.841605063647485,-18.724018278598052
239,239,2.587470574785725e-05,2.5682921037322987e-05,-18.778581017276405,-18.819336698030554
240,240,2.5976665542141736e-05,2.7760011538415902e-05,-18.760603268465303,-18.481584440310183
241,241,2.585833030512806e-05,2.6060441661301364e-05,-18.782038144369114,-18.755963146504236
242,242,2.5686658754585953e-05,2.615484826444452e-05,-18.809096547932395,-18.74025881486699
243,243,2.612618176424372e-05,2.629871816775688e-05,-18.737544951056645,-18.716435053756168
244,244,2.603803848839946e-05,2.5828902212915157e-05,-18.751173841735636,-18.79472138265455
245,245,2.7337113632964565e-05,2.793882384522524e-05,-18.538883871351906,-18.453699668789753
246,246,2.6503727679379698e-05,2.634337675102104e-05,-18.67439752664722,-18.709066433277087
247,247,2.5910891391626156e-05,2.6299705400321583e-05,-18.770901809854678,-18.716272026187596
248,248,2.5664882957347255e-05,2.542961508305253e-05,-18.815525663175386,-18.862382998277877
249,249,2.565111097601871e-05,2.6075537837306528e-05,-18.816334926374587,-18.753448113245764
