,epoch,train_loss,test_loss,train_dbs,test_dbs
0,0,0.00017153384441812283,0.00015946795879005405,-10.563358011660867,-10.889046510885919
1,1,0.00014769082250476806,0.00014122966431865565,-11.21230532782388,-11.416521594647033
2,2,0.0001340408801381985,0.00013208626708211866,-11.636120428918959,-11.707204196632857
3,3,0.00012721627012744893,0.00012745111445455174,-11.859562797912758,-11.86234448960031
4,4,0.0001228530363170142,0.00012237555577150104,-12.012075408829242,-12.03883409153454
5,5,0.00011736352034765248,0.00011710332067818136,-12.214149454996422,-12.230088758689664
6,6,0.00011364994809144301,0.00011429466815714382,-12.350742855400396,-12.335521152846436
7,7,0.00011091325250538258,0.00011214549426528577,-12.458294494398025,-12.417962569602139
8,8,0.00010886596282944083,0.00010943731812355844,-12.537747083253276,-12.524126446639077
9,9,0.00010688551662600187,0.00010758488075991504,-12.618816803520321,-12.598268434724185
10,10,0.00010501750969608823,0.00010622204373296546,-12.69501970993925,-12.653634332533022
11,11,0.00010396702216275651,0.00010465439462629882,-12.739237778288476,-12.718206164636747
12,12,0.0001029340741878673,0.00010421262834968634,-12.782426916393801,-12.736577369394661
13,13,0.00010179635062309692,0.00010312091533131407,-12.831557935810348,-12.78231327040945
14,14,0.00010105957620364335,0.00010199990930758711,-12.86224811008887,-12.829783007152756
15,15,9.974151765435607e-05,0.00010110720598420717,-12.91756829407107,-12.867959771497803
16,16,9.85754495090565e-05,9.94478522395519e-05,-12.970979079370862,-12.939826781593444
17,17,9.719423549765837e-05,9.850516385325279e-05,-13.028549289790401,-12.981190885795863
18,18,9.629401614164607e-05,9.796313143421063e-05,-13.07108294540386,-13.00515427240823
19,19,9.568971118196058e-05,9.716780722986809e-05,-13.098518790382931,-13.040556841405088
20,20,9.496941485624645e-05,9.636681620337952e-05,-13.130706341525542,-13.076505754621067
21,21,9.431083155279863e-05,9.541958340713264e-05,-13.160685290421652,-13.119405701894049
22,22,9.336762726438933e-05,9.472582314629108e-05,-13.206124376300515,-13.151096984421775
23,23,9.273999378435583e-05,9.441634335273288e-05,-13.235082076776084,-13.165309096827611
24,24,9.218926800141285e-05,9.337941944403083e-05,-13.259758641724154,-13.213269168084382
25,25,9.150168693146774e-05,9.305080617961816e-05,-13.293743160528955,-13.228579461760347
26,26,9.122155566241342e-05,9.249692696979956e-05,-13.306296457544935,-13.254507819372412
27,27,9.061430574013113e-05,9.226721924374272e-05,-13.335632182925231,-13.265306543185497
28,28,9.026901452014819e-05,9.148773709679709e-05,-13.350820585736415,-13.302152006559806
29,29,8.96895407535827e-05,9.106892761529277e-05,-13.380373272623016,-13.322078637687396
30,30,8.9315767234945e-05,9.096679691298816e-05,-13.398448287465223,-13.32695183554047
31,31,8.905050277256301e-05,9.057449489390772e-05,-13.41080942352036,-13.345721655412447
32,32,8.840672364254416e-05,8.994110325339104e-05,-13.442138125671528,-13.376198758341932
33,33,8.831085802533558e-05,8.984324736765732e-05,-13.445272831769229,-13.380926452965623
34,34,8.800592436695221e-05,8.953620540284503e-05,-13.461444262598224,-13.395794015465267
35,35,8.764561249504884e-05,8.915473000869449e-05,-13.480881419221246,-13.414336971767526
36,36,8.754944991375579e-05,8.92296899875969e-05,-13.48579852714588,-13.410687022167917
37,37,8.708001067921923e-05,8.871247777470241e-05,-13.506517896941904,-13.435933768954856
38,38,8.701938334984475e-05,8.818675690379582e-05,-13.511544645514189,-13.461747147496714
39,39,8.651731392073435e-05,8.785285133758167e-05,-13.536517003770491,-13.478222248780806
40,40,8.618762055363928e-05,8.767167271703089e-05,-13.553904241878453,-13.487187936454726
41,41,8.621321242187441e-05,8.745223787723502e-05,-13.552164994634042,-13.498071589019702
42,42,8.604499940777236e-05,8.753487705498149e-05,-13.559288724757765,-13.493969602245834
43,43,8.585548726541768e-05,8.705725715691714e-05,-13.571410484189459,-13.517731062583817
44,44,8.543121215008851e-05,8.738487821047831e-05,-13.590974127127225,-13.50141801038346
45,45,8.552374282837413e-05,8.711288223582272e-05,-13.586881907047967,-13.51495703188835
46,46,8.539230985502166e-05,8.717209397888694e-05,-13.594045126637537,-13.512006079393812
47,47,8.498694262822571e-05,8.661870034350278e-05,-13.612332777857386,-13.539664231875525
48,48,8.475084320435627e-05,8.649061247093701e-05,-13.625203920232686,-13.546091138146657
49,49,8.461556154946538e-05,8.62777719464104e-05,-13.632805655519114,-13.556791650558292
50,50,8.435435347095823e-05,8.610168955975066e-05,-13.648149536838181,-13.565664126990924
51,51,8.430881302722144e-05,8.621689707261364e-05,-13.649322277336308,-13.55985697692744
52,52,8.398755924588972e-05,8.558476264098365e-05,-13.66483214709066,-13.591816357860884
53,53,8.395190840375792e-05,8.560512115333327e-05,-13.66821771461467,-13.59078340084042
54,54,8.373857102568079e-05,8.527090999689933e-05,-13.67739448680686,-13.607771886017058
55,55,8.357339268598283e-05,8.517634935407459e-05,-13.687682751015505,-13.612590639894783
56,56,8.35602282283626e-05,8.487257544306646e-05,-13.686695900420442,-13.62810705363158
57,57,8.321013952696638e-05,8.4914662645468e-05,-13.705477794651365,-13.62595397777713
58,58,8.315104134884884e-05,8.468594253492101e-05,-13.706536447947704,-13.637667608400392
59,59,8.307466104617055e-05,8.451146660311344e-05,-13.710045754591299,-13.646624478562117
60,60,8.279544373490541e-05,8.430131588523325e-05,-13.727667163172718,-13.657437326137298
61,61,8.274026838558505e-05,8.433129857478075e-05,-13.730699014360624,-13.655892984693978
62,62,8.25321462189001e-05,8.436596851281233e-05,-13.740096262793111,-13.654107897923225
63,63,8.223630780757395e-05,8.369951530384194e-05,-13.754951696308058,-13.688551432865275
64,64,8.225369757130146e-05,8.339958960852145e-05,-13.75725008731862,-13.704141727547864
65,65,8.193363584686052e-05,8.347914799263603e-05,-13.771947550842365,-13.700000784210866
66,66,8.18401637946774e-05,8.319917297309363e-05,-13.777648719744473,-13.714590770444312
67,67,8.17716231488037e-05,8.294346250630425e-05,-13.782254511087011,-13.727959251335502
68,68,8.119888039313007e-05,8.33054314410363e-05,-13.811121135382818,-13.70904768378793
69,69,8.110651121109954e-05,8.277503098054837e-05,-13.815490775963461,-13.736787343585569
70,70,8.099635508806761e-05,8.275820743476383e-05,-13.822090381494599,-13.737670111686448
71,71,8.106922087818864e-05,8.23777548870758e-05,-13.819864741643928,-13.757681347531145
72,72,8.077177211741878e-05,8.240793364453374e-05,-13.833467624307705,-13.756090618615545
73,73,8.043936204276834e-05,8.208826023435809e-05,-13.85263575036145,-13.772970349331345
74,74,8.053811842794098e-05,8.183378514858257e-05,-13.846730509061267,-13.78645446784121
75,75,8.033744155365695e-05,8.224866025174331e-05,-13.859586159657853,-13.764492538701498
76,76,8.026168889608522e-05,8.188812736127722e-05,-13.862128336760946,-13.783571466584677
77,77,7.991251981572354e-05,8.166942203196843e-05,-13.880402966399304,-13.79518604196135
78,78,7.985651553230427e-05,8.141423964652379e-05,-13.883359776633025,-13.808777151111588
79,79,7.987368307928507e-05,8.114290616695623e-05,-13.883054332314519,-13.82327528243378
80,80,7.957078008816491e-05,8.15343151579758e-05,-13.900766466895526,-13.802376586033013
81,81,7.967411916398145e-05,8.119408908226576e-05,-13.892045574720498,-13.820536725102583
82,82,7.938484321636407e-05,8.098507417966367e-05,-13.907188666132221,-13.83173102001296
83,83,7.92000599213895e-05,8.056465211618495e-05,-13.920503221877265,-13.854335502066451
84,84,7.902887696640316e-05,8.035577890328376e-05,-13.92955957936076,-13.865609711829531
85,85,7.901408524461302e-05,8.081921144989075e-05,-13.928904134919007,-13.84063477596037
86,86,7.878644460903423e-05,8.058680817301042e-05,-13.941091953621711,-13.853141314528417
87,87,7.877491881708451e-05,8.02992604133722e-05,-13.943393297591447,-13.868665410475664
88,88,7.865630589352354e-05,8.007615427854226e-05,-13.95348193353869,-13.880748786961725
89,89,7.852973929815205e-05,7.993988057071539e-05,-13.955372214050929,-13.88814591234372
90,90,7.835073956437217e-05,7.986053931649382e-05,-13.966845159494959,-13.892458475696365
91,91,7.808341173042264e-05,7.980895124522871e-05,-13.984114663282911,-13.895264824659243
92,92,7.81083154580892e-05,7.938781805262949e-05,-13.981501495068915,-13.918242206566195
93,93,7.794643188952756e-05,7.914759503603961e-05,-13.99055024984165,-13.931403633195728
94,94,7.791792206224967e-05,7.955605580814575e-05,-13.990203118412126,-13.909048425845977
95,95,7.743638264766615e-05,7.916580828972848e-05,-14.01806555772569,-13.930404360178624
96,96,7.748658848043109e-05,7.878063747500021e-05,-14.012853568344298,-13.951585956283491
97,97,7.73188569546994e-05,7.866211212546516e-05,-14.023383754243872,-13.95812483027083
98,98,7.707440536907278e-05,7.846594924462567e-05,-14.038990656487131,-13.968968533199446
99,99,7.714187952458196e-05,7.867013597493305e-05,-14.035500149172178,-13.957681855153826
100,100,7.70358049137321e-05,7.869883579826962e-05,-14.041695877294684,-13.956097784939168
101,101,7.697610080586602e-05,7.830671874169064e-05,-14.043441008958224,-13.977790600648197
102,102,7.688678130021406e-05,7.806903580019839e-05,-14.048528112778351,-13.990992707295252
103,103,7.664309425271097e-05,7.802833064679841e-05,-14.06378805311359,-13.993257706931018
104,104,7.663102572683015e-05,7.797746557595306e-05,-14.062513059171334,-13.99608970688325
105,105,7.64080665698971e-05,7.75214456983744e-05,-14.074888822205684,-14.021562230466063
106,106,7.637413026592166e-05,7.772270864255628e-05,-14.079553661480485,-14.010301589392622
107,107,7.615712295483183e-05,7.811689053931714e-05,-14.08963479017956,-13.988331385591096
108,108,7.612060642376369e-05,7.748004588249482e-05,-14.09336982700081,-14.023882170981794
109,109,7.565108775377235e-05,7.726456801480565e-05,-14.118505338975744,-14.035977055196089
110,110,7.557618477052922e-05,7.719399084300293e-05,-14.12477535348194,-14.03994592278389
111,111,7.573758092494057e-05,7.696231018359724e-05,-14.113296444386469,-14.052999908515044
112,112,7.554409974770736e-05,7.690896133058949e-05,-14.127744505148229,-14.056011401586819
113,113,7.525253209847112e-05,7.70031976188827e-05,-14.142492794498464,-14.050693263579497
114,114,7.533000383229647e-05,7.663918260828053e-05,-14.13780969059605,-14.071272221807327
115,115,7.521498095623419e-05,7.665694130609106e-05,-14.143404558981407,-14.070265998779313
116,116,7.493286935154098e-05,7.6254030557864e-05,-14.159712573468209,-14.093152822070458
117,117,7.500761001342043e-05,7.645691565764872e-05,-14.158182611255029,-14.08161312130617
118,118,7.461467541042552e-05,7.568519542569687e-05,-14.178774244983208,-14.125671496774391
119,119,7.4446513778086e-05,7.635201396432852e-05,-14.185382199141126,-14.087575892437501
120,120,7.4348951887625e-05,7.595565885391184e-05,-14.19517211348911,-14.11017951085249
121,121,7.443626697946907e-05,7.601725098395131e-05,-14.189377146913664,-14.106659261921557
122,122,7.416937997853911e-05,7.578331630946578e-05,-14.204376531105925,-14.120044800657432
123,123,7.410048228567322e-05,7.526483769700127e-05,-14.208218159914834,-14.14985956883076
124,124,7.39821659886523e-05,7.569804438389838e-05,-14.216676966375372,-14.124934264348193
125,125,7.399052932688045e-05,7.538862471272678e-05,-14.214828707862123,-14.142722656197034
126,126,7.396754862731035e-05,7.558197639331123e-05,-14.219727667353062,-14.131598422307658
127,127,7.373785002087483e-05,7.48083379891652e-05,-14.229512671104585,-14.176280801629384
128,128,7.350355840993795e-05,7.4809069414378e-05,-14.243771698319916,-14.176238339466812
129,129,7.375656172108702e-05,7.467086757778337e-05,-14.23080696717113,-14.18426889036633
130,130,7.35387939599117e-05,7.487030463954924e-05,-14.240246644220118,-14.17268486096762
131,131,7.32694815522655e-05,7.43606789527755e-05,-14.257147486663825,-14.202347398689653
132,132,7.312476133013183e-05,7.45396368744734e-05,-14.266924302062574,-14.191908136035805
133,133,7.33129472604391e-05,7.452312083363435e-05,-14.254773441243959,-14.192870526043734
134,134,7.307832369331231e-05,7.456611408423142e-05,-14.271128589573841,-14.190365753379062
135,135,7.294434387226032e-05,7.417704795156361e-05,-14.277257874883295,-14.213085407520541
136,136,7.28405633258403e-05,7.414437813598565e-05,-14.282661923749682,-14.214998593124811
137,137,7.266205636941654e-05,7.387506277729316e-05,-14.295166218568884,-14.230802233851414
138,138,7.254927208798352e-05,7.399375662268875e-05,-14.301936335101157,-14.223830095523462
139,139,7.235684427438716e-05,7.394123416528792e-05,-14.311767736468902,-14.226913911497236
140,140,7.225675777665378e-05,7.394528189539223e-05,-14.320240890513109,-14.226676174224657
141,141,7.2318009713235e-05,7.368912146806619e-05,-14.316362525041516,-14.241747074932952
142,142,7.195788274066686e-05,7.352964243373687e-05,-14.334794630912109,-14.251156322755072
143,143,7.189096110787713e-05,7.348321607998131e-05,-14.341589193202234,-14.253899308657804
144,144,7.200117592613414e-05,7.333926010974927e-05,-14.334949739209558,-14.262415621032485
145,145,7.173498126632563e-05,7.315793290648511e-05,-14.347844074250869,-14.273166604364073
146,146,7.155712629571201e-05,7.298992951339307e-05,-14.361115732357634,-14.283151420767382
147,147,7.155508613969996e-05,7.320800872740189e-05,-14.362680081833151,-14.270194922112493
148,148,7.142895508915205e-05,7.243356039428985e-05,-14.370419943018744,-14.31638253321118
149,149,7.128209014724431e-05,7.256560140951096e-05,-14.377479518330551,-14.308472873674788
150,150,7.120838855962106e-05,7.256568029620929e-05,-14.383407280777607,-14.308468152424155
151,151,7.105509332139957e-05,7.2663163193379e-05,-14.389965958035555,-14.302637865593823
152,152,7.095993227192162e-05,7.256233641926788e-05,-14.398351241453305,-14.308668282948492
153,153,7.067921521326949e-05,7.258694945209611e-05,-14.414067351195738,-14.30719541253394
154,154,7.087289460409029e-05,7.251520927591053e-05,-14.403599143519799,-14.31148981662275
155,155,7.068859568536617e-05,7.242426708169085e-05,-14.414406939322536,-14.3169397739839
156,156,7.047444171231414e-05,7.255508535308763e-05,-14.428156670342432,-14.309102289836728
157,157,7.056930711038036e-05,7.236016206565852e-05,-14.421304044435574,-14.320785554460208
158,158,7.032373892779452e-05,7.178789536211345e-05,-14.436321813529942,-14.35526865213996
159,159,7.006430573288601e-05,7.17142523315392e-05,-14.450853056956205,-14.359726113596906
160,160,7.02698871276711e-05,7.186044125486852e-05,-14.439178767027993,-14.350882066909833
161,161,6.994269181435361e-05,7.18258850515428e-05,-14.459743826077634,-14.352971001757709
162,162,7.00083566942377e-05,7.155340541717841e-05,-14.457129053527291,-14.369477785088653
163,163,6.97738727204833e-05,7.162135367061158e-05,-14.472998700137323,-14.365355612448102
164,164,6.982883549182551e-05,7.115691244651221e-05,-14.46765355707363,-14.393609908807479
165,165,6.975405079915102e-05,7.149661369591118e-05,-14.472481072386083,-14.372926135898094
166,166,6.939491609467875e-05,7.092188427218628e-05,-14.493882292441034,-14.407978207900962
167,167,6.926038701383676e-05,7.123177822091078e-05,-14.501991662171607,-14.389043001766133
168,168,6.938591622267417e-05,7.094300771744824e-05,-14.494857303898796,-14.406684893444483
169,169,6.911155801343241e-05,7.107444482818736e-05,-14.51221142461793,-14.398646102833034
170,170,6.925789297308734e-05,7.035889135103819e-05,-14.503705734519038,-14.442590986908135
171,171,6.90279300318618e-05,7.043828047340197e-05,-14.518935513633476,-14.437693408217756
172,172,6.8926721761488e-05,7.074193050165807e-05,-14.525066000850703,-14.419011790711016
173,173,6.89512457891809e-05,7.074817614537958e-05,-14.52245861887162,-14.418628378941783
174,174,6.879341886702867e-05,7.041765447387374e-05,-14.533900864121492,-14.438965311719192
175,175,6.886999081993072e-05,7.010281612900527e-05,-14.525600486295431,-14.458426217888537
176,176,6.865302652700266e-05,7.000413461355492e-05,-14.541260194972448,-14.464543950732711
177,177,6.861638938005985e-05,6.98066092139159e-05,-14.541769214631115,-14.47681543228359
178,178,6.831302316547324e-05,7.020215841629052e-05,-14.563419551378725,-14.452276212938646
179,179,6.81677605844578e-05,6.978673206360422e-05,-14.57041792337153,-14.47805224439449
180,180,6.82785558666117e-05,6.982045631861853e-05,-14.562417796482316,-14.475954034651338
181,181,6.812706214049351e-05,6.986633506082733e-05,-14.572185749326177,-14.473101240181991
182,182,6.803862415086093e-05,6.899367757509218e-05,-14.581244204398205,-14.527687915334317
183,183,6.76507752922186e-05,6.910998280019205e-05,-14.6040517472993,-14.520373014442999
184,184,6.775039327828953e-05,6.959791119841516e-05,-14.59836121319671,-14.489818807491213
185,185,6.784146816497333e-05,6.90611923346296e-05,-14.591319340494966,-14.523440141985818
186,186,6.784609492391722e-05,6.903759353199827e-05,-14.591855530898933,-14.524924417144032
187,187,6.757901203470574e-05,6.907432773579403e-05,-14.61035504302946,-14.522614194791704
188,188,6.761559029889879e-05,6.886738839583766e-05,-14.60768411937693,-14.535644724405817
189,189,6.732425731804808e-05,6.901068455159762e-05,-14.624584553179005,-14.526617509156752
190,190,6.730579037504923e-05,6.946443279862011e-05,-14.624877463625428,-14.4981559243009
191,191,6.718830886289727e-05,6.882670353852997e-05,-14.634076565781317,-14.53821116851271
192,192,6.695981243968529e-05,6.871049653885788e-05,-14.650408967349911,-14.545549993310232
193,193,6.678083430874863e-05,6.881598413823859e-05,-14.658982043840227,-14.538887612206718
194,194,6.706376127075385e-05,6.859953033486626e-05,-14.64137999591767,-14.552569439982827
195,195,6.686474335231079e-05,6.817184897188686e-05,-14.655662457159892,-14.579730131391733
196,196,6.666375901256016e-05,6.819150880083295e-05,-14.668156472649994,-14.578477866058133
197,197,6.66951339544258e-05,6.830031844928224e-05,-14.664364175032814,-14.571553577496418
198,198,6.650511242002824e-05,6.840896668635603e-05,-14.6797354966934,-14.564650558478052
199,199,6.644665568883377e-05,6.778608363483248e-05,-14.681906232209414,-14.604375432122543
200,200,6.64143899672295e-05,6.814488905978291e-05,-14.684845509924774,-14.581447974905458
201,201,6.628410959557496e-05,6.763853046945052e-05,-14.69344521747048,-14.613839228832546
202,202,6.601717252555525e-05,6.764855750493313e-05,-14.71186911010939,-14.613195459164189
203,203,6.617343327907855e-05,6.788795699800463e-05,-14.700980952997366,-14.59785346998638
204,204,6.612360515852564e-05,6.747867097912699e-05,-14.702617608616244,-14.624115659394537
205,205,6.577744869966559e-05,6.772601486055034e-05,-14.725051321109762,-14.608225647594628
206,206,6.577701090454585e-05,6.716280117153044e-05,-14.726172395283808,-14.644492852827975
207,207,6.576320458744826e-05,6.737789303052093e-05,-14.728139406760423,-14.63060660263425
208,208,6.55897152289081e-05,6.72853024489565e-05,-14.73833499046404,-14.63657877414603
209,209,6.560432193884818e-05,6.699608083612187e-05,-14.738075904178709,-14.655286884185141
210,210,6.573032355986142e-05,6.715844765973375e-05,-14.72918268974777,-14.644774372865543
211,211,6.532144257060693e-05,6.682523943661516e-05,-14.756147390815094,-14.666375628077859
212,212,6.529162134573143e-05,6.708133016792617e-05,-14.75822317602084,-14.649764206039668
213,213,6.534917454550897e-05,6.667953972569911e-05,-14.754485392037886,-14.675854930015104
214,214,6.516070106485619e-05,6.667075994252962e-05,-14.768804104274352,-14.676426808953183
215,215,6.510286897837338e-05,6.668680879030082e-05,-14.771724081869657,-14.67538151004322
216,216,6.498489307615301e-05,6.621097916075469e-05,-14.777015021058656,-14.706480758371438
217,217,6.482994600802842e-05,6.666158764059411e-05,-14.791081084147887,-14.677024335389257
218,218,6.467779437032019e-05,6.656617303011252e-05,-14.800503018812908,-14.683244967741123
219,219,6.511480248648404e-05,6.69014939615552e-05,-14.770498188442073,-14.661422703236358
220,220,6.470210597005472e-05,6.627477839509466e-05,-14.797806205785427,-14.702298020833997
221,221,6.469138323379796e-05,6.605014354327547e-05,-14.798484278984123,-14.717043205471139
222,222,6.461650766666316e-05,6.631951710962887e-05,-14.80440636948186,-14.699367309899108
223,223,6.446189165461002e-05,6.611111913164342e-05,-14.814178670512327,-14.713035773504766
224,224,6.42886571046061e-05,6.576034770420704e-05,-14.825310071014698,-14.73613985481705
225,225,6.408675273126664e-05,6.543610805621076e-05,-14.838107133851693,-14.757606254319535
226,226,6.42675160971643e-05,6.549202532225631e-05,-14.827476704804587,-14.753896652580538
227,227,6.405220610946512e-05,6.583773823589773e-05,-14.844104439557704,-14.731031834514273
228,228,6.400772634282775e-05,6.507349290155904e-05,-14.844003522966387,-14.781739676659244
229,229,6.402071640249486e-05,6.565518101285163e-05,-14.84277669194367,-14.74309083297489
230,230,6.411538654986347e-05,6.554735802254934e-05,-14.839093466988624,-14.750228947922455
231,231,6.401208145351907e-05,6.587438685145523e-05,-14.843768687732585,-14.72861500433919
232,232,6.376577836170927e-05,6.568085576107383e-05,-14.862096696228363,-14.741392837223977
233,233,6.382360542253063e-05,6.535312939759981e-05,-14.854057572075321,-14.76311697968001
234,234,6.365996343503735e-05,6.514189092405631e-05,-14.868047059704912,-14.777177253141701
235,235,6.358331294679899e-05,6.438802416883654e-05,-14.871656747324238,-14.82772987928346
236,236,6.354842698033514e-05,6.498979181694602e-05,-14.87581903660761,-14.787329405424533
237,237,6.349213784692579e-05,6.535946235281269e-05,-14.879533748309683,-14.762696152968765
238,238,6.337884342335117e-05,6.479715509493345e-05,-14.889225279787897,-14.800221476439074
239,239,6.324574496829882e-05,6.479410302218687e-05,-14.89775956207906,-14.800426042452507
240,240,6.302477282288331e-05,6.498902650108855e-05,-14.910915043452862,-14.787380547981162
241,241,6.302044171535112e-05,6.435397364456501e-05,-14.913937476270211,-14.830027180147674
242,242,6.295748090385892e-05,6.489946788765098e-05,-14.916966414428217,-14.793369503041362
243,243,6.340043276479977e-05,6.462332787218896e-05,-14.889517320237253,-14.81188767444839
244,244,6.276500215855926e-05,6.44534691099053e-05,-14.928914662375954,-14.823317887696618
245,245,6.263673482684793e-05,6.424701170640459e-05,-14.936949742434148,-14.83725154007023
246,246,6.269310620858228e-05,6.382764063585598e-05,-14.937358054318292,-14.865692951295504
247,247,6.28408267130936e-05,6.395121818059124e-05,-14.925466360591171,-14.857292647364883
248,248,6.24440131620768e-05,6.375345478054921e-05,-14.953425625241412,-14.87074362296768
249,249,6.261220877388848e-05,6.400135776187342e-05,-14.93990092069505,-14.85388898871558
250,250,6.222683276570661e-05,6.405921541093114e-05,-14.967477801958598,-14.849964711506946
251,251,6.24609314512519e-05,6.373497844355083e-05,-14.951719348749329,-14.872002430697515
252,252,6.206939120677339e-05,6.35333279588897e-05,-14.978057876415505,-14.885764814832731
253,253,6.194167399746558e-05,6.37997446143632e-05,-14.9867480094694,-14.867591460517573
254,254,6.238300620773855e-05,6.395074945574284e-05,-14.957251434992964,-14.857324478714935
255,255,6.223034956606498e-05,6.369303771766442e-05,-14.967752632736008,-14.87486124103231
256,256,6.22580475989998e-05,6.346419966001504e-05,-14.965429926121544,-14.890492787459069
257,257,6.179177055565026e-05,6.367193188787879e-05,-14.99761160543427,-14.87630059213869
258,258,6.181533449448252e-05,6.298802940076904e-05,-14.995706089960477,-14.9232006479747
259,259,6.203850495422586e-05,6.33356489982505e-05,-14.97939640536196,-14.899298612192647
260,260,6.169428074967654e-05,6.321735016076433e-05,-15.007290536478132,-14.907417984730893
261,261,6.16271313119046e-05,6.297866064797793e-05,-15.009002393280504,-14.923846659653726
262,262,6.17114673491649e-05,6.289839362388623e-05,-15.00252979023142,-14.92938532284667
263,263,6.157442941312372e-05,6.299096524966636e-05,-15.014651273731412,-14.922998229630341
264,264,6.146283782616537e-05,6.339396981945213e-05,-15.019613043304055,-14.895301375737226
265,265,6.126945967499177e-05,6.31380393506812e-05,-15.03504319526645,-14.912869948724046
266,266,6.129779907983978e-05,6.302757461334725e-05,-15.03331841765454,-14.920474911220662
267,267,6.14697239199682e-05,6.27489559854822e-05,-15.020538805576354,-14.939715818881865
