,epoch,train_loss,test_loss,train_dbs,test_dbs
0,0,0.0010102267362676637,0.0010148548079948676,-19.952005772700904,-19.942270645935377
1,1,0.0010086570484755734,0.0010102160801914962,-19.959004445020373,-19.96216701028844
2,2,0.0010052560858630104,0.0010069419329642858,-19.979266234891707,-19.976265512371082
3,3,0.000999280592407455,0.0010034295142089065,-19.999279864904945,-19.991441072468465
4,4,0.0009973256359088053,0.001001164117999571,-20.007866089447724,-20.00125702195635
5,5,0.001000125367991319,0.0009990562164028617,-20.009640443809616,-20.01041051724875
6,6,0.0009926379827504075,0.0009991203765629937,-20.035432082508304,-20.010131618941045
7,7,0.0009883346687762317,0.0010001374298314516,-20.044781049801337,-20.00571297259156
8,8,0.0009879990145996137,0.000990971202937592,-20.053398118456215,-20.04569943858982
9,9,0.0009883057605715219,0.0009900522939125566,-20.055436736310497,-20.04972843822764
10,10,0.0009840145891954757,0.0009850214701145887,-20.07169339868691,-20.07185281433781
11,11,0.0009778298782040702,0.0009843670781456719,-20.09472236559739,-20.074738977475228
12,12,0.000977692546529369,0.0009802036679741975,-20.097595476750158,-20.093146548430553
13,13,0.0009761253934708837,0.000979944962493487,-20.09807737104754,-20.094292934593483
14,14,0.0009711172099263628,0.0009783125684694632,-20.119612014703428,-20.101533451940416
15,15,0.0009691290330554637,0.0009769940148352792,-20.133975750836267,-20.10739074980982
16,16,0.0009680419635824551,0.0009774918067514112,-20.14052075155616,-20.105178523099354
17,17,0.0009676831307552141,0.0009742443002515325,-20.140961434549347,-20.119631045132067
18,18,0.0009653528224552031,0.0009712300839294729,-20.155680609534635,-20.133088519299122
19,19,0.0009613170326908224,0.0009658267617372698,-20.166917165952093,-20.157317432391718
20,20,0.0009580782384218014,0.0009660831971192046,-20.18868734727829,-20.156164495926095
21,21,0.0009612740814378581,0.0009650388475213396,-20.1768724717563,-20.160861820085444
22,22,0.0009549344012504155,0.0009613860809048148,-20.199941405364434,-20.177331481197264
23,23,0.0009549744997279162,0.0009607523465283999,-20.20501950440215,-20.180195243231406
24,24,0.0009516096786720698,0.0009581571426487675,-20.217920605868862,-20.191942367500403
25,25,0.0009483794907357582,0.0009597164247871229,-20.229100141523713,-20.184880507019855
26,26,0.0009443292246661005,0.0009546357905492187,-20.24748000345227,-20.207932655699217
27,27,0.0009464611750595348,0.0009507593472096089,-20.243403125063754,-20.225603743875602
28,28,0.0009402173784916702,0.0009480194789112398,-20.26543802229439,-20.23813717317879
29,29,0.0009374781667744529,0.0009429469845551802,-20.275448183460142,-20.26143702153542
30,30,0.0009448673670929041,0.0009469650256888647,-20.25518838269706,-20.242970386981387
31,31,0.0009394345592620984,0.0009441511478814247,-20.271810816986164,-20.25589452695193
32,32,0.0009356254115268664,0.0009425772311116912,-20.288749282834555,-20.26314033439554
33,33,0.0009334774822303929,0.0009436655795740846,-20.292066699168842,-20.25812863832565
34,34,0.0009300247622058564,0.0009389624955426706,-20.309036392460946,-20.279827323464144
35,35,0.0009292039249726024,0.0009385399293693665,-20.324638548113416,-20.281782241422903
36,36,0.0009245217979415176,0.0009360867675001684,-20.333380618014342,-20.29314872065783
37,37,0.000927550183517916,0.0009297850743965491,-20.328383376245043,-20.32248407891626
38,38,0.0009248646230619285,0.0009334356413762036,-20.343816657363256,-20.30546598642347
39,39,0.0009200204813075204,0.0009293812817256702,-20.35327540959947,-20.324370568858118
40,40,0.0009219763469258227,0.0009261737577617168,-20.353693779878782,-20.33938506657929
41,41,0.0009198410126870286,0.000923545412278097,-20.360932611242855,-20.351727228857808
42,42,0.0009152187165304942,0.0009170556869847994,-20.37547489908573,-20.382352697511713
43,43,0.0009126182592752361,0.0009240036965102741,-20.394257847474442,-20.349572695413332
44,44,0.0009113692878937521,0.0009218449918798319,-20.402865892699204,-20.35973077545936
45,45,0.0009129568700409811,0.0009201366674939269,-20.39868622172053,-20.367786404711058
46,46,0.0009109701123568661,0.0009173064517151369,-20.40163811098205,-20.381165301228044
47,47,0.0009093363571326373,0.0009167049368108181,-20.409223941090637,-20.38401407975504
48,48,0.000904110897591664,0.0009098784495635252,-20.432388636291968,-20.416475992718777
49,49,0.0009070026121803166,0.0009114137838447565,-20.428889077605923,-20.409153857896783
50,50,0.0009044829483585644,0.0009116729825588042,-20.438161525124777,-20.407918935082794
51,51,0.0008995518167551185,0.0009100845598272587,-20.454586417850166,-20.415492318324034
52,52,0.000903340999862736,0.0009040685744318915,-20.449748176967482,-20.4442960481556
53,53,0.0009025053184757912,0.0009102766114091011,-20.449678495991193,-20.41457594036715
54,54,0.000895082949991962,0.0009119960473311183,-20.47425709511179,-20.406380221126682
55,55,0.0008978160018984651,0.0009078118018805981,-20.463299302504776,-20.426351537474147
56,56,0.0008979888726505882,0.0008998303398440935,-20.471464170283035,-20.464703458645936
57,57,0.0008979460186104185,0.0009061323975114838,-20.466807259873523,-20.434393198943415
58,58,0.0008963361909353779,0.0009036488971967054,-20.476210232273505,-20.446312552543663
59,59,0.0008933304121343361,0.0009000538113085847,-20.487452276444117,-20.463625028966696
60,60,0.0008899651524207564,0.0008996243337414375,-20.501527668675706,-20.465697841169998
61,61,0.0008946698904277507,0.0008960877649339014,-20.48868245855036,-20.48280430611974
62,62,0.0008939597167593148,0.000899176018337082,-20.489921214618263,-20.467862627385102
63,63,0.0008896296434632512,0.0009002221233554577,-20.507287931882153,-20.462812964638104
64,64,0.0008875083228688419,0.0008954812012808887,-20.51186439969595,-20.48574504981936
65,65,0.0008877946559541388,0.0008986037144878585,-20.51482359987625,-20.470627687058958
66,66,0.0008869321954426999,0.0008986764342377061,-20.520844200005094,-20.470276247288997
67,67,0.000887888218468228,0.0008965240099075201,-20.519910982080873,-20.48069053233782
68,68,0.0008891128278433432,0.0008944172234470514,-20.513511194737468,-20.49090824511743
69,69,0.0008855213635581901,0.0008956689179237736,-20.52783973957295,-20.484834748649284
70,70,0.0008833214602212316,0.0008932309206820241,-20.540710861811114,-20.496672296863725
71,71,0.0008807771523559908,0.0008899481403396317,-20.548142645001846,-20.512662782954653
72,72,0.0008846462821856755,0.0008927215730134202,-20.54074413659713,-20.4991494835596
73,73,0.0008816742416250414,0.0008946621275850033,-20.54319017333799,-20.489719247923865
74,74,0.000886948510990046,0.0008886844030042228,-20.52165850669165,-20.51883420094374
75,75,0.000881545760515194,0.0008863035963211013,-20.54531529032262,-20.53048466647283
76,76,0.0008841327832022816,0.0008898887317627668,-20.53692764086032,-20.51295270634622
77,77,0.0008854078076126956,0.0008886417766150675,-20.526171142142662,-20.51904251842434
78,78,0.0008803077891814647,0.0008866822953630043,-20.55192635965235,-20.528629413055718
79,79,0.0008806718138920277,0.0008910776753174631,-20.55214384568152,-20.50715415001463
80,80,0.0008818944610088833,0.0008891007807841035,-20.552082694016832,-20.516799865444213
81,81,0.0008816731710841437,0.0008867484100751186,-20.548782537028924,-20.528305597137013
82,82,0.0008810027070420305,0.0008840947136233904,-20.557856571561732,-20.541321844289612
83,83,0.0008800168048840054,0.0008896293676164197,-20.55410804898422,-20.514218671760105
84,84,0.0008769220157680054,0.0008870728534499282,-20.568554303025373,-20.526716891760227
85,85,0.0008775139234710447,0.0008877605156923987,-20.56798676773557,-20.523351528707504
86,86,0.0008771716582243206,0.0008882236587324817,-20.568715648970798,-20.52108641312713
87,87,0.0008784655323156069,0.0008871110775017817,-20.562282637885374,-20.526529757895368
88,88,0.0008762516021325262,0.0008868210746808664,-20.579702850329554,-20.52794972906875
89,89,0.000877504036569795,0.0008842620330764667,-20.564956586555905,-20.540499997504014
90,90,0.0008780759910467206,0.0008851998504006156,-20.567208792523708,-20.535896463165688
91,91,0.0008795790178653275,0.000888255881268139,-20.558306851885447,-20.52092886479499
92,92,0.0008746473413901692,0.0008849598724689139,-20.58284547493407,-20.53707399636576
93,93,0.0008789537253683989,0.0008862284931207174,-20.565651379560308,-20.530852692594486
94,94,0.0008719918208878449,0.0008790260762907565,-20.59257500988803,-20.566292195738484
95,95,0.0008796636500040588,0.0008810730099580006,-20.566715159100887,-20.5561908053767
96,96,0.0008719555467136742,0.0008817642657576423,-20.591091409854727,-20.55278483479858
97,97,0.0008719447650946677,0.0008803214111953581,-20.58705816993669,-20.559897132717264
98,98,0.0008726780099995895,0.0008788188753992712,-20.595524501240558,-20.567316019872095
99,99,0.000871319865049391,0.0008834604890771994,-20.59396360867035,-20.54443846811101
100,100,0.0008721403314338363,0.0008813639471650516,-20.586351794034314,-20.554756967709604
101,101,0.0008735664659323767,0.0008833162229214059,-20.584582748821344,-20.54514771444758
102,102,0.0008763671203362803,0.0008791430001637261,-20.569747990543682,-20.565714556265824
103,103,0.0008694690378555624,0.0008799252345373756,-20.603938368856667,-20.56185205579288
104,104,0.000872558234835562,0.000883841485789928,-20.595176558666065,-20.542565955378297
105,105,0.000875919999089092,0.0008804233481274231,-20.57129838658609,-20.559394269972245
106,106,0.0008730289037819452,0.0008818655807868039,-20.590291627083715,-20.55228585755306
107,107,0.0008716431654000789,0.0008829706348478794,-20.596189756898177,-20.546847177868244
108,108,0.000872680840572131,0.0008808574884345657,-20.59016239236554,-20.557253274173416
109,109,0.0008692349014400514,0.0008799449179174477,-20.613289665651273,-20.561754907905705
110,110,0.0008721986669115722,0.0008794022999752901,-20.59935682955789,-20.56443381043428
111,111,0.0008708549568612013,0.0008818193822854051,-20.60271021554017,-20.552513378393282
112,112,0.000868455895112309,0.0008777676450431739,-20.61109978264391,-20.572514096847545
113,113,0.0008711210294799475,0.0008792894475750233,-20.60208334960975,-20.564991169901518
114,114,0.0008694923035176375,0.0008806287721534701,-20.600792636548388,-20.55838107427702
115,115,0.0008704289697955564,0.0008790065154531284,-20.603050198350516,-20.566388839724308
116,116,0.000868425292284564,0.0008763367506234269,-20.609454057646634,-20.57959953246993
117,117,0.0008693253435434524,0.000878365676678521,-20.610678158068705,-20.569556213797753
118,118,0.0008687006487251864,0.0008779958619638101,-20.61325978279907,-20.571385091153193
119,119,0.0008679874680609893,0.0008775067429891543,-20.608688178375296,-20.57380515793731
120,120,0.000863632139240958,0.0008781422511674464,-20.62645597428924,-20.57066104760535
121,121,0.0008671155785085614,0.0008801374167792107,-20.619163750180096,-20.56080493878072
122,122,0.0008682203677137257,0.0008728043972759655,-20.606902751769105,-20.59714052570837
123,123,0.0008685146608466724,0.0008796073716918105,-20.613145962988195,-20.563421177965942
124,124,0.0008706457237232976,0.0008761589231557752,-20.605282832330353,-20.58048089827702
125,125,0.0008663949148595025,0.0008765256038474801,-20.61888802045255,-20.578663715539367
126,126,0.0008668391977331226,0.0008800712407958743,-20.619899040362455,-20.561131489434672
127,127,0.000870451493159935,0.0008745678780159276,-20.610014461567275,-20.588374560662956
128,128,0.0008665366445130371,0.0008794237295851895,-20.62098406758398,-20.564327981191678
129,129,0.0008690303927239453,0.000875998910295924,-20.612075849383796,-20.58127412250527
130,130,0.0008677095606846293,0.0008752514075144733,-20.61615346354921,-20.58498160337885
131,131,0.0008677302622092292,0.0008731333042592986,-20.61748860422538,-20.595504241785008
132,132,0.0008659086840649702,0.0008752807472391348,-20.6326728636039,-20.584836023870494
133,133,0.0008661589860080828,0.0008772591612988004,-20.62058194552177,-20.575030658870418
134,134,0.000863095740043587,0.0008771403135094596,-20.642539223685166,-20.57561906464592
135,135,0.0008648183939680841,0.000870942953042686,-20.627549814777595,-20.60641268621732
136,136,0.0008665900917474142,0.000872903975265983,-20.62148475126307,-20.59664506870867
137,137,0.0008620808900756397,0.0008723592495937881,-20.635528668994194,-20.599356079379127
138,138,0.0008628472473385945,0.0008708933294799767,-20.63799229966437,-20.606660140466367
139,139,0.0008602220668294228,0.0008708967300327984,-20.653670114213234,-20.606643182724326
140,140,0.0008639389878263717,0.0008692784774068155,-20.637301788678872,-20.61472051178147
141,141,0.0008578741522121829,0.0008702603211675427,-20.663652900588495,-20.609817955161223
142,142,0.0008606984953338415,0.0008719498475425338,-20.655048863427538,-20.601394720985663
143,143,0.0008622480486759666,0.0008701901104742367,-20.639064124539015,-20.610168348555206
144,144,0.0008604435901848849,0.0008702963884723814,-20.65058667738996,-20.609637968707652
145,145,0.0008597176686438165,0.0008706260153925733,-20.65441098996288,-20.607993378989935
146,146,0.0008585316053418846,0.0008707445568258041,-20.66643263758128,-20.607402098865762
147,147,0.0008605822498343655,0.0008693880763051933,-20.65685514783138,-20.614172986475374
148,148,0.0008568518114583471,0.000867211152676885,-20.66883782339697,-20.62506123747464
149,149,0.0008570380963759555,0.0008682091138325632,-20.67311433147948,-20.620066377391424
150,150,0.000859596752729651,0.0008662569116016751,-20.658100307695598,-20.629842654378354
151,151,0.0008596788537352509,0.0008643984482133467,-20.66347553647256,-20.639169996186038
152,152,0.0008561010712508074,0.0008655154072728596,-20.67377539752851,-20.633561749024715
153,153,0.000854451819587038,0.0008635911967997488,-20.68376623635023,-20.643227715639973
154,154,0.0008545519757689428,0.0008617068861464137,-20.676944639288827,-20.652714146447554
155,155,0.0008535028654918766,0.0008624768754663436,-20.681889249373416,-20.648835184791082
156,156,0.0008540689517964714,0.0008609207702408496,-20.680902487351446,-20.656677926111215
157,157,0.0008510957164785911,0.0008626865272067095,-20.69973308707628,-20.64777962571454
158,158,0.0008536205469803481,0.000858124851028582,-20.687540216220054,-20.670804989888918
159,159,0.0008470011951843488,0.0008568788578390683,-20.71363770546261,-20.67711550757592
160,160,0.0008505159231699695,0.0008574341589241828,-20.70659607089661,-20.674301969988136
161,161,0.0008489167708999564,0.0008532546956925408,-20.70983211139582,-20.695522911778824
162,162,0.0008470508307170545,0.0008571208270854856,-20.722254414093847,-20.675889300708654
163,163,0.0008436836501506647,0.0008547024672703916,-20.73472000188562,-20.68816020536503
164,164,0.0008429429636663306,0.0008487864550644238,-20.74352016702747,-20.71832537699168
165,165,0.0008392565014781718,0.0008474904860026742,-20.757019864021053,-20.724961466985228
166,166,0.0008390904962296415,0.0008429210865870118,-20.767949209413352,-20.748440598546615
167,167,0.000840316550594937,0.0008466624544541302,-20.763970029501856,-20.729206769194043
168,168,0.000834837052419052,0.0008392681392203821,-20.78788641145874,-20.767302416864975
169,169,0.0008315393790007406,0.0008386207934419968,-20.8023263073308,-20.77065351726158
170,170,0.0008279679129476246,0.0008309433500184433,-20.815321458115584,-20.810595616275073
171,171,0.0008287591374834481,0.0008350740382938009,-20.819540749028214,-20.789059961089084
172,172,0.0008286790797467699,0.000830305464516737,-20.83369087310773,-20.813930820064762
173,173,0.0008231867062763224,0.0008256635046564043,-20.84493631399374,-20.83827889506452
174,174,0.0008181003036371135,0.0008246444968359643,-20.87464349501189,-20.843642130645705
175,175,0.0008167897995570963,0.0008185491621445276,-20.87463763455453,-20.87586209874431
176,176,0.0008129973340174663,0.0008216076346702481,-20.901973195131973,-20.859665119490263
177,177,0.000809708196122545,0.0008178537215204223,-20.918747694698162,-20.87955343963277
178,178,0.0008071289282560963,0.0008143625056714212,-20.925247077959813,-20.898132082160238
179,179,0.0008050384661230768,0.0008115928963218865,-20.94516351961302,-20.912927410733012
180,180,0.0008005053399025088,0.0008062662703818397,-20.95957607362312,-20.94152486419842
181,181,0.000796394120810611,0.0008059397254041151,-20.979195402261922,-20.943284151587612
182,182,0.0008018743894879043,0.0008043130050952497,-20.95816622133325,-20.95205887223478
183,183,0.000798541369017444,0.0007992348860410091,-20.98345354200079,-20.979565458951907
184,184,0.0007940434386291224,0.0008000658157183544,-21.007324932415685,-20.975052633992917
185,185,0.0007908880253341625,0.000793584156781435,-21.01986162091805,-21.010379892552628
186,186,0.0007934655901764702,0.0007921814348695701,-21.010551321749308,-21.018063178759196
187,187,0.0007884884529180595,0.0007923598352231478,-21.035475281931774,-21.017085251697047
188,188,0.0007830267458837287,0.0007926445380833588,-21.05889010325797,-21.015525068210064
189,189,0.0007815334817500228,0.0007872812076177644,-21.071266400705532,-21.04501093208132
190,190,0.0007808174741137581,0.0007863412611186504,-21.075576375373053,-21.05019913490007
191,191,0.0007772458034337105,0.0007851235629794629,-21.08973832510444,-21.056929666569744
192,192,0.0007786606996531415,0.0007804568464818754,-21.088291842216517,-21.082820834011436
193,193,0.0007746385580850477,0.0007788713188155702,-21.107951029325136,-21.091652665168112
194,194,0.0007722138855654324,0.0007785133600823189,-21.11707513374664,-21.093649082719207
195,195,0.000769397209652882,0.0007775418527767455,-21.136872493914026,-21.099072030610436
196,196,0.000769318761328024,0.0007706083247045937,-21.141681484260335,-21.13797281889948
197,197,0.0007688689643286707,0.0007732127958565558,-21.142824605967153,-21.123319456439546
198,198,0.0007669743943777051,0.0007720439216906303,-21.140064153561568,-21.129889700611354
199,199,0.0007638046637983973,0.0007735024555586278,-21.164639454338566,-21.12169281428165
200,200,0.0007614296892197015,0.0007692016416082257,-21.17653594136426,-21.145907757493895
201,201,0.0007635375746458615,0.0007682743139172855,-21.174351332331064,-21.151146647201152
202,202,0.0007637941696172216,0.0007640917840609817,-21.174806253320924,-21.17485448242697
203,203,0.0007578235410019448,0.0007598292921963883,-21.197266436225686,-21.199149461378134
204,204,0.0007577402830440743,0.0007618754691640405,-21.206339119297137,-21.187469877740057
205,205,0.000757448381225857,0.0007607747224698725,-21.20425211786231,-21.193749038917773
206,206,0.0007532072330335367,0.0007583227278174538,-21.232648142835107,-21.207769056814673
207,207,0.0007540084620860895,0.0007571657433321601,-21.232612225184624,-21.21440021349843
208,208,0.0007518590673967504,0.0007561699236056915,-21.24340861506301,-21.220115787168513
209,209,0.0007529695423502359,0.0007531793242761571,-21.23987366459444,-21.237325885995837
210,210,0.0007467689160641629,0.0007517566034374269,-21.26628925341202,-21.24553726539402
211,211,0.0007442637165461081,0.0007487707311826709,-21.278559953121473,-21.262821183194667
212,212,0.0007435579924632978,0.000749853381421417,-21.285360765510756,-21.256546239366365
213,213,0.000743599580336823,0.0007481257596641387,-21.290121200663,-21.26656369432393
214,214,0.0007419665350060257,0.0007443300411595326,-21.299396615650785,-21.288654307053825
215,215,0.0007399890491422074,0.0007452203028247153,-21.310844182277286,-21.283462998465474
216,216,0.0007375828674562352,0.0007427923203642038,-21.313984676458162,-21.297635732004615
217,217,0.0007396154981778608,0.0007382376137875804,-21.31406147015827,-21.324348091066213
218,218,0.0007317992468537359,0.0007412095376486448,-21.353871891647618,-21.306899791296154
219,219,0.0007329736302184305,0.000737291874094425,-21.344604289844465,-21.32991530730516
220,220,0.0007307407735443683,0.0007348642531341236,-21.360746969373675,-21.344238561793745
221,221,0.0007317730047999276,0.0007306819561084634,-21.36084906604031,-21.369025954223876
222,222,0.0007303984746932215,0.0007348377747755302,-21.36368519579768,-21.344395048004007
223,223,0.0007285421435750022,0.0007315537230552811,-21.376271151997063,-21.363847532923387
224,224,0.0007252143149878638,0.0007296474987493926,-21.39800391121514,-21.375178801397627
225,225,0.0007264718542970025,0.0007300154477553932,-21.390183008188583,-21.37298927912887
226,226,0.0007233546864356577,0.0007315912087889094,-21.401317188013568,-21.363625000665458
227,227,0.0007217759056468063,0.0007254331415568135,-21.410983044493427,-21.40033585648624
228,228,0.0007228631575438241,0.0007241365751006493,-21.41034639197422,-21.40810494549283
229,229,0.000721401256537929,0.0007249701302498579,-21.41720545122081,-21.403108647563165
230,230,0.000718878432700276,0.0007249278990600846,-21.434738479098293,-21.403361641529873
231,231,0.0007137003013883362,0.0007217358246347622,-21.454520978040673,-21.422527153678384
232,232,0.000716920914464467,0.0007239983319059798,-21.443956300750852,-21.408934125930337
233,233,0.0007160961215105868,0.0007202016238711382,-21.446198612298964,-21.4317688191597
234,234,0.0007186297983766447,0.0007172048882287191,-21.441551334325638,-21.449877372695152
235,235,0.0007140457008475649,0.0007183603072342904,-21.46302286294859,-21.44288650654232
236,236,0.0007135796273059989,0.0007159243472606727,-21.47187382409236,-21.457638459560254
237,237,0.000713342783334137,0.0007189908463164772,-21.468864786388995,-21.439076168881854
238,238,0.0007094482515612137,0.0007156853220964733,-21.484900929101816,-21.45908867763344
239,239,0.0007128767301952562,0.0007173238279248931,-21.469039829958216,-21.449157207901454
240,240,0.0007108018653150456,0.0007112467857567888,-21.48328618999532,-21.48610661417585
241,241,0.000709994993119779,0.000712408169515823,-21.478178155629692,-21.479020870991516
242,242,0.0007093083767518017,0.0007147494531971844,-21.497722526548493,-21.46477146392693
243,243,0.0007104308904897537,0.0007095166702607745,-21.48375025103875,-21.496683744115312
244,244,0.0007057629793296693,0.0007119495728004136,-21.516761273335486,-21.48181744412601
245,245,0.0007074143510724697,0.0007077759579069129,-21.50063450613977,-21.50735171959141
246,246,0.0007079422333488989,0.0007122764854054702,-21.501663402793085,-21.479823710868338
247,247,0.0007066162796355016,0.0007113735099617196,-21.508652483043242,-21.485332892287637
248,248,0.0007057398252822843,0.0007088333061945281,-21.51307907882213,-21.50086862473001
249,249,0.0007053763034379052,0.0007057951573331497,-21.521357144787927,-21.519523039629235
250,250,0.0007009168363118678,0.0007071321413509155,-21.537734431127518,-21.5113040045076
251,251,0.0007032411942287281,0.0007050905045808145,-21.529263831622,-21.52386112081757
252,252,0.0007004346980559687,0.0007030115873356791,-21.541223467669646,-21.536684948707375
253,253,0.0007006093696451064,0.0007040145727315624,-21.5409088592774,-21.530493292731038
254,254,0.0007035642275442705,0.0007015712142578865,-21.53833741653445,-21.545592167251343
255,255,0.0007007294784530459,0.0007075655402762717,-21.547873598233696,-21.508643043511086
256,256,0.0006962546817094241,0.0007048076888742415,-21.572820955680804,-21.525603449490347
257,257,0.0006986597778525242,0.0006979621677218299,-21.555485028174893,-21.5679909537339
258,258,0.0006960782158841408,0.0006964565438561534,-21.57303314090833,-21.57736954834639
259,259,0.0006964952035653452,0.0007018255878632006,-21.572577810400272,-21.544017800626417
260,260,0.000695249030352138,0.0006957191018093573,-21.580064879950708,-21.58197050574136
261,261,0.000695867086496665,0.0006993559287174752,-21.574981178358485,-21.559327172569326
262,262,0.0006955386164655775,0.0006961813196539879,-21.57940655696638,-21.579086123157033
263,263,0.0006938080973059093,0.0006972085347546166,-21.588145775674477,-21.57268283366363
264,264,0.0006958753237808027,0.0006967869918107203,-21.584911695980217,-21.57530943864924
265,265,0.0006916108241151134,0.0006929377222580737,-21.596140827795367,-21.59936774004104
266,266,0.0006931615554122734,0.0006950279991877707,-21.597725217574748,-21.586286776894816
267,267,0.0006896708773919525,0.0006956255927338804,-21.610745406995328,-21.582554264398834
268,268,0.0006902743030109049,0.0006929872508503889,-21.608538814453176,-21.599057333709307
269,269,0.0006900265057974486,0.0006909095774110602,-21.61292226730303,-21.612097652458587
270,270,0.000689960375293782,0.0006920693528005167,-21.608278583002722,-21.604813605551453
271,271,0.0006891032302819346,0.0006918569407915991,-21.620079896904127,-21.606146759846077
272,272,0.000687489582504117,0.0006938990064602541,-21.626556116852136,-21.593347125173224
273,273,0.0006862708298998318,0.0006885105333487062,-21.64314170662525,-21.627203893704028
274,274,0.0006865895792515468,0.0006898668821361896,-21.631432285890554,-21.618656815415473
275,275,0.0006869342556156064,0.0006873842181735917,-21.635254365391248,-21.634314213358316
276,276,0.000683612841272669,0.0006881738602379827,-21.65042663435667,-21.629328059239548
277,277,0.0006831563443915208,0.0006881277873425892,-21.654479245221673,-21.629618826954275
278,278,0.000678162889185448,0.000688087568912459,-21.68262220870567,-21.62987266284125
279,279,0.0006792578448963918,0.0006815878717277787,-21.67477054652614,-21.671091242465504
280,280,0.0006831922591183834,0.0006865052457310652,-21.659700121719535,-21.63987118054738
281,281,0.0006833915441469817,0.0006863817535830956,-21.66773838336866,-21.64065248241116
282,282,0.000679411553326495,0.0006812049510986789,-21.679980683343942,-21.673531823569483
283,283,0.0006808084069712798,0.000679273195074577,-21.670861164028736,-21.685865010218993
284,284,0.0006789810092610874,0.0006798780798961065,-21.682099274573652,-21.681999389631223
285,285,0.0006809568329061353,0.0006785986510007397,-21.669541674659918,-21.690179862080935
286,286,0.0006779457080014742,0.0006798901932166988,-21.692113108539992,-21.68192201250168
287,287,0.000676467568258342,0.0006770104090192992,-21.68704015878361,-21.7003563217169
288,288,0.0006800357878841844,0.0006801017995090469,-21.678138653545314,-21.680570542105734
289,289,0.0006742028227872839,0.0006766367342176014,-21.709205372097088,-21.70275406487082
290,290,0.0006780253384819196,0.0006798722958927484,-21.69684737746597,-21.682036337011958
291,291,0.0006758668177914758,0.0006754680438653418,-21.697996038317932,-21.710261706374133
292,292,0.0006733369700293796,0.0006791076892496724,-21.713251311361027,-21.686923303480686
293,293,0.0006733059207428746,0.0006773498914155521,-21.711111244771203,-21.698179126557882
294,294,0.0006750410959153369,0.0006766682950240609,-21.709356345970473,-21.70255149880041
295,295,0.0006748333035670605,0.000673241971526295,-21.7157344793267,-21.72459795063763
296,296,0.0006693654403224895,0.000673656750127281,-21.737173805090908,-21.721923123489635
297,297,0.0006695257898266475,0.0006750996720879094,-21.742819452412423,-21.71263081134096
298,298,0.0006673940068552482,0.0006756416436186747,-21.744666375389144,-21.70914568424735
299,299,0.000671280376953985,0.0006729474346349506,-21.730423898523632,-21.726498362987986
300,300,0.0006697185970026731,0.0006714227523556666,-21.747411917826426,-21.73634924172444
301,301,0.0006705142609227795,0.0006706404291387452,-21.748174547621872,-21.741412471225736
302,302,0.0006689179224230963,0.0006732147180867431,-21.749969302778098,-21.724773760502195
303,303,0.0006697234630431096,0.0006719267081567331,-21.740298304784353,-21.73309074138291
304,304,0.0006690032656554171,0.0006728155850922983,-21.744624638334663,-21.727349352770872
305,305,0.0006674947337122614,0.0006711479846241051,-21.757822941654435,-21.738126877837033
306,306,0.0006671247088119926,0.0006717275031597206,-21.756678288880515,-21.73437847792815
307,307,0.0006695086083653354,0.0006718927884082261,-21.746926868656686,-21.733309984512587
308,308,0.0006681012335358207,0.0006715935550777143,-21.75309220415198,-21.735244583803777
309,309,0.0006704634030291945,0.0006702727282811937,-21.743443074605242,-21.74379428777433
310,310,0.0006691984377426969,0.0006682421325852996,-21.74708833995959,-21.7569712379602
311,311,0.0006650726079278309,0.0006641574252985025,-21.763289365198965,-21.783599457428572
312,312,0.000664735024497297,0.0006717447847078898,-21.773268740256402,-21.734266748329006
313,313,0.0006666376673107602,0.0006669954776665882,-21.762081543487056,-21.76508088833549
314,314,0.0006675838880461746,0.0006691632320565221,-21.75819033033255,-21.750989080396586
315,315,0.000666212941011049,0.0006737077124661914,-21.763151184905535,-21.721594590814203
316,316,0.0006622716870888607,0.0006681618090768001,-21.786641462408877,-21.75749329653041
317,317,0.0006698166943136026,0.0006670747105473358,-21.750002039555913,-21.764565017383
318,318,0.0006649225821824188,0.0006661823687241658,-21.776031679122717,-21.770378437670296
319,319,0.0006640051700386036,0.0006639721840129871,-21.77343882766604,-21.784810924563672
320,320,0.0006638397210632864,0.0006687759764884648,-21.771487743348775,-21.75350314022705
321,321,0.0006660709341210266,0.0006628467174442975,-21.763165806935056,-21.79217868269617
322,322,0.0006624284679233336,0.0006673310601495599,-21.78302773842557,-21.762896391219975
323,323,0.0006641812548137357,0.0006648418064670343,-21.77774173531716,-21.77912657310809
324,324,0.0006637118328314697,0.0006687650487660186,-21.77374668674449,-21.753574104025077
325,325,0.0006653866868648562,0.0006675543447368239,-21.771950819331053,-21.761443513471935
326,326,0.0006639873140885197,0.0006710635681979751,-21.772188174751722,-21.73867316412136
327,327,0.000667883715107461,0.0006671195978445834,-21.761120589614364,-21.764272791499756
328,328,0.0006621800250248964,0.0006700350541474396,-21.783960637678046,-21.745334539457048
329,329,0.0006648315922069104,0.0006677060982359475,-21.774929189620686,-21.760456354630982
330,330,0.0006639273529968311,0.0006672965858964936,-21.769516165751988,-21.763120753092323
331,331,0.0006659227992244757,0.0006651133789043678,-21.76678421937691,-21.77735294323082
332,332,0.0006640304159613076,0.0006695267388989267,-21.77402706859608,-21.748630520564276
333,333,0.0006618877175532896,0.0006670073183302424,-21.789080384636108,-21.76500379202201
334,334,0.0006652963221716435,0.0006660750950686634,-21.77007330001406,-21.77107782736043
335,335,0.000663794233876559,0.0006690549474258564,-21.778561586204972,-21.751691916726216
336,336,0.0006624720618608839,0.0006661594655413769,-21.78538087987819,-21.77052774959083
337,337,0.0006638041327793881,0.0006691842879119672,-21.771133399427683,-21.750852427670804
338,338,0.0006633485612200247,0.0006657002653044305,-21.786970785442094,-21.773522481427495
339,339,0.0006627965563687391,0.0006665611137194853,-21.788053308853076,-21.767910042692407
340,340,0.0006613868862371316,0.0006647025308522739,-21.796568981649884,-21.78003645823907
341,341,0.0006633631371384122,0.0006632828184305445,-21.777360371023992,-21.789322306247513
342,342,0.0006625941479290576,0.0006671339843275124,-21.786015082457,-21.76417913658687
343,343,0.0006651922090689546,0.000670372578928149,-21.769270594845104,-21.74314736670081
344,344,0.0006657491525702332,0.0006634014640248528,-21.778062563220843,-21.788545525701775
345,345,0.0006655874462875048,0.0006680368494830633,-21.772978895827958,-21.75830558984969
346,346,0.0006633116893671913,0.0006686312661163116,-21.78382485439416,-21.754442972379042
347,347,0.0006629413854301974,0.0006674721065026365,-21.77458774855472,-21.761978568209184
348,348,0.0006637239790300733,0.0006661062729299852,-21.785508668565395,-21.77087454613375
349,349,0.0006632632125869931,0.0006644421220315914,-21.778152264959974,-21.78173821605848
350,350,0.0006637056154131735,0.0006640193444725714,-21.782448928170503,-21.784502465858466
351,351,0.0006617636086188795,0.0006626441302758298,-21.788335079609872,-21.79350622849109
352,352,0.000661008511837956,0.0006659513272001947,-21.793046278433437,-21.77188489397065
353,353,0.0006619753344848598,0.0006640053501254634,-21.786163698109515,-21.784593995296913
354,354,0.000661745824078194,0.0006605714259326066,-21.799238209709195,-21.807111945124138
355,355,0.00066369519624187,0.000662572253005285,-21.788202443209023,-21.793977334982024
356,356,0.0006625675686308634,0.0006631620773604434,-21.795278234038182,-21.790112948675183
357,357,0.0006597996113303396,0.0006665241059013887,-21.80347705904807,-21.76815117193087
358,358,0.0006623971167971025,0.0006635912700164083,-21.789750746944748,-21.78730314217981
359,359,0.000657648893466853,0.0006662109731941631,-21.821586774674458,-21.770191964755902
360,360,0.0006606417189630651,0.0006649413262493908,-21.795414152489702,-21.778476528881555
361,361,0.0006631083442042246,0.0006632342854955871,-21.788083669109348,-21.78964009462415
362,362,0.0006594749518007654,0.000662444790482129,-21.800435117251062,-21.794812890583344
363,363,0.0006607013452106837,0.0006616966566070914,-21.799774551327484,-21.79972037911398
364,364,0.0006595713130832103,0.0006627638144173512,-21.80840167353781,-21.792721893938346
365,365,0.000657800595832931,0.000662107556739724,-21.814619094620316,-21.797024335935582
366,366,0.0006585061650953649,0.0006633670418523252,-21.810125687551594,-21.788770875633144
367,367,0.0006590058904659656,0.0006652045933725802,-21.807380597195817,-21.776757387264475
368,368,0.0006600220906116145,0.0006618632193605759,-21.807569774342618,-21.79862730752086
369,369,0.000659162102425567,0.0006630759055138027,-21.798957696921505,-21.79067731130131
370,370,0.000660442372726411,0.0006652785998180901,-21.806004186422804,-21.77627424563431
371,371,0.0006594065307956381,0.0006607328664119306,-21.803627670979896,-21.80605067997755
372,372,0.0006582748070455243,0.0006614745300459234,-21.812897117500558,-21.801178517587353
373,373,0.0006600260715355578,0.0006667285863506166,-21.808847193125388,-21.76681902038947
374,374,0.0006591332824324671,0.0006611279677599669,-21.810047652820014,-21.803454486249457
375,375,0.0006609775237595067,0.0006604982405214718,-21.795777886342023,-21.807593131257637
376,376,0.0006611002759153465,0.0006618877554214315,-21.799958192515476,-21.798466312348182
377,377,0.0006581611694892888,0.0006584773900134391,-21.81521305610265,-21.820901108915642
378,378,0.0006572616084949257,0.0006603583736394189,-21.82004454509552,-21.808512889157964
379,379,0.0006588373378821716,0.0006579960402297346,-21.81592294729896,-21.82407698105163
380,380,0.000660068999985521,0.0006635245364649515,-21.81313496938367,-21.78773990908498
381,381,0.0006554353005281582,0.0006569592055472496,-21.8381732899918,-21.83092575671931
382,382,0.0006562272775630207,0.0006636897696329182,-21.8288247118369,-21.78665854862772
383,383,0.0006565642189090476,0.0006590018869916859,-21.82476270332232,-21.81744320017374
384,384,0.0006532589106858929,0.0006615487723856381,-21.83825271986887,-21.800691103065834
385,385,0.0006588614802596342,0.0006575951947046345,-21.823737664214278,-21.826723471852283
386,386,0.0006564589032480858,0.0006619518788188303,-21.831705140478682,-21.798045590125447
387,387,0.0006566473466497798,0.0006603357247322014,-21.822565068377497,-21.808661845611073
388,388,0.0006571643152898274,0.0006607609684579074,-21.82591825605309,-21.805865971382204
389,389,0.0006545306778676116,0.0006608103254908009,-21.83466313524391,-21.805541577425757
390,390,0.0006541265990853924,0.0006595359453441281,-21.83396003648417,-21.813925081808453
391,391,0.0006546399552499895,0.0006595326489523837,-21.837892638495724,-21.81394678810562
392,392,0.0006570786576161219,0.0006609619380661139,-21.83074322632933,-21.804545271073295
393,393,0.0006541233904630944,0.0006621182577586488,-21.836257383988574,-21.796954145588604
394,394,0.0006538494988152585,0.0006581741464814465,-21.8396043183023,-21.822901592586458
395,395,0.0006554566351360805,0.000657021668494532,-21.83514898219663,-21.830512854006876
396,396,0.0006552859990780731,0.0006611087040877656,-21.838430748479652,-21.803581031015863
397,397,0.0006573887586295989,0.0006573920132053134,-21.826769498576198,-21.828065547336386
398,398,0.0006559437714497914,0.0006580434947911846,-21.83134275908621,-21.823763779910795
399,399,0.000655210429932154,0.000660515889696973,-21.838686157607867,-21.8074770849663
400,400,0.0006542011588984697,0.0006564045723184551,-21.841825182027574,-21.8345938061832
401,401,0.0006538697676829149,0.0006588882625740217,-21.84801122318268,-21.818192070749024
402,402,0.0006555939458080174,0.0006547711765099513,-21.836279966183536,-21.845414249651416
403,403,0.000651741821616504,0.0006573763093911111,-21.852257056944964,-21.828169293064605
404,404,0.0006538006727890947,0.0006569596405729259,-21.848811444300033,-21.830922880906222
405,405,0.0006532548025452061,0.0006579677145437975,-21.843023015693714,-21.824263941962307
406,406,0.0006528456842997255,0.0006557226174903151,-21.847931241014876,-21.839108143630604
407,407,0.0006535485382047817,0.0006500110213987922,-21.841414086764516,-21.877102576988754
408,408,0.0006503459881059825,0.000653095969219545,-21.861562670121977,-21.856539747872144
409,409,0.0006503731290781006,0.0006518541577909337,-21.873594704883885,-21.864805381977888
410,410,0.0006521477306396077,0.0006517033968856068,-21.854191602273843,-21.86580993493111
411,411,0.0006505552092423067,0.0006509449326825377,-21.871610888698623,-21.87086727616221
412,412,0.0006504689886945195,0.0006581562706024238,-21.867582446284782,-21.823019547706522
413,413,0.0006505896165707754,0.0006525906593244718,-21.874480584363138,-21.85990124833083
414,414,0.0006514794046788947,0.000652458426836682,-21.861067754573497,-21.86078133538014
415,415,0.0006481214683291685,0.0006515505466316091,-21.878858422792913,-21.866828646940437
416,416,0.0006528519851289997,0.0006509055015876105,-21.85763170982454,-21.871130358717572
417,417,0.0006491135531009088,0.0006541527783204066,-21.87264164652225,-21.849517879053707
418,418,0.0006489157718702306,0.0006510176095425299,-21.86862633287616,-21.87038242105669
419,419,0.000651627613985239,0.0006524010402101435,-21.866423338053593,-21.861163333532218
420,420,0.000648604236667995,0.0006545111904607007,-21.87893971849643,-21.84713901905019
421,421,0.0006520650043517121,0.0006519490577231505,-21.85720125841592,-21.864173162077265
422,422,0.000648791398300991,0.0006505550363248116,-21.88023823449796,-21.8734693483216
423,423,0.0006502390174271981,0.000652757366065328,-21.873746949455445,-21.858791968404937
424,424,0.0006485076821601191,0.0006525163986033908,-21.87611877095192,-21.86039547631353
425,425,0.0006502229431116013,0.0006522140006142619,-21.873156457262994,-21.86240860914845
426,426,0.0006494046982195344,0.0006494723860860655,-21.87577041971675,-21.880702874708987
427,427,0.000651187956520385,0.0006540746146224832,-21.86566071694298,-21.85003684178017
428,428,0.000649574878817597,0.0006503005585584201,-21.873933100443985,-21.875168511419417
429,429,0.000648386391196592,0.0006497021838042297,-21.881490184023168,-21.87916651640416
430,430,0.0006496441543351897,0.0006514048804283926,-21.878402686300173,-21.867799701317377
431,431,0.0006529942140482442,0.0006507865802728032,-21.8594069600052,-21.8719238930974
432,432,0.0006498886427131587,0.0006529328652265432,-21.879377710777646,-21.857624489075967
433,433,0.0006504830713479866,0.0006500648083410373,-21.870949278895942,-21.876743222992715
434,434,0.0006488188135092022,0.0006524276196662532,-21.875714871763996,-21.860986401319167
435,435,0.000648247184875162,0.0006494760868678752,-21.885941156750604,-21.880678128090445
436,436,0.0006473708925432689,0.0006513116930268312,-21.883663191373735,-21.868421030241482
437,437,0.0006455697176843574,0.0006512586689113002,-21.902523082317664,-21.868774609310506
438,438,0.0006494035874733451,0.0006526847596672413,-21.87350910682721,-21.859275062330752
439,439,0.0006483938927839021,0.0006521892562312516,-21.88479129636397,-21.86257337949756
440,440,0.0006501958687482498,0.0006485397492437379,-21.87457577118298,-21.886943788686906
441,441,0.0006504690264994951,0.0006496348497947972,-21.872174221386157,-21.879616635010976
442,442,0.0006491256614945368,0.0006482525097549354,-21.878149820417953,-21.888867713296204
443,443,0.000648338434684868,0.0006496181993402148,-21.88317344156502,-21.879727948208224
444,444,0.0006477126879281528,0.0006524354011114491,-21.885821521391584,-21.8609346037181
445,445,0.0006493785461775728,0.000649944367499924,-21.876859034545934,-21.87754793720263
446,446,0.0006478629735077626,0.0006498932673007642,-21.880653794705843,-21.877889403458667
447,447,0.0006480743975340168,0.0006484559853561223,-21.882704346577036,-21.887504749579133
448,448,0.0006488710269811995,0.0006506007844827285,-21.879037616386753,-21.87316395565101
449,449,0.0006474931172296865,0.0006498853081690246,-21.890364288177096,-21.877942591087095
450,450,0.0006490406291031269,0.0006518382456545767,-21.875873571294484,-21.864911397062386
451,451,0.000649113911348059,0.0006491935530089234,-21.884393552808824,-21.882567798782073
452,452,0.000644890665911983,0.0006512387833361956,-21.902828203549802,-21.868907219098315
453,453,0.0006484637257748658,0.0006502548532903587,-21.88720193499642,-21.87547375863211
454,454,0.0006476305281148129,0.0006518577084582495,-21.886653942250206,-21.864781725903843
455,455,0.0006493159579401164,0.0006513203138877687,-21.881830737191468,-21.8683635467417
456,456,0.0006499899270435431,0.0006477568990943071,-21.875832208413573,-21.89218930932947
457,457,0.0006449590305096863,0.0006496871784819584,-21.894543131382598,-21.87926682088335
458,458,0.0006469928103825558,0.0006515256643883492,-21.890362014011497,-21.86699450402316
459,459,0.0006476622194858248,0.0006536308302249955,-21.886712956858645,-21.852984495216067
460,460,0.0006440687623383842,0.0006479325636878217,-21.90158355437426,-21.891011709815267
461,461,0.0006470079977814224,0.0006491343037372357,-21.88673656978388,-21.882964179890823
462,462,0.0006488041805833118,0.0006537838152756816,-21.878943824431705,-21.851968129614555
463,463,0.0006483947238932873,0.0006492440496865464,-21.886199711942822,-21.88223000159549
464,464,0.0006488386191158872,0.0006499012846401648,-21.88369255108659,-21.877835827510744
465,465,0.0006508996881803824,0.0006485054894399486,-21.868920140013742,-21.88717321543775
466,466,0.0006489870492512956,0.0006508088094721499,-21.881041248889936,-21.87177555178196
467,467,0.0006482075220549997,0.0006502267604350651,-21.87961568146537,-21.8756613902281
468,468,0.0006470837559522197,0.0006492027498193478,-21.884251079598478,-21.882506274823484
469,469,0.0006473053957230037,0.000647983461691949,-21.891005074049804,-21.890670565452346
470,470,0.0006481700375215294,0.0006487532273719186,-21.88498155350617,-21.88551446816203
471,471,0.0006464460994280183,0.0006510880867656516,-21.886916561134598,-21.869912292261183
472,472,0.0006497988858999512,0.0006477396604359934,-21.878934756689276,-21.892304889013978
473,473,0.0006493389841706789,0.0006503965399277053,-21.872672505377984,-21.874527560053103
474,474,0.0006489834595788462,0.0006469410329468941,-21.878031884672673,-21.897662805562458
475,475,0.0006469306283985678,0.0006489841126542734,-21.895957033478798,-21.883969129177867
476,476,0.0006477500536459853,0.0006519644214820705,-21.89288688429174,-21.864070817929022
477,477,0.0006473007499115522,0.0006470444250704819,-21.887120356704763,-21.89696878495251
478,478,0.0006483303504208699,0.0006527053192257881,-21.885560091988296,-21.85913826179929
479,479,0.0006459637901496104,0.0006507770311528523,-21.897185916255836,-21.87198761845151
480,480,0.0006461664362205673,0.0006524820009393519,-21.89572903862122,-21.86062442242858
481,481,0.0006439361388833483,0.000649804617033193,-21.910283798065016,-21.878481853789612
482,482,0.0006470080157837917,0.0006513574748839203,-21.89339227259768,-21.868115767655972
483,483,0.0006462671558766328,0.0006482669636362085,-21.89911653173976,-21.888770881108055
484,484,0.0006455281952194409,0.0006512133527154985,-21.89809363496241,-21.86907681271233
485,485,0.0006470611557777319,0.000650172486386605,-21.895000204792595,-21.876023908428998
486,486,0.0006475325418184943,0.0006531712378522283,-21.886713171173923,-21.85603925682875
487,487,0.0006482350380764794,0.0006490490969123417,-21.884956777655475,-21.883534281987437
488,488,0.0006481188579856121,0.0006476852362730393,-21.88560441867203,-21.892669805787264
489,489,0.0006457298361581087,0.0006524250064486344,-21.894252085291196,-21.861003796478883
490,490,0.000648147509956598,0.0006510996792808568,-21.883549454177423,-21.869834967538644
491,491,0.0006475557798769363,0.0006498406414481762,-21.886827296244213,-21.87824109263509
492,492,0.0006453387250826147,0.0006487206739716624,-21.89942641035932,-21.885732395660792
493,493,0.0006436918197276513,0.0006493884874017615,-21.90891245211736,-21.881263931500005
494,494,0.0006480738796658584,0.0006504386118123014,-21.883420565008883,-21.874246639179997
495,495,0.0006496466452630295,0.0006502935644484273,-21.878703415689948,-21.875215220893523
496,496,0.0006490314322927026,0.0006470672087743878,-21.88526679517301,-21.896815864035553
497,497,0.0006483508269158528,0.0006479019893480366,-21.88363133010098,-21.89121664750624
498,498,0.0006447670082369647,0.0006501630996353924,-21.9050769068164,-21.87608660938556
499,499,0.0006454491684184477,0.0006498359695174976,-21.901350153281193,-21.87827231569006
500,500,0.0006473756373677518,0.0006537008234054634,-21.89066367852909,-21.85251946169542
501,501,0.0006468786603588727,0.0006498746010229775,-21.895545630387353,-21.878014143600943
502,502,0.0006491230955568248,0.0006511837464610213,-21.88433976457417,-21.86927426144681
503,503,0.0006449593827560468,0.0006459364728806051,-21.903990750944025,-21.904411704500827
504,504,0.000645715573480948,0.0006521518256417231,-21.891060702230376,-21.862822637896567
505,505,0.0006477821548709396,0.0006488445827639417,-21.88734466391379,-21.884902951366865
506,506,0.0006466953800367095,0.0006505085712935971,-21.895629588959725,-21.873779548477046
507,507,0.0006464713321489849,0.0006496414640232137,-21.892929967683386,-21.87957241773598
508,508,0.0006456875959987339,0.0006478865091737948,-21.89548227567179,-21.891320413734448
509,509,0.0006455172737820324,0.0006497750383507656,-21.896127691382144,-21.878679546305175
510,510,0.0006470802694933547,0.0006523329403104359,-21.890404644091696,-21.86161668894611
511,511,0.0006460104048847384,0.0006514291775314824,-21.89735408082732,-21.86763771448974
512,512,0.0006468432124934553,0.0006475216084110894,-21.89533870495607,-21.893767123612598
513,513,0.0006457401953215144,0.000648180555895363,-21.898774860175962,-21.889349792394984
514,514,0.0006455481250424744,0.0006458764393372755,-21.899071459056138,-21.90481535794583
515,515,0.0006461892470227766,0.0006504660735740081,-21.901156270411356,-21.874063282294465
516,516,0.0006449700293572831,0.0006474116173768906,-21.910594686140854,-21.894504899095924
517,517,0.0006477916655226697,0.000646033452970809,-21.887036964858254,-21.90375970916771
518,518,0.0006455796795954794,0.0006509842902519985,-21.894936610990303,-21.87060470005681
519,519,0.0006445736351864624,0.0006532106505657889,-21.901738675479763,-21.85577720904359
520,520,0.0006455691806136717,0.000647795435629393,-21.894697054417186,-21.8919309453237
521,521,0.0006442664439559521,0.000650261069255832,-21.905965797562278,-21.875432243423294
522,522,0.0006474821435854069,0.0006487006658541137,-21.897172084699324,-21.88586634466839
523,523,0.0006471466640317717,0.0006494235222865092,-21.889552396410043,-21.881029633433617
524,524,0.0006476881464981695,0.0006440589847778412,-21.89141268920018,-21.9170533505432
525,525,0.0006454297798666527,0.000649478788928766,-21.896403828600253,-21.880660059870266
526,526,0.0006472791962748029,0.0006503253519584082,-21.895001304180624,-21.875002935188515
527,527,0.0006436640516730006,0.0006472298195340523,-21.90270006876679,-21.895724600524204
528,528,0.0006467194810087226,0.0006463153618632963,-21.888951121554197,-21.90186499658016
529,529,0.0006469423623429131,0.0006480881160027103,-21.8988907355542,-21.88996920311169
530,530,0.00064789113701446,0.0006458668473274692,-21.896427254829447,-21.90487985616266
531,531,0.0006468971343903043,0.0006496645479561075,-21.8936007988879,-21.87941810113027
532,532,0.0006458428892374193,0.0006487502036371121,-21.892646901216175,-21.885534709978888
533,533,0.0006459950476635209,0.0006487329037075764,-21.892567934053968,-21.885650522876837
534,534,0.0006469179889350438,0.000648172097403164,-21.8919955964642,-21.889406466425434
535,535,0.0006444421896864613,0.0006470792087432193,-21.899578381917422,-21.896735324149553
536,536,0.0006459168657737295,0.0006490438857949094,-21.899872540465143,-21.883569150977188
537,537,0.000647587508452845,0.000648077430301591,-21.885290537339394,-21.890040810338785
538,538,0.0006449618118757516,0.0006486787522015603,-21.900941810258686,-21.886013055464794
539,539,0.0006439649684777119,0.0006472220380888565,-21.902324279843658,-21.895776814728848
540,540,0.0006442680707700627,0.0006475976337433645,-21.907581827985663,-21.89325724959861
541,541,0.0006459184895874452,0.0006490519184521155,-21.89677895641608,-21.883515402421985
542,542,0.000644672821040659,0.0006486370785799073,-21.906673400355892,-21.886292071930974
543,543,0.0006428562817595823,0.000644630145918774,-21.909018619117006,-21.913203668845448
544,544,0.0006423983896948089,0.0006458085875860171,-21.916644641483288,-21.90527162461413
545,545,0.0006454287435302569,0.000650740822924203,-21.90698520018913,-21.87222925991431
546,546,0.0006465741178769734,0.00064594416854609,-21.89454665781117,-21.90435996311006
547,547,0.0006453657634412274,0.0006476032798864731,-21.901886673115758,-21.893219385375843
548,548,0.000648682932825471,0.0006508415099233389,-21.89389151001511,-21.87155734224752
549,549,0.000645807576389772,0.0006464472726771706,-21.897583537490675,-21.90097870644093
550,550,0.0006447317235930295,0.000648171735902954,-21.90839257166968,-21.88940888858447
551,551,0.0006443872866604823,0.0006497635745051268,-21.91332066412084,-21.878756168651805
552,552,0.0006451550265054036,0.0006465300041446952,-21.90511078159528,-21.900422937665738
553,553,0.0006462960268764459,0.0006468446042976881,-21.901183863896897,-21.898310183754326
554,554,0.0006435361286366032,0.000645985842167743,-21.912884057251496,-21.904079783475233
555,555,0.0006457630001229339,0.0006492630284475652,-21.903684254278645,-21.882103050093676
556,556,0.0006447850586126376,0.0006490258199750985,-21.900539616546727,-21.883690036409156
557,557,0.0006427256349647014,0.0006489887141230467,-21.911138150571276,-21.88393833666117
558,558,0.0006452505158730926,0.0006485615924343859,-21.901328433830916,-21.88679751827824
559,559,0.0006473723333328962,0.0006477621531015948,-21.896796041911834,-21.89215408350444
560,560,0.0006457817267876157,0.0006497394091351644,-21.903980042418695,-21.878917690202137
561,561,0.0006441925058246965,0.0006451355569113634,-21.907696472007267,-21.90979999303164
562,562,0.000643989709733995,0.0006475610732051887,-21.909050912449292,-21.893502440244422
563,563,0.0006458090945895877,0.0006491535030746538,-21.898143610742768,-21.882835731233232
564,564,0.0006448830581106937,0.0006454264634828034,-21.90400514645446,-21.90784209997623
565,565,0.0006453029621757337,0.0006476616192805139,-21.907026662345764,-21.8928281684604
566,566,0.00064295576645311,0.0006493586146174685,-21.916793576338222,-21.881463717668687
567,567,0.0006456026560194867,0.0006478867848942938,-21.894984812621185,-21.891318565511586
568,568,0.0006447928548387261,0.0006507236792362834,-21.908661213639796,-21.87234367577507
569,569,0.000642267134419844,0.0006475779074734371,-21.91568760019644,-21.89338954070365
570,570,0.0006455177316422929,0.0006415033774254354,-21.90465752702434,-21.93432030959141
571,571,0.0006452440374204409,0.0006486141784606796,-21.90517702135455,-21.886445402218577
572,572,0.000645532238551598,0.0006486824131570756,-21.901221979436365,-21.885988545207802
573,573,0.0006463259744179464,0.0006496158557159728,-21.89548536296308,-21.87974361625621
574,574,0.0006444976195817833,0.0006453010106557294,-21.90846497092771,-21.90868632885956
575,575,0.0006428146350783171,0.0006475522532127798,-21.916006172828332,-21.893561592968055
576,576,0.0006430651050435437,0.0006484598148074982,-21.916856365445007,-21.887479102430703
577,577,0.000645652107327946,0.0006502555916085839,-21.896141750618945,-21.875468827529367
578,578,0.0006454244493650868,0.0006459480133152714,-21.90019602273235,-21.90433411324328
579,579,0.0006459668547529535,0.0006465453372680043,-21.89760970253946,-21.900319941488632
