,epoch,train_loss,test_loss,train_dbs,test_dbs
0,0,0.0004591048954981235,0.00043951249436328287,-6.287736985703186,-6.486068607157938
1,1,0.00042268500714946885,0.0004105925373120331,-6.645671984526192,-6.781670347020966
2,2,0.0004006295984601314,0.00039405468391793733,-6.88106281965598,-6.960215922284657
3,3,0.00038624102743006473,0.00038206171685535654,-7.036405343999571,-7.094445634037103
4,4,0.0003759771661674508,0.0003727549644138076,-7.1543196526396,-7.201546501567772
5,5,0.00036789225138359003,0.00036505692620075454,-7.252274325653546,-7.292174936325965
6,6,0.0003608367933901315,0.00035891886249086574,-7.333327124742964,-7.365818036412131
7,7,0.0003551390197862554,0.0003534718615762693,-7.404144988365415,-7.4322323919508
8,8,0.0003501806640997529,0.0003490725602636016,-7.463746642240013,-7.486623749942614
9,9,0.0003461175176348614,0.0003450325993502415,-7.515769607936309,-7.537179563297219
10,10,0.00034228508503502715,0.00034159683548894365,-7.563757112393308,-7.58064247542905
11,11,0.00033905611765935786,0.00033804329608469024,-7.605477980103853,-7.6260575869378115
12,12,0.00033634430584833795,0.000336029029169463,-7.640177746936252,-7.652012891060663
13,13,0.00033342586914269427,0.00033307144430613046,-7.678887105757264,-7.690406860350035
14,14,0.00033104055670339655,0.00033073916443084414,-7.709210800225586,-7.7209246145011186
15,15,0.0003287360638010402,0.00032886858619014293,-7.737854507879451,-7.745556950460076
16,16,0.0003267866187277682,0.00032674910280069237,-7.766024093760326,-7.773636825748753
17,17,0.0003245412756103216,0.0003251320189232693,-7.792254982309132,-7.795183455091933
18,18,0.00032263486160051807,0.0003228216787408057,-7.819963024522901,-7.826153947221462
19,19,0.00032127840317228867,0.0003213865458842759,-7.838355902107721,-7.845503942692931
20,20,0.00031945184437250817,0.0003199618291354885,-7.862489964081956,-7.86479915459873
21,21,0.0003179898641561878,0.000318237669202254,-7.8821682597050575,-7.888265013428315
22,22,0.0003164814411273668,0.0003165921662002802,-7.904605124039561,-7.910779219104372
23,23,0.00031523827911047363,0.0003155891654865914,-7.92136322108588,-7.924560013283629
24,24,0.0003138616238240652,0.00031447323884716943,-7.939180134657939,-7.939943927167011
25,25,0.00031263579898897905,0.0003130774528376366,-7.9576471058546785,-7.959262945358945
26,26,0.0003114604557979583,0.00031174391838967015,-7.973242052189661,-7.977800964645932
27,27,0.00030994509015539563,0.0003106445625522419,-7.994752245782375,-7.993143300984236
28,28,0.00030919090519447996,0.00030952598440068727,-8.003940490786357,-8.00880972848481
29,29,0.00030778682719887304,0.0003082669358455429,-8.025290987612602,-8.026511407446968
30,30,0.00030672950874149955,0.0003073527309185776,-8.040174029253205,-8.039410100208139
31,31,0.00030586072489782474,0.00030636142075404917,-8.05193604670023,-8.053440114264582
32,32,0.0003047651091000046,0.0003057300054933876,-8.067338629605203,-8.0624002221506
33,33,0.0003039306809780063,0.0003044236141967734,-8.077668444107397,-8.080997486183461
34,34,0.0003028155170073829,0.00030339775319015115,-8.094782094425167,-8.095657260298585
35,35,0.00030201718783649356,0.00030277765931953723,-8.107866628702729,-8.104542590671592
36,36,0.00030127087741197307,0.0003025090677271548,-8.118761221234825,-8.1083968914154
37,37,0.0003001769703390442,0.0003012193161626591,-8.131928933323282,-8.126952680891277
38,38,0.0002994186772374417,0.00029979216847813835,-8.14491578537514,-8.147578028161126
39,39,0.00029825066131078783,0.00029911570048792973,-8.161733126279806,-8.157388767190962
40,40,0.00029759723801146614,0.00029829349736437986,-8.172064189489342,-8.169343002455454
41,41,0.00029689563737135647,0.0002972771242064865,-8.181865112073773,-8.184165952632863
42,42,0.0002961482978113879,0.00029678241576460237,-8.191452676446133,-8.191399207270495
43,43,0.00029547595072144006,0.00029592594517836054,-8.20386967077248,-8.203950429184006
44,44,0.00029423934006679456,0.0002958496027675114,-8.220132433141838,-8.20507095834632
45,45,0.0002939417888050342,0.0002945150067956236,-8.225135568390387,-8.224706574849307
46,46,0.00029331469457097276,0.0002943015470488095,-8.234894530636879,-8.227855412754957
47,47,0.0002923355421012978,0.0002929204247744852,-8.247038637234816,-8.248284310764795
48,48,0.00029161372480040283,0.0002922975507221724,-8.258564596116237,-8.257529100819589
49,49,0.00029088120839136086,0.000292024428122922,-8.270151408184717,-8.261589042107792
50,50,0.0002902139514713481,0.00029125726187454636,-8.282041683647277,-8.273013239582415
51,51,0.0002895990304394443,0.0002902903146796713,-8.290080991677172,-8.28745540166676
52,52,0.00028872268019992974,0.0002897120322909598,-8.302172745570825,-8.296115536748287
53,53,0.00028828971271556756,0.00028908021723557457,-8.310231991071246,-8.305597139217982
54,54,0.00028745014911767136,0.0002886920150271372,-8.321024559136136,-8.311433144928985
55,55,0.0002868283265774359,0.00028773758094757795,-8.332142687900054,-8.325814982217935
56,56,0.00028641148231510727,0.00028649091377462213,-8.336787825720004,-8.344672337072387
57,57,0.0002856172498834041,0.00028701553329531297,-8.349395965453573,-8.33672684918295
58,58,0.0002849227559786367,0.0002862236134732436,-8.357942008040563,-8.34872626093169
59,59,0.0002844199543031528,0.00028542079809611956,-8.365130911338444,-8.360924701446068
60,60,0.0002839347149891126,0.00028507282197671503,-8.375546600222329,-8.366222714321793
61,61,0.00028327843816422846,0.00028493669570276613,-8.385733074194428,-8.36829702672916
62,62,0.0002828811675780597,0.0002843507482841807,-8.390287293422238,-8.37723710869046
63,63,0.0002820302000792563,0.0002833527473022083,-8.402631575455818,-8.392506585424925
64,64,0.000281829420553962,0.0002823724766801062,-8.408941110149753,-8.407557232982535
65,65,0.0002809681124942012,0.0002820914546885577,-8.419999484611779,-8.411881559251198
66,66,0.0002806416338252038,0.00028134548368765727,-8.42579261828342,-8.423381383156226
67,67,0.0002800940032496319,0.00028116525132454147,-8.435242588219285,-8.426164402877205
68,68,0.000279082752855437,0.00028063703211955726,-8.449291563892933,-8.43433107504352
69,69,0.00027837753643944246,0.00028005299176775704,-8.45970611124779,-8.443378697898464
70,70,0.00027819133073225924,0.00027922977920082445,-8.463309218473555,-8.456163534192328
71,71,0.0002777823334026928,0.00027885005539773325,-8.471378516698696,-8.462073512211784
72,72,0.0002771231867000941,0.00027796393260359764,-8.479335093423634,-8.475896389257127
73,73,0.00027627303845911605,0.0002771399510828288,-8.493936885252367,-8.488789503537257
74,74,0.00027623401487308566,0.0002770755458378086,-8.493973744491951,-8.489798888615777
75,75,0.0002756166384680216,0.00027694032790972605,-8.505711813468205,-8.491918842356071
76,76,0.0002753806799126923,0.00027630356673494374,-8.507876598863719,-8.501915951742639
77,77,0.0002743931218367262,0.00027616781574722965,-8.522819009837592,-8.504050212735443
78,78,0.00027403300544055005,0.0002751462958066871,-8.528434600504415,-8.520144158880964
79,79,0.00027361005597469426,0.0002746116339327081,-8.535770890667813,-8.528591541345138
80,80,0.00027316247656720586,0.0002745045333684079,-8.54409220965778,-8.530285652261695
81,81,0.0002726389118590267,0.00027362552109958703,-8.549339885497464,-8.544214846693329
82,82,0.0002719060541550658,0.0002731841906145411,-8.560375804813152,-8.551225235567676
83,83,0.0002717265850845148,0.00027241679000374123,-8.566437015184933,-8.563442151676501
84,84,0.00027119375755722374,0.0002717894186437326,-8.574620798600506,-8.573455416359163
85,85,0.00027062833163954474,0.0002715211747655351,-8.582216698589345,-8.577743823284576
86,86,0.00027000654720432443,0.00027151942700392713,-8.591864027067814,-8.577771778587348
87,87,0.00026953691429429757,0.00027089336225272795,-8.601090418541473,-8.587797227577052
88,88,0.0002692412888359989,0.0002698732959719277,-8.609400783722405,-8.604181731896496
89,89,0.00026831996777771787,0.0002695504877728557,-8.61918383987502,-8.609379642723942
90,90,0.0002680009759940956,0.00026901786086933787,-8.625912405180532,-8.617969713087641
91,91,0.00026767744341284303,0.00026932861012602717,-8.633584715160968,-8.612955964147295
92,92,0.00026700489829683237,0.0002679244146412729,-8.643281923768578,-8.635657957847446
93,93,0.0002666914992492896,0.00026732806490097,-8.648420916666504,-8.645335316423477
94,94,0.00026633429203600114,0.0002672693142238514,-8.652305860820306,-8.646289870111158
95,95,0.00026562693558834956,0.000266532057522502,-8.664795009227737,-8.658286344368486
96,96,0.00026497920913881015,0.0002664207652407257,-8.673000978093437,-8.6601001493618
97,97,0.0002646088663467024,0.0002656740451991362,-8.6801940826439,-8.67228957876866
98,98,0.0002640382012894819,0.00026527033371262645,-8.691424829273469,-8.678894025924528
99,99,0.00026364723708331776,0.00026488710749330684,-8.6981700649077,-8.685172653683884
100,100,0.0002634711961139512,0.0002648263141868244,-8.701290693432234,-8.686169502039139
101,101,0.00026289561580981793,0.00026394470018873876,-8.709166655593346,-8.700651402102187
102,102,0.00026256566418373246,0.0002637311715117999,-8.714665591530352,-8.704166223838701
103,103,0.00026171311442668255,0.00026321847613680323,-8.730263495203275,-8.712617158136167
104,104,0.00026155847452398505,0.0002625273436454958,-8.73087148879373,-8.724035421062668
105,105,0.0002609915871139539,0.0002619191601345512,-8.740015842760327,-8.734108168589351
106,106,0.00026072494066968445,0.00026156273777719195,-8.74719066461484,-8.74002211852975
107,107,0.00026022223950742946,0.00026142584025173595,-8.753295978885912,-8.742295737639127
108,108,0.00025969246833239555,0.00026075091170098047,-8.763798678949703,-8.753522507402685
109,109,0.0002587048236950368,0.00026025383665814603,-8.778611843776147,-8.761809457353731
110,110,0.00025875401306902203,0.0002597881876250827,-8.779754053922149,-8.769586861877436
111,111,0.0002584015983864953,0.0002595773724973888,-8.783458782504942,-8.773112542389095
112,112,0.00025797280520152723,0.0002590294737417839,-8.79401074410257,-8.782289031147616
113,113,0.0002575830689069729,0.000258746875548049,-8.798530839262604,-8.787029720771233
114,114,0.0002568661730038002,0.00025774660523319125,-8.810420432847707,-8.803851324041254
115,115,0.00025674549262063364,0.00025745346455981855,-8.811419778427702,-8.808793458100235
116,116,0.00025591109000199197,0.00025717055005340005,-8.82554513788341,-8.813568525639912
117,117,0.00025576492456464843,0.00025703462980393514,-8.83082603409351,-8.815864473561428
118,118,0.00025479480298356026,0.0002557999840447385,-8.845111130465087,-8.836775732738966
119,119,0.0002543049585134194,0.0002562937841407563,-8.850277568390922,-8.82840012902512
120,120,0.00025431565552129,0.0002558096610683654,-8.854189660019426,-8.836611440372588
121,121,0.0002536410666862983,0.00025563426836589843,-8.865027286422713,-8.839590147575851
122,122,0.00025308101657614806,0.000254245338606109,-8.874027313727918,-8.863250871173562
123,123,0.0002526579775485047,0.0002540882338316327,-8.881098351809083,-8.86593531865087
124,124,0.0002523348633723199,0.00025395272486524557,-8.888174805733598,-8.868252092396709
125,125,0.00025195656548321403,0.00025315907336526404,-8.893333253705368,-8.881845889646662
126,126,0.00025185052102633283,0.00025286036543548107,-8.898711389795508,-8.886973250800274
127,127,0.0002512079248020003,0.00025210319711875756,-8.90608401938432,-8.899997329868757
128,128,0.0002506462060222306,0.0002512793680101535,-8.916243990510868,-8.91421255225091
129,129,0.000250477245534751,0.0002514876189372061,-8.921130811536527,-8.910614772922093
130,130,0.0002500954247319821,0.0002512424942228551,-8.924354207797485,-8.914849900934932
131,131,0.0002494302776896577,0.00025057910151142434,-8.936886969759016,-8.926332386511124
132,132,0.00024922266986566723,0.0002500715958089323,-8.94169347611048,-8.935137208028447
133,133,0.00024883783531624864,0.0002502980243757759,-8.947416084096853,-8.931206646304835
134,134,0.0002484254835451924,0.0002496295691296262,-8.957052918698537,-8.942820592067445
135,135,0.00024779090107557815,0.00024868083250782406,-8.96632054725478,-8.959357737434157
136,136,0.00024774077392816926,0.0002487470674647116,-8.966419982349041,-8.95820116875528
137,137,0.0002469863093304496,0.000248098532258729,-8.981514256902624,-8.96953891317321
138,138,0.0002468093565410752,0.00024761901525045306,-8.984650731042954,-8.97794094197665
139,139,0.0002461509107307233,0.000247446661600598,-8.994549442504667,-8.980964873773665
140,140,0.00024599123361506066,0.00024708426070375075,-8.999829291157877,-8.987330046538915
141,141,0.0002453393244650215,0.00024655817526907315,-9.01115552658553,-8.99658679073831
