,epoch,train_loss,test_loss,train_dbs,test_dbs
0,0,0.0003957096331263172,0.0003823295471528055,-6.933089994745629,-7.091402239102979
1,1,0.0003676160956377682,0.0003597218662769975,-7.25189523707638,-7.356112484125826
2,2,0.00034939646558864904,0.0003457419393510607,-7.475308062758986,-7.528260225968727
3,3,0.00033939714944374163,0.0003388796314155977,-7.597907476652848,-7.615326202631315
4,4,0.000333317302853906,0.00033366498322912345,-7.677355765028771,-7.682674547055064
5,5,0.0003292855900261052,0.00032917510160539106,-7.733753474744712,-7.74151108038923
6,6,0.00032571205100015806,0.0003270289116220451,-7.778096999441243,-7.769919373285066
7,7,0.00032288747684809275,0.0003237743528045126,-7.8176168921955735,-7.813356423941995
8,8,0.0003204202917332463,0.00032140064132890026,-7.849468147297954,-7.845313473002711
9,9,0.00031871344928975344,0.0003201711683926222,-7.8740015055660795,-7.861958654646035
10,10,0.00031690735318313937,0.00031932301384298816,-7.898313703268258,-7.873478667397374
11,11,0.00031553204837447206,0.00031706380449529544,-7.917759060447539,-7.904314198453499
12,12,0.0003144249734684787,0.0003161944317214779,-7.93284821429881,-7.9162386872005985
13,13,0.00031315753555655017,0.0003155204758513719,-7.951251358426209,-7.925505380861736
14,14,0.0003119349961538713,0.00031382254306472053,-7.967381824675455,-7.948939489349196
15,15,0.00031076527330256305,0.000312684332081852,-7.982003192306464,-7.964719660726808
16,16,0.000310010749597064,0.0003123168717138469,-7.99489920871205,-7.969826403803829
17,17,0.00030850988936360885,0.0003113745969082964,-8.012263470421901,-7.982949080012524
18,18,0.0003077943683913957,0.0003098868734301313,-8.024469253458493,-8.003749060795393
19,19,0.000307018423966641,0.0003094016681547816,-8.035526848259382,-8.010554354374795
20,20,0.00030614741503011395,0.00030836565603845214,-8.047237995046332,-8.025120834325678
21,21,0.00030574722806010974,0.0003077610668505689,-8.052675747905056,-8.033644075491424
22,22,0.00030494074711633713,0.00030720957530368313,-8.065932999240657,-8.041433383904426
23,23,0.00030435113351523263,0.00030649192386159773,-8.074003465660425,-8.051590510902402
24,24,0.00030344094992279237,0.0003051467249047403,-8.085820415325074,-8.070693732295194
25,25,0.00030267652671438515,0.00030498239089195664,-8.098246751854814,-8.07303321601492
26,26,0.0003024249126985861,0.00030357106190517937,-8.101095560860646,-8.093177165151154
27,27,0.00030156177319778303,0.00030405783572381263,-8.113836973349969,-8.086218864470716
28,28,0.0003008979274267235,0.000302179229421247,-8.122015634569607,-8.113134769461283
29,29,0.0003004148257440244,0.0003028214927517662,-8.130577658335266,-8.103913903603322
30,30,0.0002997663251926028,0.0003022756121170364,-8.139901180019736,-8.111749770271581
31,31,0.0002992943435734541,0.00030095064644946863,-8.146188090575079,-8.130828057907078
32,32,0.00029847940631671664,0.0003016198890308212,-8.157847362498208,-8.121181104976902
33,33,0.0002979488932940456,0.0003006787125119253,-8.163996109401166,-8.134754043725449
34,34,0.00029715221434034714,0.0003000679058267882,-8.17677364238429,-8.143585389793044
35,35,0.0002966303031497933,0.0002992021771589,-8.186028066831847,-8.156133369594457
36,36,0.00029620690782525646,0.0002983023893504747,-8.192380919442744,-8.169213543282826
37,37,0.00029539541652205296,0.0002970101961277817,-8.201665109890763,-8.188067277647736
38,38,0.0002951076006416001,0.00029721480065123424,-8.207900708422978,-8.185076537793266
39,39,0.00029453459332610683,0.0002970141389309184,-8.216184175751494,-8.188009625543458
40,40,0.00029373870707673894,0.0002966156048626688,-8.22874136226714,-8.193840909252
41,41,0.00029351899175923896,0.00029534114199984625,-8.231541203181779,-8.212541364879696
42,42,0.0002931522102858487,0.00029523197353180304,-8.235613354170205,-8.214146966711617
43,43,0.0002924838714234377,0.0002942919933335169,-8.248071832112014,-8.227996397171161
44,44,0.000291832480141557,0.00029465759105637277,-8.255803551414207,-8.222604523291434
45,45,0.00029141076638833764,0.0002938581670413872,-8.262692965547712,-8.234403209976433
46,46,0.0002912392689169567,0.0002937359064449801,-8.265733418158554,-8.236210481544882
47,47,0.0002904393364850566,0.0002928668982349336,-8.275300478028342,-8.249077987237952
48,48,0.0002895635276668004,0.0002928036785880594,-8.289205609391935,-8.250015577240882
49,49,0.00028985083528035847,0.0002925554152553607,-8.285562502883252,-8.253699449347723
50,50,0.00028908245965175944,0.0002911351820282442,-8.299007135842022,-8.274833957036162
51,51,0.00028860371739281937,0.00029114884244719227,-8.30503281930136,-8.274630185532175
52,52,0.0002882138876359641,0.0002905673295333001,-8.309832716270067,-8.283313043116237
53,53,0.00028808986301265044,0.00029108194805877775,-8.31324367400798,-8.27562813563582
54,54,0.0002873421889086513,0.0002898696525095913,-8.322655983930519,-8.293753364351511
55,55,0.00028688919888905336,0.00029009632845899383,-8.33122110165031,-8.29035854043946
56,56,0.00028657342457889394,0.00028908604719234923,-8.334332939646185,-8.305509554790703
57,57,0.00028595485551686015,0.0002892224767588471,-8.344265544310375,-8.303460454473356
58,58,0.00028546688044275707,0.0002880669489968568,-8.349656081760365,-8.320846534264527
59,59,0.0002852608902816728,0.0002879477259212811,-8.352309201644413,-8.322644333064874
60,60,0.000284989602076485,0.0002869301748241445,-8.3594413942274,-8.338018633850421
61,61,0.0002846485671416866,0.0002869997697416693,-8.364778247138604,-8.336965380257928
62,62,0.0002842497250986929,0.0002862151136229697,-8.369327118593544,-8.34885523327044
63,63,0.00028342209182098774,0.0002858244804787989,-8.381250739886665,-8.354786635469925
64,64,0.0002832463114359176,0.0002852730379488907,-8.387161757532999,-8.363173592671716
65,65,0.0002830175265247367,0.00028499259956573183,-8.388436513478693,-8.36744503545647
66,66,0.0002826542795165298,0.00028530409173598806,-8.39475796609947,-8.362700861197204
67,67,0.000282162536396501,0.00028454685295735925,-8.403287189889442,-8.374242995843987
68,68,0.00028166154875976907,0.0002843638679845945,-8.409345915808277,-8.37703673355214
69,69,0.0002813638306760527,0.00028411191612433056,-8.413365301372753,-8.380886371930456
70,70,0.00028089611621852004,0.0002839807436286815,-8.421287792941337,-8.382891942362402
71,71,0.0002805609322037817,0.0002831417644445441,-8.428152775008131,-8.395741522152335
72,72,0.0002798978875381584,0.00028240536094496126,-8.436067530098919,-8.407051495900351
73,73,0.00027921996106388834,0.0002815502505798481,-8.44785730428448,-8.420221681283786
74,74,0.00027952836115350085,0.0002819751971401274,-8.442486517936596,-8.413671773663417
75,75,0.00027914163770547773,0.00028195168584046,-8.450519907844065,-8.414033906699526
76,76,0.0002788034607968341,0.0002814021120828233,-8.454229673832721,-8.42250733589925
77,77,0.0002778884884241258,0.00028082673088647425,-8.467845653424888,-8.431396419727935
78,78,0.0002778413553707801,0.00028058426227959757,-8.468494449922538,-8.435147781415914
79,79,0.00027747898747827667,0.0002797269430869308,-8.474790429199535,-8.448437870266423
80,80,0.00027714230686656593,0.0002800801931267702,-8.48127434855822,-8.44295689106939
81,81,0.00027633065414211724,0.0002789964277517835,-8.490927632024128,-8.459794436908947
82,82,0.0002763320308733136,0.0002789875648695191,-8.490252291723499,-8.4599324014711
83,83,0.0002756612201355705,0.00027794041211324697,-8.50400158256049,-8.476263892021734
84,84,0.0002750029595996032,0.0002773736364600298,-8.5140440065115,-8.485129060290857
85,85,0.00027500929118292504,0.0002779426439175088,-8.512475633752278,-8.476229019209365
86,86,0.0002747394715210173,0.0002767208735397282,-8.51639639384806,-8.495361663585422
87,87,0.00027424588075781374,0.00027720694044163744,-8.52587180952128,-8.487739868030564
88,88,0.00027434379819506953,0.00027648662829673603,-8.527865921946656,-8.499039539325928
89,89,0.00027360877840654907,0.00027656165643987293,-8.534413500110157,-8.497861186200135
90,90,0.00027334999344695706,0.00027570915469703704,-8.540085483279519,-8.51126899589519
91,91,0.00027291198454907684,0.00027544069483778194,-8.549476396828295,-8.515499810611226
92,92,0.00027236610230360874,0.00027507535445405856,-8.55694365207146,-8.521264050769677
93,93,0.00027235543424954887,0.0002747553394568202,-8.557152194267948,-8.526319452901987
94,94,0.0002720823639598147,0.00027433507401790276,-8.559572817106842,-8.532967501828654
95,95,0.00027144963273384904,0.000273926951003408,-8.57062354575158,-8.53943322798813
96,96,0.00027113317088320007,0.0002734869010869022,-8.5732924422653,-8.546415561041508
97,97,0.00027052357765250677,0.0002728466076261707,-8.584186781239747,-8.556595278729556
98,98,0.000270576066110696,0.00027289212601700505,-8.585198701592908,-8.555870815363054
99,99,0.00026995685181374054,0.0002730073082554889,-8.595458761131846,-8.554038133070724
100,100,0.0002701053761615485,0.0002721586765562135,-8.593289839662345,-8.567559019263967
101,101,0.00026924736913624844,0.0002715770188890594,-8.605485407728361,-8.576850695851556
102,102,0.00026903823846183023,0.000271209413001902,-8.608904810014309,-8.582733275935976
103,103,0.0002685059892606547,0.0002709950648223687,-8.618978577115312,-8.586167044568812
104,104,0.00026829031547507485,0.0002706619806734747,-8.62050948513849,-8.591508307174394
105,105,0.0002679172832790052,0.0002699393670282964,-8.62627361909446,-8.603118611399163
106,106,0.0002670925920385118,0.00026985142597511997,-8.642398009742301,-8.604533689794726
107,107,0.00026678448223710523,0.000270139618997315,-8.645134431892858,-8.59989803324779
108,108,0.0002668003969316937,0.0002693559516429607,-8.646527508212774,-8.612515102434003
109,109,0.00026604203707130493,0.0002689594219095613,-8.657154462841625,-8.61891323686351
110,110,0.00026587870607474223,0.0002680203301439944,-8.661789429017453,-8.63410348513693
111,111,0.0002656666515155014,0.00026750556763114507,-8.66304032075008,-8.642452608441813
112,112,0.00026528201454208643,0.0002680666021708595,-8.672671937321967,-8.633353767702216
113,113,0.000265137269491685,0.0002665418180281688,-8.672996177095358,-8.658127306983742
114,114,0.00026457268128426,0.0002667282786110024,-8.682039599290599,-8.655090241675653
115,115,0.0002644180860874464,0.0002674186505732666,-8.683536483883108,-8.643863933547967
116,116,0.0002641088544383895,0.0002665010029695144,-8.688606589114023,-8.658792385063347
117,117,0.00026360576892554876,0.00026649384266133174,-8.69968678354989,-8.658909072208003
118,118,0.000263131919860619,0.0002656793214172419,-8.705281441172179,-8.672203329859641
119,119,0.00026253245071239156,0.00026524690053376715,-8.711995924272365,-8.679277685478704
120,120,0.00026227218775827553,0.00026541800501658335,-8.720398229552897,-8.67647705802006
121,121,0.00026218915422994296,0.00026532674459495435,-8.72107576972944,-8.677970578133042
122,122,0.0002617818687756824,0.00026401798746328016,-8.727227379693407,-8.699445701022322
123,123,0.00026144619524651734,0.00026392671095795537,-8.732605245560544,-8.700947406905666
124,124,0.00026115925293103745,0.0002638460657755403,-8.738893211208822,-8.702274635574197
125,125,0.00026073011110018285,0.00026387514356572767,-8.744678153525733,-8.701796037268362
126,126,0.0002605983199546901,0.00026308697124477476,-8.750423810966492,-8.714787451087682
127,127,0.00025985795766302413,0.0002619612442733916,-8.759057169964336,-8.733410417378977
128,128,0.0002598237570617636,0.00026297349004859204,-8.760066758312034,-8.71666116187542
129,129,0.0002599334674011244,0.00026211558418397446,-8.760191597779937,-8.730852434663403
130,130,0.0002591282104684482,0.00026241999646452695,-8.770264717350473,-8.725811610231766
131,131,0.0002586939637657236,0.0002618414467801095,-8.77851571963989,-8.735396943682641
132,132,0.0002587000785705144,0.00026096698083596205,-8.779603311998272,-8.749925251501
133,133,0.0002584979821719018,0.0002606779736724045,-8.782008657407873,-8.75473749891645
134,134,0.0002579769116919968,0.00026066035053717265,-8.793205962913156,-8.755031113639655
135,135,0.00025745481342682135,0.0002602264645056015,-8.800163937945024,-8.762266249850672
136,136,0.00025716980036525727,0.0002598303560118534,-8.804195204739415,-8.768881979499787
137,137,0.00025693244302582916,0.0002590009772623154,-8.81005359915769,-8.782766835638657
138,138,0.00025681252549306403,0.00025938246031536867,-8.812104911613707,-8.776374809860876
139,139,0.00025622649541359933,0.000258769149934922,-8.820323547211139,-8.78665587173714
140,140,0.0002559827472330503,0.00025867241339782546,-8.826918639028262,-8.788279712871134
141,141,0.00025598107421285826,0.000258034324169306,-8.82674860549697,-8.799006059234761
142,142,0.00025525802825025485,0.0002578338546874492,-8.835784292586734,-8.802381448441203
143,143,0.00025478387869577664,0.0002572994386642485,-8.846612642414364,-8.811392475923883
144,144,0.0002550564302172339,0.00025679972436352586,-8.841982863396389,-8.81983533081605
145,145,0.00025429391075938593,0.00025644869770315523,-8.851794358277052,-8.825775883531476
146,146,0.00025404987034037443,0.000255476186315431,-8.858454868012373,-8.842276618328555
147,147,0.0002540432864238422,0.00025607105712161253,-8.86000794711649,-8.83217591977764
148,148,0.0002530774645586546,0.0002557780435860255,-8.876628164650146,-8.837148251480611
149,149,0.00025313910002071295,0.0002555052947412294,-8.873691457837786,-8.841781820407947
150,150,0.00025284892688001286,0.0002557246441842596,-8.880107711312611,-8.838055033249802
151,151,0.00025264406981805976,0.00025554763238975093,-8.880827012485621,-8.841062246907999
152,152,0.00025228855812792504,0.00025515500103785217,-8.889507617538063,-8.847740014046304
153,153,0.00025177300882468133,0.0002537985059653262,-8.896892838056358,-8.870890251212796
154,154,0.00025163515688150583,0.0002546824252931401,-8.900687671067143,-8.855791094111751
155,155,0.00025122366442354685,0.00025415156912793845,-8.90729501822619,-8.864852909533067
156,156,0.00025133062220063327,0.0002536882062773465,-8.906019047872235,-8.872778085729202
157,157,0.0002504073901908453,0.00025338336280056914,-8.920991158306782,-8.877999907019605
158,158,0.00025058117591339094,0.00025295475605066473,-8.917856913861147,-8.885352369096575
159,159,0.00024983914930267815,0.0002529208424292799,-8.929216361763434,-8.885934666352862
160,160,0.0002499052798063446,0.00025245504098405177,-8.929117009840734,-8.893940392832853
161,161,0.0002494515755427425,0.00025164207756078164,-8.937304738602554,-8.907948242583076
162,162,0.0002490718856204263,0.0002519379892251699,-8.94538080299906,-8.902844274962343
163,163,0.00024871318166014576,0.00025172564844404787,-8.952938954439396,-8.906506180571203
164,164,0.0002487447065092412,0.00025025544240825663,-8.950463078751838,-8.931945552926965
165,165,0.00024806657285770384,0.0002507757400101247,-8.962492937937977,-8.92292565689682
166,166,0.00024748815748043665,0.0002503707954402719,-8.971614618341256,-8.92994417216127
167,167,0.0002471652095261289,0.00025000537770163074,-8.976967398843962,-8.93628735731724
168,168,0.00024732109894327935,0.00025004836022976393,-8.974958902278612,-8.935540754565716
169,169,0.00024696915292243485,0.0002489480638790778,-8.981291138823371,-8.954693333018506
170,170,0.0002466211248172409,0.00024917874160516814,-8.988095741621079,-8.95067098089461
171,171,0.0002463634584048648,0.00024820094557454517,-8.993421095776633,-8.967746546243553
172,172,0.0002462871645135594,0.00024963194032591815,-8.99452444733127,-8.942779339239191
173,173,0.0002458567493151124,0.0002478629482395359,-9.001058440242847,-8.973664751621481
174,174,0.0002454020780242365,0.00024827646235567764,-9.010587438461306,-8.966425377502903
175,175,0.00024543839735435033,0.0002478545050651423,-9.006475672714245,-8.973812691704076
176,176,0.0002453001342070548,0.0002474603181900947,-9.01087921285769,-8.980725193118362
177,177,0.00024473177900384227,0.000246453861013594,-9.019144158618309,-8.998424600076845
178,178,0.00024443417463509233,0.0002469429769246888,-9.026835353784127,-8.989814070197058
179,179,0.0002440621907769981,0.00024627320281548525,-9.031203140163912,-9.00160927848502
180,180,0.00024393254191345853,0.00024560860995399326,-9.032563651940112,-9.013344991438803
181,181,0.00024374010828659708,0.00024606363072770794,-9.036112363516214,-9.005306584905293
182,182,0.00024343097985112444,0.00024575338389503916,-9.045040961461323,-9.01078579775569
183,183,0.0002426920861027386,0.0002448999002808705,-9.056223380571634,-9.025894780405345
184,184,0.00024254945062998604,0.00024509121967160975,-9.059476465769732,-9.022503332825249
185,185,0.00024224399392776307,0.0002445664799061457,-9.063741538327928,-9.03181153616859
186,186,0.00024206614882094765,0.0002443284595899872,-9.067763479602148,-9.036040294116555
187,187,0.0002418052913385837,0.00024426655497671544,-9.073815425197445,-9.037140789671795
188,188,0.00024120375761863076,0.00024411990154093424,-9.084311865864452,-9.039749002040352
189,189,0.00024128549557644874,0.00024340602900146653,-9.080988106465274,-9.052467551222257
190,190,0.0002407910196967519,0.00024353816575297204,-9.088998890504882,-9.050110555736442
191,191,0.00024052240259311709,0.00024294074912751583,-9.095458331761956,-9.06077719991458
192,192,0.00024009959414582124,0.00024216769471470463,-9.104636992802565,-9.074618787466864
193,193,0.00023949537687267648,0.00024220212454613494,-9.112529105032706,-9.074001379641949
194,194,0.0002395071670744261,0.00024171565402005064,-9.113073928862727,-9.08273309174733
195,195,0.00023945646370117813,0.0002422608690961313,-9.11536863160625,-9.072948154344449
196,196,0.000239036884578905,0.00024081135511790452,-9.122405262090043,-9.099011247189113
197,197,0.00023862287313941406,0.00024133465271198044,-9.128184961296224,-9.089584005521724
198,198,0.0002384226336852004,0.0002407489748867719,-9.134811005864997,-9.100136397606382
199,199,0.00023791491886308015,0.00024063560704234987,-9.142420746036523,-9.102181956688092
200,200,0.00023802736976313567,0.00024097195311792587,-9.141198412705666,-9.09611588628287
201,201,0.0002378913138563428,0.00024048871081935145,-9.143753635617628,-9.104833920792775
202,202,0.00023727626620777452,0.0002398761402889106,-9.155895311844656,-9.1159103409239
203,203,0.00023701553414191704,0.00024029811672670278,-9.160049521803534,-9.108277191794151
204,204,0.00023658123418218312,0.00023947161389514804,-9.16637991732623,-9.123240452341683
205,205,0.00023631863407046563,0.00023853370772772715,-9.170841889287544,-9.14028327497806
206,206,0.0002360489407251829,0.00023869978720444793,-9.176893176747718,-9.137260544848054
207,207,0.00023612679467181262,0.00023823932401443782,-9.176516367609427,-9.14564638194843
208,208,0.00023553041037959382,0.0002380084050329108,-9.186222555959631,-9.149857923177347
209,209,0.0002352642309467894,0.00023815137989770032,-9.191841385446637,-9.147249840820955
210,210,0.0002349524963683132,0.00023749395730096454,-9.197039753317483,-9.159255222374274
211,211,0.00023461742816881766,0.0002368613281042168,-9.203102364629771,-9.170839262463433
212,212,0.00023424515147218192,0.00023768436604816663,-9.210091605018542,-9.155774698597048
213,213,0.00023413378446478128,0.00023685352674587384,-9.212245604058397,-9.170982305766607
