,epoch,train_loss,test_loss,train_dbs,test_dbs
0,0,0.001022490930801123,0.0010042827588653094,-19.8993779833308,-19.963371008862843
1,1,0.0010006028034282638,0.0009802492874625482,-19.998140406884353,-20.068565725582847
2,2,0.0009776772829204721,0.0009618998094657926,-20.09537652152664,-20.150632691353707
3,3,0.0009657882889684712,0.0009431262059431327,-20.165469316221404,-20.23623295407056
4,4,0.0009473533202778816,0.0009367581806145608,-20.230891939180104,-20.265656134123002
5,5,0.0009365758664195531,0.000917396802259119,-20.288821600647253,-20.356358858524075
6,6,0.000922509503896473,0.0009108757214179557,-20.350888951895435,-20.387339813482292
7,7,0.0009142808272916171,0.0009057438001036644,-20.381617468012614,-20.411877379118852
8,8,0.0009093899159817045,0.0008975185398747655,-20.41357001042501,-20.45149679360592
9,9,0.0009051734220342154,0.000890912126602703,-20.43245497351808,-20.483582374929057
10,10,0.0008944404658323788,0.0008850005351154035,-20.484476446599476,-20.51249574550555
11,11,0.0008936555877318318,0.0008805997112128688,-20.491612329838226,-20.534145691451457
12,12,0.0008874832455683308,0.0008778041106109557,-20.522561741581697,-20.547954976018424
13,13,0.0008830818882903334,0.0008716209650676893,-20.540704052055546,-20.578654400751493
14,14,0.0008765128363144689,0.0008697172467547812,-20.56374831162615,-20.588150254941873
15,15,0.0008728047664824527,0.0008668789799374185,-20.589502890506175,-20.602346355285256
16,16,0.0008734922463640801,0.0008658865944629437,-20.592685868676433,-20.607320918364938
17,17,0.0008703011403714796,0.0008632653686953219,-20.605400746244335,-20.62048789018631
18,18,0.0008724239413607289,0.0008542189178498168,-20.602951343539047,-20.666239226001263
19,19,0.000865748896234736,0.0008540703075643825,-20.629862370078705,-20.666994843096084
20,20,0.0008607960681757438,0.0008487780026993469,-20.649396713726254,-20.693989921704812
21,21,0.0008581366459599015,0.0008510285835271995,-20.661757203935277,-20.68248960850823
22,22,0.0008608277943513365,0.0008491232599082746,-20.65665761197458,-20.692223702360458
23,23,0.0008566139857572763,0.0008430035208891097,-20.671467259212438,-20.7236371934136
24,24,0.0008530387110028838,0.000844735036432547,-20.691820861361517,-20.714726003864516
25,25,0.0008528733004326212,0.000842910051639927,-20.697873167042154,-20.724118750473828
26,26,0.0008518545067456272,0.0008356467618508951,-20.695291733772155,-20.761703732265715
27,27,0.0008466064722334832,0.0008384755929000676,-20.716441493204954,-20.747026825519157
28,28,0.0008424631951223175,0.0008341386258651159,-20.743937825604824,-20.769548756177194
29,29,0.0008428531042396178,0.0008330695625198515,-20.740279101718002,-20.77511840702851
30,30,0.0008423124120772345,0.0008289440669805595,-20.752496736030416,-20.796678803355306
31,31,0.0008371752151528123,0.000829752096538677,-20.76973432143964,-20.79244749428517
32,32,0.0008303567721537247,0.0008236260312658391,-20.793295260216635,-20.824630435065377
33,33,0.0008384842076338828,0.0008260300382971764,-20.768814577624724,-20.811972672680877
34,34,0.0008375854279423497,0.0008229484665207565,-20.776449967096088,-20.82820467536761
35,35,0.0008303793909306609,0.0008223439186909481,-20.807039051854304,-20.831396227224385
36,36,0.0008314941282451307,0.0008208253757881099,-20.808228405509155,-20.839423336703632
37,37,0.0008315906995552179,0.0008195151703579253,-20.795646209968766,-20.846361104727883
38,38,0.0008287226202772911,0.0008204687006869598,-20.81542749415817,-20.841310896439825
39,39,0.0008252016574710838,0.0008163439220209655,-20.834069480296257,-20.86319944227415
40,40,0.0008288980281633354,0.0008155659919506625,-20.818706717799728,-20.867339998802883
41,41,0.0008277727576625562,0.0008173210387069144,-20.822141226511008,-20.858004295831183
42,42,0.0008281898317551336,0.0008160252105689755,-20.822432993915445,-20.864895316374117
43,43,0.0008225930577441666,0.0008179058480125509,-20.846775529882287,-20.85489794444601
44,44,0.0008239035336204718,0.0008123950897961071,-20.84661969169214,-20.884258180267096
45,45,0.0008228275710092761,0.0008133647987913145,-20.84804033853596,-20.87907734983119
46,46,0.0008258869878698102,0.000812001939936492,-20.830337910428128,-20.88636041038449
47,47,0.0008184484292551415,0.0008091507785904564,-20.86981595876751,-20.90163651487639
48,48,0.000821101736666193,0.0008096759526157065,-20.855104338779924,-20.89881866927488
49,49,0.0008215175073872291,0.0008123209148547367,-20.854150552667132,-20.884654726711673
50,50,0.0008153617844110374,0.0008075410059016002,-20.878470058582074,-20.91028523361973
51,51,0.0008215156471423959,0.0008115669724678522,-20.85831138779094,-20.888687431732507
52,52,0.0008188166617195017,0.0008076999924684826,-20.871468048151918,-20.90943029012849
53,53,0.0008198198041465786,0.0008070232763298248,-20.869226032609483,-20.913070469318562
54,54,0.0008202396536044316,0.0008084699174536294,-20.86019505397818,-20.905292430664943
55,55,0.0008172655925778768,0.0008084910713430298,-20.882584582973198,-20.905178797528443
56,56,0.0008170216802757272,0.0008065504463095414,-20.87557817527548,-20.915615719922037
57,57,0.0008163925220700193,0.0008075106490746533,-20.87736949237894,-20.910448495301075
58,58,0.000814665323147339,0.0008117761830554196,-20.89491024982351,-20.887568025722384
59,59,0.0008150976254441536,0.0008090229606942126,-20.88659085801649,-20.90232260445744
60,60,0.000812708082148018,0.0008078587890945767,-20.90478520731012,-20.908576536003707
61,61,0.0008156757265300557,0.0008042372156571793,-20.88621838925546,-20.928089418622847
62,62,0.0008140860759105879,0.0008048930995803522,-20.890196287348175,-20.92454903681933
63,63,0.0008112896322608762,0.0008023780660311642,-20.912452203588742,-20.938140596315623
64,64,0.0008135539186715158,0.0008048002522340731,-20.895621597165505,-20.9250500401955
65,65,0.000810417221239816,0.0008050199156921161,-20.9123530393216,-20.92386483168344
66,66,0.0008079285010906685,0.0008018219010218194,-20.92127665708944,-20.941151934169064
67,67,0.0008115614158312607,0.0008048568116991143,-20.908663457643236,-20.924744838992993
68,68,0.0008102404193703047,0.0008032693417350712,-20.916377487888,-20.933319162195723
69,69,0.0008120975509938813,0.000804041607280899,-20.907267979728587,-20.929145847864344
70,70,0.000808543666654756,0.0007981729669202315,-20.925502426227265,-20.96096093136426
71,71,0.0008092984237909777,0.0008021710397626617,-20.918168386776465,-20.93926128955205
72,72,0.0008085399395642206,0.0008018903899937868,-20.922145457249044,-20.940780990044217
73,73,0.0008081488584926756,0.0008017544015800874,-20.92269931777414,-20.94151754988745
74,74,0.000808178611008508,0.0007989908642086544,-20.923175666297528,-20.956512942958156
75,75,0.0008088560545692201,0.0008015745215264982,-20.923937348990687,-20.94249203383619
76,76,0.0008061595090674524,0.0007958472154936508,-20.93500306236553,-20.973634067360067
77,77,0.0008080003965530813,0.0007993878190111565,-20.92724041841081,-20.954355816043915
78,78,0.0008071505208979792,0.0008003722913073082,-20.930504280936564,-20.949010627887027
79,79,0.0008069845486537928,0.0007980955721761443,-20.93111699285158,-20.961382064895222
80,80,0.0008033840993860948,0.0007962256694506658,-20.943264661711986,-20.971569331884243
81,81,0.0008046407001717112,0.0007948782785158409,-20.934915477783285,-20.978924785795172
82,82,0.0008041193485548048,0.0007981399907485434,-20.94689988356223,-20.961140361961895
83,83,0.0008036223949490057,0.0007930139912978598,-20.947465980588362,-20.989122581185427
84,84,0.0008062769895294662,0.0007924562332367426,-20.936549944164145,-20.992178220508386
85,85,0.000807717197680289,0.0008002533362933287,-20.93384416965504,-20.949656144307237
86,86,0.0008035229150561098,0.0007958914962058005,-20.941322838316747,-20.97339243387079
87,87,0.0008015665237686222,0.0007940405017794355,-20.95920444307304,-20.983504527087383
88,88,0.0008046322240561401,0.0007954027295406712,-20.943638178828415,-20.97606030847053
89,89,0.0008043994732229903,0.0007980854103439732,-20.944778941741774,-20.961437362229127
90,90,0.0008044366373142862,0.0007923528503038382,-20.945969490246345,-20.99274483307785
91,91,0.0008067008949211347,0.0007982199925831274,-20.936315277254025,-20.960705067220186
92,92,0.0008035426942593197,0.0007916065453747777,-20.943489273616414,-20.99683731344542
93,93,0.000806573956014262,0.0007935699847477831,-20.939559770448028,-20.986078747378887
94,94,0.0008015995287125182,0.0007947915552282019,-20.962238012967052,-20.979398638220523
95,95,0.0008038423184939113,0.0007965228869579732,-20.94367126827361,-20.969948486907455
96,96,0.0008036536848671811,0.0007926887605878475,-20.9458397409503,-20.990904074022172
97,97,0.0007999553327141426,0.0007910896307102552,-20.968818670370133,-20.99967415854294
98,98,0.0008008950641954836,0.0007949131020148726,-20.959335709576337,-20.97873452619687
99,99,0.0008045552915307818,0.0007928214158470693,-20.94460804075592,-20.990177349614267
100,100,0.0007998190559782856,0.0007928811614156553,-20.96598659969846,-20.98985008558456
101,101,0.0007977426746984963,0.000793599790133732,-20.973255272408142,-20.985915635469183
102,102,0.000806590862639402,0.0007935566980832894,-20.94381140588454,-20.986151461487154
103,103,0.00080097227395733,0.000794652564524624,-20.96272596241964,-20.9801581854736
104,104,0.0007999667558175771,0.000794453224730923,-20.96912119210363,-20.981247756394144
105,105,0.0008031033338335602,0.0007965348134013383,-20.95401161135313,-20.969883459902583
106,106,0.0008013844802092339,0.0007930973048419936,-20.958941696963688,-20.988666338138593
107,107,0.0007972990825157805,0.0007958459165437441,-20.974897908194748,-20.973641155746208
108,108,0.0008037665627234298,0.0007950100545330267,-20.94723887961315,-20.978204866086948
109,109,0.0007992318240906467,0.0007898444371101888,-20.97628862898899,-21.006515440949897
110,110,0.0007994144749299614,0.000795149081999338,-20.973573532748038,-20.977445459556886
111,111,0.0007993588344069178,0.0007910655848191757,-20.977575684116378,-20.99980616831931
112,112,0.000799452564343042,0.0007920810082731279,-20.97299425153054,-20.99423507508961
113,113,0.0008003047334999998,0.0007920613892278389,-20.975409236926662,-20.99434264677159
114,114,0.0007982881860951557,0.0007926695122334518,-20.97772269244014,-20.991009532255095
115,115,0.0007997565763551242,0.0007957509584038666,-20.972679992201968,-20.974159374861344
116,116,0.0007970736220421404,0.0007954595463448449,-20.989069582433526,-20.97575009651923
117,117,0.0007998499036382538,0.0007898670247461842,-20.9705668335989,-21.00639124503299
118,118,0.0008005887304778336,0.0007904366418523224,-20.975185857859728,-21.003260434392782
119,119,0.0007993402751642711,0.0007904242650654755,-20.976375062303852,-21.00332843746893
120,120,0.000802206288370275,0.0007901387656793782,-20.966193827616525,-21.004897382293088
121,121,0.000796292132587585,0.0007892071581935804,-20.98541300615125,-21.01002092148981
122,122,0.0007990009227009086,0.0007913643402341558,-20.97462930114926,-20.99816631270672
123,123,0.0007996940805298305,0.0007909615983647344,-20.969109963398612,-21.000377090790188
124,124,0.0008012490975910548,0.0007931373854118743,-20.962389511996022,-20.98844686531479
125,125,0.0007961734015609801,0.0007940519931971243,-20.989371384911376,-20.98344167609719
126,126,0.0008007913141405766,0.0007948040698752983,-20.970368679187995,-20.979330255518775
127,127,0.0007974271189671048,0.0007886376054222254,-20.98289396975278,-21.013156257008223
128,128,0.0007982901225500193,0.0007869080873206258,-20.982143252466084,-21.0226909912027
129,129,0.0007939040690862103,0.0007879237681137104,-20.99478996908306,-21.017089064578602
130,130,0.0007966924620763466,0.000785502871670025,-20.980852986994986,-21.030453307560464
131,131,0.000793985898256033,0.000786896350818049,-20.99967077130797,-21.02275576542982
132,132,0.0007972265785732834,0.0007951034686381096,-20.981561282245544,-20.977694597734093
133,133,0.0007983930366949092,0.0007911706986641022,-20.980674122354873,-20.999229132343494
134,134,0.0007983091594555328,0.0007903031042875036,-20.973290285402566,-21.00399420005924
135,135,0.0007962076546691512,0.0007913329417964345,-20.981887546988457,-20.998338628264463
136,136,0.0007996896699493386,0.0007921509371188126,-20.97307166779743,-20.993851675273504
137,137,0.000795075744294475,0.0007884038587738024,-20.99522236848502,-21.01444366615531
138,138,0.000798992877442044,0.0007861129859903533,-20.977100659427048,-21.027081372940838
139,139,0.0007965236988648312,0.0007852520885583209,-20.98833727935087,-21.031840076665137
140,140,0.0007992063897431435,0.0007895223005968882,-20.97551836383305,-21.008287063825648
141,141,0.0007927113959143303,0.0007904886917554234,-20.99797420287572,-21.002974462813633
142,142,0.0008000571787184508,0.0007903473114741868,-20.977426706618743,-21.00375127553841
143,143,0.0007987167456993814,0.0007873306228583189,-20.973884825051346,-21.02035964392165
144,144,0.0007996284420909264,0.0007889932940567011,-20.972347265561226,-21.011197958474686
145,145,0.0007979904245057134,0.0007872956798804042,-20.986736339073765,-21.02055239495681
146,146,0.000798496092458438,0.0007908093853314456,-20.983412018409826,-21.00121292962295
147,147,0.000800259645365793,0.000785679584001436,-20.97928642212591,-21.029476397584634
148,148,0.00079675747823335,0.0007900609481638591,-20.99397254115475,-21.00532512212011
149,149,0.0007963544057835777,0.0007910035568975696,-20.997836480482135,-21.000146714549317
150,150,0.000797671937388512,0.0007858539894713383,-20.982046455340132,-21.028512455931946
151,151,0.0007971775887255586,0.0007899919843399211,-20.993101490458432,-21.005704231042223
152,152,0.0007974352086318138,0.0007867080245265051,-20.982034687658167,-21.023795277913216
153,153,0.0007952911972509909,0.000789061767710863,-20.996142340252305,-21.010821067567676
154,154,0.0007957924900278833,0.000786068291697455,-20.989535409319302,-21.02732829719899
155,155,0.0007934823179780745,0.0007878949982114136,-20.99512767645273,-21.017247643852826
156,156,0.0007919673351859002,0.0007885499293670842,-21.005414722959944,-21.013639106715594
157,157,0.0007963480785508285,0.0007873699406014854,-20.989752011838117,-21.02014277121203
158,158,0.0007960158214213077,0.0007876245072111487,-20.9852474124435,-21.018738869439932
159,159,0.0007969369630559741,0.0007910575215263586,-20.985903697754928,-20.999850435969055
160,160,0.0007948033090383199,0.0007876897212362996,-21.005695886196094,-21.01837929557498
161,161,0.00079547640082628,0.0007871411967483398,-21.000084418915822,-21.02140465106201
162,162,0.0007942236699499958,0.0007899731036128575,-20.999158557517458,-21.005808028216492
163,163,0.0007951576016680098,0.0007868631019894229,-20.990920865186414,-21.022939272290138
164,164,0.0007939943863731838,0.0007845382328684393,-21.00170078379061,-21.03578994951286
165,165,0.0007954190092727772,0.0007875603868773109,-20.99276990436926,-21.01909244199238
166,166,0.000793118167250926,0.0007912588036177974,-21.001039751025825,-20.998745527921272
167,167,0.000798508952150947,0.000784375781413952,-20.983316499998658,-21.036689320286158
168,168,0.0007954842996658738,0.0007868390346534158,-20.993486971988894,-21.023072109514914
169,169,0.000794126779997971,0.0007903766695802149,-20.997429471115794,-21.003589956249257
170,170,0.0007942393938194692,0.0007884485867658728,-20.998235931350862,-21.014197287742377
171,171,0.0007943393333728627,0.0007851547439043459,-21.001777479030142,-21.032378488053123
172,172,0.0007967816002081273,0.0007938416368377052,-20.98496158439577,-20.984592340158503
173,173,0.0007961825833694299,0.0007886690344955576,-20.996668915356477,-21.012983183836834
174,174,0.0007963337618665597,0.0007893284629589241,-20.99082129413975,-21.009353442218327
175,175,0.0007949549093909715,0.0007866445904303538,-20.99077045453273,-21.024145473764754
176,176,0.0008000279044655641,0.0007877429935002798,-20.9820997918331,-21.018085587692987
177,177,0.0007939974785801599,0.0007866401758388077,-20.996233536993717,-21.024169846119833
178,178,0.0007950826848079403,0.0007867225396790003,-20.9998678353066,-21.023715149170634
179,179,0.0007957579596832241,0.0007854303878143822,-21.004556072310656,-21.030854080010407
180,180,0.0007934431688255179,0.0007841876450631963,-21.00862718404263,-21.0377311216949
181,181,0.0007971883847464606,0.0007859182446018645,-20.991818898779865,-21.028157370786246
182,182,0.000797211581399453,0.0007856196944454783,-20.990228238601176,-21.02980745741576
183,183,0.0007933255107401265,0.0007854395631798788,-21.0046643979795,-21.030803346203932
184,184,0.0007943688590588413,0.0007882206088030024,-20.99748301883624,-21.01545322110162
185,185,0.000793243536351191,0.000787969387602061,-21.005841764559268,-21.016837622506
186,186,0.0007972780701502697,0.0007866796957770068,-20.987995655881374,-21.02395166682396
187,187,0.0007970930586002537,0.0007867917914776818,-20.98722247563404,-21.023332875257353
188,188,0.0007907932566613267,0.0007863724726791444,-21.011928982839876,-21.025648054273617
189,189,0.0007955897671468172,0.00078873739786152,-20.991123071907097,-21.012606745247368
190,190,0.0007948641066401045,0.0007875247729795152,-20.995989501924722,-21.019288836697744
191,191,0.0007937392027875812,0.0007890955832982926,-21.000844866164215,-21.010634952754526
192,192,0.0007952578880670528,0.0007854901487007737,-20.9960682072437,-21.030523651798376
193,193,0.0007942327101398067,0.0007883955871588306,-20.99793043605997,-21.01448923081793
194,194,0.0007972102102189872,0.000788608023676237,-20.986517112892802,-21.013319163645114
195,195,0.0007946882738981434,0.0007878900628144804,-21.000990352248333,-21.017274848269306
196,196,0.0007946108319057324,0.0007897265849782056,-21.002375303193993,-21.007163497035755
197,197,0.0007940425253089171,0.0007895957494742776,-21.006017073649534,-21.007883060563522
198,198,0.0007914711544818254,0.0007867654969327544,-21.01300713424202,-21.02347801869574
199,199,0.000796091274151905,0.0007900808368025249,-20.987719030802094,-21.005215796158254
200,200,0.0007947268451746438,0.0007886628552928175,-20.990274084842007,-21.013017210837365
201,201,0.0007910165640515919,0.0007902464406613849,-21.00969344808828,-21.004305594285846
202,202,0.0007941572160037599,0.0007850309178282164,-21.002341088117774,-21.033063464142266
203,203,0.0007952277388990156,0.0007864801354069067,-20.988066201398368,-21.025053499788267
204,204,0.0007951282404036712,0.0007839166792109609,-20.998904810959395,-21.039232029176116
205,205,0.0007959730627936954,0.000788500030083876,-20.9901186928149,-21.013913936098465
206,206,0.0007960255421006802,0.0007845798881087257,-20.987637266671744,-21.035559365967096
207,207,0.0007956290645188815,0.0007866298363200928,-20.99310027095739,-21.024226929721365
208,208,0.0007927647249331486,0.0007862271097684769,-21.00555642775696,-21.02645093265233
209,209,0.0007958252699421623,0.0007898828909291249,-20.989599289067296,-21.0063040084947
210,210,0.0007938471269918625,0.0007851180853322148,-20.9969284957442,-21.032581263205277
211,211,0.0007976459971744299,0.0007915881211183181,-20.98729330962002,-20.996938394545342
212,212,0.0007934408483201081,0.0007831834219886284,-21.00301113991381,-21.043296218674552
213,213,0.0007949355514432044,0.0007860537979898876,-21.003366127322156,-21.02740837415052
214,214,0.000796834582981375,0.000786626251953605,-20.986186803979486,-21.024246718878366
215,215,0.0007963406597744174,0.0007879011375878594,-20.98438063004654,-21.01721380321504
216,216,0.0007955159682338846,0.0007903656530144968,-20.99886998617947,-21.00365049026081
217,217,0.0007956948127722387,0.0007848666251735075,-20.99393133974797,-21.03397245841308
218,218,0.0007930391740543556,0.0007864486756979635,-21.004208997703934,-21.025227223836062
219,219,0.0007915783147855671,0.00078603969335458,-21.01356593022977,-21.02748630291643
220,220,0.0007955135343135478,0.0007876274819289776,-20.99276956477477,-21.018722466939927
221,221,0.0007952500138306971,0.0007957860637505196,-21.002814716091997,-20.973967785748087
222,222,0.0007999006493170698,0.0007893975094990118,-20.97593962391845,-21.008973559554747
223,223,0.0007939165405276203,0.0007840896999512456,-21.001225166534788,-21.038273589796482
224,224,0.0007970273991585853,0.0007858399828699859,-20.99296141814973,-21.028589862727223
225,225,0.0007980138779925086,0.0007879953083925342,-20.979567623574113,-21.016694760723645
226,226,0.0007951320347030522,0.00078764082067401,-20.988195164897235,-21.018648918283436
227,227,0.0007934286751179505,0.0007897187912787654,-21.00437986252529,-21.007206357152498
228,228,0.0007967720001446295,0.0007846884944133068,-20.986468052401264,-21.034958230821825
229,229,0.00079486959016181,0.0007874629441893807,-20.993525466116594,-21.01962981589522
230,230,0.0007946398685273436,0.0007872253864709484,-20.99622376555026,-21.02094017052252
231,231,0.000799178672695206,0.0007906576839128608,-20.97698979617606,-21.002046119140093
232,232,0.0007984040025381621,0.0007859265131532753,-20.975454913410566,-21.02811167942604
233,233,0.0007965513889092146,0.0007859543946228529,-20.980508101053186,-21.027957612176714
234,234,0.0007964251334922984,0.0007842999919758816,-20.988109510333416,-21.037108972776807
235,235,0.0007929008900543157,0.0007882257218864796,-21.00046682014176,-21.015425049080836
236,236,0.0007935420648415678,0.0007844304138990609,-21.003106431662133,-21.036386840771534
237,237,0.000795572643293087,0.0007857662521449751,-20.993303406265078,-21.02899735471
238,238,0.0007963194307803954,0.0007900934249750877,-20.988010716166965,-21.005146601588844
239,239,0.0007987572090249009,0.0007886538698681091,-20.979902341986303,-21.013066691329215
240,240,0.0007955224982933285,0.0007858566915322291,-20.994099943800745,-21.028497523283733
241,241,0.0008014859457634697,0.0007913059028061597,-20.97423475267499,-20.998487024524465
242,242,0.0007981451074640776,0.0007867736031154269,-20.98330556765127,-21.023433272805363
243,243,0.0007940924290769263,0.0007840824515656813,-20.998710225144485,-21.03831373760615
244,244,0.0007941585337771967,0.0007852164072621809,-21.00031262846795,-21.03203742147103
245,245,0.0007946538953734658,0.0007885514519569513,-20.996960103141824,-21.01363072104825
246,246,0.0007980547721747347,0.0007903745342781278,-20.98009641392419,-21.003601689277343
247,247,0.0007952379822471784,0.0007921367865300885,-20.993389986633577,-20.99392925616373
248,248,0.0007973419311552395,0.0007887149419586517,-20.98588474752118,-21.01273039367029
249,249,0.0007965364187389382,0.0007872574711463562,-20.986206564375514,-21.020763170215172
250,250,0.0007979696959775594,0.0007859389634655887,-20.982245765108768,-21.028042880893132
251,251,0.0007969353140389413,0.0007923464321433322,-20.986316386438467,-20.992780011634725
252,252,0.0007981110733847335,0.0007888216059654951,-20.985340080531646,-21.012143103445908
253,253,0.0007955595297671701,0.0007881949024618064,-20.995930036265094,-21.015594860435314
254,254,0.000798512579628372,0.0007918620157349659,-20.98569800971813,-20.995435967420537
255,255,0.0007952135416304635,0.0007869716041329268,-20.992152191158556,-21.02234045613632
256,256,0.0007966461587822084,0.0007884972054805411,-20.988055518585295,-21.013929493635462
257,257,0.000796971475998343,0.0007840938663943426,-20.987263512702174,-21.038250512609793
258,258,0.0007981802054834505,0.000792057284055964,-20.982955999170663,-20.99436515586163
259,259,0.0007948250414986048,0.0007906332612037659,-21.003229679006736,-21.002180270895362
260,260,0.0007965266830575912,0.0007892854505610701,-20.98601108132028,-21.00959010612818
261,261,0.00079640745636575,0.0007859313750247422,-20.989802784955273,-21.028084813333805
262,262,0.0007939040060779176,0.0007874163749970888,-21.005740214599527,-21.01988665771159
263,263,0.0007948308574640643,0.0007931339143971471,-20.998284935959166,-20.988465871427337
264,264,0.0007971667753023662,0.0007837970502135393,-20.987498692038695,-21.039894831479643
265,265,0.0007957966377737827,0.0007919123990608281,-20.990145711809483,-20.99515965028591
266,266,0.0007940812063998706,0.000788972942820309,-20.994472399170338,-21.01130998152637
267,267,0.0007934499215142629,0.000788172437368255,-20.994791480373944,-21.015718644605656
268,268,0.0007969094782386013,0.0007833494179833092,-20.988466363055956,-21.042375827567028
269,269,0.0007957840307145236,0.0007846966710578846,-20.992610500273585,-21.034912976518434
270,270,0.0007974778214402343,0.0007872894302157587,-20.97884898246837,-21.020586870004895
271,271,0.0007987628335651663,0.0007910822260830747,-20.984684244373064,-20.999714808851703
272,272,0.0007949369058214588,0.0007922046107092971,-20.993705207624345,-20.993557421320066
273,273,0.0007962135516452728,0.0007918119755279468,-20.988388460441847,-20.99571042019186
274,274,0.0007949875560877173,0.0007871867978553238,-21.00108661320085,-21.021153060425174
275,275,0.0007943572571318712,0.0007895640783796185,-20.998011336130237,-21.00805726182429
276,276,0.0007967323553268366,0.0007898688261201115,-20.986045247305,-21.006381340506785
277,277,0.0007957415571244261,0.000791190893658878,-20.98882351299728,-20.999118278100866
278,278,0.0007964880457724032,0.0007891401734301134,-20.986553566872146,-21.010389549010252
279,279,0.00079777047035678,0.0007876359649296654,-20.984635777982167,-21.01867569228269
280,280,0.0007997987223020994,0.0007891635085750176,-20.97158578666653,-21.01026112854488
281,281,0.0007949290933932379,0.0007902800785622707,-20.993190173434716,-21.004120734942305
282,282,0.0007980593435763929,0.0007884345158297373,-20.982349692993996,-21.014274794184153
283,283,0.0007977036083568387,0.0007902632534847056,-20.980583584261726,-21.004213197302512
284,284,0.0007981913591514236,0.0007893068066455031,-20.98311699911659,-21.009472598525022
285,285,0.0007975888360512548,0.0007886927096957439,-20.98750887250555,-21.012852814137712
286,286,0.0008007086310583676,0.0007867171018580464,-20.96644747114457,-21.023745167680037
287,287,0.0007947321162683909,0.0007890094175787741,-20.99843938058289,-21.011109208859573
288,288,0.0007967052059536128,0.0007880208891277251,-20.99080964473395,-21.016553777754623
289,289,0.0007957383022960467,0.0007896371657567981,-20.990494012398713,-21.0076552681614
290,290,0.0007977759052720881,0.0007885697444802837,-20.983350313818573,-21.013529976197933
291,291,0.0007968989642548192,0.0007862461620549622,-20.981126008947033,-21.026345693306943
292,292,0.0007952606982369092,0.0007893542642705142,-20.99559544315218,-21.009211483773385
293,293,0.0007973030724409084,0.0007840529004553039,-20.990669339653657,-21.038477420978964
294,294,0.0007966364663065478,0.0007925222100886075,-20.99474670301905,-20.991816658711304
295,295,0.0007961564709326809,0.0007871864700542861,-20.992996455430813,-21.021154868918558
296,296,0.0007939322211914072,0.0007857595123105535,-20.999397176949838,-21.029034606061067
297,297,0.0007970406723055105,0.0007852447268209959,-20.990295127618886,-21.03188079195811
298,298,0.0007951887889726798,0.0007863694213722882,-20.993592287032435,-21.02566490593549
299,299,0.0007959068470788141,0.0007867169088536972,-20.993788077835248,-21.02374623312954
300,300,0.0007954380251755266,0.0007911547620192563,-20.99873161869123,-20.9993166136751
301,301,0.000795071282107191,0.0007906745917065756,-20.99321560643113,-21.00195324856982
302,302,0.0007963636361984248,0.0007927218133485631,-20.990773636389008,-20.990722989931673
303,303,0.0007980905200796414,0.0007896831099826254,-20.97742012072885,-21.007402585737648
304,304,0.0007976696912928955,0.000788200122769922,-20.986946150284233,-21.015566096693078
305,305,0.0007938868258167634,0.0007916639228106329,-20.99943450769052,-20.996522538373323
306,306,0.0007971161430384772,0.00078679721398083,-20.982002786602678,-21.02330294414844
307,307,0.0007935598577833591,0.0007894275936690208,-21.00173259801403,-21.00880805181101
308,308,0.0007976439545055871,0.0007859746233168009,-20.988687877333263,-21.02784583600797
309,309,0.000799099695700768,0.0007897067085937842,-20.972939814864674,-21.00727280464767
310,310,0.0007963168126358123,0.0007858437204145287,-20.989231103323903,-21.028569207235694
311,311,0.0007945079285622641,0.0007905970162123834,-20.99675562131484,-21.00237936902777
312,312,0.0007920505301354779,0.0007864169188235936,-21.00954120612022,-21.025402595913008
313,313,0.000794991104954796,0.0007869784818275979,-20.993301535586305,-21.02230250137689
314,314,0.000795836352200737,0.0007864839893667714,-20.988990584777653,-21.02503221826663
315,315,0.0007965007752477739,0.0007876274574204887,-20.991830453837274,-21.018722602078704
316,316,0.000796331185127426,0.0007861915295698532,-20.99194617663673,-21.026647474254467
317,317,0.0007934922408840628,0.0007887032422188081,-20.99543558524807,-21.012794817074365
318,318,0.0007924861766724396,0.0007861973564630668,-21.00319234481379,-21.02661528644658
319,319,0.0007937167472321272,0.0007835606505212031,-21.002209257423303,-21.041204897237265
320,320,0.0007914535049589101,0.0007870055575806059,-21.003020336773695,-21.02215308626426
321,321,0.0007979158718935838,0.0007885518410292111,-20.984588951579685,-21.013628578234446
322,322,0.000793488554598898,0.000784936422286065,-20.99864268103596,-21.033586263458176
323,323,0.0007992358134156957,0.0007883205329754242,-20.97738984731878,-21.014902692915584
324,324,0.0007975573607086751,0.0007873264778601495,-20.98428624584754,-21.02038250794495
325,325,0.0007938061475984214,0.0007889410817848617,-21.004078598316642,-21.011485365884056
326,326,0.0007920808407247604,0.000785205914565411,-21.001932959978742,-21.03209545580032
327,327,0.0007941904099725341,0.0007860142106533443,-20.99632958616376,-21.02762709957109
328,328,0.0007957908398106924,0.0007855887310334334,-20.986997906363214,-21.029978628073653
329,329,0.0007969907847396338,0.000788779806737837,-20.987654916609685,-21.012373239826083
330,330,0.0007938103997580631,0.000787684078156752,-20.99338883167305,-21.018410408931185
331,331,0.0007962268884005697,0.0007867014256158942,-20.99543307152503,-21.023831706707576
332,332,0.0007911033648757514,0.0007853121649915058,-21.01284625885462,-21.031507828387127
333,333,0.0007941399733343921,0.0007890724227763712,-20.99644390786772,-21.010762423173777
334,334,0.0007906429812830594,0.0007849068926206153,-21.01968554467507,-21.0337496500922
335,335,0.0007938022248821391,0.0007855844451114535,-21.003171399418626,-21.030002321862398
336,336,0.0007945000489251976,0.0007924494106861714,-21.00288958636595,-20.99221561069722
337,337,0.0007981157534006867,0.0007889658108500665,-20.98740512086778,-21.011349240025016
338,338,0.0007966537389798646,0.0007859162318422214,-20.992830022759293,-21.028168493209375
339,339,0.0007952862465994183,0.0007882406353019178,-20.98700360090891,-21.015342880324084
340,340,0.0007940830264394124,0.0007810740774546407,-21.000353258834124,-21.05500883308901
341,341,0.0007937687626780616,0.0007872580440322819,-20.999807469033872,-21.020760009862748
342,342,0.000792502067363869,0.000787632484724255,-20.999945507378417,-21.01869488182472
343,343,0.0007943507444747176,0.0007851554914132544,-21.00489312670815,-21.03237435334156
344,344,0.0007962284216023597,0.0007857540315997444,-20.99239930659644,-21.029064898418017
345,345,0.0007956758940822838,0.0007866357489930172,-20.991557396518182,-21.02419428626627
346,346,0.0007944758177360462,0.0007889759665551154,-20.997228462176793,-21.011293337244243
347,347,0.0007913220678600147,0.0007858827348651463,-21.010006094626227,-21.028353600244234
348,348,0.0007965902734269417,0.0007860252364097457,-20.98550422582128,-21.027566179660045
349,349,0.000793497399162962,0.0007855662414313931,-21.002964386016977,-21.03010295839419
350,350,0.0007960741592993595,0.0007868284071599575,-20.99637127136853,-21.02313076818247
351,351,0.0007957199452800158,0.0007871443215806625,-20.992468205828473,-21.02138741025761
352,352,0.0007935728602946649,0.0007895895212545599,-20.997706571778565,-21.007917317233794
353,353,0.0007954852225873427,0.0007872850952768012,-20.995321859088047,-21.020610783005367
354,354,0.0007935331512684214,0.0007892223963464954,-20.999058431539474,-21.009937067944282
355,355,0.0007951485632784357,0.0007847783670417572,-20.992951602126148,-21.03446084935285
356,356,0.0007948503702322079,0.0007848298226140047,-20.99315702140066,-21.03417610477461
357,357,0.0007928184079985643,0.0007853170942613169,-21.001884090995347,-21.031480568552684
358,358,0.0007953341761075882,0.0007862825510337165,-20.999209050295008,-21.026144698151224
359,359,0.0007911710309815238,0.0007870671167773636,-21.018127721505056,-21.02181339649121
360,360,0.0007967221371819908,0.0007867780544697062,-20.99609653769955,-21.02340870165651
361,361,0.000795387214088102,0.0007865719717780226,-20.996716676193472,-21.024546408776125
362,362,0.0007949386640528659,0.0007870767853761974,-20.995471756202893,-21.02176004661493
363,363,0.0007946779567402663,0.0007903534263421438,-21.000195070253397,-21.003717674574638
364,364,0.0007946227908796948,0.0007850935125086261,-20.99385432979797,-21.032717191913296
365,365,0.0007897775743838361,0.0007892936517141367,-21.016097874685123,-21.00954498054002
366,366,0.0007943809572511266,0.0007877599411202889,-21.005763050915924,-21.017992153936817
367,367,0.0007976900531727936,0.000784766008636277,-20.98699745189726,-21.034529241013367
368,368,0.0007980176584900732,0.0007859920641701473,-20.98365458730111,-21.027749466709196
369,369,0.0007907658060484557,0.0007857887264292099,-21.012377278393895,-21.0288731406957
370,370,0.0007941729158700741,0.0007874173185739078,-21.00104765816734,-21.019881453476913
371,371,0.0007899707254051164,0.0007866805505105539,-21.01640596842789,-21.02394694818354
372,372,0.0007918468189243343,0.0007890671718326446,-21.00709780751897,-21.010791323733564
373,373,0.0007962552469329352,0.0007872113461704238,-20.994592282636354,-21.021017628383042
374,374,0.0007943300135462478,0.0007869557103779363,-21.000382753996057,-21.022428167557628
375,375,0.0007913779700174928,0.000787489419484413,-21.008993948222823,-21.019483804183302
376,376,0.0007925378908787269,0.0007842938158367025,-21.01066736695335,-21.037143172365656
377,377,0.0007967031434821637,0.000782878113616454,-20.978710283439455,-21.044989558814507
378,378,0.0007957500554429195,0.0007825258929331444,-20.99622638497923,-21.04694391054882
379,379,0.0007963554385194997,0.0007880615058207983,-20.999219461597885,-21.016329936593333
380,380,0.0007928255093331958,0.0007866106737454079,-21.002779514380457,-21.02433272664678
381,381,0.0007941959973079027,0.0007907109898760131,-20.99854264280917,-21.001753328647375
382,382,0.0007934416710283876,0.0007851757568699357,-20.998539313979897,-21.032262260099834
383,383,0.0007920558090302517,0.0007879872634810837,-21.011756007377382,-21.016739099547088
384,384,0.0007939594077695277,0.0007879703863229798,-20.998017972457475,-21.016832117993822
385,385,0.00078946398931181,0.0007890061702040073,-21.019529951111036,-21.01112708342244
386,386,0.0007983482365986121,0.0007835814459739547,-20.988061357623987,-21.041089638379763
387,387,0.0007922078024346343,0.0007861934136599302,-21.012348015181736,-21.02663706649869
388,388,0.0007943530847827337,0.0007801501227444724,-21.000501865893288,-21.06014926684543
389,389,0.000793325663160187,0.0007810959727258274,-21.01010218967388,-21.054887092239408
390,390,0.0007940040926506609,0.0007818882310713985,-21.00106148313096,-21.050484316365466
391,391,0.0007928560725557282,0.000784143796313162,-21.00540861553747,-21.03797396921655
392,392,0.000791168515450446,0.0007814868095968114,-21.012249130422603,-21.052714557102675
393,393,0.000793605386975615,0.0007868113553788709,-21.006794892907447,-21.023224887492482
394,394,0.0007890502870630127,0.0007861793488509169,-21.016104187694246,-21.02671476142052
395,395,0.0007904657023507602,0.0007834271435919953,-21.016116513686704,-21.041944932647993
396,396,0.000790156219418631,0.0007852174795085663,-21.017947154599703,-21.0320314909993
397,397,0.0007973465001565817,0.0007869156573801057,-20.992882530697496,-21.022649212254187
398,398,0.0007959697473573393,0.0007841802404360159,-20.99106192811142,-21.03777212978688
399,399,0.0007942481741750825,0.0007897828227693313,-21.003199261528263,-21.00685423946185
400,400,0.0007932596226683674,0.0007858400839675022,-21.00826468126111,-21.028589304011813
401,401,0.0007955359952697127,0.0007817086818824081,-20.99857508763501,-21.05148172460675
402,402,0.0007935712298800804,0.0007820397854390505,-21.005389401023656,-21.049642599546136
403,403,0.0007956358484117334,0.0007842432211251243,-20.999318187673694,-21.037423344316228
404,404,0.0007923483295298959,0.0007815157970119463,-21.01156331472478,-21.052553468766853
405,405,0.00079221425508389,0.0007805821154952833,-21.01822735846155,-21.057745112332643
406,406,0.0007913924799271926,0.0007863244973123074,-21.013669720128874,-21.025913018694467
407,407,0.0007922527783540721,0.000784049616317804,-21.01276828665177,-21.03849561217219
408,408,0.0007926540259636708,0.0007879528229271895,-21.004067096855433,-21.01692892075465
409,409,0.0007951709096195157,0.0007827514966361617,-21.004340147822784,-21.045692011752493
410,410,0.0007918869102008871,0.0007884282355294808,-21.00586047353314,-21.014309388187264
411,411,0.0007948754835374577,0.0007812934100480849,-20.997469955465085,-21.053789466500522
412,412,0.0007957588568012969,0.0007822734340535183,-20.99491883290365,-21.048345259557472
413,413,0.0007920762741237341,0.0007831746387589527,-21.006106945359384,-21.0433449241178
414,414,0.0007918101360963792,0.0007833689910751817,-21.01079141280753,-21.042267314310976
415,415,0.000794037005182394,0.0007825988730856855,-21.005135321702525,-21.046538896479042
416,416,0.0007929199419618037,0.0007843977563377274,-21.007458137216805,-21.03656765086853
417,417,0.0007929707296461481,0.0007851153802077629,-21.0074639795338,-21.03259622684792
418,418,0.0007954755499142885,0.0007819873158280787,-20.99207774157938,-21.049933991715783
419,419,0.000793420598654979,0.0007839132204504782,-21.010854360495053,-21.039251190956257
420,420,0.0007880627976960896,0.000785308124154414,-21.033599420395888,-21.031530175140997
421,421,0.0007945247397748465,0.0007828204114431221,-21.00907970459307,-21.045309668146956
422,422,0.0007891380366120372,0.0007828962161989981,-21.02996997113496,-21.04488913755255
423,423,0.000791086302230077,0.0007834920972144525,-21.0186526274261,-21.041584875804034
424,424,0.0007878223244465657,0.0007853244161723476,-21.030606865586094,-21.031440077256146
425,425,0.0007921645691445501,0.0007853375802943973,-21.006144589384302,-21.031367278581726
426,426,0.0007920674259591963,0.0007846661457350772,-21.012219715231495,-21.03508192380218
427,427,0.0007936227454602258,0.0007833769930967767,-21.004274161124982,-21.042222951869864
428,428,0.0007928838838160652,0.000782994378823787,-21.00983783171965,-21.044344636085253
429,429,0.0007912436729421859,0.0007871263323498791,-21.015379151298603,-21.021486664139317
430,430,0.000794205279929621,0.000787281103456687,-21.003089388475765,-21.020632803361828
431,431,0.0007916789894357093,0.0007889622663098731,-21.01280284875864,-21.011368751361044
432,432,0.0007914063717555447,0.0007817471142564165,-21.016484917678685,-21.051268210825253
433,433,0.0007912479509052235,0.0007836341576062535,-21.01418282162161,-21.04079749770689
434,434,0.0007933739509155071,0.0007815959612152687,-21.01127342730607,-21.05210801282301
435,435,0.0007929268332687926,0.0007853024014222779,-21.005877540216623,-21.031561823356103
436,436,0.0007890837390657476,0.0007818250543143796,-21.02964345391234,-21.050835241528397
437,437,0.0007922956059907668,0.0007845862756336206,-21.010649845203258,-21.03552400875791
438,438,0.0007886017292267499,0.000780142687481681,-21.032695420116667,-21.060190657712326
439,439,0.0007904848658729383,0.0007853512744125174,-21.02177991976785,-21.03129155028052
440,440,0.0007910849964582198,0.0007815716457308122,-21.01266164566891,-21.052243124127497
441,441,0.0007913557304904709,0.0007849301695578584,-21.012498834379258,-21.033620859077583
442,442,0.0007938344599247055,0.0007868541318825201,-21.00881603204232,-21.022988781412188
443,443,0.0007921688471075877,0.000787802383695778,-21.014636061960395,-21.01775817301398
444,444,0.0007925337797376452,0.0007831278643080671,-21.008982390863977,-21.043604310614086
445,445,0.0007914782468152722,0.0007837025944976823,-21.01047119813383,-21.040418233145076
446,446,0.0007905923100140368,0.0007797583361695471,-21.014662941271784,-21.062330814745618
447,447,0.0007913051894385867,0.0007819732142563321,-21.015647299699687,-21.050012308715196
448,448,0.000793503395152115,0.0007823304101628693,-21.0066873858071,-21.04802895699956
449,449,0.0007898188022099743,0.0007835681348009721,-21.020203459290727,-21.041163415242483
450,450,0.0007969656108264072,0.0007893326722918765,-20.989255290375404,-21.009330282212254
451,451,0.0007933589327389124,0.0007829403682415815,-21.00810485726089,-21.044644220699098
452,452,0.0007945196955109533,0.0007845047665269751,-21.007739490785355,-21.035975212089287
453,453,0.0007913306141848263,0.0007852761957206224,-21.0129831303793,-21.031706750730578
454,454,0.0007928407117340368,0.0007869479595683515,-21.009082060803,-21.022470941888702
455,455,0.0007913719428242328,0.0007872607920465893,-21.01482559149039,-21.02074485034325
456,456,0.0007928922753205005,0.0007854049786386129,-21.007142293977786,-21.030994579327682
457,457,0.0007911344843714969,0.000783355615567416,-21.015348016211686,-21.042341467856414
458,458,0.0007915363578634701,0.0007839140568026586,-21.012154758781104,-21.039246557497684
459,459,0.0007953507988953713,0.0007852673696010912,-20.99794520628869,-21.031755563575935
