,epoch,train_loss,test_loss,train_dbs,test_dbs
0,0,0.00010050935193670663,0.00010045626626570563,-29.976870532771834,-29.981150792094162
1,1,0.0001004188173461331,9.774297474283038e-05,-29.97894643184778,-30.10006559221491
2,2,9.665961433430058e-05,9.458328637073894e-05,-30.145368941940692,-30.242777117350677
3,3,9.449790602432295e-05,9.194189624395221e-05,-30.25362603565984,-30.365786550222815
4,4,9.179479363326406e-05,9.023523460583467e-05,-30.36810823839495,-30.44715959770769
5,5,8.787916038310174e-05,8.737382411613668e-05,-30.551549096547003,-30.587107675568358
6,6,8.892883158399311e-05,8.502422707878348e-05,-30.512300759732103,-30.705494189548777
7,7,8.545874804918433e-05,8.341518887870112e-05,-30.68451085794919,-30.788469740647948
8,8,8.259450485113739e-05,8.113263481247582e-05,-30.83253422566933,-30.908965314986613
9,9,8.073226858072041e-05,7.913581487771712e-05,-30.931828620816507,-31.01719032842261
10,10,7.821647688109169e-05,7.753194643699221e-05,-31.058735469342498,-31.106114245250744
11,11,7.778545286501613e-05,7.550479609850107e-05,-31.089373414286907,-31.22117572494688
12,12,7.509751853409473e-05,7.387256654941379e-05,-31.242219473008703,-31.316089236343583
13,13,7.396619473662006e-05,7.23226171670065e-05,-31.31437390566042,-31.408179778432917
14,14,7.38740075660447e-05,7.081531868224327e-05,-31.314083662030296,-31.499648976821536
15,15,7.118897844248778e-05,6.896743089830699e-05,-31.474442611252805,-31.614480631681058
16,16,6.920267693091126e-05,6.790229982518787e-05,-31.601162742809272,-31.682076276609884
17,17,6.968622736017143e-05,6.653670559324765e-05,-31.568520175033115,-31.770308175736695
18,18,6.718050382314875e-05,6.518741793115623e-05,-31.72774059838371,-31.859283325719872
19,19,6.674736786661334e-05,6.354696616701978e-05,-31.764348504691405,-31.96997290102894
20,20,6.408332785550678e-05,6.268845869559108e-05,-31.931914331736277,-32.02904519492613
21,21,6.277047802925772e-05,6.102594048379136e-05,-32.01935405643275,-32.14577630434541
22,22,6.284655893003069e-05,6.033340564739008e-05,-32.029245925420334,-32.19534270896331
23,23,6.064771101948056e-05,5.9194549784909834e-05,-32.18288675668806,-32.27810389778029
24,24,5.913581338335434e-05,5.7980625570053235e-05,-32.28153569847106,-32.368092148048916
25,25,5.789293700405493e-05,5.696296092968336e-05,-32.371030478200986,-32.44499555775893
26,26,5.84438398478015e-05,5.576131221268473e-05,-32.32673049017236,-32.537591262603655
27,27,5.5935304303180675e-05,5.48406491074466e-05,-32.52724392882338,-32.60989525015796
28,28,5.532617463349825e-05,5.421243469371755e-05,-32.569042310804114,-32.65993199590169
29,29,5.242203735985275e-05,5.345365341207454e-05,-32.79351410857224,-32.72114718172413
30,30,5.44531216029409e-05,5.2006292351411264e-05,-32.645757137688015,-32.84036218557598
31,31,5.2095589444902964e-05,5.139907347926821e-05,-32.83752587926069,-32.891368211155054
32,32,5.2367436623659234e-05,5.0550455183072606e-05,-32.80927575587805,-32.963670410181116
33,33,5.003643234454806e-05,4.980829812427002e-05,-33.00080208972143,-33.02790408793197
34,34,4.836704476812096e-05,4.901513162430523e-05,-33.15514010122848,-33.09761938358575
35,35,4.843957691432995e-05,4.8156097986257486e-05,-33.148868218210865,-33.174408221114724
36,36,4.85106300158767e-05,4.71523359776352e-05,-33.13884933490809,-33.26588898556419
37,37,4.840964047429056e-05,4.653529571154841e-05,-33.15286586513916,-33.323096335702395
38,38,4.7763975071012685e-05,4.558279301579061e-05,-33.210338418531386,-33.4129117919176
39,39,4.782629747348166e-05,4.5118177168708494e-05,-33.207759865617305,-33.45740566295659
40,40,4.5554505012444573e-05,4.441887415994547e-05,-33.418993604416244,-33.52524564849128
41,41,4.471609667909677e-05,4.378072997879874e-05,-33.49094075026842,-33.58809113071042
42,42,4.54154344588835e-05,4.3068878623767216e-05,-33.42659566952235,-33.65928547313616
43,43,4.424766568975888e-05,4.2676397577834955e-05,-33.52863098239009,-33.69904359171288
44,44,4.298389201009281e-05,4.221069627276034e-05,-33.66991416960865,-33.74669595603939
45,45,4.234215029822566e-05,4.160211851979655e-05,-33.72954065418209,-33.809766646547196
46,46,4.250911799842761e-05,4.113451378591555e-05,-33.72029524945465,-33.85885743312122
47,47,4.067431190069141e-05,4.01464469752299e-05,-33.906942027275775,-33.964449960211525
48,48,4.064648940762596e-05,3.9972485913159816e-05,-33.91041732589467,-33.98330953442864
49,49,4.020775930857593e-05,3.92828430784376e-05,-33.958418659652715,-34.05889199456345
50,50,3.9549276818396503e-05,3.897305099311971e-05,-34.02886311379284,-34.09327705848915
51,51,3.984672434150347e-05,3.8212006792922405e-05,-33.998042786255965,-34.1789226530232
52,52,3.881745591964309e-05,3.7890043562296536e-05,-34.11377699902326,-34.21567006995332
53,53,3.847305722337831e-05,3.753025712763989e-05,-34.15218887061174,-34.25710571714688
54,54,3.8212589998627515e-05,3.6955551637986085e-05,-34.18291846989628,-34.324124221746175
55,55,3.796462635701695e-05,3.628255246057004e-05,-34.20742521850553,-34.40394279704128
56,56,3.691874407354824e-05,3.601183073585975e-05,-34.33291535121623,-34.43646911390008
57,57,3.6687669917321814e-05,3.56895538731662e-05,-34.35364305255157,-34.47550992361886
58,58,3.612596237028051e-05,3.5100696741689096e-05,-34.417188330954765,-34.54776374371785
59,59,3.480714663383719e-05,3.484456436509438e-05,-34.57208836217785,-34.57957072341762
60,60,3.495274402141768e-05,3.450226320542003e-05,-34.56430627109717,-34.622445276551886
61,61,3.429682758146508e-05,3.404648266855235e-05,-34.64535156915484,-34.68019859840777
62,62,3.510530654445396e-05,3.3623335376001994e-05,-34.550750078939465,-34.73451319087645
63,63,3.380899436978297e-05,3.321058858617969e-05,-34.71389040908794,-34.78815538979039
64,64,3.423666250042872e-05,3.2826924660567834e-05,-34.66477083061963,-34.83861913149
65,65,3.3374784478153216e-05,3.241797410163073e-05,-34.760492432153704,-34.8930624061047
66,66,3.3805649848348824e-05,3.2189882882735934e-05,-34.707675913748446,-34.923727149963746
67,67,3.2685115845956766e-05,3.178978170724708e-05,-34.858220934781656,-34.9780456585058
68,68,3.239840435460642e-05,3.138283232386273e-05,-34.892867336145784,-35.0339997516187
69,69,3.106694011594956e-05,3.109019934000619e-05,-35.07175372518044,-35.07468604976547
70,70,3.1389926025252695e-05,3.074151209148113e-05,-35.03545056881302,-35.12366886125216
71,71,3.174723744600622e-05,3.0494055528451052e-05,-34.98338266641666,-35.158769247845434
72,72,2.995242672470115e-05,3.0305853885549465e-05,-35.22866330820976,-35.18565586555221
73,73,3.0284135438293007e-05,2.9885880825244576e-05,-35.19286976897717,-35.24626051279879
74,74,3.0219533560814373e-05,2.9568521169590223e-05,-35.19282936020471,-35.292625071741114
75,75,2.9741988253159227e-05,2.926794791404207e-05,-35.2588290989959,-35.336998380993464
76,76,2.9542333350880505e-05,2.9130754467730997e-05,-35.29422139538275,-35.35740378860294
77,77,2.961312564310123e-05,2.88109518135714e-05,-35.283733466932865,-35.40534505484743
78,78,2.8352074090453806e-05,2.8469596336914326e-05,-35.46933798280789,-35.45710802139452
79,79,2.8512467569149503e-05,2.8418992243180247e-05,-35.44587872068292,-35.46483438093885
80,80,2.8230151843841275e-05,2.8055549352613622e-05,-35.49616346091615,-35.52073334585255
81,81,2.816854351660424e-05,2.7874128040581892e-05,-35.507456218010056,-35.548908209262756
82,82,2.7686886542798356e-05,2.7648561004561518e-05,-35.58185453381604,-35.584195786173595
83,83,2.8121170975488715e-05,2.7578279753613872e-05,-35.51405164564163,-35.59524938819968
84,84,2.8013132943726175e-05,2.7045078049444494e-05,-35.52440506959464,-35.68003872469078
85,85,2.7888189937040862e-05,2.6815279565390054e-05,-35.54437719832603,-35.71709782476853
86,86,2.774742642941419e-05,2.6806215541192185e-05,-35.57450288387969,-35.71856606272894
87,87,2.7264086702885345e-05,2.6421836848481018e-05,-35.645206835081844,-35.78129105060683
88,88,2.6620914233961267e-05,2.6213205656906785e-05,-35.74555542980584,-35.81571976784962
89,89,2.6953187209317585e-05,2.612935742562465e-05,-35.69664567996942,-35.82963381911767
90,90,2.6379590409990286e-05,2.5973633551314523e-05,-35.78930661131044,-35.85559402578545
91,91,2.601812482999335e-05,2.5740350553716878e-05,-35.849321668025695,-35.89477654384554
92,92,2.5857827926508255e-05,2.5567653976491112e-05,-35.87881645367836,-35.92401231493213
93,93,2.6017223173823238e-05,2.546757442407972e-05,-35.856958602857254,-35.941045276060834
94,94,2.6267993009766833e-05,2.5172225018889693e-05,-35.806617344688846,-35.99170506253705
95,95,2.5044034664085875e-05,2.5029565030739543e-05,-36.010907844707646,-36.01638809171057
96,96,2.5835924518724288e-05,2.4881903300411068e-05,-35.87777489192054,-36.04208513646277
97,97,2.5636356215343148e-05,2.4798586788452476e-05,-35.909075634748746,-36.0566517944215
98,98,2.4828714343776792e-05,2.4568713055678497e-05,-36.05188925039987,-36.09709703470381
99,99,2.4324676018033042e-05,2.4379392064139737e-05,-36.138365748795,-36.130692399320964
100,100,2.45378285717848e-05,2.421535406794742e-05,-36.094175037448856,-36.160012880580716
101,101,2.4348745542157142e-05,2.410997608661235e-05,-36.134074851487085,-36.178953319559334
102,102,2.3628293383433292e-05,2.3866199913563353e-05,-36.26225858239236,-36.223088374395445
103,103,2.3848344838923593e-05,2.3833096221144507e-05,-36.22752953134621,-36.229116452132985
104,104,2.4483195656356066e-05,2.3624964677238542e-05,-36.108197337259085,-36.267209437319664
105,105,2.3548526216247936e-05,2.3487233097272875e-05,-36.27687017754424,-36.292602536516945
106,106,2.3745757587057222e-05,2.338104422960896e-05,-36.243643820821,-36.31228208132138
107,107,2.3708740871408043e-05,2.3382451457253313e-05,-36.24179157584276,-36.312020701716655
108,108,2.227449148608919e-05,2.3204460567764106e-05,-36.52769361965392,-36.345206347169096
109,109,2.369456616207506e-05,2.293120422492441e-05,-36.259904437873296,-36.39665249414355
110,110,2.3512735546337916e-05,2.289364132785091e-05,-36.284195616878556,-36.40377237087429
111,111,2.213531520611309e-05,2.2816853551806783e-05,-36.547026754729345,-36.418363566559634
112,112,2.3316814851156224e-05,2.269271346066441e-05,-36.3243575956036,-36.442056822209
113,113,2.2387944180494386e-05,2.246082179848791e-05,-36.49290209422196,-36.486664693601256
114,114,2.3252256760690553e-05,2.2499575750675593e-05,-36.3289444699011,-36.4791778239681
115,115,2.266778161712639e-05,2.2319354110023643e-05,-36.448829774460634,-36.514104889899755
116,116,2.245917376151822e-05,2.218190188853585e-05,-36.4805646980392,-36.54093331521631
117,117,2.273755589411258e-05,2.2161514368092055e-05,-36.430137643978725,-36.54492677760588
118,118,2.2180524162471668e-05,2.2009630284676524e-05,-36.53249686446828,-36.574793641961
119,119,2.1892640398084378e-05,2.2022832605503745e-05,-36.59558110317448,-36.57218933828183
120,120,2.2023284380094955e-05,2.172432840253398e-05,-36.57308890493156,-36.63145752263116
121,121,2.227233489600284e-05,2.1739860944523426e-05,-36.52545394190755,-36.628353497149746
122,122,2.2801718326254277e-05,2.171969218148948e-05,-36.42137131141864,-36.63238445581878
123,123,2.1360474242213705e-05,2.171255657326822e-05,-36.70992269875589,-36.63381148545333
124,124,2.198869804056606e-05,2.1471885510867362e-05,-36.57522205524988,-36.68221928764401
125,125,2.1602177625514816e-05,2.1607807866530493e-05,-36.65433649597234,-36.65481402066775
126,126,2.1497786414348065e-05,2.1388007122655644e-05,-36.67930875171099,-36.69921791522766
127,127,2.0758983756075902e-05,2.134846104845086e-05,-36.8234889649623,-36.70725538179666
128,128,2.1612717468950407e-05,2.127806606279735e-05,-36.6497939444814,-36.72159958653835
129,129,2.1514616520042034e-05,2.1207538961071375e-05,-36.67321766342546,-36.73601838049085
130,130,2.1664666981207082e-05,2.1177307165711873e-05,-36.642266140181675,-36.74221375706008
131,131,2.111598174807798e-05,2.1137828585587588e-05,-36.75203664480844,-36.7503173985451
132,132,2.1338058020061447e-05,2.1107050423253033e-05,-36.70784938090247,-36.75664563938456
133,133,2.1319748213368866e-05,2.100230075915246e-05,-36.70801155578335,-36.778252381667606
134,134,2.120418438485994e-05,2.1078013991140515e-05,-36.73246058191144,-36.76262423129009
135,135,2.1435814973695405e-05,2.106989976662015e-05,-36.68501177118118,-36.76429641985814
136,136,2.1330105782814743e-05,2.098850812839565e-05,-36.71093276312366,-36.78110541727361
137,137,2.097235753269357e-05,2.0956031556507743e-05,-36.78869329655261,-36.787830678242756
138,138,2.110609417173954e-05,2.0845406317293008e-05,-36.75570551287552,-36.81081746795896
139,139,2.1170083321699965e-05,2.0929778704732216e-05,-36.74187555495745,-36.79327475110763
140,140,2.1037967739756984e-05,2.089876110595038e-05,-36.77292705240645,-36.79971570004963
141,141,2.1334053918067605e-05,2.0875824415461946e-05,-36.71146134010496,-36.804484761903346
142,142,2.057017903182699e-05,2.081303223109755e-05,-36.861136746472795,-36.81756754804439
143,143,2.09234968800975e-05,2.0888587402480068e-05,-36.79413755718034,-36.80183039912612
144,144,2.0957373091788993e-05,2.0879275995723317e-05,-36.79259611125665,-36.803766764700605
145,145,2.1150025147398618e-05,2.090325621171168e-05,-36.74641651398983,-36.79878167831552
146,146,2.0435736437367766e-05,2.0774437775559674e-05,-36.8993492770007,-36.82562832398547
147,147,2.137556376257316e-05,2.0778302362151934e-05,-36.697549165293815,-36.824820498253096
148,148,2.1450808322022323e-05,2.090390319752164e-05,-36.68681395550902,-36.79864726001438
149,149,2.0708321872663555e-05,2.079935352651917e-05,-36.84018339192032,-36.82042274897737
150,150,2.148956509793691e-05,2.0829902017507457e-05,-36.68613652275653,-36.81404884520478
151,151,2.0909023547086616e-05,2.0741034811515802e-05,-36.796362637004506,-36.83261691170463
152,152,2.0947362386745152e-05,2.087409819451798e-05,-36.7901015074518,-36.80484389465573
153,153,2.0640956697122618e-05,2.0735648592419336e-05,-36.85047390855712,-36.83374487327392
154,154,2.0964918034805284e-05,2.076589206760553e-05,-36.7810046640657,-36.82741519177146
155,155,2.0887236864040197e-05,2.0744231063106684e-05,-36.79883968277328,-36.83194770329911
156,156,2.0935352724861623e-05,2.0767005863538207e-05,-36.79162991171274,-36.827182260552235
157,157,2.0752110207674198e-05,2.080451179752249e-05,-36.820660193875405,-36.81934582565453
158,158,2.0730553195480563e-05,2.0675586519677093e-05,-36.8308620066368,-36.84634273227698
159,159,2.1458731277290126e-05,2.0799434806624623e-05,-36.68558205927763,-36.82040577756897
160,160,2.1300220161963844e-05,2.071900330759634e-05,-36.71480345524591,-36.83723251840204
161,161,2.14039811026785e-05,2.0762530958132918e-05,-36.694174133799365,-36.82811818562187
162,162,2.0897451661570364e-05,2.0744940373237785e-05,-36.801525702503945,-36.831799206973315
163,163,2.0749564278845618e-05,2.064289808339182e-05,-36.83689871686829,-36.853214431759156
164,164,2.0951800702137335e-05,2.0662785525354066e-05,-36.78889043423669,-36.84903243731375
165,165,2.048280224436294e-05,2.0639804796174805e-05,-36.88126269148813,-36.85386526006162
166,166,2.0596298275721865e-05,2.0669867138310922e-05,-36.86236342086398,-36.84754426500347
167,167,2.0700211758388102e-05,2.0579496202500242e-05,-36.838697425269025,-36.866573727939155
168,168,2.055951230919238e-05,2.062157229949279e-05,-36.86679879458047,-36.857703364251556
169,169,2.058092562122314e-05,2.0563479665725026e-05,-36.86474273056026,-36.86995505549034
170,170,2.0852201384148374e-05,2.0650328798709732e-05,-36.79605020043935,-36.85165140608271
171,171,1.9942663382926655e-05,2.0654822229086055e-05,-37.00125900724086,-36.85070650116098
172,172,2.0903278869134493e-05,2.0582579676748108e-05,-36.795019275920936,-36.86592306306143
173,173,2.0953120228929864e-05,2.0626311819988157e-05,-36.78227614307269,-36.85670532633955
174,174,2.0722355629070228e-05,2.0543783074045724e-05,-36.835458630535086,-36.874116909704476
175,175,2.081210325356842e-05,2.0511139538077833e-05,-36.819173676088425,-36.881023224283226
176,176,2.1577754092298344e-05,2.047566603754316e-05,-36.65710807649031,-36.888540740794376
177,177,2.073758206119912e-05,2.0405919904557156e-05,-36.83173904537079,-36.90335933913384
178,178,2.045699588539794e-05,2.0495388095074113e-05,-36.89107333799278,-36.88435965168141
179,179,2.1450457622740567e-05,2.053933880425144e-05,-36.68277072788677,-36.875056527614234
180,180,2.0913734138939054e-05,2.0484623220047643e-05,-36.79834881603614,-36.886641313291484
181,181,2.0292818993128976e-05,2.0328240440760153e-05,-36.922989922186005,-36.91992322708085
182,182,2.0449350551043797e-05,2.036723928636332e-05,-36.8920144723289,-36.91159945808029
183,183,2.069220180104465e-05,2.0375062376842834e-05,-36.84147661156154,-36.9099316460374
184,184,2.122796518660928e-05,2.0387182829788225e-05,-36.73233878192437,-36.90734893943682
185,185,2.0530703070632917e-05,2.032277203206353e-05,-36.868919578453486,-36.92109166033335
186,186,2.0253727560669074e-05,2.0293771596793942e-05,-36.931078484987154,-36.92729343430297
187,187,2.0735807533897387e-05,2.02436424986349e-05,-36.83503798430707,-36.9380345248715
188,188,2.0706810451865186e-05,2.0194642035532622e-05,-36.83951474855875,-36.94855952186216
189,189,2.0300395918479573e-05,2.0266192127325522e-05,-36.9188814974569,-36.93319956051718
190,190,2.0227256811136313e-05,2.0224596530744365e-05,-36.932493769125315,-36.94212245138695
191,191,2.0357451962199682e-05,2.009280682326981e-05,-36.913507407811665,-36.970515027209395
192,192,2.0630376460870785e-05,2.003847810939126e-05,-36.84903641919649,-36.98227377109212
193,193,2.0383887400835053e-05,2.0109196779422316e-05,-36.90528193745854,-36.966973876384984
194,194,2.0020614692370634e-05,2.0013983454478684e-05,-36.99444622769211,-36.98758575161742
195,195,2.056991044022671e-05,1.9933310604277433e-05,-36.866226207052044,-37.00512677517676
196,196,2.0180281241017528e-05,1.9913455856256308e-05,-36.95249958000257,-37.00945475909351
197,197,2.0044048245292344e-05,1.9949679259106663e-05,-36.97252479747703,-37.00156193869284
198,198,2.0512430872015065e-05,1.9928650161952982e-05,-36.8688176097861,-37.00614228186788
199,199,2.0847736402746584e-05,1.9750510211068966e-05,-36.8079955200067,-37.045137924284425
200,200,1.9733255359505604e-05,1.9912370494000098e-05,-37.0404832995986,-37.00969147324714
201,201,1.9709351644704248e-05,1.9823150116855303e-05,-37.04815185947226,-37.02919441771058
202,202,2.012806885666334e-05,1.9772018851271194e-05,-36.96569193550471,-37.04041095721179
203,203,1.988385423659959e-05,1.9587424886642685e-05,-37.01243222481828,-37.081147675218396
204,204,1.967879386038757e-05,1.9630628421988438e-05,-37.05584624634873,-37.07157908983154
205,205,1.9503171961801365e-05,1.9624250853667036e-05,-37.09379150631692,-37.07299024829409
206,206,2.0010746468579247e-05,1.9496043119273198e-05,-36.97854973937379,-37.101456348762355
207,207,2.0313397510914546e-05,1.953589286897209e-05,-36.92323978250343,-37.09258846559213
208,208,1.9753441960084583e-05,1.929181354697855e-05,-37.041267435088734,-37.14719055713268
209,209,1.946962119919337e-05,1.9391454148525984e-05,-37.102559484196426,-37.12481733909453
210,210,1.934586159513481e-05,1.9291281588314297e-05,-37.126882052026644,-37.147310312539396
211,211,1.944419593726088e-05,1.9332070510963124e-05,-37.10999125966418,-37.138137410835185
212,212,1.9538494795137783e-05,1.9338221184290505e-05,-37.087373658187886,-37.1367558833672
213,213,1.957226414588993e-05,1.911219054531294e-05,-37.08581210688513,-37.18781644974212
214,214,1.9637024838020714e-05,1.9153797438775655e-05,-37.06739014030765,-37.178372213587345
215,215,1.890099956091438e-05,1.914501435270435e-05,-37.23788343261294,-37.180364153129744
216,216,1.9409945173148237e-05,1.9115742265727787e-05,-37.12341799895577,-37.18700945210011
217,217,1.8934424344441833e-05,1.9023513423713955e-05,-37.226171630151555,-37.20801382384853
218,218,1.890933210758994e-05,1.895453246298099e-05,-37.22918058416972,-37.223790350969935
219,219,1.866179620977623e-05,1.8900123330623548e-05,-37.28576474614974,-37.23627473458119
220,220,1.9179924399311147e-05,1.8840908380393796e-05,-37.177145819600675,-37.24990273894005
221,221,1.8866508268269942e-05,1.879821066770666e-05,-37.24378438747938,-37.2597559923812
222,222,1.8955589364419004e-05,1.8723291759670246e-05,-37.21826112712956,-37.277099067410056
223,223,1.908948488375076e-05,1.8582475556621303e-05,-37.18703684728804,-37.30988541375651
224,224,1.8748969120407337e-05,1.8569937071190095e-05,-37.27082707334517,-37.312816795519254
225,225,1.8780164751173214e-05,1.8460243537495108e-05,-37.262693081604425,-37.33854685405412
226,226,1.868291868977957e-05,1.847472393771903e-05,-37.29349498841658,-37.33514153997639
227,227,1.8738276931921082e-05,1.84289386341238e-05,-37.272904492496934,-37.345917876806034
228,228,1.8491704198372784e-05,1.837323926386154e-05,-37.32504498580822,-37.359063809466576
229,229,1.7886174702521812e-05,1.82808288101162e-05,-37.477093950141544,-37.38096229837811
230,230,1.8365302859126234e-05,1.8322455664594217e-05,-37.356369378508674,-37.37108432089497
231,231,1.8367465881309136e-05,1.815902899244592e-05,-37.35961393811602,-37.40999489559153
232,232,1.7896639142283264e-05,1.813836029453485e-05,-37.476668921997785,-37.414940872477146
233,233,1.8450521209385826e-05,1.810832791785575e-05,-37.342616702099164,-37.422137611874916
234,234,1.8303781777746933e-05,1.807466244492006e-05,-37.37467742730557,-37.43021916245934
235,235,1.8196206866312274e-05,1.7815210460532016e-05,-37.394942697803096,-37.493011543118335
236,236,1.800977049439548e-05,1.7826083661164278e-05,-37.44754799174474,-37.49036171162479
237,237,1.803772074802594e-05,1.7780010287089298e-05,-37.44164280945373,-37.50160103673596
238,238,1.7841227727518514e-05,1.773669732517048e-05,-37.483120592222804,-37.51219356681315
239,239,1.7803920742415958e-05,1.7762905228760485e-05,-37.4936996152181,-37.505781128836176
240,240,1.773362230581829e-05,1.763381164652712e-05,-37.52247225345139,-37.53745913964375
241,241,1.7994582870499273e-05,1.760857096661838e-05,-37.45166612182243,-37.54367999593401
242,242,1.7451141755691894e-05,1.7341984762185203e-05,-37.573165707422575,-37.609933112925994
243,243,1.7292630527850804e-05,1.7391147019608117e-05,-37.61835335243984,-37.59763885077352
244,244,1.719795401401928e-05,1.7248247642878834e-05,-37.64686806976431,-37.633471326165555
245,245,1.7539907763496078e-05,1.709397259362863e-05,-37.561365061763844,-37.6724910825091
246,246,1.729884288298055e-05,1.7005523420122797e-05,-37.617792513173264,-37.69502107774186
247,247,1.7506876472382537e-05,1.7005237168632448e-05,-37.57670038060249,-37.69509418251256
248,248,1.6636018896401626e-05,1.6810617604565586e-05,-37.780751058083275,-37.74508442321196
249,249,1.6608543370876787e-05,1.6819172120257892e-05,-37.7922048973344,-37.74287496601876
250,250,1.6835451628814798e-05,1.668039969540826e-05,-37.739970089501384,-37.778856585980726
251,251,1.6632540754256195e-05,1.658417807591736e-05,-37.79312996841647,-37.803981591458815
252,252,1.7011086307207997e-05,1.652139953397349e-05,-37.6915628551253,-37.82045277788573
253,253,1.6357645427447517e-05,1.64300990945776e-05,-37.86178441904978,-37.84451928784385
254,254,1.651776022571511e-05,1.629983729033388e-05,-37.82455243223632,-37.879088424071696
255,255,1.6376087063990688e-05,1.626227980236045e-05,-37.85845200939059,-37.88910682488251
256,256,1.6482302534004514e-05,1.625139104458197e-05,-37.83126613464476,-37.892015710573716
257,257,1.5964128325912937e-05,1.6115427426580265e-05,-37.96584000392775,-37.928502828648135
258,258,1.5865465309278868e-05,1.6108708462668704e-05,-37.99779108372717,-37.930313899085036
259,259,1.6249712156347893e-05,1.6015037640739282e-05,-37.886339459812774,-37.955641478407465
260,260,1.576693846369174e-05,1.5826309113196513e-05,-38.018974315495704,-38.007124676382695
261,261,1.606080951608691e-05,1.579263157748899e-05,-37.942231807088135,-38.01637607641901
262,262,1.5820713406824746e-05,1.568792154821016e-05,-38.00733561815382,-38.04526702724771
263,263,1.585046151582723e-05,1.561166175777448e-05,-37.993402017026646,-38.06642978292321
264,264,1.5954173953283205e-05,1.5507967107527964e-05,-37.973766187993164,-38.09537240384792
265,265,1.546396170036217e-05,1.5498912513354107e-05,-38.106575690351356,-38.09790884766003
266,266,1.5622955354197028e-05,1.5292746435366816e-05,-38.06455743547448,-38.156066239041365
267,267,1.548082227881676e-05,1.522349913629066e-05,-38.10352349361341,-38.17577624656768
268,268,1.5079670147409246e-05,1.5126658485984846e-05,-38.212418130662584,-38.203491096227246
269,269,1.4886286511138734e-05,1.5063150481422016e-05,-38.267223538186464,-38.22176296846903
270,270,1.5115271858074679e-05,1.4931626346400376e-05,-38.2076553657545,-38.25984998108416
271,271,1.5039094157061496e-05,1.4794338408376606e-05,-38.2310347254074,-38.29996562970123
272,272,1.5057862077172985e-05,1.4673822414280088e-05,-38.22785469488042,-38.335488527339116
273,273,1.4462375681254456e-05,1.4626857831133652e-05,-38.39538705903225,-38.34941071385602
274,274,1.4592013733996169e-05,1.4423394196982323e-05,-38.36226758472932,-38.410246384672114
275,275,1.4543750141231227e-05,1.4353971317560584e-05,-38.380398548287914,-38.43120037500451
276,276,1.410852105296145e-05,1.4225580056709556e-05,-38.512049407103916,-38.47022127529543
277,277,1.4122045829879557e-05,1.4073026872402375e-05,-38.49704154244769,-38.51704594628662
278,278,1.4152322374056238e-05,1.4008318717778342e-05,-38.48960134082033,-38.537060973085886
279,279,1.398863874670759e-05,1.3833501486116898e-05,-38.54673604134309,-38.591599904999796
280,280,1.3714009761203023e-05,1.3709214391909833e-05,-38.622947897428176,-38.63079543372395
281,281,1.3921311657429318e-05,1.3563196645057024e-05,-38.571354100700944,-38.67730053192534
282,282,1.3355289580037616e-05,1.3416650433914343e-05,-38.73888243410829,-38.72448007046912
283,283,1.353166617170161e-05,1.326282390915654e-05,-38.68471688272836,-38.774561080551194
284,284,1.3289512044701547e-05,1.3133962487412837e-05,-38.76555058426317,-38.81696340037784
285,285,1.3125871051089075e-05,1.3002928330694741e-05,-38.82219176207073,-38.86050942762076
286,286,1.28647932272252e-05,1.2865097232861444e-05,-38.907004208892474,-38.90679038675918
287,287,1.2815657813466855e-05,1.2709306678229232e-05,-38.922533054976974,-38.95970252138157
288,288,1.2704164714470852e-05,1.2568916501645857e-05,-38.966640420093825,-39.007942704605796
289,289,1.2607917081358838e-05,1.230542521194653e-05,-38.99403669387154,-39.099954863076974
290,290,1.2212294565223292e-05,1.2189764722853924e-05,-39.12968534319239,-39.14096788287765
291,291,1.242198685730793e-05,1.2021061784731788e-05,-39.06677771206823,-39.201492822759214
292,292,1.2064858798187265e-05,1.1807241064257381e-05,-39.17975417224944,-39.27943681413459
293,293,1.1808117445061444e-05,1.1701226053685931e-05,-39.274144212674464,-39.31860742103061
294,294,1.1615863860646004e-05,1.1579216286343963e-05,-39.34877086962571,-39.364129454560704
295,295,1.1562236902614835e-05,1.1493412641453018e-05,-39.36777007466819,-39.39643112370011
296,296,1.167250270883255e-05,1.1471955220162941e-05,-39.33065436580296,-39.404546684861636
297,297,1.1383479319455237e-05,1.1271800662813658e-05,-39.430919263949036,-39.48098811731422
298,298,1.1525488065972146e-05,1.1241575473257781e-05,-39.387081510348516,-39.49264931006101
299,299,1.1268965863564517e-05,1.1145798836016757e-05,-39.48122086700493,-39.52980911115639
300,300,1.1293807914363552e-05,1.1039669755662448e-05,-39.4715769474432,-39.57136029621759
301,301,1.1039686093503519e-05,1.0949073743847149e-05,-39.563385940452505,-39.60714730755814
302,302,1.1061378339120696e-05,1.0913220218131564e-05,-39.57422656136807,-39.621391926500294
303,303,1.0799621957199428e-05,1.0783723634009029e-05,-39.656884211291285,-39.67323362374461
304,304,1.0852475263407578e-05,1.0676445813978238e-05,-39.64082113976359,-39.71665411347884
305,305,1.0658183595127806e-05,1.06431846832397e-05,-39.71834010408304,-39.73020513375863
306,306,1.0703256811746204e-05,1.0497264395924408e-05,-39.70346782844848,-39.790159756099726
307,307,1.0605430877158423e-05,1.0427950272921743e-05,-39.7451410798145,-39.81893160070483
308,308,1.0494614864151071e-05,1.0390419591107944e-05,-39.79480916415917,-39.83459025772532
309,309,1.0241134893392169e-05,1.0237214921385443e-05,-39.89157015203905,-39.899102905644824
310,310,1.020112747787654e-05,1.0162009618254256e-05,-39.91455672753712,-39.93112509949834
311,311,1.0269290177132358e-05,1.0090728306079799e-05,-39.88600557590496,-39.9616959867372
312,312,1.0079869443683324e-05,9.952639055355624e-06,-39.97085648479802,-40.0215385744655
313,313,1.0056714852476738e-05,9.917207678786086e-06,-39.97626275093797,-40.03702703579659
314,314,9.933742917711083e-06,9.78731546446828e-06,-40.02924797891319,-40.09428524868675
315,315,9.827652245372314e-06,9.728211281119576e-06,-40.07227747986434,-40.120591173707865
316,316,9.711617786172038e-06,9.624349283847933e-06,-40.123285063695214,-40.167207356841544
317,317,9.597285694776333e-06,9.578018857849346e-06,-40.178436893139136,-40.18816423804588
318,318,9.558157057419766e-06,9.451031713213429e-06,-40.1944389625701,-40.24612891124118
319,319,9.478760439003626e-06,9.34295119230611e-06,-40.22922209171503,-40.29608031486507
320,320,9.3637715986709e-06,9.31002073469388e-06,-40.28450151838635,-40.311414633644446
321,321,9.33982177155054e-06,9.208561000138471e-06,-40.297463143229145,-40.35900342244068
322,322,9.245131709060833e-06,9.0982737578758e-06,-40.34541840530237,-40.41133111407055
323,323,9.189170228149959e-06,9.041896048170442e-06,-40.3692495607832,-40.43832601800104
324,324,9.027497915517461e-06,8.99072122257693e-06,-40.45184026987541,-40.46297579978095
325,325,9.035555710406979e-06,8.928069435473604e-06,-40.448922743487145,-40.493345523741205
326,326,8.942026172532969e-06,8.848347007235708e-06,-40.489309331261644,-40.53229965479903
327,327,8.881367976596031e-06,8.759326814661586e-06,-40.51751803813011,-40.57621381201234
328,328,8.751235777568e-06,8.714484178390672e-06,-40.57407436080741,-40.598504258265685
329,329,8.702843317842427e-06,8.637123851497707e-06,-40.60119697419399,-40.63722964399301
330,330,8.640733718381206e-06,8.575390797647598e-06,-40.63611021583034,-40.66838190749486
331,331,8.555550463365621e-06,8.508386312506014e-06,-40.67292724442907,-40.702449113109374
332,332,8.456803791971455e-06,8.450703717244323e-06,-40.72745919954703,-40.73199236028139
333,333,8.45814597174542e-06,8.384542860240848e-06,-40.73710978821167,-40.76612722478001
334,334,8.336900295428668e-06,8.333964998248694e-06,-40.79199472768596,-40.792404394450244
335,335,8.397706607734717e-06,8.280673969956728e-06,-40.75511982640386,-40.820264258194
336,336,8.289859429216036e-06,8.221718369321407e-06,-40.816407756621444,-40.85129515412336
337,337,8.208775557484597e-06,8.179869119454739e-06,-40.85984886238961,-40.87345756705205
338,338,8.251165089643915e-06,8.128088905466843e-06,-40.82992341603676,-40.90103666278415
339,339,8.23616884406068e-06,8.07355172582902e-06,-40.842304679736905,-40.93027479511123
340,340,8.065703424136635e-06,8.032008137984361e-06,-40.942194485690784,-40.95267971754445
341,341,8.039255749515843e-06,8.003305083548184e-06,-40.947276690985134,-40.96822739197614
342,342,8.034551317849168e-06,7.948431558409203e-06,-40.94140376821868,-40.99810672575366
343,343,7.95194964010398e-06,7.90593946332688e-06,-41.00009238846258,-41.021386270025886
344,344,7.927471190284741e-06,7.897443873317619e-06,-41.01634643745102,-41.02605563498194
345,345,7.859343801926312e-06,7.849778069756116e-06,-41.04561203687484,-41.05234733107988
346,346,7.862087648991105e-06,7.82149891165318e-06,-41.043670777152,-41.06802122372091
347,347,8.01504395979267e-06,7.805364116632662e-06,-40.9641728226819,-41.07698944072189
348,348,7.817176373998909e-06,7.754821796736092e-06,-41.0734477971576,-41.105202892608794
349,349,7.846145800828812e-06,7.71672256106333e-06,-41.05119068890046,-41.12659225217227
350,350,7.75683740132606e-06,7.70895875527793e-06,-41.101327184327516,-41.13096389479437
351,351,7.744054111060099e-06,7.681750981933683e-06,-41.111158595329684,-41.146318869761885
352,352,7.753981405125928e-06,7.716500668290169e-06,-41.10538682617248,-41.12671713445451
353,353,7.779080261599055e-06,7.645854063747193e-06,-41.09234864748758,-41.166661071876376
354,354,7.670215311627918e-06,7.682045394942275e-06,-41.14655697019263,-41.146152423993
355,355,7.660143211003592e-06,7.66551963687035e-06,-41.165835539078294,-41.15550511062282
356,356,7.644443672857566e-06,7.630877414493098e-06,-41.1642268066348,-41.17517634652327
357,357,7.648480488531971e-06,7.615908041196618e-06,-41.1619754643901,-41.183704200906746
358,358,7.65139136382993e-06,7.581339679362779e-06,-41.154473118161796,-41.203461560872505
359,359,7.5527653317510265e-06,7.595949060295855e-06,-41.21046299043964,-41.19510067956925
360,360,7.68297632864992e-06,7.566295990775536e-06,-41.15184521908035,-41.21208784847433
361,361,7.663664469761251e-06,7.55335787815918e-06,-41.15177076344657,-41.21952049519459
362,362,7.617995027796553e-06,7.5428758559849625e-06,-41.18475923996644,-41.225551516177966
363,363,7.5852147853494015e-06,7.526975160113866e-06,-41.201804915205685,-41.23471628765519
364,364,7.581148870532658e-06,7.5099629659809195e-06,-41.20410026812665,-41.24454316215229
365,365,7.532113932498273e-06,7.489806026378095e-06,-41.23489290839525,-41.25621541245896
366,366,7.571058528445008e-06,7.5027696048461e-06,-41.2052967314135,-41.24870501246372
367,367,7.503752484124036e-06,7.473073094986735e-06,-41.240293443728085,-41.26592881419099
368,368,7.690552447644391e-06,7.4813011499492475e-06,-41.14372793257039,-41.26114974531244
369,369,7.504262968498167e-06,7.454600108758314e-06,-41.25117376644808,-41.27667760265805
370,370,7.50888342661279e-06,7.475970170688877e-06,-41.24545399323676,-41.26424551716055
371,371,7.485590995389598e-06,7.482881037982511e-06,-41.26085906380481,-41.260232706681386
372,372,7.481228918156385e-06,7.418258687003369e-06,-41.2596519534643,-41.297901377536036
373,373,7.471274001705076e-06,7.417775984657438e-06,-41.26868720004892,-41.29818397995636
374,374,7.489565745082782e-06,7.38958083514406e-06,-41.26233459404234,-41.314723073054616
375,375,7.550014654099737e-06,7.3870704143605264e-06,-41.21348654496085,-41.31619872797213
376,376,7.421448576819457e-06,7.413915155714341e-06,-41.29707173128929,-41.300444998915786
377,377,7.5557160747961195e-06,7.366364187825973e-06,-41.221338613255,-41.32838925319142
378,378,7.419512286039967e-06,7.3757521596761715e-06,-41.29068853844732,-41.322857964703616
379,379,7.4463311610782405e-06,7.37104516558343e-06,-41.28096775497043,-41.32563039262158
380,380,7.424811569434655e-06,7.357734399480059e-06,-41.29019189488075,-41.33348005024843
381,381,7.391784338230452e-06,7.373463799204298e-06,-41.31241039670802,-41.324205592043654
382,382,7.502211181267787e-06,7.334622607327458e-06,-41.237103227623635,-41.347143388367954
383,383,7.383663717884758e-06,7.333074168663619e-06,-41.31843268489337,-41.34806033992489
384,384,7.403667022464509e-06,7.360387515195486e-06,-41.29588257204795,-41.33191431579641
385,385,7.397968644356072e-06,7.30932077586706e-06,-41.31261247472199,-41.36215089888937
386,386,7.3518654249879155e-06,7.290175146504464e-06,-41.34198218099599,-41.37354149209262
387,387,7.340453957459834e-06,7.289499320138834e-06,-41.34445591185209,-41.37394411790186
388,388,7.31014596070607e-06,7.29407838662155e-06,-41.35755802613757,-41.371216853836685
389,389,7.350944631924126e-06,7.309145219455547e-06,-41.33830089166095,-41.362255209671105
390,390,7.302530175553498e-06,7.300223794453287e-06,-41.36772364969052,-41.36755937595937
391,391,7.387364779994463e-06,7.3025459258994825e-06,-41.311382260272616,-41.36617814636915
392,392,7.268074550103341e-06,7.282140909649713e-06,-41.38448021058174,-41.37833033289517
393,393,7.314157052682388e-06,7.2703445240270075e-06,-41.356832776119745,-41.38537120069442
394,394,7.304262711391088e-06,7.256079626179264e-06,-41.35613106156615,-41.393900716764584
395,395,7.403108691168077e-06,7.240970693314203e-06,-41.30107237115357,-41.40295321834512
396,396,7.377612516777554e-06,7.229676755646085e-06,-41.31682029283891,-41.409732314887194
397,397,7.334539818141811e-06,7.2783480295344675e-06,-41.33951693289481,-41.38059293128552
398,398,7.365413633114886e-06,7.247564003352493e-06,-41.32615537090147,-41.39900052274861
399,399,7.246209575502699e-06,7.218085317474202e-06,-41.40783990895787,-41.416701004833804
400,400,7.471976267570239e-06,7.230301387033633e-06,-41.26513322457909,-41.40935710828269
401,401,7.260983271482905e-06,7.203208760505444e-06,-41.384121342814,-41.42566110072816
402,402,7.241201611699599e-06,7.206306738800394e-06,-41.39751865725427,-41.42379367513797
403,403,7.261151298284999e-06,7.202828615654174e-06,-41.39071245133657,-41.425890302981294
404,404,7.280889972723353e-06,7.236400338833367e-06,-41.37403424395071,-41.405695262868115
405,405,7.209641517340397e-06,7.191653965396415e-06,-41.42183879282743,-41.432633289249466
406,406,7.276050799885422e-06,7.195967603030639e-06,-41.390764253964605,-41.43002912139768
407,407,7.284283836589125e-06,7.165667595568505e-06,-41.38685273744758,-41.44835453544027
408,408,7.258720345526319e-06,7.181751171676871e-06,-41.39251651944854,-41.43861757662924
409,409,7.187059870290993e-06,7.165867588666611e-06,-41.441744829963916,-41.44823332595669
410,410,7.156719961524677e-06,7.195504024007517e-06,-41.44515158731336,-41.43030891184157
411,411,7.282179847175733e-06,7.167436395224956e-06,-41.38543241348483,-41.44728263931117
412,412,7.234055200823014e-06,7.1378755436805814e-06,-41.40581505501107,-41.46523140272765
413,413,7.20413972135482e-06,7.136946590579005e-06,-41.42475845966835,-41.46579664858884
414,414,7.200067538525621e-06,7.109785440805258e-06,-41.42041946683112,-41.48235616797112
415,415,7.135902570112616e-06,7.128376086927203e-06,-41.46343367171676,-41.471015069475754
416,416,7.200307105993432e-06,7.1286361545437675e-06,-41.426089104785845,-41.470856626838696
417,417,7.182539986350787e-06,7.129472769999043e-06,-41.43694968721796,-41.47034696952293
418,418,7.286569260819287e-06,7.099242626090448e-06,-41.37171825262133,-41.488800925590084
419,419,7.123842201555405e-06,7.1150239388149015e-06,-41.47470153903786,-41.47915745954392
420,420,7.197007421710464e-06,7.08127699430119e-06,-41.433485958050476,-41.49980528810058
421,421,7.207969861390422e-06,7.0746799984159515e-06,-41.4268440889608,-41.50385310926729
422,422,7.088607603269413e-06,7.088754524662172e-06,-41.48317271638022,-41.49522174081471
423,423,7.107857382112511e-06,7.083037895714178e-06,-41.47534763305747,-41.498725462105874
424,424,7.280730651754564e-06,7.086521451894537e-06,-41.37926143328758,-41.49659005447618
425,425,7.112103001830845e-06,7.07702659048281e-06,-41.47762756897335,-41.502412841990896
426,426,7.115415892539457e-06,7.049545681519176e-06,-41.47887809100584,-41.51930982442357
427,427,7.138374778301066e-06,7.054032769366658e-06,-41.456289862590154,-41.51654638737884
428,428,7.2149826703081866e-06,7.024619136293615e-06,-41.42316763043982,-41.534693291227356
429,429,7.131475684349725e-06,7.007281438793718e-06,-41.47353253000407,-41.54542550835594
430,430,7.1265325431406535e-06,7.000391035130872e-06,-41.46569526399408,-41.54969811615112
431,431,7.025044021819545e-06,7.016356831675359e-06,-41.529835158315926,-41.53980443695663
432,432,7.054694500785097e-06,6.961479716425713e-06,-41.51782254642076,-41.57390549501993
433,433,7.0429725533311696e-06,6.991573890876393e-06,-41.526186633584146,-41.55517159699956
434,434,7.016939983343748e-06,6.98451894047474e-06,-41.53785240703962,-41.55955612181168
435,435,7.006279988157066e-06,7.004010871912071e-06,-41.54362131521683,-41.54745300038694
436,436,7.096438216696285e-06,6.973101215790896e-06,-41.48816725098199,-41.566661424688
437,437,6.976590283716412e-06,6.945715420825811e-06,-41.56743202642315,-41.58375126112137
438,438,7.2527012627088155e-06,6.9692545318838186e-06,-41.39389007995539,-41.56905785419689
439,439,6.9602448402480315e-06,6.919482577933722e-06,-41.57637057739134,-41.600184913937156
440,440,6.945851720919348e-06,6.932920912636052e-06,-41.57996012807634,-41.59175865571851
441,441,7.020833778632241e-06,6.9249911480016494e-06,-41.53216184916595,-41.59672888988412
442,442,6.964656147398066e-06,6.870049913375528e-06,-41.563073492033034,-41.631322192041594
443,443,6.902511926192656e-06,6.867110809444536e-06,-41.61104683784768,-41.63318056243444
444,444,6.904580374990924e-06,6.864408676751497e-06,-41.60194177215777,-41.634889799834255
445,445,6.940237405437186e-06,6.858192280464879e-06,-41.58990306351163,-41.63882454485481
446,446,7.069716057512122e-06,6.8621880497008345e-06,-41.50057364018002,-41.636294963986884
447,447,6.9295394833838165e-06,6.8613584947965325e-06,-41.592377614857945,-41.63682000482329
448,448,6.947006868264823e-06,6.821397643139598e-06,-41.577108687778704,-41.66218744766074
449,449,6.959760721844018e-06,6.824531857618192e-06,-41.57552375360447,-41.66019246142398
450,450,6.9074956243020635e-06,6.828191065946349e-06,-41.59854135334169,-41.65786446570913
451,451,6.861592610971222e-06,6.802827556384727e-06,-41.63680767032869,-41.67402649330537
452,452,6.966442873180285e-06,6.783963583170828e-06,-41.572624892116934,-41.68608603650961
453,453,6.956452584886064e-06,6.786060758282761e-06,-41.579932261727855,-41.6847436784371
454,454,6.882272396772528e-06,6.799709832481121e-06,-41.623724386104676,-41.676017313506684
455,455,6.8029135786439174e-06,6.766471774187123e-06,-41.66728093251565,-41.69729837048899
456,456,6.856165262283914e-06,6.759521272071747e-06,-41.64274248752179,-41.70176172481799
457,457,6.862231934177282e-06,6.7424100387525915e-06,-41.629804034971805,-41.71276951032135
458,458,6.859886647380898e-06,6.741117263836234e-06,-41.64090998974453,-41.71360229687881
459,459,6.777428140041368e-06,6.711940051517511e-06,-41.69463547901479,-41.732440426945885
460,460,6.803566680225897e-06,6.719402766688482e-06,-41.68115397483156,-41.727614377315334
461,461,6.873383300285006e-06,6.719281109805084e-06,-41.62519061173511,-41.727693008398
462,462,6.772936834862514e-06,6.680843613905477e-06,-41.69320750358365,-41.75260805731802
463,463,6.698083794129996e-06,6.695086564210023e-06,-41.737690479902284,-41.74335914979718
464,464,6.773334415314464e-06,6.699976294935607e-06,-41.69258910662266,-41.74018845446149
465,465,6.694326544937812e-06,6.674687052796607e-06,-41.736169975698694,-41.75661203255974
466,466,6.752464512303668e-06,6.6389670313296125e-06,-41.70432022743128,-41.779915996056246
467,467,6.686856157046481e-06,6.665937953106263e-06,-41.74823607672635,-41.76230844672355
468,468,6.6755137454820965e-06,6.646885068269177e-06,-41.75707491111297,-41.77473942155923
469,469,6.641047070140125e-06,6.635441087909337e-06,-41.767859761918835,-41.782223138933254
470,470,6.646364749705997e-06,6.625177392331687e-06,-41.77063734520952,-41.78894600370772
471,471,6.737819401997072e-06,6.622641003081012e-06,-41.718147160048346,-41.790608979204684
472,472,6.653990276765736e-06,6.577637027236817e-06,-41.77113233651043,-41.820222073800515
473,473,6.595035845692241e-06,6.6104275662694e-06,-41.8108245718554,-41.79862560768456
474,474,6.79796088305236e-06,6.580811307350431e-06,-41.67438937294757,-41.81812673196531
475,475,6.650362550870566e-06,6.564839359749672e-06,-41.762148439945655,-41.8286800812018
476,476,7.0189583677403656e-06,6.524070230577643e-06,-41.53398694421594,-41.85573484075902
477,477,6.798003615238992e-06,6.573539442462406e-06,-41.685801477937744,-41.82292838455279
478,478,6.604539807479332e-06,6.56613651460104e-06,-41.80566036864191,-41.82782203805048
479,479,6.6548128256492665e-06,6.537635128647947e-06,-41.76158150313565,-41.84671433028902
480,480,6.618176531943747e-06,6.533162903858618e-06,-41.796589571301475,-41.84968624159665
481,481,6.546195858315992e-06,6.520222349967011e-06,-41.848028644340324,-41.85829705462286
482,482,6.6387111830183655e-06,6.50554341662332e-06,-41.778556489913115,-41.86808531976479
483,483,6.5306402828674e-06,6.522130254444691e-06,-41.84692978464879,-41.85702643663284
484,484,6.63670978366971e-06,6.508485344774702e-06,-41.785509768594366,-41.866121802997625
485,485,6.598673397880684e-06,6.484186805640715e-06,-41.807537396360814,-41.88236593452798
486,486,6.557706249801301e-06,6.47721344648744e-06,-41.83035305755909,-41.887039027918945
487,487,6.626167647744896e-06,6.437926027789026e-06,-41.78298742400563,-41.91346129275356
488,488,6.4778880008929e-06,6.473906715224362e-06,-41.879482905348404,-41.889256743690204
489,489,6.662038414134193e-06,6.443955546848501e-06,-41.76979404298212,-41.90939575771178
490,490,6.509460453128565e-06,6.433758866669929e-06,-41.86798848589103,-41.91627331799702
491,491,6.500861030703557e-06,6.4433391966495515e-06,-41.87307546671568,-41.90981117071483
492,492,6.439510118595826e-06,6.438223360754292e-06,-41.899456359309255,-41.91326072026527
493,493,6.43395669706563e-06,6.4262054653035624e-06,-41.91673280377563,-41.921375044293555
494,494,6.428929802646006e-06,6.435958168463242e-06,-41.91294541724113,-41.914788989103755
495,495,6.5121058262953625e-06,6.373321388022496e-06,-41.8677484719195,-41.957262923432445
496,496,6.650778218077978e-06,6.392032063511004e-06,-41.76811968205491,-41.94453166774504
497,497,6.492828504764775e-06,6.374063057017721e-06,-41.88125003012091,-41.95675756054208
498,498,6.446528853293503e-06,6.361386041182988e-06,-41.90172126647229,-41.965403600112346
499,499,6.391740794008245e-06,6.356415532967444e-06,-41.943828213339664,-41.96879831324353
500,500,6.424251915097894e-06,6.354933439548691e-06,-41.92134856975797,-41.96981105390188
501,501,6.464389707147835e-06,6.323339484400717e-06,-41.89785539026666,-41.99145612948443
502,502,6.523298874451507e-06,6.349601909804685e-06,-41.85749573905576,-41.97345613657539
503,503,6.352188524333448e-06,6.323806557798219e-06,-41.97125074346693,-41.991135349762914
504,504,6.375098109856481e-06,6.3125470612584124e-06,-41.95854872473538,-41.9988748269219
505,505,6.4621520595182186e-06,6.317119043256082e-06,-41.88724668601003,-41.99573050525377
506,506,6.342376393862201e-06,6.285517644611996e-06,-41.97404547015345,-42.01751061707675
507,507,6.308080098757066e-06,6.3115660994203365e-06,-42.00461290605357,-41.99954976750373
508,508,6.318038432845683e-06,6.274810761839801e-06,-41.994615862118394,-42.024914788499935
509,509,6.353065244409138e-06,6.260631117153312e-06,-41.96238813973296,-42.034739961204096
510,510,6.3175469165930124e-06,6.247487913481707e-06,-41.99935962419979,-42.04386686975993
511,511,6.286233239040587e-06,6.255419760380296e-06,-42.015369713201764,-42.038356539057105
512,512,6.394262832192496e-06,6.229746424268294e-06,-41.9388966593401,-42.056217420932256
513,513,6.2845884272486656e-06,6.26786906746259e-06,-42.02378220319014,-42.02972195875687
514,514,6.4344397840838995e-06,6.286774039740282e-06,-41.908531178662216,-42.016642604328055
515,515,6.266692646922539e-06,6.252606789003996e-06,-42.02316207236713,-42.040309937480515
516,516,6.310574477050902e-06,6.2593084246480814e-06,-42.003755175918364,-42.035657598316476
517,517,6.30599088628852e-06,6.2213281173746125e-06,-42.00054896095818,-42.06209004626392
518,518,6.260183684005205e-06,6.19837804774043e-06,-42.03773717387368,-42.07814050641751
519,519,6.308899942597077e-06,6.2107222124483856e-06,-42.00767028999367,-42.069500066301295
520,520,6.238690373945631e-06,6.194602328354162e-06,-42.05398212068922,-42.08078680149044
521,521,6.2321380646983355e-06,6.195983659333586e-06,-42.05824584105005,-42.07981847856346
522,522,6.17206739296251e-06,6.174978280844363e-06,-42.1032194615115,-42.09456677183155
523,523,6.392804190215532e-06,6.147124143976007e-06,-41.94107597467174,-42.11420127595695
524,524,6.416301168672399e-06,6.169316604523613e-06,-41.932199609456404,-42.09855053109795
525,525,6.2008120292694474e-06,6.144107182511729e-06,-42.07455165632808,-42.11633328325153
526,526,6.2527272526382415e-06,6.130927790524622e-06,-42.03353247567931,-42.12565910501384
527,527,6.128837942446105e-06,6.140176490015093e-06,-42.12183318653664,-42.119112571267195
528,528,6.186621610056333e-06,6.152267647657457e-06,-42.07669045950888,-42.11056890870731
529,529,6.201781447482963e-06,6.125204986586284e-06,-42.07440299226477,-42.12971484167607
530,530,6.4163384673314065e-06,6.085077960673707e-06,-41.92994755280968,-42.15825964893651
531,531,6.1978261112823565e-06,6.120952356899292e-06,-42.07591478448553,-42.132731124464335
532,532,6.262332088639239e-06,6.114424578347673e-06,-42.032080555692765,-42.137365192524584
533,533,6.203408997628019e-06,6.104423535266266e-06,-42.084661709374664,-42.144474534997904
534,534,6.117606236077017e-06,6.105580053515855e-06,-42.12961583492146,-42.14365181698334
535,535,6.135973753490109e-06,6.049229461113052e-06,-42.12028627130711,-42.18392052977186
536,536,6.117936181064729e-06,6.103155005563933e-06,-42.13627948359344,-42.14537711440789
537,537,6.131481885737212e-06,6.07286306388376e-06,-42.120804146063676,-42.166986231911494
538,538,6.128049480861423e-06,6.04222350375494e-06,-42.12529190978206,-42.188953256558975
539,539,6.138507207239301e-06,6.048240337756732e-06,-42.12286788415986,-42.18463071268395
