,epoch,train_loss,test_loss,train_dbs,test_dbs
0,0,0.0004738527596160078,0.00045398761224197716,-6.150422080969815,-6.345340837094162
1,1,0.000436099963838753,0.00042353532779471656,-6.509979912484861,-6.646884449163725
2,2,0.00041195178241228934,0.00040408065787663584,-6.760029274442511,-6.851100237557581
3,3,0.00039468033745712074,0.00038982057594694197,-6.942534472164041,-7.007133275227141
4,4,0.00038222329374210736,0.00037851860274952883,-7.08276284805212,-7.134908580454341
5,5,0.00037269147452610285,0.00036941830675411776,-7.195986151010983,-7.24059672957002
6,6,0.0003641420938122595,0.0003622558448880323,-7.2937264217224795,-7.325626849185567
7,7,0.00035713527852083683,0.00035582727899676874,-7.379801377346029,-7.403388467293758
8,8,0.00035083849647936903,0.00034993780795239697,-7.4555958505809805,-7.47587219300645
9,9,0.00034546051186403815,0.00034454133128747344,-7.524021289005288,-7.543367588552
10,10,0.00034057891768038504,0.0003403561223469871,-7.585459255317682,-7.5964451920096865
11,11,0.00033616071018467166,0.00033612420788573985,-7.642724302905886,-7.650782945587781
12,12,0.0003321889284446106,0.0003322232836293743,-7.694167006565882,-7.701480199301145
13,13,0.0003285695745888137,0.00032852468001166066,-7.7426065703308655,-7.750100853688506
14,14,0.00032510493369533,0.000325794679443597,-7.7877872341858945,-7.786340987652967
15,15,0.00032195117271783733,0.0003227769093906605,-7.828427901467066,-7.826756274491535
16,16,0.0003193708985189418,0.00032006510790731564,-7.865713339500468,-7.863397544807153
17,17,0.0003162473503178581,0.00031768124379021555,-7.9046854159786175,-7.895865119126472
18,18,0.0003137711076109104,0.00031496489291863615,-7.940946439980806,-7.933159378125826
19,19,0.00031157551254097795,0.0003123292056108384,-7.97153804693734,-7.969654897294819
20,20,0.0003089766439948154,0.00031066113794957727,-8.007287446081081,-7.992911575970478
21,21,0.0003071738717256632,0.00030804138422306434,-8.032458314022099,-8.02969020047021
22,22,0.00030513825381088273,0.00030665052288800086,-8.063121033234733,-8.049343767624281
23,23,0.0003033655409979605,0.0003040484229323307,-8.088090219731399,-8.086353312138112
24,24,0.00030117270989180305,0.0003027242323457214,-8.118406141252551,-8.105308997524903
25,25,0.0002994384177355576,0.0003007606918751997,-8.144958976222386,-8.133570111144351
26,26,0.0002976168788964716,0.00029907134165497204,-8.170695621030955,-8.158032873300098
27,27,0.00029612107102797587,0.00029797876241469855,-8.192906741605837,-8.173927742475177
28,28,0.0002944699144134893,0.0002958588914847688,-8.215798296845533,-8.204934606115843
29,29,0.0002927751296569507,0.0002943140494416615,-8.242449455427337,-8.227670921543396
30,30,0.00029126520102997264,0.00029299092191075414,-8.264843616722073,-8.247239220322612
31,31,0.0002899834194302213,0.00029157008056675916,-8.283441514808112,-8.268351294782754
32,32,0.00028839247624063384,0.0002903448705757527,-8.307151824054339,-8.28663928423899
33,33,0.0002872118466538521,0.0002887266730938695,-8.323390382290615,-8.310911796816669
34,34,0.000285898661420959,0.00028733412067307845,-8.344442131580303,-8.331908851874097
35,35,0.0002846164693671864,0.00028639775700867176,-8.36558295305557,-8.346084739580032
36,36,0.0002833509415066465,0.00028538929243375987,-8.385086143702225,-8.361404116072839
37,37,0.00028209559308585815,0.00028367791980455975,-8.401739616896423,-8.38752552718202
38,38,0.0002810627647517153,0.00028256363676566824,-8.419671519515095,-8.404618147605893
39,39,0.0002796784932629119,0.00028140113021149054,-8.440956566850861,-8.422522489376332
40,40,0.0002786219891127122,0.00028040136461832414,-8.458199267964652,-8.437979634641733
41,41,0.0002777441380756725,0.00027889744562440013,-8.471454255480095,-8.461335496749614
42,42,0.0002764572741070129,0.00027786575619278376,-8.490264868856503,-8.477430581286534
43,43,0.0002756113247686671,0.0002770477516797224,-8.506120471796448,-8.490234562392722
44,44,0.0002744119187106484,0.00027629787617019917,-8.523110107161427,-8.502005397070707
45,45,0.0002732552958834801,0.0002751357326480119,-8.542063019774117,-8.520310892348078
46,46,0.00027273086436121655,0.00027452703675647313,-8.550889851208332,-8.5299296400468
47,47,0.0002713759575872058,0.00027299480892619803,-8.570141148012972,-8.554236974414692
48,48,0.0002703772543943919,0.00027199411660579865,-8.586942662173191,-8.570185762395095
49,49,0.00026942858323646883,0.0002715639757776731,-8.602871391087938,-8.577059280781016
50,50,0.0002686424100154665,0.00027061178269305905,-8.617478799242498,-8.592313840619212
51,51,0.00026789682508643103,0.00026944660394771124,-8.628376359987383,-8.61105372124017
52,52,0.0002669162573304853,0.000268707689093916,-8.643231485703883,-8.622979923424753
53,53,0.00026594545270949984,0.00026753156194708457,-8.660597755766744,-8.642030612009858
54,54,0.00026530216864463827,0.00026702372767766446,-8.669241941644538,-8.650282319234973
55,55,0.00026417525287731984,0.0002660048446973394,-8.689441761196361,-8.666885398991962
56,56,0.0002635493020937519,0.0002648950727521687,-8.698073370469999,-8.685042061599065
57,57,0.0002626929827905788,0.00026472713139618893,-8.712755578903767,-8.687796327038038
58,58,0.00026175702070534114,0.0002639017919519622,-8.72622998387762,-8.701357471415092
59,59,0.00026132302033503725,0.0002632326948897619,-8.732954843819886,-8.712382563693573
60,60,0.00026050573271896077,0.0002623140317155048,-8.749558694926836,-8.727565638136598
61,61,0.0002597537644497916,0.0002614098025093737,-8.76224976489275,-8.742562173300456
62,62,0.00025902200699063764,0.00026097187564071074,-8.772961010935902,-8.749843794193655
63,63,0.00025803101226236174,0.00026034322447805226,-8.788868669099783,-8.760318068323167
64,64,0.00025775841123438874,0.00025951869228217557,-8.796675925539056,-8.774094422064232
65,65,0.0002566108320474855,0.00025849256168217644,-8.813819975609308,-8.791300358683586
66,66,0.00025602481591985706,0.00025809675648097734,-8.824492993183274,-8.797955395571979
67,67,0.0002555884917437089,0.0002576274043684335,-8.832867744323936,-8.805860283661298
68,68,0.0002547534270879342,0.00025671146087054357,-8.845421194780574,-8.821328281678092
69,69,0.000253862693705404,0.0002558031931249915,-8.860059142789947,-8.836721249658794
70,70,0.0002533303931974758,0.00025565212279999336,-8.869872166116712,-8.839286830986868
71,71,0.00025281003111080486,0.0002549913011822163,-8.880481712969319,-8.850527212390062
72,72,0.0002520967229298249,0.0002542073335988741,-8.890391735480911,-8.86390011016314
73,73,0.00025126944189848014,0.0002534694779713295,-8.905925174893872,-8.876524159393439
74,74,0.000250830028365731,0.0002534168306738138,-8.912950028238914,-8.877426311631147
75,75,0.0002501846636770312,0.00025214327462507705,-8.92615929014259,-8.899306975414934
76,76,0.00024952456584925156,0.00025162640667986125,-8.93607819127801,-8.908218705658975
77,77,0.0002487746096448973,0.0002512413400262104,-8.948490683176193,-8.914869852272654
78,78,0.0002482636317433117,0.00025070076471341674,-8.957332296732435,-8.924224276376505
79,79,0.0002480085815252621,0.0002501119980527284,-8.962424355830072,-8.934435606784797
80,80,0.00024720763195949346,0.0002496932429494336,-8.977683880111954,-8.941712964373895
81,81,0.0002467938655022455,0.00024903436669295554,-8.981874679699178,-8.953188025444824
82,82,0.00024598700110800564,0.0002477630968266902,-8.995443000777337,-8.975414656358229
83,83,0.000245783358005826,0.00024738420095098644,-9.00223358895748,-8.982061261152035
84,84,0.00024511425734315183,0.00024705724009484246,-9.013731952038999,-8.987805007712558
85,85,0.0002443145380893089,0.0002466509843208386,-9.026456193759953,-8.994952333683148
86,86,0.0002438898287418289,0.0002461316348911312,-9.03367009166033,-9.004106498875535
87,87,0.0002433346934285322,0.0002455963733250667,-9.04523261181765,-9.013561369553925
88,88,0.0002431338784985782,0.00024478625518416886,-9.052362611410734,-9.027910579248264
89,89,0.0002421593290847275,0.00024505191341679737,-9.064701723812432,-9.023199884034621
90,90,0.0002420043505874664,0.0002444798845221828,-9.069044426465851,-9.033349545672062
91,91,0.0002413839838388328,0.00024354144452924006,-9.082617965300313,-9.050052086672636
92,92,0.000240614904317592,0.00024291275507206783,-9.095248959212794,-9.061277666154528
93,93,0.00024009550790801722,0.0002424666339433507,-9.104672298519525,-9.069261029412427
94,94,0.00023982486193735612,0.00024244213924056997,-9.107634708480152,-9.069699788818355
95,95,0.00023933467002148673,0.0002413195079976791,-9.117459979037534,-9.089856551223747
96,96,0.00023871984905275256,0.0002407080242655387,-9.1262336618713,-9.10087518129449
97,97,0.0002380289728741267,0.00024047479995428339,-9.13993977849182,-9.10508514201035
98,98,0.00023781781033228736,0.0002400265082925264,-9.145648723674869,-9.1131887891027
99,99,0.0002370838922887714,0.00023939401465835735,-9.159381823619716,-9.124647983750227
100,100,0.0002368327887901633,0.00023865858154175314,-9.164203834280622,-9.138010312450243
101,101,0.000236168197420973,0.00023873530842952038,-9.174785943872132,-9.136614313676155
102,102,0.00023561027444078173,0.000237871741869879,-9.185102666117604,-9.152352335251567
103,103,0.00023505252368325732,0.0002376362926473743,-9.196869167436555,-9.156653179781472
104,104,0.0002344733472558257,0.0002369075289032863,-9.205624613520541,-9.169992235401093
105,105,0.00023399628176757126,0.00023624386047135646,-9.214191361859463,-9.182175554875453
106,106,0.00023390007230510802,0.00023579253741589032,-9.21871287701965,-9.190480303117306
107,107,0.00023338029574550035,0.0002357198973186314,-9.226098221778255,-9.191818430866654
108,108,0.00023292441799583816,0.0002353772112033575,-9.236242031886002,-9.198136733927583
109,109,0.0002321436223826016,0.00023454879058255372,-9.249089539171836,-9.213448884165754
110,110,0.0002316889374399289,0.00023463761623899795,-9.259572016483098,-9.211804484739632
111,111,0.0002313135439330789,0.00023357076478484822,-9.26440011540451,-9.231596035689375
112,112,0.0002309848643244081,0.00023319687247031222,-9.273914776907413,-9.238553647605816
113,113,0.00023055918479923966,0.0002325719588521966,-9.279879691958477,-9.250207355651984
114,114,0.00022991571981056602,0.00023195501355650393,-9.291802926949948,-9.26174322379341
115,115,0.00022962639518154152,0.00023168668313270531,-9.296229977389917,-9.266770141614892
116,116,0.0002289348319124853,0.0002317348446108793,-9.309317457791717,-9.265867453110609
117,117,0.00022836337295077625,0.00023088021599074922,-9.322971398161556,-9.281913662914231
118,118,0.0002282327813631615,0.00023022202444017718,-9.323236557238367,-9.294312177930188
119,119,0.00022752076500220244,0.00023039858742298462,-9.333615458019274,-9.290982742341665
120,120,0.00022731120422117643,0.0002303406248469592,-9.34171219185173,-9.292075457109028
121,121,0.00022677949749139742,0.00022885810176376253,-9.351185109545385,-9.320117949129566
122,122,0.00022632464662688718,0.00022898292196546927,-9.359304506828195,-9.317749933885638
123,123,0.0002258310282600506,0.00022823780646400623,-9.368592386264762,-9.331905015535146
