,epoch,train_loss,test_loss,train_dbs,test_dbs
0,0,3.677116666912082e-05,3.386528126276588e-05,-34.33065025757527,-34.71645805996891
1,1,3.081470025528088e-05,2.9582501347728173e-05,-35.11158053488102,-35.30365599945248
2,2,2.831541573446959e-05,2.7884937624453176e-05,-35.476815252135246,-35.56030815559199
3,3,2.71268637549941e-05,2.7008904381593885e-05,-35.66758082616595,-35.69893525565015
4,4,2.6746104679462866e-05,2.6720935286568037e-05,-35.72687076559514,-35.74548837667383
5,5,2.6461759074495087e-05,2.6250411361903197e-05,-35.77787035205897,-35.82264379431825
6,6,2.5807697253635385e-05,2.590392824985381e-05,-35.88053737163608,-35.880348644408755
7,7,2.5644714021593208e-05,2.5651309490632756e-05,-35.909784934880264,-35.92290952319271
8,8,2.536322038573304e-05,2.5150650655728225e-05,-35.954441446189186,-36.00851268038244
9,9,2.4965868001298488e-05,2.51011236909299e-05,-36.020851175149105,-36.017073291330576
10,10,2.4563923437471175e-05,2.4520178588940517e-05,-36.087631522775524,-36.11876863943945
11,11,2.3729867383192014e-05,2.4089984818649674e-05,-36.249489128146315,-36.19563966609849
12,12,2.4313840841977692e-05,2.3933517169146063e-05,-36.14126944014055,-36.22393967522609
13,13,2.3746588190125792e-05,2.3798724310166252e-05,-36.24118817392998,-36.24846814849795
14,14,2.3051523328962803e-05,2.3664181035679865e-05,-36.37248220345236,-36.2730901381427
15,15,2.3255360144137684e-05,2.3345190320948238e-05,-36.33009275317967,-36.332030740650424
16,16,2.3796190080903807e-05,2.336786823625995e-05,-36.23388070963535,-36.32781397790404
17,17,2.3140085891240814e-05,2.3235598890000563e-05,-36.356681509348306,-36.352466221606456
18,18,2.3946250152708746e-05,2.3352105544242812e-05,-36.206961415854764,-36.330744480585786
19,19,2.3089654888215443e-05,2.3064072497378985e-05,-36.36314095651828,-36.384644984171
20,20,2.2296040997295593e-05,2.3024834598273675e-05,-36.51704343591583,-36.39203973846387
21,21,2.287594556431022e-05,2.297301733434372e-05,-36.402350356765176,-36.401824526390286
22,22,2.244177597173437e-05,2.27647805762612e-05,-36.49525271968673,-36.441370243047686
23,23,2.3122380982911018e-05,2.2672649433125596e-05,-36.36598170188592,-36.45898219949053
24,24,2.270757429813006e-05,2.265898633356157e-05,-36.427808717903616,-36.46160015440245
25,25,2.2826845630221477e-05,2.2462032096595258e-05,-36.41798724494157,-36.49951449434247
26,26,2.2421514492550357e-05,2.232917942915504e-05,-36.49632386496351,-36.52527729360876
27,27,2.239968811990525e-05,2.2242845500984816e-05,-36.49689849100088,-36.542101476739106
28,28,2.1575950301770173e-05,2.207314183148188e-05,-36.65335715952475,-36.57536339051933
29,29,2.2540313712505447e-05,2.1858428130814756e-05,-36.47680058356919,-36.617815648868614
30,30,2.1062849892709e-05,2.1854152261144727e-05,-36.75791712809012,-36.618665283729925
31,31,2.104812870832753e-05,2.1754344312572166e-05,-36.76086849799839,-36.638544949578176
32,32,2.1538530295542514e-05,2.168642927962968e-05,-36.67641549139999,-36.652124426017885
33,33,2.1451025231820578e-05,2.1549285616186497e-05,-36.68475290164234,-36.679676155491755
34,34,2.1771498854222862e-05,2.154907968743876e-05,-36.61927502479442,-36.67971765763142
35,35,2.135840599500447e-05,2.148447741714527e-05,-36.70443553245947,-36.69275698436656
36,36,2.1351955061599602e-05,2.1359107689166097e-05,-36.6987406679243,-36.71817387528798
37,37,2.170452463013641e-05,2.1195635302942e-05,-36.64076304041292,-36.751540545845906
38,38,2.0203593446718307e-05,2.119580533058309e-05,-36.941285761014356,-36.751505707649706
39,39,2.1311546737068938e-05,2.122198614080461e-05,-36.721460803876006,-36.74614466339899
40,40,2.0558715601209862e-05,2.1196481515959787e-05,-36.868076612648,-36.7513671618907
41,41,2.050333129313772e-05,2.1101633377072988e-05,-36.87795069146303,-36.77084419649745
42,42,2.045443310747679e-05,2.108675222476258e-05,-36.89432479892708,-36.77390797934129
43,43,2.0363954774307485e-05,2.1036345922192068e-05,-36.91356728019586,-36.78430189169418
44,44,2.059683149277542e-05,2.087755647631926e-05,-36.85128368064476,-36.81720825741339
45,45,2.0359756349863185e-05,2.0938109388991604e-05,-36.91115311023489,-36.80463028517524
46,46,2.0777918423133536e-05,2.078186528371206e-05,-36.82804075978448,-36.83715967692408
47,47,2.0929388230478692e-05,2.0803670658527774e-05,-36.78750105324192,-36.832605230474556
48,48,2.081282782080624e-05,2.0730828461972506e-05,-36.818070043943806,-36.84783834854129
49,49,2.008678000999408e-05,2.076164386572169e-05,-36.97207793943897,-36.841387558065016
50,50,2.112427325497715e-05,2.0731201163327666e-05,-36.74743346999878,-36.84776027125302
51,51,2.020343203484933e-05,2.068111031181424e-05,-36.948242862076064,-36.85826641797139
52,52,2.0253071608711945e-05,2.090934724133388e-05,-36.92959979690414,-36.81060017916078
53,53,2.030186232397832e-05,2.0694914335188897e-05,-36.91859489610097,-36.85536859902758
54,54,2.018651589283182e-05,2.0505942876824473e-05,-36.94712839775638,-36.89520749688434
55,55,2.0473855329328217e-05,2.050837850363582e-05,-36.88835795251886,-36.89469168716237
56,56,1.9718953695963737e-05,2.0484631788445096e-05,-37.04912341882934,-36.89972331009066
57,57,2.065317477393636e-05,2.0597604624957678e-05,-36.85367867971684,-36.875837753967176
58,58,2.0237870764325746e-05,2.0456000416551862e-05,-36.935485393147054,-36.905797690567944
59,59,1.9562344109029245e-05,2.0376804394273724e-05,-37.08733742548939,-36.922644164255495
60,60,1.937728901578236e-05,2.0441624751823073e-05,-37.123744587900724,-36.908850812648666
61,61,1.9769641551544372e-05,2.0411541156231817e-05,-37.040846049039686,-36.91524695925432
62,62,1.965440074367432e-05,2.0247715024436874e-05,-37.060958762675526,-36.95024473183872
63,63,1.983671435735551e-05,2.020230022026226e-05,-37.02049601048831,-36.95999672180355
64,64,1.9891471779796046e-05,2.0183614699482477e-05,-37.015297793062544,-36.96401545910903
65,65,2.0620685888585734e-05,2.02152342880206e-05,-36.86038516469251,-36.957217138874455
66,66,2.015575350971218e-05,2.0148122721844918e-05,-36.96197197272801,-36.97165905445315
67,67,2.0230384704059222e-05,2.006559493326533e-05,-36.944905665563155,-36.989484520782014
68,68,2.0008681831220118e-05,2.0051080546660448e-05,-36.99758082345629,-36.99262711333753
69,69,1.9343486754448733e-05,2.0060400378210225e-05,-37.13457411800202,-36.990608962227746
70,70,1.923688264891023e-05,1.9973323919418218e-05,-37.15888141233905,-37.00950147640541
71,71,1.881077497676687e-05,1.996775005720433e-05,-37.255129829226505,-37.01071361087105
72,72,1.943775040456682e-05,1.9886542615591008e-05,-37.10904587270826,-37.02841207707185
73,73,1.933981612759472e-05,1.9899540539451043e-05,-37.137201307774816,-37.02557443819826
74,74,1.9492934539418466e-05,1.99830870578329e-05,-37.10211114999444,-37.00737912501286
75,75,1.920236201802948e-05,1.987866342364884e-05,-37.16570270241331,-37.030133124172046
76,76,1.911185644690029e-05,1.974216085823412e-05,-37.18322905025743,-37.06005806720543
77,77,1.9399676396638713e-05,1.97773005263451e-05,-37.11897179295808,-37.05233480001314
78,78,1.9467447309955215e-05,1.9959767087129876e-05,-37.11395143863133,-37.01245023771223
79,79,1.8958462551944247e-05,1.9727046540203063e-05,-37.2167319855269,-37.063384237489636
80,80,1.924025913392621e-05,1.9787299798305246e-05,-37.158931199640094,-37.050139590814936
81,81,1.9332066210726105e-05,1.9624080299476382e-05,-37.13716801207855,-37.08611180633781
82,82,1.9055502917515548e-05,1.9567612645531834e-05,-37.19785918318916,-37.09862650302023
83,83,1.969502978475426e-05,1.9573917980826655e-05,-37.05409826343966,-37.097227287248664
84,84,1.8470363214611407e-05,1.9567348556991322e-05,-37.33132450788821,-37.098685116695755
85,85,1.9382592616932823e-05,1.957021088042223e-05,-37.12538710612512,-37.09804987459505
86,86,1.9386962307668074e-05,1.9522824148129746e-05,-37.12160327016159,-37.10857850529073
87,87,1.9248358568671092e-05,1.9397168503737223e-05,-37.1474009530678,-37.13662154377741
88,88,1.9551110621175692e-05,1.9428447366839175e-05,-37.08886812344674,-37.12962397772229
89,89,1.9338372084414153e-05,1.941437250551596e-05,-37.13814568255224,-37.13277134698839
90,90,1.891453016985006e-05,1.9412191680825536e-05,-37.22786573358635,-37.13325921922221
91,91,1.815610177856666e-05,1.9369233469708553e-05,-37.40020570273487,-37.14288058903966
92,92,1.9363687203725386e-05,1.93998211647053e-05,-37.13065661997591,-37.13602766469945
93,93,1.8825854183268883e-05,1.943426286743488e-05,-37.250119713416545,-37.12832420227079
94,94,1.8900237544997807e-05,1.9286759628525224e-05,-37.227493137453024,-37.16141225029267
95,95,1.9039096523837797e-05,1.9241941548611258e-05,-37.20738846962181,-37.171516018642315
96,96,1.919972950905578e-05,1.9215786204241387e-05,-37.166212627765574,-37.177423348142625
97,97,1.9003297959138717e-05,1.919345873159871e-05,-37.21908927718601,-37.18247249673796
98,98,1.931233583894299e-05,1.9240601815047404e-05,-37.15084143009567,-37.171818409723244
99,99,1.9511888362122244e-05,1.931320620267223e-05,-37.0953531854258,-37.155461155379925
100,100,1.893758102240324e-05,1.9096195740674278e-05,-37.22477342284214,-37.20453635272633
101,101,1.863211173727417e-05,1.9228626306836593e-05,-37.30089269382047,-37.17452233572117
102,102,1.8521355469630115e-05,1.908140625585618e-05,-37.31953657091326,-37.2079011486444
103,103,1.818223298653617e-05,1.8959888429411587e-05,-37.401214959815825,-37.23564715540826
104,104,1.879277771745974e-05,1.8953852400284776e-05,-37.25906392906473,-37.23702998606921
105,105,1.9325325223521242e-05,1.895988278097081e-05,-37.14193021896762,-37.23564844923815
106,106,1.810380189519642e-05,1.896708358560174e-05,-37.417438548499305,-37.23399934831938
107,107,1.859185301993383e-05,1.9036378800688237e-05,-37.29726272495071,-37.21816154776275
108,108,1.8461886677109714e-05,1.88675243120279e-05,-37.335796237402846,-37.25685574638363
109,109,1.873744204391356e-05,1.8873112247475594e-05,-37.27546005431056,-37.255569700482376
110,110,1.896120690063756e-05,1.8921438583531296e-05,-37.22220398108527,-37.24446340496818
111,111,1.8365793104899193e-05,1.8890332237213825e-05,-37.365047449007434,-37.25160896695177
112,112,1.8947370213917912e-05,1.8760932490342958e-05,-37.21943045308888,-37.28146072236799
113,113,1.857145650422719e-05,1.8802907394082897e-05,-37.31383783538145,-37.271754858049455
114,114,1.841626586029474e-05,1.8707679038542618e-05,-37.34853938769622,-37.293805826650456
115,115,1.7979614087905538e-05,1.8651039681572e-05,-37.45257072245833,-37.30697446833854
116,116,1.8382000000445297e-05,1.869820310898113e-05,-37.35539839874464,-37.29600619930375
117,117,1.8425551388645545e-05,1.8640478341886162e-05,-37.34894545749131,-37.30943440127386
118,118,1.8814962224740194e-05,1.864371499418906e-05,-37.25642083526364,-37.3086803765182
119,119,1.8016585431958202e-05,1.857260782631592e-05,-37.438450583229745,-37.32527604522965
120,120,1.8150257431246707e-05,1.8621743708392484e-05,-37.41342077460004,-37.313801477730756
121,121,1.8164525527870716e-05,1.8524036166031454e-05,-37.411903059544585,-37.33664872686474
122,122,1.8016276072492325e-05,1.8563630347719146e-05,-37.44379773427563,-37.32737581067906
123,123,1.7712996109882634e-05,1.8502373821224626e-05,-37.51631661282399,-37.34173041741552
124,124,1.843858169110914e-05,1.842748837301961e-05,-37.348286394099624,-37.359343470686724
125,125,1.758951307659952e-05,1.8471136316197533e-05,-37.5515051525886,-37.34906879521038
126,126,1.8327173297011448e-05,1.8523296890443337e-05,-37.367684606130894,-37.33682205286803
127,127,1.788602911773589e-05,1.8405081678601593e-05,-37.474532283097574,-37.36462743807223
128,128,1.7366085567400004e-05,1.8301476446044706e-05,-37.60676602913759,-37.38914365674388
129,129,1.8204816602594722e-05,1.840038246308196e-05,-37.404065731461216,-37.36573642741832
130,130,1.839220722197836e-05,1.8291091021781443e-05,-37.35787555907172,-37.39160881996307
131,131,1.8231073086427225e-05,1.8285962668367e-05,-37.397679328857066,-37.39282664118104
132,132,1.804565414841846e-05,1.829806263374753e-05,-37.42983820352829,-37.38995383079771
133,133,1.7768127812833535e-05,1.826339776973902e-05,-37.50073361650296,-37.39818914935435
134,134,1.811012034241432e-05,1.8245906798447802e-05,-37.42738404514611,-37.40235040796276
135,135,1.7416311305909796e-05,1.8247667436586007e-05,-37.57656428050104,-37.40193135587226
136,136,1.7795525346843635e-05,1.8236863118210367e-05,-37.49113858387665,-37.40450354519035
137,137,1.7630785317958296e-05,1.829257560434359e-05,-37.53367955778005,-37.391256342437174
138,138,1.753275141849953e-05,1.8252851747858683e-05,-37.5707318451583,-37.40069766504065
139,139,1.7894150220957637e-05,1.8132634020156202e-05,-37.46869837412476,-37.42939596858079
140,140,1.7744594881207247e-05,1.8213558608917274e-05,-37.5115896037983,-37.41005685332175
141,141,1.8063193444326427e-05,1.8124764545446898e-05,-37.43283917602896,-37.431281194565344
142,142,1.782452759518079e-05,1.817164976321357e-05,-37.48223702450737,-37.42006135201511
143,143,1.775144747372587e-05,1.810231271137079e-05,-37.50886554815612,-37.436664300040356
144,144,1.7483863565448512e-05,1.80819135111003e-05,-37.58134276213711,-37.44156105311547
145,145,1.764657411785237e-05,1.801438467832907e-05,-37.54061830341578,-37.45781060507906
146,146,1.7644764017118694e-05,1.8023959982153764e-05,-37.533629860715905,-37.45550278447817
147,147,1.7121580602873007e-05,1.7957873895188402e-05,-37.666204088697995,-37.471455754118125
148,148,1.7743804014618534e-05,1.794524072657192e-05,-37.51440077457989,-37.47451204363691
149,149,1.767570027312235e-05,1.8057192056929988e-05,-37.527376837144956,-37.44750275678341
150,150,1.762585614733794e-05,1.8094224192042785e-05,-37.5336335734806,-37.43860525885571
151,151,1.770875289516833e-05,1.8097897162461824e-05,-37.51901002123981,-37.43772376822683
152,152,1.7664690577222836e-05,1.8015455105724915e-05,-37.53257706229607,-37.457552551913004
153,153,1.76425908873555e-05,1.794978087625503e-05,-37.52336925329959,-37.47341341665364
154,154,1.7200833549254967e-05,1.8008859450147658e-05,-37.63933407152028,-37.45914284274244
155,155,1.76103579638179e-05,1.8000088139639335e-05,-37.54032984154784,-37.46125861234035
156,156,1.775490518505733e-05,1.7982227434817776e-05,-37.50853015705421,-37.46557006704255
157,157,1.738359243091443e-05,1.7977965781985978e-05,-37.59918214892565,-37.466599434324394
158,158,1.7586908405664683e-05,1.800326203680781e-05,-37.54935180804332,-37.46049290246991
159,159,1.788823929299977e-05,1.7987314573761787e-05,-37.47467383289349,-37.46434162972396
160,160,1.7832627723766993e-05,1.7992111440291507e-05,-37.496609043120806,-37.463183605315336
161,161,1.79775728067454e-05,1.8028158544774142e-05,-37.46171445124861,-37.45449124193327
162,162,1.8144028433301538e-05,1.800223153144256e-05,-37.408081263228674,-37.46074149941969
163,163,1.73217613431091e-05,1.796969517224505e-05,-37.61278831024929,-37.46859782873476
164,164,1.7462296980119926e-05,1.8031031686405186e-05,-37.583348714406185,-37.45379916340863
165,165,1.7727815735345278e-05,1.8058046311795662e-05,-37.51562602654015,-37.44729730435328
166,166,1.729313217512435e-05,1.8019928766558512e-05,-37.62346599317488,-37.45647423054376
167,167,1.760288526468488e-05,1.7985912372272362e-05,-37.54119539197434,-37.464680197276216
168,168,1.7743994005248862e-05,1.8103455946210918e-05,-37.50899277128691,-37.43639003403184
169,169,1.6771262343138813e-05,1.804930769522846e-05,-37.74766749356757,-37.44939944289711
170,170,1.698852076852867e-05,1.806612248114298e-05,-37.708008790100266,-37.44535542668074
171,171,1.7973329291991605e-05,1.804292103196004e-05,-37.46057636340006,-37.45093644559382
172,172,1.7381886387626118e-05,1.801616321915246e-05,-37.60355488321186,-37.457381851973075
173,173,1.8066118210515117e-05,1.8123282595632573e-05,-37.42511282477908,-37.43163630480048
174,174,1.801826032739704e-05,1.809343848435674e-05,-37.449734793833905,-37.43879384716855
175,175,1.7602821975105116e-05,1.8049398644698638e-05,-37.5423499203973,-37.44937755909183
176,176,1.7763021009459315e-05,1.8097911714377052e-05,-37.50173935432624,-37.437720276211216
177,177,1.746047429648017e-05,1.807056861779481e-05,-37.57082694750841,-37.44428674409542
178,178,1.8102554087218057e-05,1.816904669364081e-05,-37.42008478212404,-37.42068351882181
179,179,1.7549510846141312e-05,1.8215261039394565e-05,-37.55513687157722,-37.409650935057144
180,180,1.8536146413192836e-05,1.8192942901039617e-05,-37.31198328520739,-37.41497536444334
181,181,1.681074985585322e-05,1.822294263164574e-05,-37.74090391110882,-37.40781984963567
182,182,1.74802811126994e-05,1.8228121342345777e-05,-37.57115368870209,-37.40658581954144
183,183,1.8168961911758687e-05,1.82101095177993e-05,-37.41071034902883,-37.41087935216474
184,184,1.7589259458845e-05,1.8182604004610575e-05,-37.545305721842574,-37.4174441250097
185,185,1.771358947547755e-05,1.8111621533247863e-05,-37.522933741491855,-37.43443158484517
186,186,1.8115071087749194e-05,1.8242581590081835e-05,-37.41911448943447,-37.403141956043974
187,187,1.7927786963631772e-05,1.8287945606157575e-05,-37.46738578466596,-37.39235571587834
188,188,1.7425711777513682e-05,1.8182238483476748e-05,-37.57627980534722,-37.41753143121019
189,189,1.7708139773848295e-05,1.8204065734033448e-05,-37.520696616795306,-37.41232097864414
190,190,1.8125727280872973e-05,1.8160810070280842e-05,-37.416951640352366,-37.42265276420546
191,191,1.7686239704003645e-05,1.8423943737089805e-05,-37.52088945238792,-37.3601789420599
192,192,1.7454463464748617e-05,1.8325716490308925e-05,-37.58090431655478,-37.383395294307114
193,193,1.7293342212143055e-05,1.8268276682264467e-05,-37.61815891131745,-37.39702912324995
194,194,1.7958783077513535e-05,1.828554985350868e-05,-37.459550158272194,-37.39292468646419
195,195,1.7545332646233837e-05,1.826833512926609e-05,-37.55380529114293,-37.39701522857881
196,196,1.7788244569845156e-05,1.831623323692168e-05,-37.4964179540932,-37.385643277691834
197,197,1.771595889670035e-05,1.8238018846635607e-05,-37.509304151631625,-37.40422832758811
198,198,1.7973584194290188e-05,1.8231020955059457e-05,-37.46234378280959,-37.40589502665686
199,199,1.75406774773008e-05,1.8252615374972504e-05,-37.55984582237463,-37.400753906172866
200,200,1.7688514884698117e-05,1.8319813965430704e-05,-37.51514603482376,-37.38479433750512
201,201,1.7847215606229136e-05,1.8264067253575806e-05,-37.485688697832074,-37.39802995235785
202,202,1.768647416611202e-05,1.829899601465226e-05,-37.51523336125231,-37.38973230360864
203,203,1.770859466184269e-05,1.838182240470288e-05,-37.51881231597365,-37.37011927050829
204,204,1.7734009581789033e-05,1.8334229025640525e-05,-37.51126837595229,-37.38137840795558
205,205,1.7212617281403093e-05,1.8468940652383026e-05,-37.637542724133965,-37.349585071709036
206,206,1.8008561035214333e-05,1.8390866563621738e-05,-37.44456621910877,-37.3679829957341
207,207,1.7785440728946868e-05,1.839892430373431e-05,-37.49141696825982,-37.36608060268377
208,208,1.773081079516056e-05,1.8294547245252607e-05,-37.50731712949955,-37.390788269136394
209,209,1.8135298990639113e-05,1.8320239369610424e-05,-37.413954659151216,-37.38469349120659
210,210,1.8232777657646795e-05,1.8363204952421303e-05,-37.389123627077744,-37.37452011495796
211,211,1.7931165220755986e-05,1.8339198504691012e-05,-37.473663080527416,-37.38020141551821
212,212,1.75000223890427e-05,1.8272953543361692e-05,-37.566731803738506,-37.3959174283422
213,213,1.788592499465689e-05,1.8322014463927572e-05,-37.47301686393487,-37.38427271268631
214,214,1.758718026019441e-05,1.8277963901805617e-05,-37.55039980804151,-37.39472677640223
215,215,1.7821944452079312e-05,1.8228529083181027e-05,-37.49037099522901,-37.406488674250944
216,216,1.7679330779070914e-05,1.8189351689407456e-05,-37.52443251979801,-37.41583272839898
217,217,1.753966141232294e-05,1.819547613099291e-05,-37.56542032882618,-37.41437068426149
218,218,1.7265883723235467e-05,1.816574082400429e-05,-37.62545021011812,-37.4214737922997
219,219,1.785343672813771e-05,1.820099437042556e-05,-37.48069709948531,-37.41305377582462
220,220,1.7284285979595672e-05,1.8067857797033964e-05,-37.62811408328443,-37.444938291280444
221,221,1.7885046404022507e-05,1.8102596282245175e-05,-37.475248833992396,-37.43659626878747
222,222,1.779308262222312e-05,1.8102864918259193e-05,-37.503576567139746,-37.43653182152749
223,223,1.7590489226949075e-05,1.804423237971557e-05,-37.55060807108449,-37.45062081466121
224,224,1.7667523615713924e-05,1.7998443198800823e-05,-37.537029673661436,-37.461655511159925
225,225,1.7117030147721717e-05,1.8051472149014253e-05,-37.66439866383065,-37.44887867279702
226,226,1.7418343707776302e-05,1.8004139555590593e-05,-37.59395945740846,-37.4602812228994
227,227,1.7944393155480658e-05,1.7970732857831633e-05,-37.46443135352844,-37.46834704645473
228,228,1.7649398033267736e-05,1.7895271699480393e-05,-37.528318472723186,-37.486621963570535
229,229,1.7513443117891677e-05,1.787343372645984e-05,-37.56723464767605,-37.491924985999916
230,230,1.7661954357724435e-05,1.7911559648621877e-05,-37.529398465322856,-37.48267089241721
231,231,1.7993721466501886e-05,1.7924744353972766e-05,-37.45133643184504,-37.47947522523158
232,232,1.7298533786049222e-05,1.771509352310156e-05,-37.61687131311938,-37.53057043477339
233,233,1.713804690131003e-05,1.791966051793057e-05,-37.65595437015837,-37.48070715080698
234,234,1.7345886458924817e-05,1.782842460479036e-05,-37.60928263619741,-37.50287524150247
235,235,1.739014460889445e-05,1.7746049084771105e-05,-37.59308539158091,-37.5229881449522
236,236,1.751501746259668e-05,1.7781037393816452e-05,-37.566262944119714,-37.51443397630609
237,237,1.7369937643135138e-05,1.7820933719217703e-05,-37.60905051489734,-37.50470037972072
238,238,1.7461852902923374e-05,1.7784493377946904e-05,-37.57876673498485,-37.51358994850189
239,239,1.7136875050203616e-05,1.776284237788978e-05,-37.6640620252279,-37.51888030898337
240,240,1.7136511430471354e-05,1.769904524974807e-05,-37.666019546911734,-37.534506533337456
241,241,1.703769559059868e-05,1.777202573736615e-05,-37.688033432060955,-37.51663559406181
242,242,1.692994208065805e-05,1.7678906260698568e-05,-37.707911002621785,-37.53945099868191
243,243,1.7615630970316695e-05,1.7661801968260032e-05,-37.538892696854155,-37.54365481958713
244,244,1.7321924855254503e-05,1.769569821350926e-05,-37.61418879170415,-37.53532789788561
245,245,1.7137700449462292e-05,1.77896511702688e-05,-37.65869962041199,-37.512330606477875
246,246,1.729716356195925e-05,1.773141249079919e-05,-37.61570626920193,-37.52657159882641
247,247,1.6860714250591646e-05,1.773196555931415e-05,-37.72425070367724,-37.52643613818087
248,248,1.720100105567607e-05,1.7778904150059372e-05,-37.65253478119439,-37.51495504352563
249,249,1.77958202950378e-05,1.768047561774055e-05,-37.491119118225235,-37.53906549244978
250,250,1.747332585041805e-05,1.7695480604934826e-05,-37.58060494543514,-37.53538130452887
251,251,1.6805977587133273e-05,1.7506079721466738e-05,-37.742471908493094,-37.58211591035975
252,252,1.7225318665576608e-05,1.7586519358079194e-05,-37.64405017878845,-37.562205984957686
253,253,1.7318157315645464e-05,1.7653227060739147e-05,-37.6157376077705,-37.54576385655792
254,254,1.678579880633348e-05,1.7539021284487955e-05,-37.75516432383134,-37.5739513778869
255,255,1.7663507287110895e-05,1.762284424139101e-05,-37.531958214050555,-37.553244901676194
256,256,1.6966054955474582e-05,1.763835141326509e-05,-37.70548508601217,-37.549425020084556
257,257,1.6780457887771544e-05,1.772703906585536e-05,-37.74685858871817,-37.52764291144519
258,258,1.671921865598745e-05,1.7887664925135477e-05,-37.761243720228336,-37.488468419163326
259,259,1.728124728278718e-05,1.7824170275784318e-05,-37.61955400496515,-37.503911705539096
260,260,1.743928481390839e-05,1.776957440980416e-05,-37.584917416879094,-37.517234665589704
261,261,1.7296165780637765e-05,1.7828455192533222e-05,-37.6257011942038,-37.50286779043664
262,262,1.7176907068957363e-05,1.776407641859566e-05,-37.65037973385353,-37.518578601383965
263,263,1.7383990677079e-05,1.7763835354631546e-05,-37.60186206361357,-37.51863753687675
264,264,1.7053143376860763e-05,1.7923460243190148e-05,-37.673580768402594,-37.479786360605615
265,265,1.7138405279727466e-05,1.7922204613952137e-05,-37.65800746015166,-37.48009061656057
266,266,1.733910779801159e-05,1.7878994329198338e-05,-37.61224300501384,-37.49057406286759
267,267,1.7159596187486816e-05,1.7889790127044665e-05,-37.65017450098392,-37.48795247220073
268,268,1.743838287645125e-05,1.7881934869173594e-05,-37.59088890141673,-37.48985984189147
269,269,1.6593849977653008e-05,1.7947993431957193e-05,-37.80192117279288,-37.473845909871315
270,270,1.778616842784686e-05,1.8037327831016708e-05,-37.49561201374299,-37.45228294202989
271,271,1.7517703378599463e-05,1.8096767187097085e-05,-37.56806708102055,-37.43799493640842
272,272,1.7798957864234234e-05,1.825589553941666e-05,-37.49806886039151,-37.399973508788264
273,273,1.7588423436313158e-05,1.8320177763311413e-05,-37.55536282464235,-37.38470809544847
274,274,1.7692507163260836e-05,1.818485801969042e-05,-37.52397081050306,-37.41690578317441
275,275,1.7508187110505196e-05,1.8058687361955987e-05,-37.57319723985715,-37.44714313506998
276,276,1.7660058051895004e-05,1.824437769851341e-05,-37.53140034731579,-37.4027143841133
277,277,1.8068920091780493e-05,1.8296194866707083e-05,-37.436838787200784,-37.390397157688454
278,278,1.7835793281022036e-05,1.8203185343162132e-05,-37.487517249657955,-37.4125310186148
279,279,1.7257987977798847e-05,1.8474846432294917e-05,-37.62546042814876,-37.34819655805014
280,280,1.726606018396008e-05,1.8396128469152916e-05,-37.62519695596335,-37.36674059115605
281,281,1.82706784302748e-05,1.842112454285502e-05,-37.382589064240925,-37.36084354145359
282,282,1.7853119398872896e-05,1.855177537149039e-05,-37.48078652719996,-37.330150157791564
283,283,1.7917404519036992e-05,1.8610030661205345e-05,-37.46277720241746,-37.31653404259697
284,284,1.7399540833064318e-05,1.8630631003409354e-05,-37.59141611619394,-37.31172928593737
285,285,1.8179034668719396e-05,1.841339335920853e-05,-37.407002041566315,-37.36266661971648
286,286,1.7930519104468367e-05,1.8770166685786344e-05,-37.461950129186484,-37.27932363590112
287,287,1.8907691200999496e-05,1.8804599293568907e-05,-37.229805914203865,-37.27136409424939
288,288,1.8685728100160877e-05,1.881120222510378e-05,-37.28234499852477,-37.26983940694052
289,289,1.711482973311747e-05,1.876447813150375e-05,-37.670367072875294,-37.280640023875954
290,290,1.7942513914397178e-05,1.8687976989895105e-05,-37.457205655718546,-37.29838202223584
291,291,1.8229264223356442e-05,1.884839615453721e-05,-37.395951375378814,-37.26126091738657
292,292,1.8428947657515347e-05,1.894816102178179e-05,-37.3472616315852,-37.23833426205546
293,293,1.889702427208774e-05,1.9233358120561062e-05,-37.23817474314721,-37.173453747799414
294,294,1.8761062380793557e-05,1.900070458903333e-05,-37.272464231675144,-37.22630787047204
295,295,1.871160601854406e-05,1.8918181012850255e-05,-37.27602900456261,-37.24521116352906
296,296,1.9216079795349043e-05,1.9013514008149384e-05,-37.17069374306349,-37.22338103916822
297,297,1.8861635767608116e-05,1.936038619245856e-05,-37.251692998134956,-37.144864767448794
298,298,1.8813826368996253e-05,1.9319406180186076e-05,-37.25196801075419,-37.154067195262186
299,299,1.8685793883818894e-05,1.9137344871093153e-05,-37.28036388717025,-37.19518809625298
300,300,1.8306181943641143e-05,1.9276628767042176e-05,-37.37251302933289,-37.16369409196856
301,301,1.9141363961737334e-05,1.9079504981116196e-05,-37.18153487460984,-37.20833390200488
302,302,1.9291616190082668e-05,1.905024213269108e-05,-37.15100501017997,-37.214999928953844
303,303,1.8652395138093368e-05,1.914333140456093e-05,-37.291092922669414,-37.19382975114264
304,304,1.890337005102786e-05,1.9137158376811147e-05,-37.23725246049536,-37.195230418650766
305,305,1.8701772796234343e-05,1.913225189223579e-05,-37.27755928731196,-37.19634402827962
306,306,1.8664155101488205e-05,1.9046732967054642e-05,-37.28525022251796,-37.21579999839364
307,307,1.8547577917733058e-05,1.8906916825232512e-05,-37.31618537416996,-37.247797792486935
308,308,1.8596194872630222e-05,1.8967624304136016e-05,-37.31014520873168,-37.23387554028775
309,309,1.8338834219246134e-05,1.9157020687998738e-05,-37.3683589311785,-37.190725246778264
310,310,1.8496613088198912e-05,1.8862284713050987e-05,-37.334300865301614,-37.25806196978973
311,311,1.909752318544971e-05,1.8864260087675095e-05,-37.19349771289505,-37.257607173675076
312,312,1.8245278699827602e-05,1.9244663187572242e-05,-37.389728372550714,-37.17090178270617
313,313,1.8278846264647e-05,1.9137010655724323e-05,-37.37817716776564,-37.19526394228015
314,314,1.8415439392145382e-05,1.8974870918579033e-05,-37.35256122649591,-37.23221662740663
315,315,1.8765561257281398e-05,1.9196530861096873e-05,-37.263775774705245,-37.18177741507436
316,316,1.8920223269138734e-05,1.8864689417042474e-05,-37.227065816404796,-37.257508334254624
317,317,1.8319122984356692e-05,1.900575228462817e-05,-37.35914403077113,-37.22515428419414
318,318,1.8733837350737303e-05,1.8776720648211747e-05,-37.271627525546975,-37.27780747839941
319,319,1.803602982860313e-05,1.907914520415943e-05,-37.425951150461465,-37.2084157964882
320,320,1.833834461105709e-05,1.8957875095350718e-05,-37.37181444396315,-37.23610835342861
321,321,1.8433286134767486e-05,1.8681154870137107e-05,-37.34243923207791,-37.29996772083317
322,322,1.8215024639860147e-05,1.867554534615728e-05,-37.396820924177746,-37.30127200376756
323,323,1.806391185137849e-05,1.8658095924413493e-05,-37.42303795164734,-37.30533171392154
324,324,1.7809836227223566e-05,1.869700693197573e-05,-37.48990592203964,-37.296284038670045
325,325,1.8027074315561794e-05,1.8558313010879302e-05,-37.4385192645243,-37.32861997510302
326,326,1.8810027775300077e-05,1.873240815161568e-05,-37.2446453079029,-37.2880688106776
327,327,1.888354058182719e-05,1.840913342962985e-05,-37.232746664438636,-37.36367147412431
328,328,1.859575900901469e-05,1.844387880785354e-05,-37.307319600923144,-37.355482330502625
329,329,1.8434110999580824e-05,1.8343694950760292e-05,-37.33940978073753,-37.379136733023515
330,330,1.7975026362223944e-05,1.8330530350029124e-05,-37.44752026747702,-37.38225462503224
331,331,1.803338088309116e-05,1.8689552234718576e-05,-37.44103679158562,-37.298015962654546
332,332,1.8426442609067174e-05,1.829102582537177e-05,-37.342055144487205,-37.39162429989884
333,333,1.7567630737213438e-05,1.8402736378974576e-05,-37.54742784936153,-37.36518088065131
334,334,1.7713131830870345e-05,1.8454280794494e-05,-37.510413584501435,-37.35303368505952
335,335,1.7836189108118223e-05,1.8469812235516176e-05,-37.480184346007526,-37.349380125025284
336,336,1.8355346498734883e-05,1.8556477506966696e-05,-37.3670220953862,-37.329049533890924
337,337,1.7409356315539234e-05,1.8660879121805346e-05,-37.5867666188207,-37.304683932319776
338,338,1.7665285105470775e-05,1.8443663832026925e-05,-37.53190468360708,-37.3555329507438
339,339,1.7487664287549817e-05,1.8412201490335927e-05,-37.56461717519633,-37.36294774053846
340,340,1.7259166354764154e-05,1.8167732234456036e-05,-37.626270065576094,-37.42099772519217
341,341,1.7606976725051262e-05,1.8227239036748772e-05,-37.5398994645611,-37.40679603853158
342,342,1.7464897534888016e-05,1.80360988643339e-05,-37.57440818558425,-37.45257885705537
343,343,1.6734060934431535e-05,1.8041247896785773e-05,-37.758602118521495,-37.451339189176814
344,344,1.7887747143851304e-05,1.8254410286700524e-05,-37.471195367380254,-37.4003268539847
345,345,1.748867107005598e-05,1.8004541983062057e-05,-37.579051807851656,-37.460184150736374
346,346,1.7666923639874006e-05,1.8064732055216537e-05,-37.52563599520553,-37.44568968631307
347,347,1.7191021695382624e-05,1.7880039147138105e-05,-37.6451083483921,-37.4903202759937
348,348,1.698413111579115e-05,1.7742166786966234e-05,-37.69496223446232,-37.523938353622356
349,349,1.7064484991445253e-05,1.7953697160440863e-05,-37.67717337811758,-37.472465976065024
350,350,1.7165160822992922e-05,1.7875779361163853e-05,-37.65385601054738,-37.491355073477656
351,351,1.7567784160531017e-05,1.777640117277195e-05,-37.55951643754213,-37.5155665017686
352,352,1.7281169047490357e-05,1.8056263367103192e-05,-37.62756415988583,-37.44772612220913
353,353,1.7221462848724093e-05,1.7771846806250612e-05,-37.642252068625915,-37.51667931962718
354,354,1.7235822869946617e-05,1.7926893442084913e-05,-37.633890022446934,-37.47895455885943
355,355,1.705642467434878e-05,1.7846026151490053e-05,-37.68502305219619,-37.49858967855034
356,356,1.7373944651761533e-05,1.7693647829506326e-05,-37.60105183503045,-37.53583113999591
357,357,1.6926336196700074e-05,1.7774780405345252e-05,-37.713044202869,-37.515962488804256
358,358,1.6991865786903217e-05,1.787091423466336e-05,-37.703651897459636,-37.492537223429686
359,359,1.7085437574087807e-05,1.764593621613274e-05,-37.67374807180185,-37.54755787847349
360,360,1.7949224222564263e-05,1.7790776215214894e-05,-37.463737136109266,-37.51205596064136
361,361,1.723868914718737e-05,1.777914856479344e-05,-37.6388306621991,-37.514895339485506
362,362,1.738382736183451e-05,1.7751443154242896e-05,-37.60075443981018,-37.52166826882751
363,363,1.7610522066666047e-05,1.780994123117508e-05,-37.5378911020484,-37.50738006527848
364,364,1.7504924424841746e-05,1.7719204439153575e-05,-37.5695161471166,-37.52956273981814
365,365,1.7538261034264296e-05,1.7799349590955228e-05,-37.56222291632436,-37.50996359948051
366,366,1.7687706259522137e-05,1.774901130901478e-05,-37.52275666591798,-37.522263267951345
367,367,1.7341392223672827e-05,1.7826047424980635e-05,-37.613702499315195,-37.503454353191195
368,368,1.6997390610919593e-05,1.7690361059258546e-05,-37.69339047761645,-37.53663795993002
369,369,1.6869559939803685e-05,1.776760860880849e-05,-37.72279178132328,-37.5177151406602
370,370,1.7228261415382185e-05,1.7810591232677996e-05,-37.6435763744798,-37.50722156564557
371,371,1.6744021064068967e-05,1.7636536588389917e-05,-37.75092400024489,-37.54987189233519
372,372,1.6864855826928968e-05,1.8012301600385016e-05,-37.73569263882408,-37.458312826821285
373,373,1.7016318555217423e-05,1.7554221860911256e-05,-37.68895119991051,-37.5701890998621
374,374,1.7346063632243215e-05,1.768602612030104e-05,-37.6122457082632,-37.53770230834326
375,375,1.6845006367597326e-05,1.7708971905736498e-05,-37.737375935002,-37.53207143960513
376,376,1.688445301868379e-05,1.765878124914659e-05,-37.72607067771856,-37.54439766215995
377,377,1.7596537863656268e-05,1.75315512694253e-05,-37.54911018673845,-37.57580146822433
378,378,1.691795423727113e-05,1.749353175814337e-05,-37.70866009517557,-37.58522995147824
379,379,1.6608333249471977e-05,1.7649141610538783e-05,-37.79728846806509,-37.54676905170647
380,380,1.7228360569057147e-05,1.7580344894285143e-05,-37.6391323612603,-37.563731020322095
381,381,1.7339604372742524e-05,1.7749685914742785e-05,-37.60940917622031,-37.52209820412192
382,382,1.7372622077692942e-05,1.7628970310493298e-05,-37.596256271714495,-37.55173546559894
383,383,1.6944273748148843e-05,1.7557892581527612e-05,-37.71267268089667,-37.56928105217576
384,384,1.7522773436512487e-05,1.7642975571537757e-05,-37.57028002411285,-37.548286601207266
385,385,1.679044272378567e-05,1.7468626059493736e-05,-37.74160298636006,-37.59141744675672
386,386,1.7088639014190513e-05,1.7541150603057376e-05,-37.67678951394332,-37.573424156236435
387,387,1.7333370321007212e-05,1.7716152174934425e-05,-37.61118091967486,-37.530310908674124
388,388,1.675597169318299e-05,1.7930326497375254e-05,-37.75790467193657,-37.47812295118001
389,389,1.769144718000274e-05,1.7637843340803794e-05,-37.52393538999986,-37.54955012034999
390,390,1.7698913990860785e-05,1.753101112530873e-05,-37.524108828497965,-37.57593527567778
391,391,1.734609969323933e-05,1.7548066544374085e-05,-37.614280473912764,-37.57171220285925
392,392,1.75929205781977e-05,1.7771433656315294e-05,-37.55093265231068,-37.516780283148144
393,393,1.7343579895975016e-05,1.7671452185727265e-05,-37.60854318931115,-37.54128252957323
394,394,1.6896357526102574e-05,1.7503487230753405e-05,-37.725754973613014,-37.58275910849743
395,395,1.7519077793866055e-05,1.746739321549141e-05,-37.56828745168113,-37.59172395983897
396,396,1.711222607481591e-05,1.7584018486990028e-05,-37.669791327028214,-37.56282361242792
397,397,1.722660800089553e-05,1.7661261824143464e-05,-37.639512172205755,-37.543787640234086
398,398,1.651676711375818e-05,1.7578499338062676e-05,-37.82067132282193,-37.564186959589556
399,399,1.7074756215151865e-05,1.7531587314136376e-05,-37.67575191274282,-37.57579253917818
400,400,1.7586849419776345e-05,1.7546653811893376e-05,-37.55093599396014,-37.57206185198874
401,401,1.699399273871377e-05,1.7832471616872537e-05,-37.7023251032559,-37.501889514720894
402,402,1.6991486208820618e-05,1.7518437744001858e-05,-37.700161885350376,-37.579051187927945
403,403,1.738358943051954e-05,1.7524366739962716e-05,-37.597398221837494,-37.57758159650025
404,404,1.7647719293572945e-05,1.7623214836547912e-05,-37.54543248746327,-37.55315357377408
405,405,1.6543550326290287e-05,1.7534107715427556e-05,-37.81045849743355,-37.57516822736922
406,406,1.7312841628529323e-05,1.778122565921972e-05,-37.616234183077225,-37.514387993503675
407,407,1.7169955069605458e-05,1.754945486410227e-05,-37.65441679162231,-37.57136862327119
408,408,1.7363874154473226e-05,1.7413929814019386e-05,-37.60895974596228,-37.60503703194102
409,409,1.6538722053324425e-05,1.7617010885978263e-05,-37.81213635431556,-37.55468270218969
410,410,1.781010892561435e-05,1.753005749617985e-05,-37.49679824751124,-37.57617152396389
411,411,1.7445553923382775e-05,1.7537372849275063e-05,-37.573560360248734,-37.57435957624077
412,412,1.6737532485084437e-05,1.74515788258807e-05,-37.757801981963205,-37.595657696836746
413,413,1.733112688824119e-05,1.7546706849794934e-05,-37.60728130212937,-37.57204872468059
414,414,1.6307713511983802e-05,1.74659768450319e-05,-37.878530569663866,-37.59207612848126
415,415,1.676495505363942e-05,1.761059492740682e-05,-37.76079196207311,-37.556264652123645
416,416,1.699834008588331e-05,1.767798925069847e-05,-37.700668486285274,-37.539676274333075
417,417,1.7098630601093148e-05,1.7573492282520564e-05,-37.67641441154686,-37.56542417916488
418,418,1.6881445244695157e-05,1.7556634511014347e-05,-37.725480247044985,-37.569592247072706
419,419,1.714612162967822e-05,1.7514704172514795e-05,-37.66048984067266,-37.57997686539338
420,420,1.7419502975976638e-05,1.7237630201730337e-05,-37.59281644584002,-37.649229333473436
421,421,1.7062320797233098e-05,1.752237341478528e-05,-37.672390395947936,-37.57807561684127
422,422,1.7360500407317586e-05,1.7609579835583356e-05,-37.59945348799308,-37.55651499090285
423,423,1.7020135038768148e-05,1.7481120362629698e-05,-37.693915700296266,-37.58831229854031
424,424,1.745574660237684e-05,1.7366004277918317e-05,-37.584689477537566,-37.617005892485494
425,425,1.752674046487694e-05,1.774569883357464e-05,-37.565508062596436,-37.52307386186998
426,426,1.6834537474124708e-05,1.7711151868800363e-05,-37.745220852222474,-37.53153685879078
427,427,1.6979043880617365e-05,1.7479587768320926e-05,-37.69283604547927,-37.588693067287466
428,428,1.7389140620506032e-05,1.7603485024377924e-05,-37.59607356489469,-37.558018377734825
429,429,1.7618467843687503e-05,1.7548673512417162e-05,-37.53754205299042,-37.571561987841335
430,430,1.7310558140491492e-05,1.7538338014626214e-05,-37.6209421134486,-37.574120569830974
431,431,1.6379428153723172e-05,1.7602902564823652e-05,-37.85322060941168,-37.55816207834582
432,432,1.6837738211009863e-05,1.7489969506737236e-05,-37.73505420874,-37.58611440619446
433,433,1.758628242952778e-05,1.7568877171326773e-05,-37.54918421747418,-37.56656486339733
434,434,1.667975318679927e-05,1.7487994562926407e-05,-37.777196786872,-37.58660483336645
435,435,1.726491122961719e-05,1.7508263083168697e-05,-37.626342392631294,-37.58157429120346
436,436,1.703402041627116e-05,1.7235651236995564e-05,-37.68135568216729,-37.64972795352309
437,437,1.7653523182443022e-05,1.7405727703589946e-05,-37.530465561071516,-37.60708307812258
438,438,1.7099663280757724e-05,1.7525715759946154e-05,-37.67032097476346,-37.57724729090478
439,439,1.7462304640503135e-05,1.7709301621499962e-05,-37.576557996786846,-37.53199058092829
440,440,1.6862463602704984e-05,1.7405756807420403e-05,-37.72585241716169,-37.60707581636218
441,441,1.670175050694337e-05,1.7429168014802455e-05,-37.773484399321966,-37.60123836457301
442,442,1.675279774419848e-05,1.7588771554169636e-05,-37.7565050264156,-37.561649846651385
443,443,1.7406770022023113e-05,1.7401953109105018e-05,-37.59779580001635,-37.60802498837019
444,444,1.7228557188684943e-05,1.7554319416185055e-05,-37.637788991450535,-37.570164964585864
445,445,1.6843059992678127e-05,1.7441870496488837e-05,-37.74057205977276,-37.59807435330039
446,446,1.7762720791821622e-05,1.74899181920888e-05,-37.50496481265329,-37.58612714818429
447,447,1.7496878022076587e-05,1.747503158281018e-05,-37.56197056676765,-37.58982523595288
448,448,1.6979892420421654e-05,1.7480034952505346e-05,-37.69540581696421,-37.588581962184726
449,449,1.6679563721238045e-05,1.7588167793292087e-05,-37.773893416648264,-37.56179892728341
450,450,1.7421811761093906e-05,1.763398100401422e-05,-37.59758509675654,-37.55050124300544
451,451,1.6865408237133604e-05,1.7593549464915047e-05,-37.72126673429917,-37.56047026541603
452,452,1.7302288789633356e-05,1.762682902488833e-05,-37.61842904102141,-37.55226300917536
453,453,1.7388537878677077e-05,1.7414908765395492e-05,-37.6024667810815,-37.60479289334889
454,454,1.7076731403238264e-05,1.7597100084362626e-05,-37.66650424177974,-37.559593888049655
455,455,1.7099544952684154e-05,1.7628748441654208e-05,-37.664454896788115,-37.55179012393529
456,456,1.7098142961913254e-05,1.7450063847048258e-05,-37.67736231981598,-37.59603472605208
457,457,1.6660696600570426e-05,1.7687344504673475e-05,-37.77752782912324,-37.5373785806079
458,458,1.671090810595695e-05,1.7293178835212818e-05,-37.76891245808334,-37.63525660217553
459,459,1.7797488833389954e-05,1.7550082271842066e-05,-37.504556900745506,-37.57121336212443
460,460,1.7222786491683363e-05,1.7630496059657736e-05,-37.637378373758324,-37.55135960940399
461,461,1.7020219903062434e-05,1.7432732851088267e-05,-37.6835608572173,-37.60035018079945
462,462,1.6672336201248907e-05,1.741142410824786e-05,-37.77596040624506,-37.6056619870781
463,463,1.7453471234157687e-05,1.749586446844899e-05,-37.5838295866828,-37.58465087134291
464,464,1.7118089662168113e-05,1.774027140000774e-05,-37.66491946439886,-37.52440233306683
465,465,1.735407487413073e-05,1.76198929789519e-05,-37.61611025932369,-37.55397226685611
466,466,1.737333531844005e-05,1.7286514680324073e-05,-37.603473285991846,-37.636930535884204
467,467,1.6475504004851357e-05,1.7236526888920805e-05,-37.83134938641904,-37.6495073171607
468,468,1.6260367936917374e-05,1.7493158195161652e-05,-37.8796800441927,-37.585322693227646
469,469,1.724157759922163e-05,1.7268260547241783e-05,-37.636259166039906,-37.64151900156214
470,470,1.7168927846909092e-05,1.7548015373330073e-05,-37.65404014465116,-37.571724867123095
471,471,1.633394721156759e-05,1.736878757104645e-05,-37.86957713794764,-37.61630989358335
472,472,1.6892579869537004e-05,1.7588191631626903e-05,-37.72634637889321,-37.56179304102489
473,473,1.6693474845879726e-05,1.74961224298673e-05,-37.781020833126206,-37.58458683884264
474,474,1.6977245059493237e-05,1.71671688229636e-05,-37.70343178185045,-37.66701814877652
475,475,1.7283723649335425e-05,1.7236477824075048e-05,-37.62753217422463,-37.64951967964081
476,476,1.79846802453052e-05,1.733043662074794e-05,-37.45685546693315,-37.62590988508762
477,477,1.6628587058896545e-05,1.7485591486451756e-05,-37.78985073664163,-37.58720165112068
478,478,1.695427483317656e-05,1.7276726889816163e-05,-37.70262622204633,-37.6393902493417
479,479,1.669442523033814e-05,1.7316197428092556e-05,-37.77926056170549,-37.62947964204378
480,480,1.681634723316859e-05,1.7402227680768672e-05,-37.74294080574378,-37.607956465017125
481,481,1.7089287896467176e-05,1.7115533122897002e-05,-37.674516193572586,-37.68010061619763
482,482,1.69761016840096e-05,1.713434898862799e-05,-37.69870023408695,-37.67532884649946
483,483,1.6871163416467846e-05,1.7156738019701534e-05,-37.737450883012116,-37.66965773200273
484,484,1.6609473493293446e-05,1.6992416883448114e-05,-37.788180149451776,-37.71145338623292
485,485,1.714620129953885e-05,1.705575304138045e-05,-37.66468631941827,-37.69529593889705
486,486,1.629843815684693e-05,1.6949051793122444e-05,-37.88032983139436,-37.72255086104331
487,487,1.66518524303083e-05,1.6891160684233336e-05,-37.79192856247412,-37.73740999568083
488,488,1.6538841815961804e-05,1.7070808002915184e-05,-37.805427140485875,-37.69146415102047
489,489,1.685808076648961e-05,1.7078733531219003e-05,-37.72400337067536,-37.689448303594304
490,490,1.6550910360595097e-05,1.6866327936632413e-05,-37.81004956978195,-37.7437995273904
491,491,1.638232413487336e-05,1.6728236723314406e-05,-37.85585197917848,-37.7795032731156
492,492,1.644889710302412e-05,1.6949059834970332e-05,-37.836247467180016,-37.72254880043875
493,493,1.6618205495667763e-05,1.678353112909367e-05,-37.79290980043539,-37.76517154510376
494,494,1.683665377453339e-05,1.6896064057379446e-05,-37.743878546535065,-37.73614945538413
495,495,1.6610576635356826e-05,1.6769579959049895e-05,-37.79034006263181,-37.76878308294259
496,496,1.6705517287077454e-05,1.686464857859966e-05,-37.775577276828905,-37.74423197020867
497,497,1.6644076822558418e-05,1.680286674711265e-05,-37.78416596607724,-37.76017109630988
498,498,1.6036462511692662e-05,1.6621926605646303e-05,-37.9441686225855,-37.80719132573638
499,499,1.6426246465644655e-05,1.6724960771266762e-05,-37.84529820082031,-37.780353851241685
500,500,1.606791249155931e-05,1.658926387455339e-05,-37.94452264224552,-37.815733776787354
501,501,1.5794480513597084e-05,1.6648174048321762e-05,-38.01709855942126,-37.80033885360142
502,502,1.620826036010727e-05,1.650787056094391e-05,-37.902309378947905,-37.83709438025228
503,503,1.67083511131722e-05,1.6677130684241237e-05,-37.77659516776754,-37.792791609571616
504,504,1.6211516416773257e-05,1.6428623319753616e-05,-37.90479071309842,-37.85799320821744
505,505,1.5794935401591482e-05,1.6646602393608956e-05,-38.01721154224481,-37.800748864445566
506,506,1.623397884500686e-05,1.6536603652639315e-05,-37.902405318864,-37.82954175512312
507,507,1.5817873758088663e-05,1.647104832763465e-05,-38.003786682745115,-37.846792514649586
508,508,1.649753041007345e-05,1.629219413620089e-05,-37.83071184220116,-37.89420916463143
509,509,1.682497452176116e-05,1.644216842434712e-05,-37.7420364233738,-37.85441400357855
510,510,1.621803574980544e-05,1.644078623174114e-05,-37.9088597295527,-37.85477910375178
511,511,1.573474200432832e-05,1.6393153217857042e-05,-38.02597721509287,-37.8673799490634
512,512,1.5309379883434566e-05,1.6295286849000196e-05,-38.14539401116847,-37.89338483082821
513,513,1.554120117549415e-05,1.6335535866873168e-05,-38.08352733112593,-37.88267107384982
514,514,1.5974325749281427e-05,1.6223474918469467e-05,-37.965358814630456,-37.91256611213577
515,515,1.613569547208902e-05,1.6196225978522928e-05,-37.923297102759136,-37.91986665268106
516,516,1.5488384942915388e-05,1.6210633762775135e-05,-38.09281334848076,-37.916004987799354
517,517,1.5794441461582312e-05,1.6145010752217403e-05,-38.01981777098917,-37.93362154335022
518,518,1.565260045589236e-05,1.6048350899884673e-05,-38.04960889356744,-37.95970081216883
519,519,1.563445455514701e-05,1.627573338306607e-05,-38.05645766454396,-37.8985992596775
520,520,1.5640516656126284e-05,1.610587945546477e-05,-38.05520430638687,-37.94416048629393
521,521,1.5652372454009236e-05,1.61336355583779e-05,-38.063104032368315,-37.93668250450209
522,522,1.5397501818970152e-05,1.6069382581918035e-05,-38.123501217257406,-37.95401302304575
523,523,1.5691039996304472e-05,1.60049870541307e-05,-38.04039698116056,-37.971451657239356
524,524,1.5945087669905726e-05,1.6108928560386533e-05,-37.979829793291735,-37.943338374024584
525,525,1.5714409040735998e-05,1.597523192973121e-05,-38.03124895120965,-37.97953320919527
526,526,1.578471480954868e-05,1.5960269880260487e-05,-38.02451724226368,-37.983602621373095
527,527,1.5737263208027742e-05,1.580147985996997e-05,-38.03630521722396,-38.027027309692116
528,528,1.5191714522085566e-05,1.584847172795746e-05,-38.182787727263346,-38.014131034700384
529,529,1.550430148462201e-05,1.5808316866720195e-05,-38.0991313387505,-38.0251486045702
530,530,1.5811696010638753e-05,1.5818270424604537e-05,-38.01105862980048,-38.02241497076559
531,531,1.567930523622673e-05,1.585843892826233e-05,-38.05040066329242,-38.011400588784696
532,532,1.55863043491803e-05,1.590267354339104e-05,-38.08150724139695,-37.99930349256508
533,533,1.527686395702497e-05,1.5746640345146023e-05,-38.15660259104353,-38.042125846474434
534,534,1.5523796128505148e-05,1.5709780822553992e-05,-38.08789121937898,-38.05230366963392
535,535,1.550043716352522e-05,1.5585025147102944e-05,-38.09762810741606,-38.08692985552648
536,536,1.515455773487608e-05,1.553788220725868e-05,-38.19125943703068,-38.10008668182202
537,537,1.5369194640238536e-05,1.546506360969751e-05,-38.124060327915956,-38.1204878226957
538,538,1.5240343534819704e-05,1.5475602594960947e-05,-38.17021514351511,-38.11752924171913
539,539,1.5027870964312916e-05,1.5489104091676908e-05,-38.23174935712791,-38.11374194545819
540,540,1.4676160399457584e-05,1.5481174111635865e-05,-38.33356207675712,-38.1159659788531
541,541,1.479603571104085e-05,1.543622367630872e-05,-38.30254858718979,-38.12859429894044
542,542,1.5366190391713898e-05,1.5366977909013114e-05,-38.13374048223703,-38.1481202597123
543,543,1.5017818075592135e-05,1.5252325762335922e-05,-38.23401437203601,-38.180644204664674
544,544,1.4676182227330427e-05,1.5302163630717825e-05,-38.336131927267914,-38.166476512221955
545,545,1.4612675831531961e-05,1.5234358167952833e-05,-38.36550603733507,-38.18576331044539
546,546,1.4805646275920846e-05,1.5086142268142124e-05,-38.298814486222376,-38.22822293954986
547,547,1.429010922741505e-05,1.5113174126063792e-05,-38.450942291602146,-38.220448068282465
548,548,1.4828014304230143e-05,1.5039299126472447e-05,-38.295362018952204,-38.24172895532672
549,549,1.4646815140350582e-05,1.5062025101398927e-05,-38.339376593938255,-38.235171258856646
550,550,1.4801112519842381e-05,1.488537241369302e-05,-38.30616170413179,-38.28640788286784
551,551,1.4331358506376663e-05,1.4848779277312324e-05,-38.434533188503714,-38.29709741280237
552,552,1.4301227865777861e-05,1.4751603502142979e-05,-38.44328562519944,-38.32561262144763
553,553,1.4405739430284738e-05,1.4822634990483302e-05,-38.40957460821478,-38.304750787420176
554,554,1.4453675258036382e-05,1.4630330999927154e-05,-38.404531624228596,-38.36146341105416
555,555,1.4664548430540816e-05,1.4523429184153333e-05,-38.34481776570277,-38.393313214636244
556,556,1.3660168762501213e-05,1.4443142534123341e-05,-38.643856931996645,-38.41738795755525
557,557,1.4703839483023404e-05,1.4365115308273265e-05,-38.327101996899756,-38.4409137651032
558,558,1.433425993511883e-05,1.4344174240633086e-05,-38.439439586011154,-38.4472494089851
559,559,1.3975086469295046e-05,1.4322637262490676e-05,-38.54954872296415,-38.45377499870608
560,560,1.3753410084317102e-05,1.4187969052153149e-05,-38.617863471208615,-38.49480260433034
561,561,1.420320852761056e-05,1.4182601884577276e-05,-38.47752194781724,-38.49644580798292
562,562,1.3779567451979582e-05,1.4121096252270754e-05,-38.60652516912003,-38.51532079642673
563,563,1.375925288455844e-05,1.3977956673203918e-05,-38.617831928260735,-38.559568029404495
564,564,1.3782013842707606e-05,1.3892837159801275e-05,-38.60797743655877,-38.58609547611452
565,565,1.353111156745821e-05,1.3879608128550708e-05,-38.681441489008066,-38.59023288328046
566,566,1.3516736516132519e-05,1.3772297135897374e-05,-38.68793870919701,-38.62394108926153
567,567,1.3680125748484812e-05,1.3640674679711657e-05,-38.6505214607948,-38.66564641481757
568,568,1.3043866920739187e-05,1.36670188639025e-05,-38.847544136455525,-38.65726699064146
569,569,1.3125436659542287e-05,1.3475864666121962e-05,-38.828302738564126,-38.718438520708965
570,570,1.3677217493844267e-05,1.3437975834868235e-05,-38.63406655375552,-38.730666371438076
571,571,1.3538432221580056e-05,1.3350769174729449e-05,-38.68491460567508,-38.75894205591357
572,572,1.3547454690308665e-05,1.3365806855864848e-05,-38.67697723499274,-38.754053119082805
573,573,1.3464412085781565e-05,1.320023932892486e-05,-38.70254256647313,-38.808186876000796
574,574,1.2751960133117763e-05,1.322240400201592e-05,-38.944516612180664,-38.80090070303625
575,575,1.3133130937838115e-05,1.3179956352503627e-05,-38.813983192145486,-38.81486520892789
576,576,1.3118753758107297e-05,1.3087482569206163e-05,-38.81964362918188,-38.84544376654206
577,577,1.3164117975525328e-05,1.3152404072139976e-05,-38.810136605357535,-38.823953499912484
578,578,1.2840585909965665e-05,1.3017435728550864e-05,-38.9119802682698,-38.86875050823339
579,579,1.2622436864233154e-05,1.3062373622424753e-05,-38.9890071624235,-38.85378391212828
580,580,1.2629895986579286e-05,1.3011382610497285e-05,-38.98364891348122,-38.870770450731065
581,581,1.255163836494549e-05,1.3031144015641124e-05,-39.01615365884781,-38.864179484363596
582,582,1.263257668001971e-05,1.3029932137885081e-05,-38.98915122540401,-38.86458339080205
583,583,1.2599950470345349e-05,1.2718965464093918e-05,-38.99528076108604,-38.969487048380465
584,584,1.2491568508942027e-05,1.2963468658486626e-05,-39.027873451105044,-38.886792708838065
585,585,1.2310858934499041e-05,1.2855266025948559e-05,-39.10438592631396,-38.92319424588169
586,586,1.2413555447620666e-05,1.2678704766394252e-05,-39.057878582902596,-38.9832560384775
587,587,1.2438586101367392e-05,1.2672336149415442e-05,-39.05098356356453,-38.98543808321375
588,588,1.2752368121189497e-05,1.2647178760074129e-05,-38.9454489318143,-38.99406835832328
589,589,1.2615149777029165e-05,1.2617937308708574e-05,-38.987068167388564,-39.00412127603542
590,590,1.2721616520739002e-05,1.2601023148530849e-05,-38.95513798571401,-39.00994683537606
591,591,1.2342403473685971e-05,1.2531413439750108e-05,-39.08885559454896,-39.03400434337675
592,592,1.180574703933407e-05,1.2787109211019829e-05,-39.27205228986567,-38.94628118541914
593,593,1.2237017612859904e-05,1.2473102048572496e-05,-39.122582209476604,-39.05426017384089
594,594,1.201548058684848e-05,1.2493910665063212e-05,-39.19855380635166,-39.047020966239984
595,595,1.3106960199665897e-05,1.2566431331307334e-05,-38.823315271096305,-39.02188530520544
596,596,1.2275249094638694e-05,1.2414207144741484e-05,-39.10951612506021,-39.07481505126366
597,597,1.2818149838325947e-05,1.2449417561966633e-05,-38.92680922333785,-39.06251459201119
598,598,1.2370369985706255e-05,1.2534025364929172e-05,-39.07747028348312,-39.03309923678328
599,599,1.2263308338699118e-05,1.2409736068787569e-05,-39.1104171499785,-39.076379479299334
600,600,1.2221145852047052e-05,1.2504401830052589e-05,-39.12850755531752,-39.04337571591998
601,601,1.2500722544986669e-05,1.2549037867421775e-05,-39.04044040694367,-39.02790063108651
602,602,1.219409333532088e-05,1.2563416835052377e-05,-39.1481551966936,-39.02292723676575
603,603,1.1996045725833572e-05,1.2342935837008745e-05,-39.207609743835675,-39.099820215387396
604,604,1.1944369174502239e-05,1.228408636004468e-05,-39.22128270957986,-39.12057631943626
605,605,1.2654375289635824e-05,1.2360073110597258e-05,-38.98509434252262,-39.09379453279618
606,606,1.219499847945006e-05,1.2301599637890162e-05,-39.13404082537896,-39.11438904346158
607,607,1.2157552557311515e-05,1.2431225513864774e-05,-39.15635032747986,-39.06886547891473
608,608,1.239295581455604e-05,1.2383159628370777e-05,-39.07157275232435,-39.085690215716255
609,609,1.2025855727356944e-05,1.2349913145283752e-05,-39.19789330858371,-39.09736589627243
610,610,1.2073377556870836e-05,1.2227606021042448e-05,-39.19048796857639,-39.1405905580252
611,611,1.2080389882912547e-05,1.2391664552667767e-05,-39.17077306958845,-39.082708445343805
612,612,1.2417373843923134e-05,1.2142669220338576e-05,-39.05778276192428,-39.17086328400011
613,613,1.206691267162972e-05,1.212609990225725e-05,-39.19312093584556,-39.17679351020431
614,614,1.183394417858301e-05,1.2111601455743718e-05,-39.26669225789968,-39.181989214182174
615,615,1.1742769885065932e-05,1.2107028085569924e-05,-39.30005271107063,-39.18362943040531
616,616,1.189628120797708e-05,1.2077264919322547e-05,-39.24985551194568,-39.194319001019096
617,617,1.2265178709865198e-05,1.2020766246821854e-05,-39.1225125281543,-39.214683408793064
618,618,1.2284591255443093e-05,1.2044904236206907e-05,-39.11269996427806,-39.20597141457131
619,619,1.2139786562816954e-05,1.2117123285287035e-05,-39.15705179729242,-39.18000966291167
