,epoch,train_loss,test_loss,train_dbs,test_dbs
0,0,0.0010089662451700297,0.001003655212882318,-19.959812173516067,-19.955049373365398
1,1,0.0010073539919757582,0.0010037363359802647,-19.976896850872375,-19.95469835750272
2,2,0.0010034260448049178,0.001003754472261981,-19.981881607852717,-19.954619886537483
3,3,0.000997589129988181,0.0009970475251688377,-20.007200261258756,-19.983736221156317
4,4,0.0009939372251482354,0.000993282086902151,-20.022419979230307,-20.000168785916106
5,5,0.0009954857913604409,0.0009856016044259856,-20.019426008818503,-20.033880801649918
6,6,0.0009931311228542983,0.000989638930676799,-20.034670190596152,-20.01612710610766
7,7,0.0009863687482345657,0.0009830110418414207,-20.050406916532225,-20.0453108581118
8,8,0.0009891768010121952,0.000978287952756019,-20.052583185883318,-20.06622776571323
9,9,0.000984582419929661,0.0009807745013140927,-20.072228076687793,-20.055203156513883
10,10,0.0009815428230777075,0.000978808739761773,-20.08294223987982,-20.063916434555715
11,11,0.0009803324301736716,0.0009733054780793425,-20.087937205849716,-20.088403142258887
12,12,0.0009772570038060705,0.0009714377137195123,-20.103524143743392,-20.096745220614483
13,13,0.0009764418667230333,0.0009711110186272938,-20.105878283435388,-20.098206001235223
14,14,0.0009748951175499746,0.0009663636385659246,-20.118027778946544,-20.119489016037363
15,15,0.0009697223269409433,0.0009662642137539622,-20.135837370599333,-20.11993586510027
16,16,0.0009669177504208361,0.0009581555097707008,-20.146047958990604,-20.15653480652094
17,17,0.0009685076458725272,0.0009573405596280569,-20.13980940044252,-20.16023022910087
18,18,0.0009642814342460604,0.0009582031052559614,-20.167483921227646,-20.156319080127616
19,19,0.0009593067129056171,0.0009581926646397302,-20.176863417894175,-20.156366401271697
20,20,0.0009606813276234592,0.000957937797801079,-20.17759352096091,-20.1575217220024
21,21,0.0009583092874309682,0.0009530679120584146,-20.185628000200605,-20.179656340155038
22,22,0.000952857356883355,0.0009512899713100571,-20.20315206683353,-20.187765636073124
23,23,0.0009497849867179913,0.0009497295556540944,-20.219958228062858,-20.194895284679532
24,24,0.000950107231529756,0.0009461500112114376,-20.222639815795276,-20.211294831081034
25,25,0.0009479046602416592,0.0009432445635626975,-20.23187558790028,-20.224651711563006
26,26,0.0009455792899915622,0.0009428198008160842,-20.24230496469812,-20.22660787089219
27,27,0.0009430761193405337,0.0009374494425413248,-20.26088481593066,-20.251416268039964
28,28,0.000939201800627922,0.0009382621287123153,-20.269180583973473,-20.247652948059702
29,29,0.0009399178148650555,0.0009349940044462288,-20.26954226976061,-20.26280655946202
30,30,0.0009409205318361367,0.0009366366093194014,-20.2660302506165,-20.255183533740215
31,31,0.0009308859403485182,0.000928072393626759,-20.306702231363243,-20.295076275862726
32,32,0.0009352166743315372,0.0009313697320115017,-20.291079242786164,-20.279673619907523
33,33,0.0009287701908873452,0.0009247266938664803,-20.318144320927924,-20.31076087472846
34,34,0.0009277858111296886,0.0009269279942504669,-20.324478933150658,-20.30043483428156
35,35,0.0009291759084852547,0.0009240008228899617,-20.326455762263475,-20.314171239674273
36,36,0.0009238208738904562,0.0009201163683380736,-20.3435048039198,-20.332467253399997
37,37,0.0009222353848187041,0.0009181355738914327,-20.360780628102763,-20.341826671563993
38,38,0.0009212873872494345,0.0009129589429664376,-20.352003303800494,-20.366382348120318
39,39,0.0009140100662558119,0.0009125289445939032,-20.38799861172849,-20.368428331828518
40,40,0.0009186171084047132,0.000914316232267179,-20.376072989874242,-20.359930518969914
41,41,0.0009113024648989445,0.0009136743396275529,-20.40231697117602,-20.3629805395456
42,42,0.0009116247649179752,0.000909011014492104,-20.40248610663106,-20.38520336355759
43,43,0.0009102303325918686,0.0009071492026314923,-20.404929344188403,-20.394107587898887
44,44,0.0009072417442533235,0.0009075727062544933,-20.42209432638735,-20.392080552362767
45,45,0.000904911620177559,0.0009068459560359387,-20.432404652596468,-20.395559612990603
46,46,0.0009024419723385849,0.0009036232551902925,-20.45021032300134,-20.41102082783634
47,47,0.000902801560065181,0.0008963540282198473,-20.445328879022057,-20.44609907413701
48,48,0.0009020998463101839,0.0008947837050072849,-20.444537653709812,-20.45371415440807
49,49,0.0008983243276009854,0.0008946412769881519,-20.465322633025433,-20.454405501668013
50,50,0.0008984218686387019,0.0008945887798051301,-20.469981841363555,-20.4546603513652
51,51,0.0008991608064928927,0.0008968462046284817,-20.464984872448607,-20.44371507373544
52,52,0.000894256731250429,0.0008910799791154108,-20.485757922911525,-20.471727959579823
53,53,0.0008956228068444071,0.0008910508752849541,-20.486524363278633,-20.471869808119614
54,54,0.0008924161264019989,0.0008874858122956203,-20.495061398184767,-20.48928062981802
55,55,0.0008918656025456322,0.000889634180470909,-20.49821759538578,-20.478780214517478
56,56,0.0008908472187125805,0.0008856284058358716,-20.510775410428685,-20.498379442099058
57,57,0.000885125286829149,0.000883896789194918,-20.52133721282221,-20.50687925655891
58,58,0.0008873628325203491,0.0008837323341714708,-20.520778935832347,-20.507687366229277
59,59,0.0008818738572971569,0.0008841358021048731,-20.54633122162653,-20.505705047564796
60,60,0.0008825881385062006,0.0008812642190605402,-20.538451818209573,-20.519833446289162
61,61,0.000881081804652343,0.0008749530442353142,-20.552882331625636,-20.551047354238715
62,62,0.0008785116519855777,0.0008782328130971445,-20.556760114433335,-20.534798224983003
63,63,0.0008792475036335821,0.0008788162284824802,-20.561724441093947,-20.531914138246385
64,64,0.0008800180422468591,0.000870578674182884,-20.554296593953538,-20.57281457545308
65,65,0.0008761366059974834,0.0008730039362011379,-20.57227047264014,-20.560732801011042
66,66,0.0008709591347724199,0.0008691579170868193,-20.595714390285277,-20.57990791483803
67,67,0.0008732487805206905,0.0008730061082659583,-20.591031305340216,-20.56072199562342
68,68,0.0008740629778800474,0.0008699473569561777,-20.58573088228301,-20.57596508966554
69,69,0.0008671331878261852,0.0008693474779934867,-20.617297538332565,-20.57896083401436
70,70,0.0008703878937893998,0.0008658826976132236,-20.604808075771253,-20.596304204606504
71,71,0.0008693294528842971,0.0008657362256934377,-20.608006536208038,-20.597038915296167
72,72,0.0008647736298765257,0.000864704605191946,-20.627506728339185,-20.60221710037244
73,73,0.0008660677524005092,0.0008645189043722654,-20.61940300737042,-20.603149875587864
74,74,0.0008644016127140482,0.0008617941516843674,-20.634461528190403,-20.616859394095172
75,75,0.0008629608716930926,0.0008665987223043645,-20.630058037708356,-20.592714375747164
76,76,0.0008613614925932255,0.0008614530364100478,-20.648646429953914,-20.618578758377772
77,77,0.0008594325147137122,0.0008577364527522341,-20.652790220611802,-20.637356145033255
78,78,0.0008638887564152403,0.0008615491801480713,-20.639835233924586,-20.61809408465495
79,79,0.0008598759346737613,0.0008576022136319233,-20.654221618136496,-20.638035886130076
80,80,0.0008576810792011698,0.0008544605960579295,-20.662768354932105,-20.653974421799436
81,81,0.0008549222791058578,0.000853370207263843,-20.67808290473774,-20.659520051961692
82,82,0.0008542179292039082,0.0008578374798066522,-20.685867159480352,-20.63684464865907
83,83,0.0008522808022518671,0.0008541358248820822,-20.690569771417074,-20.655625441660206
84,84,0.0008514243311287125,0.0008486229129821846,-20.698035768204054,-20.683747283349362
85,85,0.0008472261929970965,0.0008505333006676091,-20.715119133623993,-20.673981598793667
86,86,0.0008537236885551709,0.0008506179866871159,-20.68182096628866,-20.673549201378222
87,87,0.0008477796056336656,0.0008503471740129355,-20.71323407553232,-20.674932092147973
88,88,0.000846428297383269,0.0008479069648800712,-20.71375017205265,-20.687412792959208
89,89,0.0008450236703153968,0.0008447270190931464,-20.729749946817844,-20.703730963879543
90,90,0.0008413754655624327,0.0008444867685045066,-20.74343154357622,-20.70496632563647
91,91,0.0008431346943006688,0.0008416121433440008,-20.743876206082938,-20.719774888118472
92,92,0.0008474483446352492,0.0008402029174919191,-20.730425959894564,-20.72705296724621
93,93,0.0008414260318176341,0.0008402026938519588,-20.745777546786606,-20.72705412322427
94,94,0.000838141851775233,0.0008391379256193575,-20.763773890064176,-20.73256132080561
95,95,0.000835595537245888,0.0008403880147900628,-20.77315731672362,-20.72609631879619
96,96,0.000837718570465702,0.0008393401788596652,-20.76677882813234,-20.731514688545076
97,97,0.0008342789393638443,0.0008353651194882236,-20.777539833638347,-20.752131445344013
98,98,0.000833554357799135,0.0008392184421322064,-20.79312896081965,-20.732144628880928
99,99,0.0008383872420719066,0.0008334510494023561,-20.770195220138955,-20.762093842117043
100,100,0.0008351095086779714,0.000833266457591794,-20.78394379052294,-20.763055819233415
101,101,0.0008331401700864441,0.000834150552308481,-20.78554743308385,-20.758450402704284
102,102,0.0008318938102486745,0.0008312702626234999,-20.80358610562518,-20.773472373757137
103,103,0.0008325727456057272,0.0008308357822610752,-20.79902107834925,-20.77574289589109
104,104,0.0008335020693172653,0.0008292772966486059,-20.796925089725864,-20.78389706212297
105,105,0.0008290262182348783,0.0008295759295211418,-20.808406147536612,-20.78233339623605
106,106,0.0008305327225111655,0.0008263607864807311,-20.80771950295609,-20.799197816501444
107,107,0.00082730858757151,0.0008296646747591072,-20.8322664002648,-20.781868827479954
108,108,0.0008298119286449684,0.0008245647094506575,-20.811596207669435,-20.808647384672703
109,109,0.0008246308083396367,0.0008279492949919874,-20.836782265415454,-20.790857412841316
110,110,0.0008299735035104005,0.0008289920760465687,-20.812017987645596,-20.785391026093492
111,111,0.0008271822613452744,0.0008269450933623471,-20.819806914682548,-20.796128072806912
112,112,0.0008271012500830993,0.0008284339411674361,-20.822091901784113,-20.78831598207717
113,113,0.0008295559211509283,0.0008238100226184255,-20.81484424329906,-20.81262410602529
114,114,0.000824897715668242,0.0008260785712321338,-20.837528629911994,-20.80068125401211
115,115,0.0008258899906650186,0.0008236750911333059,-20.831614767387844,-20.813335493327845
116,116,0.0008241009416020254,0.0008238793295612069,-20.833572407888305,-20.812258750471035
117,117,0.0008243401552857735,0.0008239100080620693,-20.838295149475357,-20.81209703679399
118,118,0.0008227828423223775,0.0008206645633388115,-20.84334440166669,-20.82923801159492
119,119,0.0008256710392480582,0.0008245649790440343,-20.83236008302424,-20.808645964736883
120,120,0.0008242916401005207,0.0008256621383081534,-20.841900090642458,-20.802871119815556
121,121,0.0008261471899159099,0.0008208524607318012,-20.82746534447335,-20.828243775164847
122,122,0.0008281452734906649,0.0008208372470873751,-20.829141884875817,-20.828324267864442
123,123,0.0008201172987008755,0.0008179683691674942,-20.85701254121796,-20.843529721278276
124,124,0.0008199693354269125,0.0008188842820297731,-20.859308709357833,-20.8386694677519
125,125,0.0008229612590044199,0.0008209698594567415,-20.845087501024846,-20.827622689461673
126,126,0.0008207383738427432,0.0008211192601409398,-20.86291314031161,-20.826832429150652
127,127,0.0008181657146460848,0.0008184529938980153,-20.86729835085567,-20.8409574027158
128,128,0.0008195650940232901,0.0008152052484403708,-20.861673444033855,-20.858225148839267
129,129,0.0008182172440280466,0.0008166229542295792,-20.875259361140543,-20.8506789873608
130,130,0.0008177251744650535,0.0008174736163039741,-20.87677147997013,-20.846157371136798
131,131,0.0008180328589604841,0.0008170043675866174,-20.86656771187776,-20.848651037447333
132,132,0.000815300926201276,0.0008168357185480234,-20.887773893972184,-20.84954761658897
133,133,0.0008164842399413284,0.0008172171012694506,-20.877430150652955,-20.847520357587207
134,134,0.0008149731396601449,0.000815007311757654,-20.886676651491797,-20.859279769710085
135,135,0.0008122525279909449,0.0008144940182223524,-20.902102383254405,-20.862015828322
136,136,0.0008100804443154292,0.0008151929084162571,-20.90393136985857,-20.858290889889783
137,137,0.0008105678602659441,0.0008132661245518216,-20.908251529065247,-20.86856799202981
138,138,0.0008140723803080618,0.0008119572701520825,-20.896754173489388,-20.87556307182207
139,139,0.0008104938135203934,0.0008131277343062194,-20.910901199493928,-20.86930707647522
140,140,0.0008127938706389407,0.0008108140931366698,-20.906732072000338,-20.881681931976885
141,141,0.0008118079846830482,0.0008104368155871175,-20.899420326280598,-20.883703205303455
142,142,0.0008083893581456744,0.0008114079185026256,-20.922176967573293,-20.878502403042898
143,143,0.0008080065767664808,0.0008105783429192869,-20.922280465400483,-20.882944859038357
144,144,0.0008099889274705778,0.0008093261245736166,-20.91682465438646,-20.889659225680344
145,145,0.0008143733139149845,0.0008091043043685587,-20.90462632306393,-20.89084970368807
146,146,0.000807906197355196,0.0008092800241061731,-20.92316177905254,-20.889906613578198
147,147,0.0008072481561480954,0.0008067072638751645,-20.935947826184748,-20.903735144581226
148,148,0.0008074819133136921,0.0008099033117392345,-20.92990258398267,-20.88656307134855
149,149,0.000810189862116288,0.0008077929838021335,-20.9198069771788,-20.897894052330763
150,150,0.0008097956576336597,0.0008072670009967528,-20.92107957359531,-20.900722819561437
151,151,0.0008092704571101853,0.0008104410555556809,-20.92152550795523,-20.883680484344854
152,152,0.0008060408290475607,0.0008070780497387444,-20.938652413205837,-20.90173946081839
153,153,0.000809914323251656,0.0008096150153218524,-20.920852918490354,-20.888109278544256
154,154,0.0008067566050533397,0.0008039039522899609,-20.931544493745488,-20.918853181382406
155,155,0.0008100831446708324,0.0008091416307970098,-20.91487476922915,-20.890649355130954
156,156,0.0008034055006027836,0.0008014141747384871,-20.949430116677668,-20.932324623591573
157,157,0.0008070693092094254,0.0008058081730268896,-20.93276226841944,-20.90857813988736
158,158,0.0008055068787725008,0.0008068356883565062,-20.935499979945842,-20.903043820639354
159,159,0.0008054115850305588,0.0008065705279525565,-20.940904745454723,-20.904471330960405
160,160,0.0008089925893390379,0.0008047211817220637,-20.926902966157925,-20.914440490621317
161,161,0.0008080992805675517,0.0008071599234091608,-20.927960245341133,-20.9012989150761
162,162,0.0008011351245906704,0.0008056250946155112,-20.958285249819465,-20.90956496255952
163,163,0.0008079909435089332,0.0008055721899788631,-20.922052095857797,-20.909850168995646
164,164,0.0008064182109161059,0.0008074946634128297,-20.941746606930202,-20.899498211201294
165,165,0.0008050833520306678,0.0008070725353287631,-20.9425787938537,-20.901769134355025
166,166,0.0008055761632912783,0.0008030289287776931,-20.936700234049837,-20.923582911229257
167,167,0.0008041202150688497,0.0008028176472228216,-20.941651117577887,-20.924725715471073
168,168,0.0008030380428403846,0.0007995225360469991,-20.950487259130988,-20.94258772296653
169,169,0.000807029540775363,0.0008017880731801453,-20.940542750961036,-20.930298902468
170,170,0.000803992607673995,0.0008042785124608168,-20.947107334902242,-20.916830159469775
171,171,0.0008071389867799337,0.0008053107548652118,-20.937299080791085,-20.911259828568923
172,172,0.0008044792057168623,0.0008025349448680094,-20.949547309655916,-20.926255299371704
173,173,0.0008031836502042782,0.0008079500096899114,-20.95275654241435,-20.89704991465457
174,174,0.0008054728458933148,0.0008043713935062682,-20.946155587596927,-20.916328649160935
175,175,0.0008052076181857703,0.0008034211350604892,-20.94046174949937,-20.921462297192072
176,176,0.0008014443842934195,0.0008035868492075487,-20.960590817135994,-20.92056661103991
177,177,0.0008036692383142246,0.0008059624386461158,-20.949477334246474,-20.90774679692954
178,178,0.0008035089854227821,0.0008072909243453882,-20.94970643231186,-20.90059411834684
179,179,0.000803003048634675,0.0007994050362245425,-20.9554019839122,-20.943226019853697
180,180,0.0008032945688026622,0.0008055429299067902,-20.952170302781465,-20.910007916728084
181,181,0.0008013743802799468,0.0008057525816471561,-20.9624992436577,-20.90887776283858
182,182,0.0007994386095063973,0.0008021583719375102,-20.96632233963454,-20.928293614693885
183,183,0.0008040655244708291,0.0008062146156781205,-20.948293852827433,-20.90638814846023
184,184,0.0007991815974801471,0.0008026609736445703,-20.96759672730615,-20.92557334395801
185,185,0.0008005829853216935,0.0008051450376545912,-20.962008512740923,-20.912153613678917
186,186,0.0008037552302319211,0.0008033983115302889,-20.943971931188106,-20.92158567301062
187,187,0.0008006458057897146,0.0008048728708864042,-20.963904882526627,-20.913621926870714
188,188,0.0008043995782368115,0.0008037854660008298,-20.950447533108765,-20.919493329175364
189,189,0.0008020947774939393,0.0008009608718566597,-20.95359112662122,-20.934781812947815
190,190,0.0008039791395014018,0.0008039512751182835,-20.94814516525256,-20.918597535937913
191,191,0.0007999662403497345,0.0008053960260248891,-20.96742822646915,-20.91079999572303
192,192,0.0007983962645197345,0.0008037053630687296,-20.96794424406527,-20.91992615604809
193,193,0.0008028770008450854,0.0008014318545495993,-20.946321286393633,-20.932228815956066
194,194,0.0007997234219915627,0.0008050269955818198,-20.962893030955886,-20.91279037819688
195,195,0.0008041412100320702,0.0008032520969496353,-20.952664588587723,-20.922376139753005
196,196,0.000806240085872447,0.0008030920320092456,-20.938025245763342,-20.923241649444662
197,197,0.0008073022514677693,0.0008033438720495293,-20.933632906796298,-20.921879967469835
198,198,0.0008046237149362251,0.0008010897344272388,-20.94442327732431,-20.93408315457551
199,199,0.0008052522034537931,0.0008035722972923203,-20.943702378338592,-20.920645256847934
200,200,0.000800952132306417,0.0008018704492745823,-20.962878136350422,-20.929852729136392
201,201,0.0008012886307941577,0.0008017182730040268,-20.9615009003334,-20.93067699677882
202,202,0.0008022763973975688,0.0008004803155352803,-20.953749020571678,-20.937388252279167
203,203,0.0008030055371621988,0.0008005255306335656,-20.957071546836193,-20.93714294814444
204,204,0.0008023505929627062,0.0008010117545429813,-20.958662729511772,-20.93450592721123
205,205,0.0008031457432152069,0.0008002263279386648,-20.949556526404862,-20.93876646124778
206,206,0.0008012231537764988,0.0008034250257830871,-20.957387599969238,-20.921441265690785
207,207,0.0008015392003724947,0.0008026319770387521,-20.96234297317683,-20.92573023826066
208,208,0.0007999225606008904,0.0008033479557764766,-20.967964990663724,-20.921857890553177
209,209,0.0008064409203049679,0.0008029531607845504,-20.94051878380401,-20.92399269937777
210,210,0.0008016455715723796,0.0008052385283487016,-20.960338478153272,-20.91164935502323
211,211,0.0008006929341924482,0.0008044531722062905,-20.96356481806677,-20.915887133796932
212,212,0.000802159754645809,0.0008013834717291358,-20.957446924810085,-20.932491009505227
213,213,0.0007987194778589704,0.0008053269764212402,-20.972354238938138,-20.911172348533725
214,214,0.0008025317514056014,0.0008003016731603758,-20.955328602416845,-20.938357571006204
215,215,0.0008035298555695749,0.0008011919593340472,-20.957294221892397,-20.933528998422155
216,216,0.0007975320205735715,0.0008072073626528052,-20.97438776599902,-20.901043674500748
217,217,0.0008024218217373739,0.0008017905914273701,-20.95828992053846,-20.930285262215754
218,218,0.00080116216474952,0.0008031380221884893,-20.96698221580175,-20.92299295180611
219,219,0.0008046440564134379,0.0008055338004947101,-20.95026249015803,-20.91005713664685
220,220,0.0008032682421377179,0.0008025050537023498,-20.952268120678145,-20.92641705943148
221,221,0.0008046188164915237,0.0008017058165645913,-20.94631478289046,-20.930744474409305
222,222,0.0008022119183112512,0.000803496265832923,-20.956473051459263,-20.92105619193869
223,223,0.0008024615373644862,0.0007994603978371934,-20.956540082720533,-20.942925266051894
224,224,0.0008007036870076638,0.0008039286813551658,-20.96358235558729,-20.918719589162205
225,225,0.000799729271561445,0.0008013658317443179,-20.965716864377736,-20.93258660708934
226,226,0.0008012186171794214,0.0008007456383079683,-20.959485442772916,-20.93594900234845
227,227,0.0008022897197509703,0.000800540174455627,-20.960594167886097,-20.937063504420234
228,228,0.000800544137408784,0.0008037190449326054,-20.96380102459468,-20.91985222463391
229,229,0.0008002663554489305,0.0007998152256109997,-20.965918181944275,-20.940998146742885
230,230,0.0008012790127282904,0.000802284609036226,-20.965488167482064,-20.927610211467382
231,231,0.0008016661410796043,0.0008010038413646582,-20.967000756237866,-20.934548831283934
232,232,0.0008013450256164771,0.0008024320122785866,-20.958171727661657,-20.926812358262627
233,233,0.0008012485827232912,0.0007980783059457807,-20.963678962347622,-20.950439763575538
234,234,0.0008028082659986523,0.0008008047589100897,-20.96144445840267,-20.93562836615337
235,235,0.0008038591171048351,0.0008036674729450361,-20.950819240674047,-20.92013090595145
236,236,0.0008042267890954294,0.000802702307210941,-20.94687049901482,-20.92534970685343
237,237,0.0008030812401257301,0.0008015503561565358,-20.950342320737146,-20.931586705348234
238,238,0.0008038561935200519,0.0008054672599476026,-20.945956873508997,-20.910415897334936
239,239,0.0008029359400022737,0.0008042776883628807,-20.961424526547518,-20.916834609437842
240,240,0.0007999349456309274,0.0008023021050336722,-20.9726375860739,-20.927515502779098
241,241,0.0008032723022720863,0.0008043419067306738,-20.955877185515952,-20.916487856447024
242,242,0.0008020777724558468,0.0008020610854911961,-20.95756566393522,-20.92882036266037
243,243,0.0008025439912165256,0.0008021951316071576,-20.956329113063955,-20.928094599680648
244,244,0.0008011154564020713,0.0008037744616893562,-20.958813066913677,-20.919552787136062
245,245,0.0008025368574776293,0.0008047265919709677,-20.95280470109223,-20.91441129251644
246,246,0.0008025161055463952,0.0008030715000227486,-20.961520734853774,-20.923352683324595
247,247,0.0008023471725125288,0.0007996316600934063,-20.959907941191517,-20.941995010001317
248,248,0.0008068008626782402,0.0008007573717469839,-20.938471887685832,-20.93588536503043
249,249,0.0008002708296377942,0.0008016975602674249,-20.965517800900866,-20.930789200076624
250,250,0.000801819944322186,0.0008040744547830208,-20.959455042864697,-20.917932170355908
251,251,0.0008013678658225564,0.0008036930138539327,-20.95802545305968,-20.919992887431164
252,252,0.000801164315432579,0.0008023239145251481,-20.956045483687443,-20.927397447335817
253,253,0.0008008311623851433,0.00080195783735498,-20.956559926110305,-20.92937945950454
254,254,0.0008013712274649939,0.0008009846359001179,-20.96562641469732,-20.934652962211103
255,255,0.0008021109526228044,0.0008006606244874236,-20.96565504741031,-20.93641010998916
256,256,0.000801704787966056,0.0007980677335964222,-20.961194903971716,-20.950497296067848
257,257,0.0007991900879976138,0.000801256140939107,-20.968854354758847,-20.933181109252736
258,258,0.0008048493686352962,0.0007988429401609066,-20.94629095433337,-20.946280805248808
259,259,0.0008016485209605589,0.0008022215854572622,-20.96411791681092,-20.927951385501885
260,260,0.0008041601677271585,0.0008042284722537978,-20.94333235670602,-20.917100375092026
261,261,0.0008022013425193343,0.0007994028457783555,-20.960032968670546,-20.943237919953795
262,262,0.0008018956256828742,0.0008018906289515527,-20.95684349882534,-20.929743437017084
263,263,0.0008021607837812571,0.0008007663357267646,-20.960464963502652,-20.93583674874162
264,264,0.0007991703574008011,0.0007985726421649911,-20.969865107386013,-20.9477505408707
265,265,0.0007995730043945776,0.0007998296396659786,-20.964159230655657,-20.940919880064133
266,266,0.0008009967553794154,0.0008027465205247465,-20.959491750975978,-20.92511050149372
267,267,0.0008004875229575585,0.0008020052275816468,-20.96070376366328,-20.929122828733004
268,268,0.0008022507116169736,0.0007982622727898782,-20.95609476404494,-20.949438776860518
269,269,0.0008048758735236971,0.0008015244231118183,-20.95472191757151,-20.93172721754849
270,270,0.0007992615580040309,0.0008012705335491582,-20.964931190904256,-20.933103099554362
271,271,0.0008054544654742037,0.0007989037886114889,-20.943241360333058,-20.945950012566122
272,272,0.0008042129722769497,0.0008012676139754292,-20.956511983536906,-20.933118923886056
273,273,0.0008009851426510236,0.0008016033588271392,-20.9652824033358,-20.931299536785886
274,274,0.0008052695985432214,0.0008017337899410018,-20.941261214234352,-20.930592941629808
275,275,0.0007986960363737547,0.0008008066093009946,-20.966365811571357,-20.935618331077755
276,276,0.000804512103246621,0.0007982461921576606,-20.95272431288818,-20.94952626439962
277,277,0.0008006669201686518,0.0007990935639674334,-20.96656871101061,-20.944918491579653
278,278,0.0008029771180218566,0.0008022293577117747,-20.952154992657256,-20.92790930946009
279,279,0.0008032859288655298,0.0008007484874197919,-20.95041714982308,-20.935933549859136
280,280,0.0008001880397415269,0.0008000456421685062,-20.963630453236092,-20.93974717995982
281,281,0.0008020577334184392,0.0008010699285047227,-20.96023158200293,-20.93419052967747
282,282,0.000800223353789332,0.0008019186697263075,-20.972819785556652,-20.92959157415215
283,283,0.0008010043769825212,0.0007998134885718556,-20.966211473781446,-20.941007578763056
284,284,0.0008024876516014722,0.0008013000540239247,-20.95973013766326,-20.932943099372217
285,285,0.0007973523563273327,0.0008001687115450439,-20.976987160832422,-20.939079165064154
286,286,0.000801712849427053,0.0008035180354981046,-20.960377580250093,-20.920938527205347
287,287,0.0007957052961519929,0.0008033273594551965,-20.982916005034067,-20.92196923686684
288,288,0.0008040889791577824,0.0008005622841760909,-20.95091118022777,-20.9369435604461
289,289,0.000803198218321639,0.0007997329689954457,-20.955497697715927,-20.941444817801464
290,290,0.0008039414563417895,0.0008010675481177474,-20.9507369325909,-20.934203434798825
291,291,0.0008006578979812102,0.0008025758342180205,-20.965105133250816,-20.926034030917048
292,292,0.0008014909666242826,0.0007995062164570156,-20.95652056027761,-20.94267637062675
293,293,0.0008003167602828867,0.0007992489048966059,-20.967217346209388,-20.94407432069788
294,294,0.0007993348780539387,0.0008003656096805475,-20.97242058409411,-20.938010624726793
295,295,0.000798532890501557,0.0008014227894723023,-20.978178543736362,-20.93227793972487
296,296,0.0008023226130801762,0.0007970031890037813,-20.957839475183984,-20.956294228410055
297,297,0.0008012788993133636,0.0008007597031169816,-20.961450692382453,-20.93587272075531
298,298,0.0008014419779767157,0.0007987778364239555,-20.958712958486984,-20.946634759004784
299,299,0.0007989818497906564,0.0007996032731362471,-20.96997020443301,-20.942149187459517
300,300,0.0007986491900081411,0.0007992400297600972,-20.970948324209115,-20.94412254652827
301,301,0.0008035401259212918,0.0008049878739065638,-20.948044262036362,-20.913001436218913
302,302,0.0007989164951891091,0.0007995052238632189,-20.974747365674023,-20.942681762433185
303,303,0.000801801005229546,0.0008011320697780894,-20.954594677064886,-20.933853648158607
304,304,0.0008010307246502297,0.0008012131407954975,-20.966950207438842,-20.933414183612513
305,305,0.0007990219794722638,0.0007991551905625352,-20.972544553167815,-20.94458357387515
306,306,0.0008003022389716862,0.0008020605309866369,-20.962105035795734,-20.928823365154297
307,307,0.0007980216754187551,0.0008019883994405207,-20.969383268136,-20.929213955888486
308,308,0.000800904455431497,0.0008018873080513195,-20.958310102154694,-20.929761422657272
309,309,0.0007990793908283729,0.0007998380552683221,-20.976433212604633,-20.94087418495294
310,310,0.0008000025373269065,0.0008030500122051882,-20.965265545830118,-20.923468889234602
311,311,0.0007979354470699411,0.000798763008788228,-20.9773783521266,-20.94671537741771
312,312,0.0008035155784905187,0.0008011923392156237,-20.94793855308835,-20.93352693923482
313,313,0.0008014932931304823,0.0008015775605791101,-20.96303035186063,-20.9314393093671
314,314,0.0008053681957199401,0.0008012245893233308,-20.94966777591781,-20.93335212775386
315,315,0.0008014256012213138,0.0008023693348820272,-20.96792932159264,-20.92715159585771
316,316,0.0007982306589238038,0.0008046835336196972,-20.977850822698308,-20.91464367584824
317,317,0.0007974194715606029,0.0008022411340406459,-20.977445755868604,-20.92784555765322
318,318,0.0007995100639107608,0.0007988698504816153,-20.9689240723959,-20.946134508569457
319,319,0.000798124311126999,0.000797765534738765,-20.97626530281044,-20.952142120755877
320,320,0.0008016595324098142,0.0007991750424384678,-20.9599122463298,-20.944475691786764
321,321,0.0008007251026262482,0.0008002989465909961,-20.96059415811519,-20.938372367127375
322,322,0.0008008872187629188,0.0007990991580300033,-20.96587412305012,-20.944888088856978
323,323,0.000797293321157508,0.0008003793252435954,-20.979481379635697,-20.93793620196002
324,324,0.0008026402054796207,0.000801854227718554,-20.963785523414415,-20.929940586265143
325,325,0.0008034397513106389,0.0007998328257695233,-20.956713018970497,-20.94090258007469
326,326,0.0008016512669219645,0.0008021277301993809,-20.965011598516192,-20.928459514501526
327,327,0.0008019826197324647,0.000798815542733983,-20.965642825676802,-20.94642975512088
328,328,0.0007991928129562552,0.0007962616693571602,-20.97472518264562,-20.960336719051984
329,329,0.0008033919292166061,0.0007979252565603115,-20.956364567335406,-20.951272700360057
330,330,0.0007988226284349779,0.000801654792954459,-20.97551571834525,-20.931020884746484
331,331,0.0008003405300113037,0.0008005618491504146,-20.96774038939308,-20.936945920403666
332,332,0.0008059248679855204,0.0007975659835593481,-20.94763462088426,-20.953228590565267
333,333,0.000801247920236099,0.0008015780844480583,-20.967240015737065,-20.93143647104764
334,334,0.0007985471615798233,0.000801751895587107,-20.977602982610037,-20.930494865516426
335,335,0.0007997760267150541,0.0008003498997392231,-20.968513987116125,-20.93809587086564
336,336,0.0008030184958677393,0.0008036081899741763,-20.95637667680245,-20.920451277468555
337,337,0.0008037403980798097,0.0008018536425783838,-20.951304223227282,-20.929943755460126
338,338,0.0007995387770898026,0.0008003592864904357,-20.973399369782175,-20.938044935764
339,339,0.0007994098141165354,0.0008008266419270321,-20.974973521725904,-20.93550969123852
340,340,0.000798241589362397,0.0007985209997155165,-20.97453829373226,-20.948031401432146
341,341,0.0007983427806805397,0.0008019470934461998,-20.969938411244744,-20.92943764275727
342,342,0.0008027786142960883,0.0007987073255016616,-20.957332260234764,-20.947018142903623
343,343,0.0007979308804689148,0.0008003533493090225,-20.976943949280205,-20.938077152478836
344,344,0.0008005633987438356,0.0007995835438027586,-20.96311414906916,-20.94225634618013
345,345,0.0007968724437643649,0.0008010485969287785,-20.97814796794387,-20.93430617887041
346,346,0.0008010393513856244,0.0008023174841103977,-20.961013685283838,-20.9274322550336
347,347,0.0007987531848952712,0.0008036939788756794,-20.969770558356167,-20.919987672711606
348,348,0.0008017483927050279,0.0008022968050729679,-20.95827208208857,-20.927544192112908
349,349,0.0008044054530100109,0.0008015622397100455,-20.949261314091277,-20.931522318583035
350,350,0.0007988934509561772,0.0007987199106106633,-20.97359235676678,-20.94694971232638
351,351,0.0007973893577972255,0.0007987454913458542,-20.980510374184632,-20.946810622338905
352,352,0.0008024871961415274,0.0008002979693150049,-20.957843918738448,-20.938377670468476
353,353,0.0008028690822028852,0.000802272195486646,-20.962147023936787,-20.927677409288844
354,354,0.0008042722246753648,0.0008020778401068559,-20.948310765875654,-20.928729641875385
355,355,0.0008009464975648089,0.0008010709884968635,-20.96910326129048,-20.934184783007712
356,356,0.0007972828533798072,0.000800962192251494,-20.98386060549784,-20.93477465355042
357,357,0.0007985391601267242,0.0007999473968275675,-20.97411675182533,-20.940280524898903
358,358,0.0008007418268273786,0.0007994058143690621,-20.965688944028816,-20.943221792413397
359,359,0.0007988542519970654,0.0008028046178974604,-20.974773904725264,-20.924796199846263
360,360,0.0008004414914991975,0.0008013175622756151,-20.967691676824984,-20.932848207901912
361,361,0.0007982389448143388,0.0008003284364301516,-20.97567698630816,-20.938212338946496
362,362,0.0008005539456996875,0.0007969496992269629,-20.967701328812648,-20.95658570898129
363,363,0.0007982258696934765,0.0007985769250234099,-20.973807995495704,-20.94772724910372
364,364,0.0007995998465273645,0.0008004561501653179,-20.97184624008246,-20.937519361627395
365,365,0.0008010249170858759,0.0007975347873166596,-20.969678501154114,-20.953398465175134
366,366,0.0007977498474425261,0.0008001839435708366,-20.97903982883063,-20.938996493476374
367,367,0.0007991675076257322,0.0007987167919054627,-20.969947110315672,-20.946966669949262
368,368,0.0008037499939427548,0.0007989236435509826,-20.945775771963362,-20.945842079875927
369,369,0.0008006206672811477,0.0007959447684697807,-20.9652907016159,-20.96206549372902
370,370,0.0008020357891302748,0.0007986060778708442,-20.959361397275607,-20.947568708463717
371,371,0.0008060100605980176,0.000800362552246569,-20.940916567588445,-20.938027215010358
372,372,0.0007972519319101246,0.0008039456075302473,-20.977979961135294,-20.918628152356618
373,373,0.0007978160937614355,0.0008036140076767065,-20.97754311124932,-20.920419836935817
374,374,0.0007981413107643806,0.0008003941927056172,-20.97832280095997,-20.937855530251703
375,375,0.0007996254506972187,0.0007977249211092529,-20.965903513576684,-20.952363222362926
376,376,0.0008004425776421486,0.0007997289097769872,-20.968851204921446,-20.941466861417517
377,377,0.0008040571767721594,0.000801541358477583,-20.949714573042442,-20.93163545667398
378,378,0.0007977506413470147,0.0008000876987352967,-20.981213217128545,-20.939518887299172
379,379,0.000802098997849395,0.0008004684871258704,-20.954502604040197,-20.937452426885223
380,380,0.000800628163467747,0.0008030105474110888,-20.97119323561924,-20.923682322560108
381,381,0.0007951369007434888,0.0008004036437916128,-20.98928692965313,-20.93780424889184
382,382,0.0007971026082571174,0.0007975439933177672,-20.977314368803285,-20.95334833454171
383,383,0.0007993007365604574,0.0008004116090504747,-20.972620614007344,-20.937761030063626
384,384,0.0007986382163638613,0.0008000890834649143,-20.97747202277724,-20.939511370874257
385,385,0.0007974089113707395,0.0007983361015488443,-20.983355471112226,-20.949037130170115
386,386,0.0007990079556265366,0.0007990603273930518,-20.97473383481718,-20.945099130765044
387,387,0.0008057700158048843,0.0008002472796330327,-20.9419178996372,-20.938652754839776
388,388,0.0007994602819587843,0.0007981408148464796,-20.9719119768543,-20.950099618913647
389,389,0.0008016811010485381,0.0008010279148277876,-20.96158142973777,-20.934418309873763
390,390,0.0008008342545921195,0.0008005469112264875,-20.970541573061375,-20.937026957471147
391,391,0.0008026283209154517,0.0007989366269229274,-20.958903895401715,-20.945771502906258
392,392,0.0007997887621912145,0.0007986021902118074,-20.971076004580183,-20.94758985021337
393,393,0.0008006652843533564,0.0008014167511933728,-20.958701291252815,-20.932310661543276
394,394,0.0008020908055711806,0.0007996244025171587,-20.952924214206234,-20.942034427395313
395,395,0.000798884723407514,0.0007970727931119894,-20.979422683559772,-20.955914965683924
396,396,0.0007958349264130841,0.0007967888959683478,-20.981362965648444,-20.957462088185963
397,397,0.000796837821007543,0.0007991934912034163,-20.980584880661198,-20.944375437100227
398,398,0.0007979603599488121,0.0007999970877886211,-20.98098916323646,-20.940010759161396
399,399,0.0007999513289871981,0.0008005587549537028,-20.976519700840406,-20.936962706054345
400,400,0.000796524624186616,0.0007968936452495033,-20.984921066782807,-20.956891183583846
401,401,0.0007982731331139803,0.0007998920719776498,-20.985945522601735,-20.940580895998746
402,402,0.0008021768712985915,0.0007974321518926636,-20.968779696991216,-20.953957398369987
403,403,0.0007974628266667199,0.0007977746580237229,-20.98528655856292,-20.9520924549144
404,404,0.0007985758309530997,0.0007943891748589905,-20.979371984668123,-20.97056164561647
405,405,0.0007969441412007148,0.0007945934163504525,-20.98239050635811,-20.969445195962496
406,406,0.00079466114192721,0.0007954287575557828,-20.993450635561675,-20.96488193747074
407,407,0.0007946910396621553,0.0007937476988636741,-21.003862018054676,-20.97407002710171
408,408,0.0007973937869801657,0.0007934504445936335,-20.980553650488307,-20.975696741337014
409,409,0.0007933374877164582,0.0007949632096202358,-20.998178569609806,-20.9674245170287
410,410,0.0007923803149396074,0.0007919971524786792,-21.01354277251662,-20.983658618147793
411,411,0.0007961403342088704,0.0007924103747906262,-20.998413500528414,-20.981393289678216
412,412,0.0007944724842973207,0.0007892882506559161,-21.00512309549014,-20.998538440122665
413,413,0.0007867082652213416,0.0007891770770871325,-21.036475627662146,-20.999150199743703
414,414,0.0007906306016537332,0.000789952525672944,-21.024404450434083,-20.994884899817734
415,415,0.0007904964305950117,0.000792526878955725,-21.02083271008745,-20.980754814987908
416,416,0.000793881033254384,0.0007886224898117545,-21.01123461291251,-21.00220323903212
417,417,0.0007907358165014267,0.0007897114754948569,-21.019713141442715,-20.996210330579466
418,418,0.0007854087461871048,0.0007877244375106928,-21.04165207844312,-21.007151631980992
419,419,0.0007890925860301274,0.000789712725427786,-21.03286804466991,-20.996203456695003
420,420,0.0007910967508052505,0.0007841247807894098,-21.02025826069939,-21.027043028248677
421,421,0.0007873785198358915,0.0007884107671040846,-21.04159296046198,-21.00336935273053
422,422,0.000791019043577931,0.0007884192562318946,-21.027901617097676,-21.003322590792855
423,423,0.0007826308389770385,0.0007884827270907791,-21.06060545715609,-21.002972980682884
424,424,0.0007869299992045253,0.0007875519528936007,-21.037008651416574,-21.008102691974933
425,425,0.0007849715694487479,0.0007854571173849859,-21.049896148108115,-21.019670025652957
426,426,0.0007874389585904469,0.0007844749121240488,-21.039513832961816,-21.02510422754908
427,427,0.0007891991360535481,0.0007903160723416429,-21.02947400571422,-20.99288667856454
428,428,0.0007857181823130735,0.0007876918902375588,-21.041843548898512,-21.007331077894765
429,429,0.00078823175773351,0.0007846622550124792,-21.033147691273676,-21.024067199241294
430,430,0.0007865200858543982,0.000786462473977161,-21.049549931726524,-21.01411476847238
431,431,0.0007876320093985379,0.0007879868499003351,-21.039386892741202,-21.005705120113383
432,432,0.0007889034645391878,0.0007863383078457494,-21.03346621789424,-21.014800483617574
433,433,0.0007854212938385449,0.0007844859960881111,-21.045049534223384,-21.025042865861803
434,434,0.0007874997021851235,0.0007889187422973153,-21.038390627434712,-21.0005720826652
435,435,0.0007851067984467084,0.0007835976828477884,-21.047034519076444,-21.02996338872579
436,436,0.0007840163271259709,0.0007867936051058534,-21.055284629976843,-21.012286605517687
437,437,0.0007855702652451918,0.0007848019595257938,-21.048130828585798,-21.023294032209797
438,438,0.0007860313833345534,0.0007863774877286664,-21.044810314757754,-21.01458409859742
439,439,0.0007870510147318014,0.0007847181558118839,-21.0384235333391,-21.023757810790183
440,440,0.0007872168039518994,0.0007889497302178489,-21.042428020712805,-21.000401499588985
441,441,0.0007843243542664982,0.0007872244735297404,-21.047587889395576,-21.009908948156134
442,442,0.0007894095195428535,0.0007876033717031149,-21.037009486803626,-21.00781915288647
443,443,0.0007864947769234015,0.0007862799776423918,-21.047638328734607,-21.01512265315727
444,444,0.0007847024916344773,0.0007855530773093434,-21.048314908974334,-21.019139477018392
445,445,0.0007868726370548925,0.0007856861185772639,-21.03845347939471,-21.018404018167665
446,446,0.0007874899461010913,0.0007863449864089489,-21.043014917016038,-21.014763598083718
447,447,0.0007837017111182597,0.0007829442681548627,-21.05124191818827,-21.033586329200602
448,448,0.0007846010830877445,0.0007850568386186895,-21.05947773297423,-21.02188380875912
449,449,0.0007869886275208028,0.0007825115432129486,-21.043012952981872,-21.03598729201127
450,450,0.0007809546233644497,0.000784423723081617,-21.06978254260989,-21.02538762531833
451,451,0.0007888120185036558,0.0007846649815818589,-21.036993024416834,-21.02405210826462
452,452,0.0007869465133780133,0.0007823179996768502,-21.040009831438567,-21.03706159292214
453,453,0.0007856919666627402,0.0007837201977197669,-21.052434978730595,-21.029284425847624
454,454,0.0007872806067492083,0.000786294312044782,-21.03804935176243,-21.015043479131595
455,455,0.0007822033835181332,0.0007817950222249094,-21.06075443532042,-21.039965810543517
456,456,0.0007878964678048319,0.0007854442963817794,-21.040763325652698,-21.01974091604616
457,457,0.000782866724622772,0.0007822263716278892,-21.060399599633293,-21.03757028486884
458,458,0.000783772282206367,0.0007840340473002902,-21.054322334037092,-21.02754559282296
459,459,0.0007839059996053807,0.0007850801860178379,-21.055590862150737,-21.02175465255863
460,460,0.0007864795607207439,0.000784198523768665,-21.04312473545469,-21.02663461540548
461,461,0.0007839757677878148,0.000782361765710735,-21.05970003111343,-21.03681863781482
462,462,0.0007825923217076462,0.0007876650319973889,-21.05630154654889,-21.00747916351696
463,463,0.0007868177586321518,0.0007833611391680805,-21.03844188401489,-21.03127458611226
464,464,0.0007864583119241156,0.0007828248076533017,-21.046562704152194,-21.0342490199835
465,465,0.0007838654990749645,0.0007799298343199648,-21.057656702207392,-21.05033948419773
466,466,0.0007852768062220252,0.0007913610438424113,-21.04864111661415,-20.98714814422126
467,467,0.0007833069011559422,0.0007815894572750518,-21.055443841693815,-21.04110789331434
468,468,0.000787906842570291,0.0007839383967956038,-21.044321525454286,-21.028075455277936
469,469,0.0007855193479437881,0.0007838984694037782,-21.046278157672212,-21.028296654897925
470,470,0.0007884423092449296,0.000780735786783656,-21.04009943603121,-21.045853952716293
471,471,0.0007836122039379072,0.0007837277003809026,-21.060625990056376,-21.029242850439154
472,472,0.0007857506165818609,0.0007824170262258696,-21.048773372743,-21.03651189366768
473,473,0.0007840548804001018,0.0007880635890423468,-21.058325536199362,-21.00528219727888
474,474,0.00078412810623761,0.0007851260781631266,-21.057639198420656,-21.02150079157333
475,475,0.0007886459046408304,0.0007841213863637103,-21.04157290967702,-21.027061828617924
476,476,0.0007818462915200088,0.000785123382229358,-21.06407657672538,-21.021515704224967
477,477,0.0007830980082628192,0.0007840247248838606,-21.05969626860748,-21.027597232137577
478,478,0.0007849071629719867,0.0007824173203277352,-21.05489913215272,-21.036510261203286
479,479,0.0007835278130309253,0.0007808168302290142,-21.06267365275121,-21.045403161359516
480,480,0.0007856300493135818,0.0007825168064109197,-21.047366560764694,-21.035958081322065
481,481,0.0007865055807453301,0.0007883852170045046,-21.051625473346167,-21.00351009721964
482,482,0.0007874104230347829,0.0007831326618447507,-21.042654175394226,-21.032541446426695
483,483,0.0007849653358283194,0.0007830600125568086,-21.050317850642273,-21.032944349407995
484,484,0.0007837829072047601,0.0007844740267548906,-21.0644196107464,-21.025109129059004
485,485,0.000783102588665662,0.0007841639208460325,-21.060938745177502,-21.026826252975113
486,486,0.0007836950682439678,0.0007852496622179292,-21.059405718875222,-21.020817237035615
487,487,0.0007829627516612257,0.0007837905983538612,-21.067932060286022,-21.028894321906947
488,488,0.0007813470732161449,0.0007836513074212952,-21.070317213183294,-21.029666194642118
489,489,0.0007877315649013851,0.0007850176801807002,-21.04104350669604,-21.022100439158997
490,490,0.0007846889268491686,0.0007807141151524296,-21.051178985510862,-21.0459745056696
491,491,0.0007842215919415898,0.0007825738744271037,-21.060136826942063,-21.035641367091557
492,492,0.000784005106849231,0.000782219644047712,-21.054941822955527,-21.037607636761052
493,493,0.0007874234669515383,0.0007871069216267451,-21.042330601248864,-21.01055750465523
494,494,0.0007870189897168774,0.0007814336568117142,-21.05015923922606,-21.04197369345664
495,495,0.0007854714178355391,0.0007791021581445085,-21.05242158886331,-21.054950745946186
496,496,0.0007832421364320308,0.0007854173064084822,-21.056510391472337,-21.019890153845978
497,497,0.0007827687041219516,0.0007827139312499448,-21.06489026395925,-21.03486418215145
498,498,0.0007833509223497252,0.0007816593861207366,-21.05657394101417,-21.04071934721747
499,499,0.0007804717506118811,0.0007859330170934921,-21.072202210420265,-21.017039480645355
500,500,0.0007828782599409754,0.0007826862182762278,-21.055771650100517,-21.03501795231133
501,501,0.0007798412758328943,0.0007828694437385389,-21.072956825612188,-21.03400139557662
502,502,0.000783493843760111,0.0007775298436172307,-21.053601984244075,-21.063724145882272
503,503,0.0007859071009773185,0.0007795776932892439,-21.050036324628678,-21.052300781676397
504,504,0.0007827308223361975,0.0007839810599474923,-21.064075854839697,-21.027839111869216
505,505,0.0007850826752717732,0.0007826949984423424,-21.04941265566221,-21.034969233473355
506,506,0.0007823806078432454,0.0007831513924573205,-21.0575453302339,-21.032437575080248
507,507,0.0007808423689902597,0.0007857388547180515,-21.070186411454593,-21.018112524582687
508,508,0.0007834704250778965,0.000784002495684514,-21.06326511427596,-21.02772036799245
509,509,0.000782852857997737,0.0007815520052405956,-21.06858673682142,-21.04131600259035
510,510,0.0007803143702985085,0.0007845540806700132,-21.075060002582063,-21.02466596333803
511,511,0.0007794847083037969,0.0007829041385680045,-21.07831592625541,-21.03380893131282
512,512,0.000782068954425451,0.0007833010351628458,-21.064803024164604,-21.031607814784714
513,513,0.000782859721101014,0.0007819538280416868,-21.062439466249675,-21.03908371889375
514,514,0.000780778755217829,0.0007817078639115943,-21.067024893845762,-21.04045001015581
515,515,0.0007824665211505958,0.0007818282710535353,-21.064349773616566,-21.039781114103317
516,516,0.0007841333077221955,0.0007828378461693463,-21.052215426157854,-21.03417668568394
517,517,0.0007822597939425061,0.0007827943313474718,-21.05942836657933,-21.03441809930966
518,518,0.0007819757969646724,0.0007851731681608056,-21.065653174492006,-21.021240319867715
519,519,0.0007799163379120765,0.0007835343467855924,-21.080335931608158,-21.03031443129032
520,520,0.000780250946151035,0.0007818206948669333,-21.07248018308389,-21.039823198945975
521,521,0.000780023924271893,0.0007847010335688921,-21.07508762773161,-21.023852573179983
522,522,0.0007821564561418575,0.0007813179859352347,-21.06062434425022,-21.042616600775872
523,523,0.0007802051349216592,0.0007791663489402517,-21.072862728270934,-21.05459294229079
524,524,0.0007848631009728331,0.0007810194756051427,-21.052243594392735,-21.044276183214613
525,525,0.0007819289632007172,0.0007808468224921901,-21.062365335777393,-21.045236345997246
526,526,0.0007840352560172683,0.0007809986280718524,-21.058196752907612,-21.044392109766918
527,527,0.0007847512432508478,0.0007830185441937493,-21.05093947110945,-21.033174344016846
528,528,0.0007871242495704942,0.0007813010444423478,-21.045142008549792,-21.042710770842067
529,529,0.000783988703690354,0.0007825892657580736,-21.05954127027743,-21.035555952735212
530,530,0.0007830680469195023,0.0007826268985426347,-21.064632669987574,-21.035347116268408
531,531,0.0007843140239068835,0.0007833926295126347,-21.065875991864452,-21.03110000752629
532,532,0.0007807700840765898,0.0007836527227865238,-21.07548088169493,-21.029658350786722
533,533,0.0007829982169289334,0.0007837009677467378,-21.062621869117017,-21.02939098905295
534,534,0.0007848982313964708,0.000783049041944507,-21.05704010356139,-21.03300519416682
535,535,0.0007827492435606792,0.0007832322857881847,-21.07134190838966,-21.031989006472998
536,536,0.0007825335733755731,0.0007807533624336907,-21.060929994725043,-21.045756186967104
537,537,0.0007858096859561875,0.000782123426784222,-21.05202185869885,-21.038141875412784
538,538,0.0007813765965018076,0.0007823781496355016,-21.071608481985024,-21.03672769045611
539,539,0.000780784948032887,0.0007830962514210688,-21.06721762955681,-21.03274336896762
