,epoch,train_loss,test_loss,train_dbs,test_dbs
0,0,0.00036359877300391107,0.00034632995773695017,-7.300632133149126,-7.5208802643556165
1,1,0.00033103285108923374,0.0003197939199469003,-7.707129474130944,-7.867078838238735
2,2,0.0003103038863778191,0.00030445851888017436,-7.990620988185981,-8.080499560211038
3,3,0.00029758593432374837,0.00029420282991946136,-8.168865380486892,-8.229312404635568
4,4,0.00028898157017334295,0.000286808191480017,-8.297232889661947,-8.339865353440683
5,5,0.00028246819532533974,0.00028018371238814374,-8.399785180376364,-8.4413520100819
6,6,0.00027674098754752925,0.000275516396964361,-8.48570040859667,-8.51430635955895
7,7,0.0002720973563330133,0.0002714007660918134,-8.560885682597423,-8.579670171051822
8,8,0.0002682769958220288,0.0002677645603207087,-8.62083391780132,-8.63824990409368
9,9,0.000265041033475727,0.0002645551821363992,-8.674874247511585,-8.690618133677404
10,10,0.0002621123358696104,0.00026242202760553673,-8.722762257880381,-8.725777995799534
11,11,0.00025973904661272566,0.00025945904244987394,-8.762821407623102,-8.775092753645549
12,12,0.00025769312309158833,0.00025809704905106247,-8.796990254343129,-8.797950472553834
13,13,0.00025567241698940354,0.0002558005691849087,-8.832041254518144,-8.83676579830299
14,14,0.000253965124336657,0.0002542968730650548,-8.860282022967183,-8.862370663760649
15,15,0.0002523126933044399,0.00025254597513642356,-8.886937020290539,-8.89237634841481
16,16,0.00025072540339567346,0.0002511132647908342,-8.916683353643482,-8.917084318654137
17,17,0.00024913803757691623,0.0002498764193947672,-8.940553978023784,-8.938528122339457
18,18,0.00024776734182486293,0.00024841624728747105,-8.966635332522833,-8.963980895232266
19,19,0.00024679562643400787,0.00024721311791309794,-8.983796636816866,-8.98506574255263
20,20,0.00024570424824391405,0.00024626795799888085,-9.002417307788285,-9.0017017700407
21,21,0.0002447368732243104,0.0002448897001541857,-9.019306959934394,-9.026075668636972
22,22,0.00024363106928559347,0.00024393956042139937,-9.040760886128496,-9.042958494438015
23,23,0.0002427271052117258,0.0002434248760293581,-9.056569936472908,-9.052131288255667
24,24,0.00024180992604857406,0.00024235392935990699,-9.071821065574001,-9.071280208600003
25,25,0.00024080228392927688,0.00024174519670563504,-9.091428151329374,-9.082202325902418
26,26,0.00024033058119683344,0.00024075356027184936,-9.099180833163308,-9.100053681222098
27,27,0.00023911110504731996,0.00024056617372767314,-9.121602391137834,-9.103435256523573
28,28,0.00023873821597008668,0.00023917254063570383,-9.126988156337124,-9.128667694351648
29,29,0.00023759878120509928,0.0002384987815993985,-9.149349189780583,-9.140919215932769
30,30,0.00023690561872556537,0.00023812722601609208,-9.161976009050555,-9.14769033499297
31,31,0.00023633560655427348,0.00023728195734101494,-9.171881603583802,-9.163133701296628
32,32,0.00023547754297152969,0.00023643227024494032,-9.187496128282001,-9.178713339459003
33,33,0.0002348802248064006,0.00023595669067856905,-9.196949336496955,-9.18745789821235
34,34,0.00023404080807783439,0.00023531326702428296,-9.213647462123657,-9.199316728237106
35,35,0.00023353696871577696,0.00023470980675866534,-9.224626834708046,-9.210468504480733
36,36,0.0002331234346391134,0.00023433907067795334,-9.232473414132286,-9.217333830265314
37,37,0.00023215109066552838,0.00023358979179695445,-9.247995349644391,-9.231242267536095
38,38,0.00023175228957792495,0.0002324492976951756,-9.257464325397871,-9.252498479514541
39,39,0.0002308612669573271,0.00023198409517614268,-9.274036532120876,-9.261198756353062
40,40,0.0002304144355482854,0.00023126325609873195,-9.283256308601224,-9.27471450276662
41,41,0.00022989189562498178,0.00023071786869733937,-9.29266665899329,-9.28496855152516
42,42,0.00022928927306172236,0.00023036538148421402,-9.302707709889509,-9.291608709516732
43,43,0.00022890936336048025,0.0002298656533974664,-9.31245548265707,-9.301040026371549
44,44,0.0002279121752170673,0.00022976178642190797,-9.329464550595127,-9.3030028706753
45,45,0.00022787013983464386,0.0002289329430296723,-9.330874707777513,-9.31869794978871
46,46,0.0002274260825907197,0.0002286739020890213,-9.339830032988054,-9.323614837039345
47,47,0.00022645807253753709,0.00022784793691243976,-9.355976771693332,-9.339329857841982
48,48,0.00022609197785453775,0.0002268875771398215,-9.363792667308818,-9.357673688797878
49,49,0.0002255026824453116,0.00022711225947683774,-9.37579094176469,-9.353375083413313
50,50,0.00022493218466010636,0.00022634263012533714,-9.388708534627408,-9.368117281990685
51,51,0.0002245776793024186,0.00022558761778973828,-9.394386130102696,-9.382628282203248
52,52,0.00022374579506522985,0.00022523760363631147,-9.409432929507235,-9.389371882105795
53,53,0.00022332548414664248,0.00022443132107391169,-9.419140603087854,-9.40494620462307
54,54,0.00022269164397472458,0.00022426328015219616,-9.429610728174922,-9.408199163238912
55,55,0.00022222157375714212,0.00022320079274083438,-9.440500890251723,-9.428823535786336
56,56,0.000221892290469019,0.00022250224336810214,-9.445269943813935,-9.442436922357363
57,57,0.0002211994544324494,0.00022273919450143645,-9.459399782141407,-9.437814415526223
58,58,0.0002206437797981708,0.00022206539946828822,-9.468296486117092,-9.450971909518966
59,59,0.00022038501674146151,0.0002213953772106355,-9.472910885258917,-9.464095378649752
60,60,0.00021983266879501993,0.00022141094699403956,-9.486809220436573,-9.463789968783182
61,61,0.00021945321305352503,0.000221165105406391,-9.494448829136813,-9.468614796305607
62,62,0.0002191279241911222,0.0002210343503209419,-9.499350405483307,-9.471183149251809
63,63,0.00021838567840156252,0.00021963059522309586,-9.513346188460686,-9.498852477673076
64,64,0.0002182697936995723,0.00021883450589436841,-9.518868007763336,-9.514622835751563
65,65,0.00021747830587909702,0.00021924501312528983,-9.532410411513577,-9.506483624963924
66,66,0.00021722651964063114,0.0002186294671111299,-9.538185177975901,-9.518693900989025
67,67,0.00021690308307201515,0.0002183437900384888,-9.545623444536384,-9.524372417552689
68,68,0.0002161053952355341,0.0002177273272536695,-9.559965450614975,-9.536651449732428
69,69,0.00021535192721897794,0.00021724162568142148,-9.574560355759358,-9.546350422448828
70,70,0.00021525768076487308,0.00021700097146860667,-9.577158570314586,-9.551164082281286
71,71,0.00021507965563436412,0.00021622311032842845,-9.582431409286071,-9.566759760273012
72,72,0.00021464396154114343,0.00021555657976454027,-9.588876985326282,-9.580168022981534
73,73,0.0002139146902091974,0.00021534353819381642,-9.604915826313146,-9.584462418933828
74,74,0.00021376330738517543,0.00021500601264721664,-9.607413697583137,-9.591274811890196
75,75,0.0002132197367939522,0.00021482669016174776,-9.620492100244892,-9.594898490122661
76,76,0.00021327591033714832,0.00021434181575099692,-9.617793234000025,-9.60471180902661
77,77,0.00021234761456090034,0.00021433028450701386,-9.63607735131626,-9.604945458738335
78,78,0.0002120265348024724,0.00021331172013704322,-9.642561182510663,-9.625633684733165
79,79,0.00021172426046909206,0.0002131432219788334,-9.649385194127346,-9.629065598255675
80,80,0.0002114383355875202,0.0002130848710964385,-9.656465310321362,-9.63025470178068
81,81,0.00021105243649799377,0.00021241156163772471,-9.661314580698122,-9.643999344701635
82,82,0.00021044976757863325,0.00021172004773306022,-9.673080075613253,-9.65816103095337
83,83,0.00021022438691549732,0.000211219906065564,-9.680927377508848,-9.668432411827194
84,84,0.00020992858893449236,0.0002108275014171867,-9.686701818016692,-9.676508244994226
85,85,0.00020936620586729348,0.00021089179637400726,-9.696883472472217,-9.675184001815222
86,86,0.0002091192013581677,0.00021058785971131568,-9.701667862670714,-9.681447556244454
87,87,0.00020864971456737208,0.00021027744438278635,-9.713094991017288,-9.68785396168643
88,88,0.00020844043612350548,0.00020922732533347843,-9.720997660165612,-9.709596830610446
89,89,0.00020791203102826612,0.0002090524228007876,-9.726917561718896,-9.713228811818448
90,90,0.00020734977322755402,0.00020874457397057036,-9.740240514191584,-9.719628909160123
91,91,0.00020718681788043186,0.00020877602985006218,-9.746081269449622,-9.718974516788224
92,92,0.00020674132929812426,0.00020772848112851774,-9.754201167385123,-9.740820406884751
93,93,0.00020635590022045772,0.00020751374157905382,-9.76234373573434,-9.745312253069573
94,94,0.0002061122945586661,0.0002074076343744405,-9.765537758409062,-9.74753348230137
95,95,0.00020560444126832154,0.00020687142693388618,-9.777191213411449,-9.758775762415286
96,96,0.00020493231815785248,0.00020633141072099343,-9.789014446228471,-9.770127387987465
97,97,0.00020463729232847306,0.00020611166301502012,-9.796390196476143,-9.774755189069493
98,98,0.0002043612453469661,0.0002055637964268068,-9.80410707923483,-9.786314565325295
99,99,0.00020406184719212966,0.00020536595011914246,-9.81078417331634,-9.790496475593164
100,100,0.00020394434167681858,0.0002055329264533755,-9.813505518519895,-9.7869668040028
101,101,0.00020345867675676288,0.00020478276373499908,-9.822237935646584,-9.802846864156503
102,102,0.00020313785923284852,0.00020441909146029502,-9.829136204273556,-9.810566325918623
103,103,0.00020257918270348004,0.00020402582135590675,-9.842570205135333,-9.818929514375823
104,104,0.00020236190175637603,0.0002035837364689398,-9.84527192493097,-9.828350054132017
105,105,0.00020193805517244737,0.0002030550416460947,-9.85409923318018,-9.839643092863588
106,106,0.0002017480925207996,0.00020293600697952665,-9.860922064991055,-9.84218975493912
107,107,0.00020126889810234921,0.00020304671948236463,-9.868973390868257,-9.839821091096146
108,108,0.00020103701933397498,0.00020224828116816322,-9.875631856016145,-9.85693246932816
109,109,0.0002001647029753736,0.00020197625532378689,-9.89278214383971,-9.862777702871227
110,110,0.0002002380215250839,0.0002016458609815393,-9.893159539470128,-9.869887742977673
111,111,0.00019989720201863878,0.000201530354771469,-9.898343586864668,-9.872376169083752
112,112,0.00019960454530106646,0.00020092404692580827,-9.908045740174312,-9.88546169379433
113,113,0.00019924287380021757,0.00020059924051900836,-9.913875999127042,-9.892488019058144
114,114,0.00019870910714932515,0.00020017751759089726,-9.925311866245917,-9.901627870831657
115,115,0.00019862848428826895,0.0001998122507326403,-9.926032772193205,-9.909559744975525
116,116,0.0001979111704300878,0.00019952359434682876,-9.9417331320686,-9.915838264617706
117,117,0.0001978688716129928,0.00019937695852652388,-9.945461116459711,-9.919031197293158
118,118,0.0001970401871469371,0.00019838470478517642,-9.961468672320262,-9.940699007852041
119,119,0.00019679298776216305,0.00019871782339913281,-9.963729657527509,-9.933412647301402
120,120,0.00019670761392581439,0.00019848213445297196,-9.969708915097819,-9.938566646880357
121,121,0.0001961591328883102,0.0001983622488823082,-9.981137665190026,-9.941190629759761
122,122,0.00019576122996891782,0.0001972449865302463,-9.989356166110346,-9.96572112975781
123,123,0.00019546572752680976,0.00019683858983243177,-9.99572230305827,-9.974678412754447
124,124,0.0001950143382178869,0.00019700443647850893,-10.00728195150031,-9.971020798797666
125,125,0.00019496608646730557,0.000196396243776881,-10.00699930824598,-9.984449090000108
126,126,0.00019483163547174065,0.00019604649232381858,-10.013545165066276,-9.99219010046329
127,127,0.0001943615679545136,0.00019544030548882132,-10.020313438661717,-10.005639535249555
128,128,0.00019384948275719298,0.00019464540482180096,-10.032208876979166,-10.023339309533183
129,129,0.00019382898210903112,0.00019506614587857927,-10.034626448369321,-10.013961830732026
130,130,0.0001933437393445368,0.0001946857243494474,-10.042110537954407,-10.022439789966398
131,131,0.00019290399531829026,0.00019410303885754394,-10.052966445923321,-10.0354575161579
132,132,0.00019270753201106852,0.0001939974103343526,-10.058582023463632,-10.03782153743032
133,133,0.00019252938641470464,0.00019394783732040147,-10.061609963463143,-10.038931451092498
134,134,0.00019212505169880105,0.00019348420257876185,-10.07317438318956,-10.049325744041639
135,135,0.00019169976807573868,0.0001929615169310158,-10.080958222347958,-10.061073817292243
136,136,0.00019151955715755059,0.00019289093707859712,-10.084263593437617,-10.062662633973973
137,137,0.0001910604626845242,0.00019246060094845139,-10.096534811629452,-10.072362488051843
138,138,0.00019091217206747838,0.0001921010338456223,-10.099930741065615,-10.080483841822481
139,139,0.00019034639765393258,0.00019170091132094202,-10.11111729090316,-10.089539088659913
140,140,0.00019007169799975206,0.0001919027632347455,-10.119851050608188,-10.084968580803393
141,141,0.00018973155133186157,0.0001914401800604537,-10.12743160060321,-10.095449922434533
142,142,0.0001891926574561572,0.0001907971493078788,-10.136535619721416,-10.110062046867572
143,143,0.00018926413016292967,0.00019063755692178873,-10.137648959121414,-10.113696225695305
144,144,0.00018900779532580686,0.00018982152534207622,-10.143548469977212,-10.132326274082175
145,145,0.00018860097733307054,0.00019015929367589322,-10.149714577236251,-10.12460530740002
146,146,0.0001880113400288464,0.00018957755865382127,-10.165804195825904,-10.137911601277228
147,147,0.00018795968493033854,0.000189788314807964,-10.168438086931735,-10.133086167542107
148,148,0.0001876732871865316,0.0001885184526480244,-10.175138303834494,-10.162242198974996
149,149,0.00018720871219219466,0.00018871942991513366,-10.184023217407356,-10.157614703679005
150,150,0.00018690960657586026,0.00018874914339424946,-10.192402625618769,-10.156930969934939
151,151,0.000186525502622598,0.0001883108557912668,-10.198535910368305,-10.1670272927271
152,152,0.0001863780008093694,0.00018750478614636354,-10.204536675081489,-10.18565728555181
153,153,0.0001857360804239864,0.00018769616757421508,-10.218021773704235,-10.181226811458458
154,154,0.00018584319482168625,0.0001873886396520232,-10.216934222201159,-10.188348278763595
155,155,0.00018535727906861756,0.00018725256699039355,-10.227804022413796,-10.191503063001658
156,156,0.00018505332721445287,0.00018734431451823759,-10.235504131654515,-10.189375685661668
157,157,0.00018465927875235908,0.0001865322778222004,-10.24375122800478,-10.208240927185699
158,158,0.00018435083770735632,0.00018587256751121268,-10.250890189040218,-10.223627883129547
159,159,0.00018381579708879255,0.0001858211938892246,-10.261992968116385,-10.224828402643396
