,epoch,train_loss,test_loss,train_dbs,test_dbs
0,0,0.00015393652762382378,0.00013760418790441595,-11.03343936433427,-11.529464347241415
1,1,0.00011838650573633092,0.00010311701963042938,-12.172818396775236,-12.782477341233555
2,2,9.109102066974731e-05,8.475728559699889e-05,-13.31373745378049,-13.634010466081394
3,3,7.707853316234607e-05,7.48181111320216e-05,-14.03565496823419,-14.175713465834896
4,4,6.959416631869636e-05,6.903292294162766e-05,-14.480205987233195,-14.525218239703367
5,5,6.467491305360004e-05,6.473250859447657e-05,-14.802122197594041,-14.804556486652825
6,6,6.145077192563007e-05,6.202009976014348e-05,-15.02116184511134,-14.990456258576232
7,7,5.8790930142066895e-05,5.9770698020369504e-05,-15.215025592082473,-15.150897586416669
8,8,5.690195247712161e-05,5.8022261280137555e-05,-15.355396576261091,-15.279834359331076
9,9,5.569204713725581e-05,5.710561163141392e-05,-15.450073590250284,-15.348992989084635
10,10,5.4336824534177666e-05,5.600578266526818e-05,-15.556694320642618,-15.433452155723613
11,11,5.381832723043734e-05,5.4826392634391884e-05,-15.598891878681723,-15.525884144096672
12,12,5.2995707725112316e-05,5.446304509716452e-05,-15.665611581071904,-15.55476166695852
13,13,5.1957681244323225e-05,5.356994331936891e-05,-15.752382412613724,-15.626568994677566
14,14,5.166051065766483e-05,5.379096087141845e-05,-15.77643588883044,-15.60868784146262
15,15,5.136773429934617e-05,5.293119485079507e-05,-15.799423909926238,-15.678663886099715
16,16,5.0925506433692865e-05,5.243356377162088e-05,-15.839313175140159,-15.719687097556383
17,17,5.052302014856772e-05,5.215593812049759e-05,-15.870061332828449,-15.742743249334445
18,18,5.00490725581707e-05,5.2106625509240025e-05,-15.91311560644947,-15.746851377085909
19,19,5.0149793470651634e-05,5.213248656027166e-05,-15.904479739741685,-15.744696463874027
20,20,4.978758233002886e-05,5.1448206872201375e-05,-15.935333587277597,-15.802078434602919
21,21,4.9672725113269574e-05,5.155781362095455e-05,-15.945121165175902,-15.792835941028097
22,22,4.913893884729556e-05,5.1418024285292054e-05,-15.993829862457593,-15.804627012726751
23,23,4.897712410029177e-05,5.0892590814711234e-05,-16.007819900363373,-15.849235260442239
24,24,4.883622814398307e-05,5.0342517313669976e-05,-16.019141168662376,-15.896431582283048
25,25,4.8749774090463255e-05,5.003813337105768e-05,-16.02830809385322,-15.922769859813343
26,26,4.81969871862489e-05,4.985807946037599e-05,-16.07707228879541,-15.938425409171291
27,27,4.791908706709402e-05,4.915850092258648e-05,-16.10251450178396,-15.999794556239237
28,28,4.718666352027398e-05,4.8351215426871354e-05,-16.168014895165747,-16.071706907103103
29,29,4.683281373011774e-05,4.813618866855426e-05,-16.20228876406542,-16.091063856348654
30,30,4.669218780934936e-05,4.769900758554669e-05,-16.215287382647247,-16.130687430236883
31,31,4.637304514336889e-05,4.7630823246436194e-05,-16.2445170283626,-16.136899984485453
32,32,4.637973017320901e-05,4.788506607598576e-05,-16.24370890778312,-16.113779952940664
33,33,4.613597910477991e-05,4.711840225163063e-05,-16.265016458451104,-16.183875308872025
34,34,4.6012585839561486e-05,4.756374044901397e-05,-16.277796944907937,-16.14302085787205
35,35,4.5941163464413344e-05,4.7003333939325164e-05,-16.286163327367394,-16.194494228580865
36,36,4.563893920012279e-05,4.679440117845508e-05,-16.314977329821616,-16.21384192287063
37,37,4.5417148997039854e-05,4.69931648311965e-05,-16.333503948604577,-16.195433920510066
38,38,4.5577835089247435e-05,4.636815681710447e-05,-16.32016773261232,-16.253582537503753
39,39,4.5140054615180865e-05,4.658316998086919e-05,-16.36192647734839,-16.233490474199705
40,40,4.499290028518575e-05,4.597460792865604e-05,-16.376913260674243,-16.290600520642318
41,41,4.4776601179805346e-05,4.618523541323253e-05,-16.39739202398256,-16.270749246977175
42,42,4.4563929870641864e-05,4.5995061411399785e-05,-16.416710262913025,-16.288668832749668
43,43,4.411094757706076e-05,4.5055839635958696e-05,-16.463627185317648,-16.378269989525304
44,44,4.3928714448972555e-05,4.509137694472692e-05,-16.47965487105423,-16.374845888707856
45,45,4.32920840223195e-05,4.397385227524577e-05,-16.5436639695422,-16.483835732076223
46,46,4.327176107254513e-05,4.439281072240862e-05,-16.546187035502577,-16.44265443159042
47,47,4.292323250148311e-05,4.4237216666500134e-05,-16.57893062968177,-16.45790292271881
48,48,4.259791132857778e-05,4.441256398996828e-05,-16.612761146197286,-16.44072240095151
49,49,4.25383861005047e-05,4.4358471648975915e-05,-16.61949797712308,-16.446015120123857
50,50,4.227041027502075e-05,4.445384777347116e-05,-16.64885991735483,-16.436687283452915
51,51,4.258029899180665e-05,4.3986742208577e-05,-16.61596496045899,-16.48256288325323
52,52,4.2426942282994806e-05,4.3410893436214936e-05,-16.630564419471323,-16.539793622162918
53,53,4.2237534366857704e-05,4.33471118173513e-05,-16.651537863265823,-16.546179202381992
54,54,4.237096877237566e-05,4.335728590376675e-05,-16.635966003406843,-16.54515998081422
55,55,4.220023681424659e-05,4.334204124078449e-05,-16.655214198459593,-16.546687252893012
56,56,4.2464504020376195e-05,4.293322854209691e-05,-16.62643151592067,-16.58784538046507
57,57,4.2114602974928035e-05,4.337426415938688e-05,-16.66291318859491,-16.543459662344876
58,58,4.2259745240108275e-05,4.323585438358254e-05,-16.64594462696183,-16.557340408395305
59,59,4.224805798940841e-05,4.367787704196464e-05,-16.646664028532307,-16.513165649500042
60,60,4.203824388129113e-05,4.336226629675366e-05,-16.671285889854246,-16.544661141247037
61,61,4.201142528285176e-05,4.2988470101447186e-05,-16.674194110279853,-16.58226096859195
62,62,4.197883236818448e-05,4.2951898074917204e-05,-16.676024105972633,-16.585957259545733
63,63,4.179960096641396e-05,4.321158906493924e-05,-16.69386637179603,-16.559778489579614
64,64,4.202539412759019e-05,4.288632006041313e-05,-16.673686436593563,-16.592593039270152
65,65,4.1803346865674834e-05,4.347151690652888e-05,-16.694459286949037,-16.533732914868956
66,66,4.175214910235847e-05,4.2754540596721004e-05,-16.70052527102904,-16.605958420850854
67,67,4.1944850776998625e-05,4.279479291749579e-05,-16.68149415907402,-16.601871571458062
68,68,4.1892466713799184e-05,4.341186458508386e-05,-16.685262213139744,-16.539696466853755
69,69,4.1518816717668705e-05,4.260452681735746e-05,-16.723598305976957,-16.621223401042258
70,70,4.181614152462457e-05,4.265088864485733e-05,-16.69330556868919,-16.61650002066115
71,71,4.158799809787168e-05,4.327058884786981e-05,-16.718744579455986,-16.553852809918475
72,72,4.1717868240534557e-05,4.302816657735476e-05,-16.702842656363476,-16.57825245062909
73,73,4.155491790032139e-05,4.257891793569893e-05,-16.7210976400913,-16.623834658748336
74,74,4.1517257993769613e-05,4.2990398613160085e-05,-16.724458672700656,-16.58206614351275
75,75,4.165142650215541e-05,4.313851566525715e-05,-16.712467329642745,-16.56712888757405
76,76,4.1424131943374997e-05,4.273995134434173e-05,-16.734677113551562,-16.60744062905423
77,77,4.151779506445536e-05,4.2143613283865545e-05,-16.724208409201225,-16.668463181793758
78,78,4.1557691034053204e-05,4.237753474674384e-05,-16.719949239450052,-16.64442397686607
79,79,4.1697881166215925e-05,4.283903552660424e-05,-16.705951566892768,-16.597384017168007
80,80,4.160890689350127e-05,4.294009723755727e-05,-16.716439558610062,-16.58715062769625
81,81,4.1758416833526445e-05,4.304439100547155e-05,-16.697778031966696,-16.57661518553915
82,82,4.155694232301273e-05,4.283117232262157e-05,-16.71812872471189,-16.598181247896186
83,83,4.197300490746202e-05,4.319723111142306e-05,-16.678057702693096,-16.56122176354821
84,84,4.1201556949503e-05,4.277460347542441e-05,-16.758281406844606,-16.603920940465354
85,85,4.143370950391118e-05,4.2919683772580407e-05,-16.732411132471338,-16.589215728552254
86,86,4.123235538424252e-05,4.251853840143763e-05,-16.753225534694934,-16.629997593359718
87,87,4.159096959521082e-05,4.2593513315200415e-05,-16.717282490024743,-16.622346221058407
88,88,4.148563403788037e-05,4.248686156260144e-05,-16.731840072579832,-16.633234347013794
89,89,4.159533134427584e-05,4.3082539425660415e-05,-16.71526788901511,-16.57276792211483
90,90,4.17302701290404e-05,4.3111549051613305e-05,-16.70276420141476,-16.56984458452366
91,91,4.146991708806774e-05,4.328751751209462e-05,-16.732370801396726,-16.55215406075176
92,92,4.132069706119904e-05,4.306251752208673e-05,-16.74679781838374,-16.57478670362219
93,93,4.160126865695629e-05,4.26150624039828e-05,-16.71744689593875,-16.620149575833732
94,94,4.1482068012293294e-05,4.303113535953391e-05,-16.72797274764716,-16.57795281405527
95,95,4.131768042666924e-05,4.241181542104306e-05,-16.74615680722296,-16.640912236661478
96,96,4.155619449333826e-05,4.285252859852718e-05,-16.718761271587013,-16.59601632904414
97,97,4.134437325230521e-05,4.239542383737372e-05,-16.742073876668538,-16.64259104957607
98,98,4.139270267560934e-05,4.278048417242979e-05,-16.7388546452195,-16.603323908930836
99,99,4.1407492859697104e-05,4.324050161429975e-05,-16.737612953089776,-16.556873629554946
100,100,4.145756063679204e-05,4.2507066322478317e-05,-16.732584677928518,-16.631169536948804
101,101,4.165844669485748e-05,4.317527073956291e-05,-16.709969366807073,-16.563430167454673
102,102,4.126332062218559e-05,4.2859053887935405e-05,-16.751403173239417,-16.595355065512166
103,103,4.141795165496566e-05,4.270990776651735e-05,-16.73663218330221,-16.61049452773567
104,104,4.163535089263832e-05,4.280633507541528e-05,-16.71193715522542,-16.600700396348202
105,105,4.134303695142999e-05,4.23802249363354e-05,-16.74225717052604,-16.644148288952742
106,106,4.146324525996515e-05,4.221124120369112e-05,-16.732383531613436,-16.66149963740174
107,107,4.1567680455045775e-05,4.317217845757688e-05,-16.719182171977504,-16.56374122725229
108,108,4.1513559313223354e-05,4.259271027924689e-05,-16.72649251424066,-16.622428101453778
109,109,4.143675451092518e-05,4.2049765493414414e-05,-16.732799784086694,-16.678145081963088
110,110,4.116649879787727e-05,4.3057488878012486e-05,-16.763185675583863,-16.575293882491927
111,111,4.1277122363680974e-05,4.275069238103338e-05,-16.749316611668856,-16.606349334665424
112,112,4.117408752790652e-05,4.2568507189188444e-05,-16.763510172217618,-16.624896659103104
113,113,4.151136606206191e-05,4.194573863826104e-05,-16.72603371670093,-16.68890239873346
114,114,4.1297220827659985e-05,4.262635871112396e-05,-16.748281325914313,-16.618998510114313
115,115,4.1400763892824284e-05,4.23721348373587e-05,-16.736364513411633,-16.64497740695339
116,116,4.135664756777072e-05,4.2818525367980133e-05,-16.7409829344883,-16.59946379828496
117,117,4.128539338350877e-05,4.307286221056098e-05,-16.751271616921223,-16.573743545478134
118,118,4.1446588305185176e-05,4.229491854570561e-05,-16.73212891342867,-16.652898934238305
119,119,4.115037287548832e-05,4.258425868006031e-05,-16.760088102651874,-16.623289950131156
120,120,4.130995692265191e-05,4.2307686893955655e-05,-16.74737319810304,-16.651588047132336
121,121,4.117113941489508e-05,4.242632444641602e-05,-16.761294132827217,-16.63942677511587
122,122,4.119387873269608e-05,4.248022856987327e-05,-16.758296154621664,-16.633912414755482
123,123,4.1308745025649916e-05,4.258257869974171e-05,-16.74600849445033,-16.623461285877468
124,124,4.122959263937802e-05,4.256361860729827e-05,-16.755856948535314,-16.625395433008187
125,125,4.118363988512561e-05,4.249246711352546e-05,-16.75934277337835,-16.63266139359658
126,126,4.1216231055813364e-05,4.248264878314283e-05,-16.759457166588096,-16.63366499251626
127,127,4.125741061309866e-05,4.2534415306842054e-05,-16.75139770398821,-16.628376191118807
128,128,4.11493753567014e-05,4.215314995809948e-05,-16.763222871750262,-16.667480528402596
129,129,4.122497069981842e-05,4.2373992121276005e-05,-16.7572100426283,-16.644787048246585
130,130,4.096170123750536e-05,4.257428563984209e-05,-16.781631819291306,-16.62430716722639
131,131,4.104088205251886e-05,4.2137772604627044e-05,-16.774211811097096,-16.66906511180266
132,132,4.1067904471533766e-05,4.212474500251885e-05,-16.772543486827225,-16.67040801394083
133,133,4.12411201002974e-05,4.194511903302842e-05,-16.753275709732463,-16.688966551405386
134,134,4.102012466431653e-05,4.270151054554031e-05,-16.77904459791481,-16.61134848071233
135,135,4.121966720180653e-05,4.180840962937126e-05,-16.7561292862765,-16.70314438804348
136,136,4.075408084936123e-05,4.199224138957154e-05,-16.804683855203912,-16.684090300480197
137,137,4.0949280315244416e-05,4.2177976291369355e-05,-16.785780328641522,-16.664923479698047
138,138,4.09227326149589e-05,4.2303134442160005e-05,-16.788620668615184,-16.65205538799126
139,139,4.109155515928335e-05,4.209230744316684e-05,-16.769038132335673,-16.673753524931897
140,140,4.068921420578581e-05,4.217016038111117e-05,-16.814232567553248,-16.66572833605642
141,141,4.087170559286438e-05,4.123442819323636e-05,-16.794599564056895,-16.763181098427758
142,142,4.08138673180671e-05,4.2174542230848024e-05,-16.797500911519492,-16.66527708942112
143,143,4.061385992564592e-05,4.203946235448759e-05,-16.821589424068286,-16.679209331574867
144,144,4.070238398910697e-05,4.1593114522249e-05,-16.812147161887065,-16.725566444629823
145,145,4.076689799252019e-05,4.1861154290688174e-05,-16.802077299865307,-16.697668868076384
146,146,4.0633007189434156e-05,4.1860223446794984e-05,-16.818854993811335,-16.697765440869922
147,147,4.0683251727293195e-05,4.144512441646504e-05,-16.814928591650016,-16.741046386205213
148,148,4.060085688927091e-05,4.17260673298427e-05,-16.82381091774269,-16.711706318206137
149,149,4.0492087548758266e-05,4.2131616953012875e-05,-16.833582103410937,-16.6696995926141
150,150,4.072353951095906e-05,4.176968478101404e-05,-16.810263679722897,-16.707168884958904
151,151,4.073640550429736e-05,4.1841569901934185e-05,-16.806091048626627,-16.699701153693024
152,152,4.080078720904829e-05,4.208678288513942e-05,-16.801797740203742,-16.674323567934344
153,153,4.035335555225587e-05,4.1925148444103177e-05,-16.8481879980849,-16.691034773433383
154,154,4.0379735474209496e-05,4.154707953842406e-05,-16.84676615438876,-16.73037584920693
155,155,4.048362797286395e-05,4.18135408070061e-05,-16.835106226681052,-16.702611407857383
156,156,4.061752427042313e-05,4.130657735482888e-05,-16.82133862528662,-16.755588753138095
157,157,4.04824149319614e-05,4.203564554030125e-05,-16.834798458052738,-16.679603650745484
158,158,4.022323650808419e-05,4.139321409686665e-05,-16.86257121742955,-16.74648936555776
159,159,4.0517133645162454e-05,4.242201267563934e-05,-16.82943414705886,-16.63986816933069
160,160,4.070102940457537e-05,4.146195849324087e-05,-16.81081739169261,-16.739282737914728
161,161,4.0350697577430524e-05,4.209595059173329e-05,-16.848656780119843,-16.673377653199406
162,162,4.021976643887627e-05,4.18151219874792e-05,-16.86423244665743,-16.70244718235586
163,163,4.032814025233221e-05,4.170522027523379e-05,-16.853845038769208,-16.713876669696305
164,164,4.0548316843041995e-05,4.209316677205559e-05,-16.82827323852845,-16.673664863129368
165,165,4.066748414581675e-05,4.1630288347062705e-05,-16.81570234494992,-16.721686673434483
166,166,4.014818256747304e-05,4.180427372614902e-05,-16.870499938719618,-16.703574035765925
167,167,4.005848591218309e-05,4.183843166653165e-05,-16.87989549922819,-16.700026898983015
168,168,4.022645750701111e-05,4.1157762385218553e-05,-16.862452691459474,-16.771263307857666
169,169,4.017470365800635e-05,4.18674353568349e-05,-16.868191440936087,-16.697017278843937
170,170,4.0284775301169594e-05,4.1700980785351837e-05,-16.85698902766511,-16.714318168539315
171,171,4.0349951510488046e-05,4.1791378814531e-05,-16.85075384428412,-16.704913863576238
172,172,4.036131978170591e-05,4.14167495220777e-05,-16.849288646312985,-16.744020748225516
173,173,4.034279311209624e-05,4.182174042829214e-05,-16.850220160964327,-16.701759841332578
174,174,4.083853504592289e-05,4.153722980654014e-05,-16.798668250417116,-16.731405570524753
175,175,4.0516388647110665e-05,4.171315556863862e-05,-16.82959345342291,-16.71305041190513
176,176,4.0471383961386854e-05,4.2235360811709576e-05,-16.836376513002357,-16.659018776667754
177,177,4.04161204379616e-05,4.177465674920792e-05,-16.840501599948745,-16.70665196225324
