,epoch,train_loss,test_loss,train_dbs,test_dbs
0,0,0.0013340882220084674,0.0013287811429778997,-1.655010722835781,-1.6812463000820677
1,1,0.0013185556853170862,0.0013167613835417126,-1.7048556624489035,-1.7207100476028911
2,2,0.0013087675174621423,0.0013073107386988244,-1.7398680609791852,-1.7519925768966234
3,3,0.0012993929024363302,0.0013003746648073981,-1.7675844784869608,-1.775095867784012
4,4,0.0012937042773365206,0.0012950940535550839,-1.787584213883782,-1.7927677701736322
5,5,0.001290255993095793,0.0012911290763632248,-1.8027218830371008,-1.8060842473523129
6,6,0.0012858609702514926,0.0012881831376274164,-1.8144951286493618,-1.8160047640417574
7,7,0.0012834316993266652,0.0012855430219420477,-1.824401288288568,-1.8249147102040308
8,8,0.0012808223639029202,0.001283472011748113,-1.8317792421513925,-1.8319168373401926
9,9,0.0012791375293559634,0.0012817459585341183,-1.8388329993522796,-1.8377612958472151
10,10,0.0012771971079703305,0.001280167483185467,-1.8450576007303452,-1.8431129459796654
11,11,0.0012756647258881748,0.001278334867062145,-1.8508283608310405,-1.84933451701589
12,12,0.0012744566288863106,0.0012774036976655847,-1.8547679381845275,-1.8524991736370244
13,13,0.0012732837841241168,0.0012761614297663695,-1.8596279433293552,-1.856724717998046
14,14,0.0012718324139042152,0.0012749544540910345,-1.8637239447590281,-1.8608341582474464
15,15,0.0012701967030225956,0.0012735451302049977,-1.8676182037879192,-1.8656374680308456
16,16,0.0012698598018818603,0.0012725799859158303,-1.8711089851380822,-1.8689299759790845
17,17,0.0012675891030272564,0.0012712220440765744,-1.875169399827619,-1.8735667102579365
18,18,0.0012670665386507345,0.0012702827868787082,-1.8790817278116752,-1.876776731594303
19,19,0.0012663558087090856,0.001269630119694691,-1.8816137600760283,-1.8790086960214545
20,20,0.0012650788274411228,0.0012682555243372917,-1.885368089319125,-1.8837132361046494
21,21,0.0012640311663547896,0.0012670477950259258,-1.888723209710839,-1.8878508886784267
22,22,0.0012637266202724165,0.0012666918459887568,-1.8915562596978066,-1.8890711143179986
23,23,0.0012628065251754884,0.0012655777023418953,-1.8943845281701768,-1.8928927175072872
24,24,0.0012616320493986312,0.0012649709273031668,-1.8972351789086248,-1.8949754204677416
25,25,0.001261050996524234,0.001264139501328923,-1.9007076720958773,-1.8978308412642775
26,26,0.0012599979347270942,0.0012629387508097448,-1.9035728677533539,-1.9019579739593202
27,27,0.0012591522650255524,0.0012624516139591211,-1.9068173460858842,-1.9036334444270393
28,28,0.0012581223566757189,0.0012615226013095754,-1.9089788002596084,-1.9068305062915825
29,29,0.0012575688606281717,0.0012606768256151362,-1.9124735250311655,-1.9097431683663555
30,30,0.0012568985532066717,0.001259821197508197,-1.9147273565118836,-1.912691748974393
31,31,0.0012559869180231826,0.0012591524650097678,-1.9173220220697875,-1.9149976630463166
32,32,0.0012551347518666195,0.001258230106414933,-1.9200875407725793,-1.918180137339616
33,33,0.0012538121958003984,0.001257691642661628,-1.923088976585793,-1.9200391128059378
34,34,0.0012532422047818906,0.001256668829898301,-1.9262132318778866,-1.9235724324590464
35,35,0.0012531724996077491,0.0012558305047844585,-1.9280746639725377,-1.9264705823567831
36,36,0.0012523723506973577,0.001255412426728167,-1.9309980350942177,-1.927916631181859
37,37,0.0012508214489777678,0.001254445186963207,-1.9337494344488924,-1.9312639677885535
38,38,0.0012505398103103194,0.0012539558014587353,-1.9367294412005462,-1.9329585726606862
39,39,0.0012497474732280698,0.001253039784435379,-1.9393246057435285,-1.936132261186628
40,40,0.001249195644199925,0.0012518773713198147,-1.9420485394467557,-1.9401629704406966
41,41,0.0012484048757241252,0.001251405049850674,-1.9443487110146316,-1.9418018315490695
42,42,0.0012472691422462771,0.0012504062860419875,-1.9469433048795617,-1.945269380261935
43,43,0.0012472200305825194,0.001250046035765033,-1.9496602869764543,-1.94652079151344
44,44,0.001245984998435627,0.0012492351233959198,-1.9520116767192977,-1.9493390000873754
45,45,0.00124514432499166,0.0012483309929896343,-1.955551960870948,-1.9524833321708945
46,46,0.0012446515077302598,0.0012479178350124705,-1.9577550447008643,-1.953920947117467
47,47,0.001243423171264609,0.0012473990577027986,-1.9596652752299593,-1.9557267468283652
48,48,0.0012428255922151442,0.0012462456392026262,-1.9625423215932942,-1.959744346659609
49,49,0.0012423710683936772,0.0012453510793612192,-1.9647947728516688,-1.9628628482746882
50,50,0.0012420869634016272,0.0012446238451000106,-1.9677045125827364,-1.9653996917791874
51,51,0.0012410124571821124,0.0012438222888464991,-1.970290617695287,-1.9681975138025443
52,52,0.0012401001187060604,0.001242960368185059,-1.9724142609324096,-1.9712080495325806
53,53,0.0012397327611568508,0.0012426403547196013,-1.9752426646177996,-1.9723263311750847
54,54,0.001238430840606542,0.0012416004534124543,-1.9779323549421493,-1.9759622381637962
55,55,0.0012382395582312008,0.001241675731235821,-1.9803163356467037,-1.9756989348428853
56,56,0.001236943772888368,0.0012404635107438815,-1.9831924896332276,-1.9799409266171684
57,57,0.001236413339076122,0.0012398956184226431,-1.9856034788844115,-1.9819296104560404
58,58,0.0012351319100227707,0.0012391417005442474,-1.9880799530961892,-1.9845711389395728
59,59,0.0012344399613529904,0.0012386073113272065,-1.9900318115821247,-1.9864444706663629
60,60,0.00123441682230758,0.0012375693461906753,-1.9931132282112476,-1.9900854270273516
61,61,0.0012338275123464386,0.0012365889514943486,-1.9953237664757268,-1.993527244225428
62,62,0.0012327743005295544,0.0012363227096533304,-1.9974919307848635,-1.9944623958094445
63,63,0.0012316744613758836,0.0012351953252953919,-2.0006283657491695,-1.9984244695849298
64,64,0.0012319097019367151,0.0012347498651299822,-2.00301563209454,-1.9999909893165635
65,65,0.0012305977504662017,0.001234222466959373,-2.005408655482556,-2.0018463857158526
66,66,0.0012300539432938413,0.0012334529004108749,-2.008072042885222,-2.0045551578722254
67,67,0.001229765134882758,0.0012328486558736155,-2.0100589341258286,-2.006683203186342
68,68,0.0012285405621124605,0.0012320505736983921,-2.0127265463446187,-2.0094955104219356
69,69,0.0012274600226988958,0.0012314669714358292,-2.0159744182970725,-2.0115531799319357
70,70,0.0012269765462668747,0.0012306766645786794,-2.0183825256863095,-2.014341205080733
71,71,0.0012267393386471517,0.0012297124148493534,-2.020901810815884,-2.0177452874802557
72,72,0.0012256385273655358,0.0012290175011577574,-2.0224396941143388,-2.020200190621347
73,73,0.0012251472475064784,0.0012282883919971553,-2.0254390397596698,-2.0227773878301187
74,74,0.0012243994734893293,0.0012275477515925701,-2.027513959177763,-2.025396911542052
75,75,0.0012241283398044785,0.001226919298795493,-2.0304966052374303,-2.027620885889791
76,76,0.0012231774702572177,0.0012260905136109183,-2.0323165456011836,-2.0305555406491758
77,77,0.0012221275036674493,0.0012255058452290924,-2.0353860387736002,-2.032626993038707
78,78,0.0012216536669041385,0.001225294508530121,-2.036982309807716,-2.0333759921342356
79,79,0.0012210495349922286,0.0012242253869771957,-2.039758614415214,-2.0371670503024477
80,80,0.0012206141596909652,0.0012237091891859706,-2.042518587974828,-2.0389986503607624
81,81,0.0012190588641930948,0.0012231580974338086,-2.044971515848829,-2.0409549159281024
82,82,0.0012180148851913737,0.0012220485368743539,-2.048038622274206,-2.0448963093025627
83,83,0.0012183143606063786,0.0012214237235878642,-2.05016468968655,-2.0471173532885927
84,84,0.001217477860111628,0.0012208451884553621,-2.052806961175642,-2.049174904110237
85,85,0.0012165213378203899,0.0012199700270828448,-2.054751992112315,-2.052289255157602
86,86,0.00121581833329551,0.0012192157660856058,-2.056920100897975,-2.054975162892667
87,87,0.0012154807576660028,0.0012188298492937495,-2.0597920613832406,-2.056350047214105
