,epoch,train_loss,test_loss,train_dbs,test_dbs
0,0,0.0009892117754152986,0.0009750247118063271,-2.9539634481176713,-3.025624633830443
1,1,0.0009582599639393313,0.0009498934898721544,-3.0910069818813843,-3.1390317509590027
2,2,0.0009380399133078754,0.0009323197086096594,-3.186279958576321,-3.220132213176234
3,3,0.000922086756657233,0.0009192913574607749,-3.2572715350151347,-3.2812490912721732
4,4,0.000911085580153986,0.0009088729030305618,-3.3103426236621756,-3.3307493068755303
5,5,0.00090272933455933,0.0009006571735402471,-3.3539051803397344,-3.3701857389757377
6,6,0.0008943361439022053,0.0008936562042340244,-3.3914274445919985,-3.404076115145067
7,7,0.0008878558136033106,0.0008869436018070893,-3.424704477445104,-3.4368208115530727
8,8,0.0008813067148535599,0.0008808812923043183,-3.4553974711471196,-3.4666069956252823
9,9,0.0008758454536779102,0.0008757426158377999,-3.4837306108964468,-3.4920160224440115
10,10,0.0008708808466686492,0.0008710577324228851,-3.50804947350543,-3.5153114596799115
11,11,0.0008667200736547868,0.0008672574032588225,-3.5294052770895363,-3.5343007048515878
12,12,0.0008632621941511932,0.0008639330473287325,-3.5465913260989286,-3.550979992915079
13,13,0.0008600474486473141,0.0008607797330784562,-3.56365590653637,-3.5668605327948817
14,14,0.0008569293302608674,0.0008582012256068227,-3.5785727593430043,-3.579889559099298
15,15,0.0008540531805207588,0.0008553562986076271,-3.5914788715847887,-3.594310285744631
16,16,0.0008520744128882424,0.0008527077213664981,-3.6038915010492256,-3.6077789074026705
17,17,0.0008492698765734268,0.0008508805001742745,-3.6144971703290225,-3.617095153843791
18,18,0.0008473880769032025,0.0008489437964989951,-3.626252457689688,-3.62699147177329
19,19,0.0008457107307418182,0.0008470385402784144,-3.634952816598034,-3.6367491513593144
20,20,0.0008437090694961935,0.0008449701678105875,-3.6446167870200394,-3.6473671014024003
21,21,0.0008420999571152953,0.0008433941004209613,-3.6526645791518755,-3.655475275475015
22,22,0.000840788228874162,0.0008417811508192436,-3.6612213703224894,-3.663788895379066
23,23,0.0008390744639195732,0.0008404358890593836,-3.669747659945621,-3.6707349655913593
24,24,0.0008374465336619886,0.0008386692957413432,-3.67699141500695,-3.6798734283847843
25,25,0.0008362042627623785,0.0008375495273963009,-3.6849103973061705,-3.6856758842323183
26,26,0.0008346592136130659,0.0008363228836586993,-3.692179282157295,-3.6920410611519556
27,27,0.0008334062937119035,0.0008349393825291804,-3.699032098195054,-3.6992313993252406
28,28,0.0008320574217821596,0.0008338645413076799,-3.7046746103394543,-3.704825797436373
29,29,0.000830878461015017,0.0008323241276421437,-3.712416266861645,-3.7128560206380974
30,30,0.0008297005107808742,0.0008316134519286846,-3.7185160452424357,-3.716565805948973
31,31,0.0008284738053298872,0.0008303468899899407,-3.724385366956055,-3.723185229452644
32,32,0.000826975192692246,0.0008288369863294065,-3.732066265239463,-3.7310896337607224
33,33,0.0008258207799559555,0.0008275573766839347,-3.736555808162149,-3.737799720814629
34,34,0.0008248007087008163,0.0008267107064296541,-3.7430730971341024,-3.7422452427380195
35,35,0.0008240784926474402,0.0008254264799976035,-3.7484974250502425,-3.748996892296734
36,36,0.0008230586056165474,0.0008247806384277187,-3.7540251429703435,-3.7523962891502998
37,37,0.000821484397429512,0.0008232510483235513,-3.7597094409147203,-3.760457939152553
38,38,0.0008206537495050387,0.000822261870397549,-3.7661050785819157,-3.7656793453383406
39,39,0.0008195837858833911,0.0008212067309374872,-3.771613699195602,-3.7712558596414643
40,40,0.000818593060890616,0.0008202408973470723,-3.7776725630537284,-3.776366668417011
41,41,0.0008178246309548693,0.0008190771699637958,-3.781301409187175,-3.782532652626803
42,42,0.0008163712102650982,0.0008183133506559228,-3.787668277051994,-3.786584496465704
43,43,0.0008158920009946931,0.0008172315704685293,-3.7927643045635517,-3.792329508155196
44,44,0.0008145603231279199,0.0008160569153628067,-3.7979072918054406,-3.798576369293775
45,45,0.0008136829782574985,0.0008153610764757583,-3.803196586992079,-3.8022811096947784
46,46,0.000812892059161875,0.0008145494993138863,-3.8079039289594725,-3.8066060526383256
47,47,0.0008114154958262195,0.0008133784653373846,-3.8134218644461146,-3.812854163032391
48,48,0.0008106612799612363,0.0008123517802328264,-3.818249897308992,-3.8183394978356624
49,49,0.0008099579273905489,0.0008114228748079194,-3.8226834614018124,-3.8233083959891365
50,50,0.000809230432442399,0.0008106232424707789,-3.828502480662377,-3.8275903450164135
51,51,0.0008082264877097277,0.0008094499935396016,-3.8327212338947634,-3.8338806239304803
52,52,0.0008070069273991376,0.0008087562072384907,-3.838209124140903,-3.837604594095832
53,53,0.0008065269098223484,0.0008075885186707111,-3.842334822462333,-3.8438795029276074
54,54,0.0008049735123742872,0.0008068829897399011,-3.8488340403231884,-3.847675263204362
55,55,0.0008042597352315855,0.0008063173215640219,-3.854399813753777,-3.850720967767148
56,56,0.0008033248427871269,0.0008049160670979243,-3.8577800983232446,-3.8582748980677026
57,57,0.0008027734638182158,0.0008044169425327135,-3.861310215263771,-3.860968772487807
58,58,0.0008013390860347481,0.0008032747581110973,-3.867050109450556,-3.8671396630246275
59,59,0.000800685909667926,0.0008027369775319178,-3.8701096750856543,-3.8700481741090527
60,60,0.0008000468111539394,0.000801448241537927,-3.876577558366506,-3.8770260597618114
61,61,0.0007991328848689103,0.000800608648109789,-3.881678241725118,-3.881578093196091
62,62,0.0007980716535965577,0.0007997285176411664,-3.8859087966601575,-3.886355034613129
63,63,0.0007971254448627227,0.000799067269422506,-3.8903210067960674,-3.8899474442408093
64,64,0.0007967411476840294,0.0007982989619976204,-3.8956319186610306,-3.8941252175554193
65,65,0.0007952524885564044,0.0007978519700516603,-3.9015194560589532,-3.89655764592748
66,66,0.0007948920457172639,0.0007966062985360622,-3.9042321074426023,-3.903343503998661
67,67,0.0007941302262515444,0.0007956641493365169,-3.9093634310793446,-3.908482960637958
68,68,0.0007929946925999961,0.000794704219228343,-3.913918739155871,-3.9137256755694234
69,69,0.0007920654462986463,0.0007942235097289085,-3.9184373057240744,-3.9163534790316907
70,70,0.0007912949214871857,0.0007933962716426896,-3.923361353645541,-3.9208793103773805
71,71,0.0007907959156112803,0.0007924413412662321,-3.9277805582605025,-3.9261096194562817
72,72,0.000789659324020493,0.0007913923840724716,-3.931666060202849,-3.931862197903392
73,73,0.0007888808655648579,0.0007905019018308897,-3.9372077032062314,-3.9367516720995805
74,74,0.0007880217396923024,0.0007896647684423155,-3.9413633125737224,-3.941353242960768
75,75,0.0007874299604061645,0.0007889823173172772,-3.9466467797599467,-3.9451081642336683
76,76,0.0007865099889255062,0.0007882142151509853,-3.950168850833174,-3.949338233877669
77,77,0.0007855349283943855,0.0007873299519384378,-3.954896212935104,-3.954213129575341
78,78,0.0007847569686043815,0.0007862823396480005,-3.9591115297996033,-3.9599956505502854
79,79,0.0007840664631245446,0.0007860604734895261,-3.9635626583308796,-3.9612212770253885
80,80,0.0007834406017527445,0.0007846762217875374,-3.9682418738958236,-3.9688759403840472
81,81,0.000782062538981092,0.0007839161706598182,-3.972803447517635,-3.9730846314137236
82,82,0.000780984857743702,0.0007834292298771049,-3.9781384444217123,-3.9757831521313336
83,83,0.0007809381355944368,0.0007825666107237339,-3.981592010842175,-3.980567721368
84,84,0.0007799371900565,0.0007813832367231187,-3.986821389395605,-3.9871399640446397
85,85,0.0007791848872433004,0.0007804042022479208,-3.989544095318439,-3.9925848705057425
86,86,0.000778220446309862,0.0007793479323338129,-3.994580609978951,-3.9984669879916224
87,87,0.0007777240621790136,0.0007790291228478676,-3.9990175813811786,-4.000243928970003
