,epoch,train_loss,test_loss,train_dbs,test_dbs
0,0,0.0006077600158174935,0.0005770675059849102,-5.069534976032012,-5.3035146595916505
1,1,0.0005508594973416058,0.0005313726233955668,-5.4954320042776885,-5.66178910763406
2,2,0.0005132676742505282,0.0004990328513821097,-5.805054005980724,-5.934489501145741
3,3,0.0004840524994393753,0.00047313555535909374,-6.056064710988995,-6.165925005366599
4,4,0.0004602888804265135,0.00045083041952334737,-6.275629520196349,-6.37564874194655
5,5,0.00043958006516703856,0.0004305223548343699,-6.47910084235236,-6.575823792509674
6,6,0.00042076816226682175,0.000413452347091056,-6.666006560643792,-6.751526246472523
7,7,0.0004055215755103098,0.0003998858737759292,-6.8279892498831565,-6.896420236535111
8,8,0.000392543781757566,0.00038823400666986247,-6.967787240872477,-7.024845123537692
9,9,0.0003820161200752578,0.00037853473086694355,-7.08718851691876,-7.134723537945796
10,10,0.00037284827816357703,0.0003703442389929765,-7.192315447114827,-7.229724930929683
11,11,0.00036470771325540914,0.000362592115140471,-7.288744344920792,-7.321597305513166
12,12,0.0003576616053925539,0.0003557886321734833,-7.373295327895781,-7.403860185304808
13,13,0.0003513956647102251,0.0003502781389550747,-7.4509160334747655,-7.471650527139655
14,14,0.00034603794266172135,0.0003450850046264302,-7.51678562394749,-7.536519985214179
15,15,0.0003407159754190325,0.0003398143070578379,-7.582403043561461,-7.6033642649328
16,16,0.0003363073505845267,0.00033554784941339965,-7.641303144089642,-7.658236266381818
17,17,0.0003319291611557308,0.0003316931114041884,-7.694500286581274,-7.70841634133715
18,18,0.00032807383284251177,0.0003274583784667285,-7.747360023213266,-7.764219794075478
19,19,0.00032476303119634845,0.0003239037300533566,-7.791505365339875,-7.81162136983128
20,20,0.0003211340985798575,0.00032092000841849337,-7.839679741442286,-7.851812914048275
21,21,0.0003179478247232313,0.00031800639791120037,-7.882742450985155,-7.891422287661348
22,22,0.0003150814505697218,0.00031447890030808354,-7.923859237217324,-7.939865741846333
23,23,0.0003119797203401776,0.0003118208888305449,-7.966489056968166,-7.976728811839222
24,24,0.0003092017666239906,0.00030924080209316393,-8.004142641950587,-8.01281295276791
25,25,0.0003070324814167911,0.00030698122205457797,-8.036190943182223,-8.04466275695942
26,26,0.0003044356564395898,0.00030459821420280556,-8.072316030560216,-8.078507335003273
27,27,0.0003021941163226693,0.00030198904201633443,-8.104739812229411,-8.115869019077296
28,28,0.0003000114967604888,0.000300223497967971,-8.134828621375322,-8.141334056209745
29,29,0.0002981962677518616,0.0002981035688303803,-8.162769240341678,-8.1721091098606
30,30,0.00029657641815780135,0.0002965366584248841,-8.186363462047632,-8.194996970001334
31,31,0.00029488562992725944,0.0002949297042122405,-8.210637086913833,-8.218595710639395
32,32,0.00029315699891609707,0.0002934430100906052,-8.235988413421481,-8.240543173930208
33,33,0.00029160637623323226,0.0002919495163951069,-8.257443715682557,-8.26270326134664
34,34,0.0002901758635584649,0.00029103744064310665,-8.27995049583819,-8.276292237379984
35,35,0.0002891500831519244,0.0002898223572533186,-8.296950007535767,-8.294462018896308
36,36,0.00028787238688985864,0.00028823918087015813,-8.316332656460178,-8.318250714073383
37,37,0.0002862857942728652,0.00028756377746743197,-8.33770464802585,-8.328439064137967
38,38,0.0002849296430850728,0.000285757318028788,-8.360328318833174,-8.35580725164914
39,39,0.00028354060456886425,0.0002844509880033959,-8.381394668989408,-8.375706397562272
40,40,0.000282209751510647,0.00028289736732595454,-8.40263298828245,-8.39949180444325
41,41,0.00028103525443098595,0.00028191520955021446,-8.420295239252585,-8.414595792907974
42,42,0.00027933808346038933,0.0002801108318013384,-8.445243592848076,-8.442481831430124
43,43,0.0002779799940174964,0.00027797568748754104,-8.468955645433024,-8.47571273329708
44,44,0.000275526241370544,0.0002761377959120038,-8.505510133938868,-8.504522322687754
45,45,0.00027267892017466085,0.00027257062672441333,-8.551233241221466,-8.560990335776692
46,46,0.0002686853780706423,0.0002672996258632721,-8.615792413539154,-8.645797354487268
47,47,0.0002577314153313637,0.0002499197787409158,-8.794181250452947,-8.937774586202579
48,48,0.0002382747044657194,0.00023231116708637657,-9.135864802492453,-9.255079996984099
49,49,0.0002240342557305451,0.00022070104176619729,-9.40416377760529,-9.477737031786965
50,50,0.00021491770706974815,0.00021297675036629173,-9.586502563433218,-9.632458901132354
51,51,0.0002083571184577766,0.0002073759188581454,-9.719968601167707,-9.74819762983746
52,52,0.00020313010816270312,0.00020233865315707304,-9.829238753935641,-9.854992314892854
53,53,0.00019871661308720786,0.00019786178630678669,-9.926181680031638,-9.952161607349655
54,54,0.00019488096556424635,0.0001943814568221569,-10.008955714611359,-10.029232536384416
55,55,0.00019152692492724847,0.00019155799389792313,-10.086064720580111,-10.092778061073428
56,56,0.00018892433409118238,0.0001887229775188883,-10.143813074239114,-10.157533064482969
57,57,0.00018646148019638297,0.00018680364270326927,-10.201349022219672,-10.201927455338698
58,58,0.00018407531519487654,0.00018455325028442435,-10.255257845085135,-10.254563880930688
59,59,0.00018215699216768568,0.00018275225317522295,-10.300273069816958,-10.297153461943571
60,60,0.00018016607263581538,0.00018097271784331257,-10.351001427205144,-10.339649776639563
61,61,0.00017824206386030334,0.00017833712014467701,-10.397766245165185,-10.4033633711708
62,62,0.00017679478302862035,0.0001769448748458863,-10.431633197758623,-10.437400983788267
63,63,0.00017461970090846887,0.00017645639998495186,-10.484655330299592,-10.449406717036027
64,64,0.00017360262974818266,0.00017433402765738336,-10.513241391205403,-10.5019592250241
65,65,0.0001719732109946919,0.00017309590705400822,-10.551961821498171,-10.532912874580944
66,66,0.0001708075793318393,0.00017142147714223124,-10.582242239240713,-10.575128532212794
67,67,0.00016980907641538448,0.00017062817259054435,-10.60867169720737,-10.595273467737558
68,68,0.00016801515441104654,0.00016923481062373243,-10.653136991541416,-10.630883865678637
69,69,0.00016674455048242757,0.00016812109740720573,-10.685531489822683,-10.659558701363927
70,70,0.00016579932842845308,0.0001671015258915232,-10.7109174670446,-10.685976706460615
71,71,0.00016508821413621844,0.0001664079463807866,-10.731264038643909,-10.704040252690262
72,72,0.00016396554557789001,0.0001658831231332825,-10.758537753262843,-10.717758829612807
73,73,0.00016282993151575865,0.00016429833914643447,-10.789979524074326,-10.75944913052168
74,74,0.0001624981667510397,0.00016450224058261434,-10.7982606430965,-10.75406268746798
75,75,0.0001615764973469117,0.00016283590076981405,-10.824984236631135,-10.798279254100947
76,76,0.00016105775322318653,0.00016186079454583754,-10.837394914212704,-10.824364183917645
77,77,0.00016040724285724622,0.00016187412869552836,-10.85431147713007,-10.824006425318302
78,78,0.00015998671350991064,0.0001617469618060185,-10.865624167832681,-10.827419545344064
79,79,0.00015987230065163494,0.00016176986881825877,-10.869359192628412,-10.826804530106045
80,80,0.00015926778273892196,0.00016076766233278535,-10.887023284325533,-10.853793894451783
81,81,0.00015903557827768214,0.0001605366736552433,-10.89027535929967,-10.860038262428489
82,82,0.00015877691843455715,0.00016038677820592726,-10.896690891695597,-10.864095228091594
83,83,0.00015887603017899986,0.00016033946686595875,-10.897174527470757,-10.865376511076354
84,84,0.0001579730724375791,0.00016002985036098644,-10.921587035359712,-10.873770871849906
85,85,0.0001582469792374093,0.0001604380254560199,-10.912595015234217,-10.862707779374212
86,86,0.00015788858476786192,0.00015958161307743897,-10.92209965941853,-10.885952356478823
87,87,0.00015785982538273885,0.0001602169826295913,-10.924556759623112,-10.86869537929111
88,88,0.0001580857390660274,0.00015922132756953177,-10.921890452534726,-10.895768456310858
89,89,0.00015778511164940356,0.00015957657275353804,-10.925053556210784,-10.88608952888765
90,90,0.00015783152985866613,0.00015934045950416476,-10.925338499969863,-10.892520210831275
91,91,0.00015761392606907168,0.00015960929235198389,-10.933756600202729,-10.885199142272302
92,92,0.00015756255210756527,0.00015922305005676063,-10.933944144501629,-10.895721473744906
93,93,0.00015735041608760307,0.0001598532069597001,-10.939833688350864,-10.87856732858529
94,94,0.00015768019429086372,0.00016054332464639294,-10.928805275729482,-10.859858339121452
95,95,0.0001572483069486628,0.00015900446190866396,-10.941656347676085,-10.90168774868272
96,96,0.00015731228946962576,0.0001594358105457535,-10.937492456885124,-10.889922123311509
97,97,0.00015717457059396373,0.0001592193331912552,-10.942415179075688,-10.895822855612646
98,98,0.00015720404557326866,0.00015880910474439398,-10.943455302531554,-10.9070268882306
99,99,0.0001571024939076994,0.0001594554579289826,-10.946571516924772,-10.889386972244386
100,100,0.00015726275580032662,0.00015831687778700143,-10.942363306375594,-10.920508698923243
101,101,0.00015717990094550992,0.0001596156660908539,-10.943029984494224,-10.885025717259785
102,102,0.00015709772568013635,0.0001584750877411448,-10.94534593997775,-10.916170854327694
103,103,0.00015708543771287406,0.00015924890574656034,-10.94715908656703,-10.895016294954381
104,104,0.00015679338962540568,0.00015823324639840344,-10.953281956856667,-10.922803479348335
105,105,0.00015679713951894227,0.0001584770890124338,-10.952899571520842,-10.916116010654648
