,epoch,train_loss,test_loss,train_dbs,test_dbs
0,0,0.0009945718536739114,0.000985303375943515,-20.02314668129833,-20.048464321312537
1,1,0.0009862302746095684,0.000980175728296959,-20.05352686643061,-20.07112458898429
2,2,0.0009776863423128104,0.0009657592469777324,-20.097825533566546,-20.135475278147727
3,3,0.0009719158688406507,0.0009622935138299669,-20.129341071661052,-20.151088444276013
4,4,0.0009597904947778382,0.000957072105895924,-20.179595079619457,-20.174717441524756
5,5,0.0009516337880451885,0.0009444374652383359,-20.216522402913743,-20.23243196009593
6,6,0.0009430350097299544,0.0009355668964991836,-20.253586846703907,-20.27341556335342
7,7,0.0009358341676019824,0.0009305006242357194,-20.286408317066005,-20.29699734128365
8,8,0.0009302652258541167,0.0009161822136344487,-20.316769461168974,-20.36434546629558
9,9,0.0009218076035169136,0.0009136304510512242,-20.353679267711055,-20.376458368876452
10,10,0.0009143858399126947,0.0009047478945974849,-20.391767638975885,-20.41888821793924
11,11,0.0009078322057660247,0.0009037092125876562,-20.42646447490705,-20.42387693360333
12,12,0.0009054104262271646,0.0008955954813006285,-20.44138001233054,-20.46304509252968
13,13,0.0008936023205211482,0.000885602558570865,-20.489455656176254,-20.511775403649292
14,14,0.0008857259964906447,0.0008856602760620023,-20.529581268894507,-20.511492369562774
15,15,0.0008799203265861599,0.0008757486939430237,-20.553084990437988,-20.56036904645484
16,16,0.0008755988080160136,0.0008650316985471076,-20.576850607237525,-20.613843807392314
17,17,0.0008687320412568672,0.0008664539506609895,-20.615624889789782,-20.606709166869788
18,18,0.0008615081272923301,0.0008548739225309538,-20.64611419410288,-20.665143335822762
19,19,0.0008536417189668672,0.0008472592851735259,-20.68447993200451,-20.70400065947102
20,20,0.0008435314161146117,0.0008344069448005604,-20.748133461801835,-20.77038492863162
21,21,0.0008345790994689637,0.000826708451648684,-20.78897456931536,-20.810640253937578
22,22,0.0008305229784287128,0.0008248954668248954,-20.80824762438337,-20.820174859809985
23,23,0.0008259534052112283,0.0008187728878845902,-20.830217579426137,-20.852529495577844
24,24,0.0008208118787169764,0.0008132599576033259,-20.862231442164457,-20.88187013432147
25,25,0.000819000769550576,0.0008075135472034546,-20.86883471015389,-20.912665859660294
26,26,0.0008102149100129291,0.0008075060384151967,-20.909130460677034,-20.912706243384864
27,27,0.0008069626019653125,0.0008047575308745237,-20.925383376703707,-20.927513534667167
28,28,0.0008090259855344277,0.0008005272952447596,-20.921135970247704,-20.950402584807833
29,29,0.0008072797539067868,0.0008003263593357252,-20.928328597909985,-20.951492820092223
30,30,0.0008057904604956815,0.0007992215840587098,-20.934124364451353,-20.95749198860513
31,31,0.0008050604656185071,0.000803570492854832,-20.94195665029431,-20.93392421890275
32,32,0.0008031527227338058,0.0008011732808020162,-20.953228668644964,-20.946899458414396
33,33,0.0008012967348607621,0.0007987233234177294,-20.96423439636399,-20.96020036550759
34,34,0.000804394877818173,0.0007964848099570526,-20.95273703563242,-20.97238905313307
35,35,0.0007993925456437714,0.0007950080877268,-20.970052259956017,-20.980448561295397
36,36,0.0008011453199325149,0.0007951941071568351,-20.9583098323237,-20.97943249915413
37,37,0.0007971369393755557,0.0007935571821259433,-20.980114074387856,-20.98838176345445
38,38,0.0008026931132429961,0.0007965556701253119,-20.955606130375685,-20.972002695341576
39,39,0.0007999751869272249,0.0007973615153643646,-20.97393082939515,-20.967611323272898
40,40,0.0007958917886969278,0.0007969700964167714,-20.979027446239872,-20.969743766626735
41,41,0.0007958388023232062,0.0007952548973997565,-20.990686963015214,-20.979100506528248
42,42,0.0007996828302491418,0.0007933892775326967,-20.97019853637915,-20.989300761548698
43,43,0.0008023353149519139,0.0007910322747193277,-20.958936843751843,-21.00222199541248
44,44,0.000798213413254041,0.0007962337449977273,-20.971900876954415,-20.97375823574224
45,45,0.0008001967030817393,0.0007944765323037771,-20.97430994942993,-20.98335329648744
46,46,0.0007958566708749486,0.00079146452174571,-20.989887452621524,-20.999849510318484
47,47,0.0007980217276256263,0.0007927035820964528,-20.98273642478301,-20.993055822432698
48,48,0.0007982326175815897,0.0007935545903532521,-20.98209476603516,-20.98839594761712
49,49,0.0007969345429374539,0.000791053728837716,-20.99392141482774,-21.002104209082155
50,50,0.0007955444737855998,0.0007878452490426992,-20.996675792360886,-21.0197548252117
51,51,0.000796497173573745,0.0007900907719311746,-20.99645230579413,-21.007394135743812
52,52,0.0007958332809965251,0.0007907681283541024,-20.990473715619288,-21.00367246046073
53,53,0.0007968848407959815,0.0007918792789017683,-20.989830301998197,-20.997574240118134
54,54,0.0007973232879015358,0.0007947961260613642,-20.986348811763513,-20.98160661310355
55,55,0.0007955272131138625,0.0007910050274068979,-20.989741370533036,-21.00237159185272
56,56,0.0007923750450460182,0.0007910065745052538,-21.006483421361295,-21.002363097651056
57,57,0.0007970525346667573,0.0007924501306230301,-20.991688942084412,-20.994444616167875
58,58,0.0007947257392290864,0.0007934807738485304,-21.001667347852898,-20.98879994744498
59,59,0.0007929239390878795,0.0007948466411203538,-21.005718516010052,-20.981330596229412
60,60,0.000796087674878192,0.0007970315667702572,-20.988588411753074,-20.96940880793818
61,61,0.0007941862124200795,0.0007909806292062919,-20.991332210290462,-21.00250555013291
62,62,0.0007930658529656604,0.0007931162805394514,-21.00744565398447,-20.99079538081819
63,63,0.0007956635180534315,0.0007928859129989226,-20.995965415587932,-20.99205701025064
64,64,0.0007978122796594482,0.0007909558143613762,-20.979497366922494,-21.00264180023652
65,65,0.0007964343867101467,0.0007924573299916167,-20.994437446532395,-20.994405160917292
66,66,0.0007960942901488509,0.0007936834682416367,-20.98738016183457,-20.98769068534616
67,67,0.0007928492952637451,0.0007939578989814771,-21.01214895759633,-20.98618929139631
68,68,0.0007936438208340292,0.0007947161671166357,-20.997145486297335,-20.9820435487429
69,69,0.0007962006115421807,0.0007909307391137668,-20.984685676527445,-21.002779484467364
70,70,0.0007992551749639367,0.0007878368977751387,-20.98158035475691,-21.019800861265683
71,71,0.0007956567329604217,0.0007942155077073135,-20.994769057933055,-20.984780401804898
72,72,0.0007921173075242832,0.0007900998737712047,-21.006576368139488,-21.0073441053388
73,73,0.0007969061874054833,0.0007916354531373241,-20.9922793958283,-20.99891167238496
74,74,0.0008003190309817413,0.0007916433172986695,-20.975140231460134,-20.998868529485037
75,75,0.0007928781326591354,0.0007877371727341884,-21.006884650932708,-21.02035062958011
76,76,0.0007960205944495026,0.0007919421860654103,-20.99431240597241,-20.997229248783434
77,77,0.000796108346998922,0.0007927758606935018,-20.99259533049019,-20.992659851409265
78,78,0.0007942122876519318,0.0007898790890497988,-20.999383502732883,-21.00855786310489
79,79,0.0007942552029001574,0.0007923769237669675,-21.003641028301033,-20.99484583765839
80,80,0.0007929937840804227,0.0007906359847095844,-21.007771431637906,-21.004398261731794
81,81,0.000794772843028582,0.0007906375777613567,-20.999080247653975,-21.004389511144794
82,82,0.0007945259885392008,0.0007882750513473232,-20.999768922071436,-21.017386214468115
83,83,0.0007931687851129196,0.0007912725804520673,-21.00026037937088,-21.0009028633355
84,84,0.0007937498367871589,0.0007956982682164954,-20.999334543482657,-20.976679900965586
85,85,0.0007934475229985858,0.000786771231919135,-21.0091709762294,-21.025679312707013
86,86,0.0007906405047571152,0.0007818342664426094,-21.027953502771084,-21.053017020573005
87,87,0.0007875067951186493,0.0007825707710397087,-21.04016353802606,-21.048927799452073
88,88,0.0007849240317921509,0.0007848168974497208,-21.051482905529756,-21.036480579241207
89,89,0.0007845036650662185,0.0007818266534932741,-21.054021034029624,-21.053059309305112
90,90,0.0007843406452106062,0.0007813467006934317,-21.061080734052236,-21.055726203012547
91,91,0.0007837279153670924,0.0007798081190374337,-21.057667868228762,-21.064286503772607
92,92,0.0007807536137088673,0.0007783436878143172,-21.0717358556283,-21.072449952080945
93,93,0.0007798424135826374,0.0007812755954402842,-21.07129199180922,-21.056121444001672
94,94,0.0007860435805398702,0.0007798307955167011,-21.050614343044746,-21.064160214671666
95,95,0.0007834421625581675,0.0007813216652721167,-21.06260962678303,-21.055865359158116
96,96,0.0007837481776338801,0.0007818649510705942,-21.052583241334904,-21.052846576481645
97,97,0.0007780630653964106,0.0007796264376099172,-21.08616359104905,-21.06529845058955
98,98,0.0007844751997197949,0.000778943621921108,-21.053613426622846,-21.06910377333351
99,99,0.000780804223769834,0.0007810800697801536,-21.071293801404476,-21.057208465575556
100,100,0.0007843504517012727,0.0007817305679629115,-21.06179687091825,-21.053593084661806
101,101,0.0007838258494565398,0.0007810860651692277,-21.06245349247938,-21.05717513026846
102,102,0.0007844850002096716,0.0007821360884822513,-21.0552858175941,-21.051340778468447
103,103,0.0007842416585826306,0.0007768781108193492,-21.055105864329875,-21.080635179303048
104,104,0.0007836037482250213,0.0007779324782620135,-21.055866447116216,-21.07474499517831
105,105,0.00078103381638732,0.0007835608220806247,-21.06717513470911,-21.043436897371585
106,106,0.0007871004204342584,0.0007788397641362328,-21.044610226828336,-21.069682863640217
107,107,0.0007815198833602912,0.0007789648922258302,-21.067141088914813,-21.068985183879946
108,108,0.0007822544460386498,0.0007784409987691202,-21.073710718987726,-21.071907017516914
109,109,0.0007838779699162955,0.0007801679894328117,-21.059430988605463,-21.062282758601935
110,110,0.0007807846179894489,0.0007807720256479163,-21.069433200349632,-21.058921583852754
111,111,0.0007840012933473228,0.0007761475464672243,-21.059660355121544,-21.084721140004568
112,112,0.0007843651260326127,0.0007813812760440143,-21.06058647144071,-21.05553402773708
113,113,0.0007822273956784575,0.0007802936689634072,-21.065199936567865,-21.06158319733492
114,114,0.0007847483034639322,0.0007803497505129167,-21.058338682831064,-21.061271070846637
115,115,0.0007841066414125494,0.0007768541997249581,-21.059928223313335,-21.0807688504159
116,116,0.0007820758019266746,0.0007813614425494483,-21.069568474939317,-21.055644264401696
117,117,0.0007810830462666363,0.0007773513758653088,-21.07224342196176,-21.077990313714643
118,118,0.0007820291739898091,0.0007794328358661579,-21.067763640232112,-21.06637705190849
119,119,0.0007832049627394713,0.0007779148290865123,-21.06618438988211,-21.07484352592094
120,120,0.0007831065347850246,0.0007759967855618973,-21.069275004530176,-21.08556480677093
121,121,0.0007826771242688074,0.0007795584633162147,-21.070443162169813,-21.065677121017508
122,122,0.000780983740396644,0.0007783565608980624,-21.073734721629158,-21.072378124389772
123,123,0.000782868646075661,0.0007820826354681662,-21.06442348278407,-21.051637595642564
124,124,0.0007823180268067367,0.0007775816576261269,-21.06337097389659,-21.0767039547965
125,125,0.0007837519545309706,0.0007765218033455312,-21.063167918418163,-21.082627484968096
126,126,0.0007815660084309729,0.0007782583553834181,-21.06243178604164,-21.072926109799816
127,127,0.0007801731597132904,0.0007785080049775148,-21.075199853599447,-21.07153320403289
128,128,0.0007813759352147733,0.0007780165791413502,-21.071216960809785,-21.074275512611628
129,129,0.0007843292605122263,0.0007796568985979416,-21.052111492726358,-21.065128769573835
130,130,0.0007793653717975027,0.0007779482862372932,-21.072112072187576,-21.074656745273934
131,131,0.000784175082220283,0.000781132248352821,-21.06154779972275,-21.056918353073833
132,132,0.0007815591723312499,0.0007775502806333335,-21.07304256767967,-21.076879204940823
133,133,0.0007833387599489891,0.0007804517088899095,-21.06076059028392,-21.06070367054972
134,134,0.0007813658082819323,0.0007763142746530081,-21.076053879591083,-21.083788310219553
135,135,0.0007822721825730171,0.0007809319466009344,-21.066183846886616,-21.058032135033855
136,136,0.000783064061795006,0.0007771798777148911,-21.055866034929686,-21.078948553705175
137,137,0.0007806925070664086,0.0007786880688447701,-21.070492131135005,-21.07052882512901
138,138,0.0007843463483612178,0.000777847712589918,-21.052874013097206,-21.07521824022795
139,139,0.0007826792737517084,0.0007787344450327126,-21.062095102304678,-21.07027018083253
140,140,0.0007805023996457073,0.0007818841442808901,-21.073501813371767,-21.052739967239194
141,141,0.0007859169146689327,0.0007801712337440174,-21.05191456435355,-21.062264698600195
142,142,0.0007825243759650699,0.0007765788407261042,-21.067421792680257,-21.082308497016466
143,143,0.0007833091496518746,0.0007795887496812563,-21.063108141023076,-21.065508397998848
144,144,0.000783021325370316,0.0007792396446395861,-21.069290093641015,-21.06745363323178
145,145,0.0007835323034219214,0.0007785827007242723,-21.06276696575837,-21.071116530160978
146,146,0.0007838179926224745,0.0007768807975624345,-21.059142008363953,-21.08062015975671
147,147,0.0007823370631121713,0.0007772601705877797,-21.069379091431166,-21.078499893730147
148,148,0.0007844797819228747,0.0007800590492000705,-21.060484410815008,-21.062889236259895
149,149,0.0007795763025588365,0.0007781734058976566,-21.074190920426602,-21.07340018253286
150,150,0.0007786607752630929,0.0007780947642842014,-21.07772615705585,-21.07383909941692
151,151,0.0007810106185341696,0.0007775811919648396,-21.070662173492927,-21.07670655560615
152,152,0.0007798637793946665,0.0007809389805372216,-21.073331284249676,-21.05799301784866
153,153,0.0007790181997049716,0.0007764127528245904,-21.08451587260303,-21.08323742747189
154,154,0.0007776499470244593,0.0007780576860041995,-21.087806006374407,-21.074046057191566
155,155,0.0007764945669608555,0.000780002115980575,-21.09580954942934,-21.063206221050322
156,156,0.0007803427696362446,0.0007778159740969146,-21.078833478129116,-21.0753954488688
157,157,0.00078393020259082,0.0007809295233241038,-21.061801574752067,-21.058045611462795
158,158,0.0007790411773291369,0.0007764799949271898,-21.07848107276231,-21.082861318121505
159,159,0.000782365469650855,0.0007804861249353149,-21.07042886955737,-21.060512161339204
160,160,0.0007795131670493517,0.0007767676142975688,-21.07858032202905,-21.08125292669531
161,161,0.0007785768824216631,0.0007786137223439781,-21.077849838181564,-21.070943494594495
162,162,0.0007768086086929843,0.0007756139292675806,-21.089905052632606,-21.087708029652404
163,163,0.0007825871538274835,0.0007787040085531771,-21.064466642580694,-21.070439926161242
164,164,0.0007797801505879874,0.0007758152297403859,-21.082010884855784,-21.086581021248225
165,165,0.000781230155628213,0.0007778576170829566,-21.068378150901978,-21.07516294098084
166,166,0.0007803810894796529,0.0007779238696553205,-21.079223070428693,-21.074793054504465
167,167,0.000784745853341463,0.0007752308891595979,-21.05944970944907,-21.089853340474612
168,168,0.0007837347412654726,0.0007772265296233328,-21.060934343847638,-21.078687866843396
169,169,0.0007802030268442078,0.0007752503825988816,-21.075063575996317,-21.089744137051536
170,170,0.0007812462053405717,0.0007784683318612607,-21.078902215432358,-21.071754528083424
171,171,0.0007795712810979446,0.0007745835341905293,-21.08456032809448,-21.093481422689027
172,172,0.0007762775177942569,0.0007784582466181172,-21.094731588986733,-21.071810792335146
173,173,0.0007804883277936618,0.000776149332523346,-21.075723979629238,-21.084711146113214
174,174,0.0007796079195200552,0.0007788411795014614,-21.079363131070593,-21.069674971326826
175,175,0.0007811790829063537,0.0007766070714416472,-21.072402282346587,-21.082150622239393
176,176,0.0007829200266380363,0.0007764298628133378,-21.071077830236487,-21.083141722039493
177,177,0.0007825747069893117,0.000774248509275678,-21.066499406880403,-21.09536025099327
178,178,0.0007791727266428013,0.0007752912842031373,-21.08149211900748,-21.089515012721456
179,179,0.0007812643961347255,0.0007755650041968023,-21.072026819536166,-21.087981987579685
180,180,0.0007811095949608026,0.0007783626941473861,-21.074122500647317,-21.07234390323745
181,181,0.0007786327863793782,0.0007753499728431435,-21.093334188936083,-21.08918626933995
182,182,0.0007825865825522959,0.0007803947756704139,-21.06101434582036,-21.06102049585342
183,183,0.0007818242560198396,0.0007779122158688935,-21.070212995702313,-21.074858115023186
184,184,0.0007779995032307721,0.0007752153109514007,-21.083862769585068,-21.089940612510986
185,185,0.0007818582570948399,0.0007758106435894182,-21.068245611470356,-21.0866066941903
186,186,0.0007821082950032019,0.0007762072552730771,-21.065844248206645,-21.084387051368566
187,187,0.000780182655963125,0.0007745924614075767,-21.074752911367728,-21.093431369743282
188,188,0.0007780672977534458,0.0007793184700667074,-21.078017123781816,-21.067014336836753
189,189,0.0007808439411971834,0.0007753655694327072,-21.077803322741868,-21.089098909503804
190,190,0.0007801549653186626,0.0007780187879689038,-21.07710432580509,-21.074263182793963
191,191,0.0007814783740971122,0.0007800250712439025,-21.070462919209618,-21.063078411172697
192,192,0.0007815639051541532,0.0007748152098716482,-21.063490094802333,-21.092182654750346
193,193,0.0007799239757173147,0.0007776945927425435,-21.07554535579751,-21.076073236003655
194,194,0.0007792248002963967,0.0007755991016318532,-21.076982999689818,-21.08779105577774
195,195,0.0007791898120914769,0.0007822608826436886,-21.08444180032359,-21.050647892752078
196,196,0.0007843351970935605,0.0007751310722118145,-21.056424322634662,-21.090412564072235
197,197,0.0007807495283711817,0.0007802005244517012,-21.072223963575254,-21.062101650369506
198,198,0.00077972495292323,0.0007768840755728123,-21.071753205134982,-21.080601834952958
199,199,0.0007787398962764857,0.0007772316978509096,-21.075621824355515,-21.078658988193872
200,200,0.0007810263141999309,0.0007780382844717487,-21.07254090597209,-21.074154353577445
201,201,0.0007834346423684092,0.0007770093047599259,-21.065697872295225,-21.07990183396521
202,202,0.0007795732601584156,0.0007726778306900279,-21.086048715741846,-21.104179510959092
203,203,0.0007813034492746456,0.000779340941287381,-21.068725368143294,-21.06688911221013
204,204,0.0007808774754107383,0.0007790306393106125,-21.077065635344375,-21.068618641158082
205,205,0.0007774987181206953,0.0007774710354983414,-21.087387350622162,-21.07732184485215
206,206,0.0007824217324557993,0.0007773029838541621,-21.065936176431045,-21.078260680993193
207,207,0.0007814169944187184,0.0007772997150344676,-21.075513957976668,-21.078278944570847
208,208,0.0007844622086099896,0.0007752521318922701,-21.058858376085272,-21.089734337538687
209,209,0.0007809639587931181,0.0007769489740511697,-21.0774733837995,-21.080239054008665
210,210,0.0007777481385477886,0.0007775760421186293,-21.09287845513078,-21.076735318611497
211,211,0.0007823857415189064,0.0007801957452963842,-21.064744460816275,-21.062128253365458
212,212,0.0007822540073809166,0.0007783889090397248,-21.074894464825725,-21.07219763734552
213,213,0.0007839150193925063,0.0007776142508526774,-21.063500619323264,-21.076521919101022
214,214,0.0007782924749898081,0.0007744555508619861,-21.08170903459614,-21.09419906053335
215,215,0.0007833223657912968,0.000772061341099049,-21.067553597091155,-21.107645960785923
216,216,0.0007808229312319885,0.0007787927629818258,-21.078247474255825,-21.069944958090005
217,217,0.0007810657795941093,0.0007761555270438915,-21.07494362335394,-21.08467648480201
218,218,0.0007817881996743381,0.0007769197629960744,-21.070750573044638,-21.080402339358805
219,219,0.0007784672173882652,0.0007798577334094597,-21.080554103268554,-21.064010197819414
220,220,0.0007814234134635513,0.0007743107455194389,-21.075298537744303,-21.095011167066765
221,221,0.0007807849636349405,0.0007766178092233053,-21.070830610180877,-21.08209057479385
222,222,0.0007777045932166355,0.0007760316121244901,-21.090281218521646,-21.0853699007501
223,223,0.0007821063531476274,0.0007789062771112903,-21.06979890477841,-21.069311991658584
224,224,0.0007772711723726051,0.0007767100836836585,-21.08419737981917,-21.081574595016725
225,225,0.0007801863902546081,0.0007792897859441215,-21.073997893489185,-21.0671741891423
226,226,0.000779689830300619,0.0007747450696402474,-21.07951708175373,-21.09257581809972
227,227,0.0007813611930745087,0.00077680162901647,-21.071360504235834,-21.081062752941698
228,228,0.0007782263684893007,0.0007782826953763632,-21.07893027972516,-21.072790286531664
229,229,0.000781171515310356,0.0007776376196967536,-21.071211347471873,-21.07639140699268
230,230,0.0007754152385066695,0.0007762967388292676,-21.098495607161396,-21.083886412209303
231,231,0.0007795272070972115,0.0007758737223124818,-21.080183644577843,-21.0862535973625
232,232,0.0007758480148658771,0.0007790461286755377,-21.09234672009615,-21.068532291809273
233,233,0.0007804136497650257,0.0007781180657299334,-21.074810002339206,-21.073709044078633
234,234,0.0007811336557275241,0.0007744814869702646,-21.076691664118144,-21.094053620035336
235,235,0.0007822533460938823,0.0007715970798591642,-21.070943820753634,-21.110258275764227
236,236,0.0007779971407198338,0.0007714043910566129,-21.091409056459156,-21.111342962793827
237,237,0.0007704440888363062,0.0007703120170749331,-21.133905319331447,-21.117497299211422
238,238,0.0007792920043413556,0.0007666417728423289,-21.09262817465673,-21.138239235082374
239,239,0.0007765088842452033,0.0007710607820435575,-21.105704388216235,-21.113277884934995
240,240,0.0007710836422101585,0.0007671969728299269,-21.132250111616603,-21.135095223990238
241,241,0.0007720679415572319,0.0007666096115778936,-21.12321214134397,-21.13842142907638
242,242,0.00077026546872749,0.0007667165176060639,-21.132046175844884,-21.137815834515536
243,243,0.000770803124490242,0.000770023325458169,-21.131066168363017,-21.119125219757535
244,244,0.0007697118808678591,0.0007678891568885822,-21.132722140509625,-21.131178678440264
245,245,0.0007689690629029935,0.0007673094484121784,-21.135783490755546,-21.134458569439538
246,246,0.0007703769652019302,0.0007659328678671859,-21.135479488947855,-21.142256964890475
247,247,0.0007729228602760692,0.0007657652451215606,-21.116555715820297,-21.143207512953957
248,248,0.000769949065684581,0.0007662329252956337,-21.133158761084946,-21.140555931129295
249,249,0.0007695484715609898,0.0007696892778193088,-21.134230829518007,-21.12100966297398
250,250,0.0007669646418941466,0.0007667596954362173,-21.14731044358897,-21.13757126739123
251,251,0.0007703597981425136,0.0007668310886641082,-21.13156365017823,-21.137166913305872
252,252,0.0007701313966818,0.0007668378315620908,-21.136757958807127,-21.13712872509788
253,253,0.0007701208064879876,0.0007697285894353531,-21.134853155327505,-21.120787854220296
254,254,0.0007716363713567712,0.000766870412534397,-21.120950483327483,-21.1369442084332
255,255,0.0007744635384501025,0.000764720727027835,-21.116834828170074,-21.1491354145883
256,256,0.0007710392321651974,0.0007686085576240561,-21.129845302060897,-21.127111873920185
257,257,0.000770472186934395,0.0007681046692213338,-21.13079220259688,-21.12995997800125
258,258,0.0007715582968811169,0.0007666320184637842,-21.12836564951955,-21.13829449296
259,259,0.0007707771134668405,0.0007687598148262815,-21.12541386217034,-21.126257294501695
260,260,0.0007685454197458385,0.0007664827219406633,-21.138318597927753,-21.13914033514852
261,261,0.0007731860429144551,0.0007663525849286663,-21.11836086612599,-21.139877763182497
262,262,0.0007709421483876626,0.0007678337064326593,-21.13108882503646,-21.13149230048252
263,263,0.0007720984549732091,0.0007679081754758954,-21.12856512349651,-21.131071116493775
264,264,0.0007709717760870675,0.0007705692765548042,-21.133065658215877,-21.116047137229117
265,265,0.0007721937589164939,0.0007686126444145645,-21.12151218321735,-21.12708878198567
266,266,0.0007733963105885178,0.0007669643872711612,-21.12086674327142,-21.136412042783135
267,267,0.0007696243527479777,0.0007656862757070677,-21.140335144082158,-21.143655401516117
268,268,0.0007721251998932014,0.0007709531959048227,-21.126772492062873,-21.113883898461797
269,269,0.0007730812187181766,0.0007653702264896742,-21.126058991618407,-21.145448391296394
270,270,0.0007745075614441224,0.0007653257834087862,-21.119232396263506,-21.145700582256183
271,271,0.0007667445071214406,0.0007686708030585004,-21.146317345656517,-21.12676017663719
272,272,0.0007722552268064974,0.0007667187019251287,-21.124971785300364,-21.137803461802243
273,273,0.0007703763249176602,0.0007662569221697355,-21.128212095754115,-21.140419920962263
274,274,0.0007708414809384681,0.0007702552737962259,-21.130564025169633,-21.1178172241246
275,275,0.0007706282086689601,0.0007666519653101108,-21.125911570377806,-21.138181496210763
276,276,0.0007685301741393111,0.0007657540171701265,-21.144368908920956,-21.143271191387147
277,277,0.0007651001058960545,0.0007683370372672614,-21.145314694305654,-21.12864634325077
278,278,0.0007720001002283979,0.0007675641773905801,-21.130471193325032,-21.133017051534
279,279,0.0007707885149674318,0.0007694225396813923,-21.130234324646633,-21.122514984436044
280,280,0.0007716811924558325,0.0007680720882490277,-21.133247592331998,-21.130144198162384
281,281,0.0007725808488627531,0.0007705737677353777,-21.11991241209743,-21.116021824913723
282,282,0.0007726714223834503,0.0007659111901088373,-21.11829703616523,-21.14237988250448
283,283,0.0007719183394675786,0.0007694347204003287,-21.127549207657307,-21.122446231873255
284,284,0.0007737611316038852,0.0007704036512510165,-21.112951367359717,-21.116980705294818
285,285,0.0007719796285340466,0.0007713975041712585,-21.119402055923317,-21.111381735578796
286,286,0.0007722156155931274,0.0007675280273695918,-21.124517954557852,-21.133221596311053
287,287,0.0007719460679170167,0.0007651701238692591,-21.127050617112495,-21.146583983237313
288,288,0.0007671194052630939,0.0007659232973023073,-21.14315763387936,-21.14231123165011
289,289,0.000773235590235551,0.000766014943732635,-21.117797483906287,-21.141791608365583
290,290,0.0007724203781426413,0.0007687837044757448,-21.126958833888935,-21.12612233711275
291,291,0.0007705650293537099,0.0007656599811621403,-21.13627494777308,-21.14380454578334
292,292,0.0007721439955669657,0.0007707547384167188,-21.12156363546751,-21.115001996001972
293,293,0.000771776725629287,0.0007665835651814154,-21.12843181649061,-21.138568987863316
294,294,0.0007750803284279848,0.0007657796591765395,-21.11338853712221,-21.1431257661567
295,295,0.0007692030697014451,0.0007699751540234214,-21.13504772781002,-21.11939691597778
296,296,0.0007735193267791081,0.0007664921668995367,-21.12329026459375,-21.139086819679346
297,297,0.0007712174964271794,0.0007686153863017496,-21.130656188763204,-21.12707328933981
298,298,0.0007710645885024335,0.000767433366395141,-21.128105185683744,-21.133757254589817
299,299,0.0007724698444530752,0.0007654713209424364,-21.130429130637722,-21.14487478832458
300,300,0.0007704793734802413,0.0007678710910687713,-21.135077323788096,-21.13128085436083
301,301,0.0007713952272189493,0.0007639241674424786,-21.1251652193602,-21.153661533963582
302,302,0.0007723339265644474,0.0007657618598865443,-21.127964671776812,-21.14322671194669
303,303,0.0007684593102126622,0.0007687966388307119,-21.144473737041793,-21.126049270114805
304,304,0.0007711235264594638,0.0007649988953122183,-21.127674258764362,-21.14755594929917
305,305,0.0007692452894581348,0.000765240025142894,-21.136833963555887,-21.146187256419232
306,306,0.0007722349867426319,0.0007650348216932463,-21.12809559149477,-21.147351997858557
307,307,0.0007735580876805656,0.000767566303501984,-21.115791881494793,-21.13300502182757
308,308,0.0007734475285294897,0.0007693970110267401,-21.11951230978208,-21.122659081303567
309,309,0.0007710922077374975,0.0007686061374107865,-21.12795006295944,-21.1271255491117
310,310,0.000772305008158395,0.0007694115231156742,-21.121298247741493,-21.122577167017216
311,311,0.0007716743011488436,0.0007647939032482865,-21.127658425652044,-21.148719857546297
312,312,0.000770359649322927,0.0007670633494853973,-21.13143848989501,-21.135851704236583
313,313,0.0007676878252748362,0.0007676358187669202,-21.141085578613573,-21.13261171731669
314,314,0.0007708188159554505,0.0007687701175822632,-21.132325392565562,-21.126199091666393
315,315,0.0007693500074404339,0.0007690305631656788,-21.13428803639946,-21.124728028709914
316,316,0.0007702377276763934,0.0007676010810475992,-21.133902967597777,-21.132808252454936
317,317,0.0007715022507046839,0.0007666085944756082,-21.12975772082129,-21.138427191099144
318,318,0.0007699371529167,0.0007681371582868067,-21.1267605143169,-21.129776285283
319,319,0.0007728058166715518,0.0007681078001807787,-21.124168120178464,-21.129942275262373
320,320,0.0007660470365249005,0.0007702930536317197,-21.15278417498214,-21.117604214590354
321,321,0.0007700603965372231,0.0007650832320857597,-21.131171367199315,-21.147077190744294
322,322,0.000769774960569999,0.0007653712374648373,-21.13629965274479,-21.145442654717815
323,323,0.0007680972123556991,0.0007662818779384619,-21.143123139772065,-21.140278480463014
324,324,0.0007687524247904951,0.0007683753899886812,-21.138302364493263,-21.128429563910842
325,325,0.0007699083011194142,0.0007688273112044522,-21.134250970222507,-21.12587600482893
326,326,0.000773248786572367,0.0007681654227015219,-21.123069902070224,-21.129616485000184
327,327,0.0007712567181892923,0.0007674796231042006,-21.137939959717986,-21.13349549338721
328,328,0.0007673244042437255,0.0007712853196273116,-21.141591413458013,-21.11201337712851
329,329,0.0007732629952424197,0.0007672200873984318,-21.11965815454955,-21.134964379126554
330,330,0.0007689088713809771,0.0007662614746215312,-21.138011074507137,-21.140394118926892
331,331,0.0007722408969204911,0.0007699191490629394,-21.124689109618757,-21.119712816169873
332,332,0.0007695118949470139,0.0007680020123524102,-21.138393957160527,-21.13054044955709
333,333,0.0007673510225470533,0.0007698109869747178,-21.142872315061908,-21.120322977613668
334,334,0.0007688217951205664,0.0007648421175728895,-21.13920456191719,-21.148446077184886
335,335,0.0007697431029771099,0.000766028999350965,-21.137886290030004,-21.14171192034478
336,336,0.0007724663159886817,0.0007671198660605832,-21.126818838940554,-21.1355317315436
337,337,0.0007685858608684359,0.0007680851727184889,-21.14575844223598,-21.13007021468387
338,338,0.0007715248562798826,0.0007665722177510983,-21.129806525469878,-21.13863327521657
339,339,0.0007687114303950796,0.000768080552868349,-21.143564320530036,-21.130096336545456
340,340,0.0007693308607204674,0.0007679212660724787,-21.13321001075965,-21.13099708257168
341,341,0.000770252387005759,0.0007679159875567022,-21.133478272568055,-21.131026935087224
342,342,0.0007702593077166178,0.0007665188260082351,-21.13309180317904,-21.13893577178921
343,343,0.0007692052119833984,0.0007658695226143065,-21.13768391386934,-21.142616156049424
344,344,0.0007697773980908096,0.000763990704926025,-21.133152820428492,-21.153283281712948
345,345,0.0007725172782960089,0.0007658111158219215,-21.12338259276825,-21.14294737062529
346,346,0.0007676871801899342,0.00076452065197947,-21.15011481073029,-21.150271814520455
347,347,0.0007679858130940533,0.0007620779797434807,-21.14543636193494,-21.16416990084753
348,348,0.0007666248111678383,0.0007688140184128363,-21.15729341042844,-21.1259510936801
349,349,0.0007698169294936755,0.0007660998687099077,-21.131611231625314,-21.141310150334583
350,350,0.0007672683310637385,0.0007676463604806678,-21.147738412907128,-21.13255207736031
351,351,0.0007697387974104393,0.0007644674011604174,-21.1349269898934,-21.150574322271684
352,352,0.0007687184015125728,0.0007667708161630129,-21.142240756367393,-21.137508279791753
353,353,0.0007681469895070438,0.0007654690722885885,-21.13862699455401,-21.14488754620806
354,354,0.0007742890078795248,0.0007680478309722323,-21.116994826384786,-21.130281359347876
355,355,0.0007679225131629285,0.0007675426620009698,-21.13792887703688,-21.13313878918437
356,356,0.0007714967611821887,0.0007662834556724288,-21.128217695458925,-21.14026953857792
357,357,0.0007697366047218518,0.0007642161860865982,-21.13414307101053,-21.152001711460958
358,358,0.0007660167475384613,0.0007667739961394354,-21.149750351851644,-21.13749026862962
359,359,0.0007679312371111178,0.0007686244421883634,-21.141866760691777,-21.12702212072562
360,360,0.0007692643755701246,0.0007669269934443659,-21.13989074383327,-21.136623790927
361,361,0.0007702860166318715,0.000766875341804208,-21.137005516683974,-21.13691629305449
362,362,0.0007690156266314083,0.0007690052918501591,-21.138587794307703,-21.124870745706342
363,363,0.0007703107086816783,0.0007691830733643943,-21.126091533651504,-21.12386684354837
364,364,0.0007689411994357853,0.0007661565292724653,-21.14025191776228,-21.1409889590548
365,365,0.0007718213967086037,0.0007662506663779679,-21.123773769566363,-21.140455377306687
366,366,0.000769188846629497,0.0007639910082185739,-21.135568021214773,-21.153281557631054
367,367,0.0007707061181228954,0.0007704233101225997,-21.123928359149346,-21.11686988507083
368,368,0.0007704094876823275,0.0007656986065404979,-21.134850158777883,-21.143585462038743
369,369,0.0007683452027945866,0.0007666428052624198,-21.143399911050512,-21.13823338653534
370,370,0.0007703582499387491,0.000766735471858594,-21.138106009833663,-21.13770847246783
371,371,0.0007715603053454578,0.0007677788104812958,-21.124006034425587,-21.131802808615316
372,372,0.0007687789038755,0.0007675864647975878,-21.1410240149988,-21.132890949279094
373,373,0.0007703367977153472,0.0007668939376200893,-21.12968890994148,-21.13681098307948
374,374,0.000768458813947347,0.0007678778400938762,-21.1368639334869,-21.131242683220982
375,375,0.0007699084913444504,0.0007692066566577475,-21.132340921240047,-21.12373369010917
376,376,0.0007687684060938502,0.0007679705036264893,-21.138695160785797,-21.130718630685443
377,377,0.0007698059498486062,0.000767836494273261,-21.138429313570768,-21.13147653220377
378,378,0.0007704302072092967,0.0007657917112259096,-21.134914262192012,-21.14305741624316
379,379,0.0007702643063745087,0.0007688481066572038,-21.128946142748866,-21.1257585372506
380,380,0.0007703598221456728,0.0007679268570714875,-21.139346776935714,-21.13096546303872
381,381,0.0007733471701209693,0.0007658932713399592,-21.111915539965068,-21.1424814884554
382,382,0.0007717517881471779,0.0007652642242120285,-21.12171594005541,-21.146049922306013
383,383,0.000771847194103889,0.0007654965646859063,-21.13185013228958,-21.144731568880253
384,384,0.0007707478632171129,0.0007686465947986825,-21.13515868026349,-21.126896954034894
385,385,0.0007685525576852876,0.0007658125587592,-21.142438945541578,-21.1429391876792
386,386,0.0007698332264385733,0.0007675748232654051,-21.138292753028807,-21.13295681666681
387,387,0.0007733401810011068,0.00076940260508931,-21.117639505663178,-21.12262750512587
388,388,0.0007699413678714449,0.0007647911950602735,-21.13253373327636,-21.148735236240974
389,389,0.0007686230465625748,0.0007666812774627225,-21.1413858826701,-21.13801545133834
390,390,0.0007706906090816963,0.0007660774403790894,-21.13887882440574,-21.14143729619761
391,391,0.0007699015436300374,0.0007684248634368965,-21.13168621485081,-21.12814994337434
392,392,0.0007703634058173324,0.0007649870454578808,-21.131644921410114,-21.147623222157215
393,393,0.0007724743162416229,0.0007688304176554084,-21.120430764039956,-21.12585845717208
394,394,0.0007692324309657837,0.0007647184599926206,-21.136691592877913,-21.149148289384403
395,395,0.0007688946075036584,0.0007645933717293175,-21.130244640366097,-21.149858741517154
396,396,0.000769906965943687,0.0007657905899625467,-21.134214268064735,-21.143063775137367
397,397,0.0007676111495832807,0.00076734037506149,-21.142605848086898,-21.13428352920643
398,398,0.000773176867106795,0.0007679156720099089,-21.12201768553104,-21.13102871966082
399,399,0.0007709329065713148,0.0007666681102771116,-21.126706418655033,-21.138090038853736
400,400,0.0007696617280670739,0.0007669597337218491,-21.131574870892884,-21.13643839364052
401,401,0.0007692176438195957,0.0007679284930131153,-21.141275567471087,-21.130956211120278
402,402,0.0007701927037506374,0.0007647905578395646,-21.133914841266765,-21.148738854765277
403,403,0.0007709686460751156,0.0007665561218010751,-21.134157844702766,-21.138724466307313
404,404,0.000770215423940921,0.0007667331129165465,-21.138059157109726,-21.137721834013337
405,405,0.0007718745235008063,0.0007660847040824592,-21.133951233392413,-21.141396117967183
406,406,0.0007677595179105542,0.0007699452138407842,-21.13882037085323,-21.119565792971414
407,407,0.0007679556207203297,0.0007684975801231829,-21.141653999920074,-21.127738986325042
408,408,0.0007721017566077488,0.0007686251651887831,-21.126179092625286,-21.12701803557131
409,409,0.000767552808704834,0.0007664861960189515,-21.14128368360565,-21.13912065082208
410,410,0.0007683768971659935,0.0007664366337274643,-21.14118516456328,-21.139401482045844
411,411,0.0007699746590530135,0.0007644911805216811,-21.138401623610264,-21.150439233649866
412,412,0.0007699321536587301,0.0007660640097272239,-21.13703415196294,-21.14151343613878
413,413,0.0007699879027960688,0.0007661946307818749,-21.137001496584414,-21.140772986688624
414,414,0.0007660168759553626,0.0007681229648082272,-21.15255479463533,-21.12985653405511
415,415,0.0007680246874104379,0.0007672886498958656,-21.137349152436613,-21.134576289914712
416,416,0.0007697126285662663,0.0007670326985565847,-21.13472550368575,-21.136025246555104
417,417,0.0007711837131808483,0.0007650158337415441,-21.123884821450428,-21.14745978987993
418,418,0.0007681571290415433,0.0007675587977772873,-21.14313463689886,-21.133047489960184
419,419,0.0007690100446967504,0.0007655385906170858,-21.135916825516468,-21.14449314679113
420,420,0.000769841493126581,0.000766014729283358,-21.13225104286288,-21.141792824192397
421,421,0.0007680756773213981,0.0007678656777563063,-21.14732614353496,-21.131311471218876
422,422,0.0007698536195225783,0.0007676549782780441,-21.134207305490943,-21.132503322607707
423,423,0.0007679125302490423,0.0007662264428003446,-21.14396618377406,-21.140592673531625
424,424,0.0007721858456750045,0.0007626558960366406,-21.125974949113086,-21.160877708378703
425,425,0.0007720847095641279,0.0007678354924887811,-21.121815942253935,-21.131482198380862
426,426,0.000771764953279887,0.000767351446771308,-21.134043720765177,-21.13422086669125
427,427,0.0007732931486110098,0.0007668505974211975,-21.12497673343198,-21.137056426943154
428,428,0.000772367999648925,0.0007683378736194419,-21.126413974479785,-21.128641615860033
429,429,0.0007686634282773533,0.0007662801623442455,-21.134048379022886,-21.140288203698766
430,430,0.0007705940521735045,0.0007703866515504686,-21.137894500489935,-21.117076537623575
431,431,0.0007680920876812228,0.0007653134096855004,-21.144487066405745,-21.14577079919258
432,432,0.0007670339078104757,0.0007645431140094603,-21.14755554094924,-21.150144218328656
433,433,0.0007707695848759764,0.0007716511026956141,-21.12402230311944,-21.10995421812733
434,434,0.0007675208611000982,0.0007682710849238854,-21.15578530003228,-21.129019147980888
435,435,0.0007724752325622231,0.0007691893965545061,-21.128415019230342,-21.123831141835975
436,436,0.0007667747481015616,0.000765850917607742,-21.147375668381166,-21.142721659005122
437,437,0.0007683979539373486,0.0007662554608510906,-21.14412498726914,-21.140428203343937
438,438,0.0007698568989541958,0.0007613183544507544,-21.130443125074187,-21.168501027198335
439,439,0.0007703153634943144,0.0007648177346900889,-21.13564850453306,-21.14858453086056
440,440,0.0007685708402915253,0.0007645126468943138,-21.14682059656559,-21.15031728853744
441,441,0.0007688083785547654,0.0007680253137981421,-21.13512770722885,-21.130408685113444
442,442,0.0007719744108473286,0.0007663547569934867,-21.126696331560137,-21.139865454038535
443,443,0.0007699672642797616,0.0007670820892886504,-21.140379397612232,-21.13574560486765
444,444,0.0007686498604916497,0.0007691833429577711,-21.147627026652657,-21.123865321376346
445,445,0.0007709285337957985,0.0007692217722682184,-21.12859359531866,-21.12364834813167
446,446,0.0007677279531562067,0.0007636838188198837,-21.146299029931086,-21.15502814218147
447,447,0.0007710617351268908,0.0007661503224976753,-21.13093592033778,-21.14102414219111
448,448,0.000770166911756063,0.0007647935264302712,-21.13262434435058,-21.14872199733879
449,449,0.0007700426894067259,0.000769115074562203,-21.13784012062549,-21.124250793885004
450,450,0.000765524934209192,0.0007652065526743076,-21.147925589481098,-21.14637722591723
451,451,0.0007707972905224131,0.0007660302983008718,-21.1305858183737,-21.141704556050488
452,452,0.0007688250877539214,0.0007677700149973756,-21.142627085785755,-21.13185256060065
453,453,0.0007687848116530432,0.0007669739792809674,-21.139469965053802,-21.136357728254993
454,454,0.000772047658887759,0.0007656220144494192,-21.12552561229394,-21.14401990433756
455,455,0.0007705367086263201,0.0007653116021844509,-21.134635539309574,-21.145781056280057
456,456,0.0007694491368872066,0.0007682020537016031,-21.135933467771014,-21.129409390780225
457,457,0.0007683452826050907,0.000769337933314474,-21.14078251390343,-21.122992564656855
458,458,0.0007697201535566566,0.0007686103283623723,-21.14341748162298,-21.12710186855417
459,459,0.0007702238658519904,0.0007672034767701438,-21.133416796293844,-21.135058406673775
460,460,0.0007684990534434075,0.0007673418762064294,-21.139011479398345,-21.134275033128983
461,461,0.0007727946864066588,0.0007676496201096789,-21.125631616729194,-21.13253363610975
462,462,0.0007664145788984354,0.0007638811550446247,-21.149250203989816,-21.1539060683525
463,463,0.0007711751956598277,0.0007654391719322456,-21.12792055746089,-21.145057191381994
464,464,0.000772677094329955,0.000766590004786849,-21.12160635176702,-21.138532505560725
465,465,0.000767662051282631,0.000767638857819532,-21.150764775323555,-21.13259452373173
466,466,0.0007723997564285456,0.0007648536733253614,-21.12424439310623,-21.148380461530287
467,467,0.0007685111150308752,0.0007676436951825101,-21.140490072729268,-21.13256715626058
468,468,0.0007682471288867371,0.0007638893194349581,-21.140868438138835,-21.153859651044023
469,469,0.0007712501737279529,0.000768862805623365,-21.125684682328746,-21.12567550890187
470,470,0.0007682618296215522,0.0007659750500399815,-21.145045443333693,-21.142017792748725
471,471,0.000768809590114223,0.0007677501386129542,-21.140378431842315,-21.131964994215473
472,472,0.0007727804753362902,0.0007663734416526399,-21.122965607472167,-21.139759569063308
473,473,0.0007731847029380961,0.0007677349647948224,-21.125270290359065,-21.13205082904994
474,474,0.0007703372609763185,0.0007652294589206576,-21.138139495645266,-21.14624722301196
475,475,0.0007698665554251176,0.0007661181918688511,-21.136410195062997,-21.141206279390556
476,476,0.00077091976244137,0.0007649513519074963,-21.12773392060412,-21.147825864459687
477,477,0.0007693054473757283,0.0007680455241107234,-21.145642708349484,-21.13029440357101
478,478,0.0007725481451585044,0.0007695962650407301,-21.123769172433352,-21.1215345160361
479,479,0.0007673770905779579,0.0007668610993086508,-21.14143841681838,-21.13699695146572
480,480,0.0007688848166150454,0.0007674601143471113,-21.139933612615476,-21.13360588919424
481,481,0.0007676174984188731,0.0007642757018881017,-21.14342110021408,-21.15166350378847
482,482,0.0007725236013282052,0.0007666435221357173,-21.1193850795264,-21.138229325531057
483,483,0.00077305961647503,0.000765334995537016,-21.12217553898697,-21.1456483071014
484,484,0.0007714489546902094,0.0007658133583486473,-21.13290837507686,-21.142934653187055
485,485,0.0007717201873880916,0.0007650849721884649,-21.12509290951859,-21.147067313176574
486,486,0.0007716072939297895,0.0007692237911549838,-21.129138230352208,-21.123636949725345
487,487,0.0007709725687913981,0.0007687484061247424,-21.125778039481332,-21.126321746009097
488,488,0.0007702123149317334,0.0007649229833317038,-21.136357500183575,-21.147986927569825
489,489,0.0007716475430271137,0.000765169664335094,-21.12685783249266,-21.146586591457442
490,490,0.0007672150788550294,0.0007657274101419668,-21.144867568162773,-21.143422094758286
491,491,0.0007708796051561294,0.0007680155839280863,-21.125567107983315,-21.130463704857792
492,492,0.0007667618290012338,0.0007673793741943021,-21.14790290734282,-21.13406280997491
493,493,0.0007700170294295266,0.0007699075657384176,-21.132279282587717,-21.119778155650913
494,494,0.0007709157425122931,0.0007710516066780608,-21.132839503755424,-21.113329564833734
495,495,0.0007686797660276217,0.0007714137104094812,-21.139719088887144,-21.11129049590195
496,496,0.0007724128081463277,0.0007656051954989763,-21.125835269291024,-21.144115309870088
497,497,0.0007712408130959675,0.0007666435313264006,-21.132257740589697,-21.138229273466923
498,498,0.000767536739189869,0.0007689122484359695,-21.14566633748339,-21.12539623865835
499,499,0.0007715176847360106,0.0007699326624309546,-21.12715897060407,-21.11963659089784
500,500,0.0007727095015951883,0.0007676995377742538,-21.122448458109453,-21.13225123824382
501,501,0.0007695526937166825,0.0007655639170767053,-21.136274486554907,-21.14434947069362
502,502,0.0007708640097035575,0.0007697548778531583,-21.135355819240598,-21.12063953285103
503,503,0.0007698811283431103,0.0007678969750965112,-21.131219794718508,-21.1311344612867
504,504,0.0007708235151739311,0.0007670779167184312,-21.129538435452044,-21.135769228534215
505,505,0.0007681201689771002,0.0007626585674619204,-21.144120789881143,-21.160862495971216
506,506,0.0007706028697340144,0.0007655780737925517,-21.13362856996428,-21.144269162223065
507,507,0.0007686629032082472,0.0007675797862343883,-21.14591975681423,-21.132928736237254
508,508,0.0007726997347097344,0.0007641017804608533,-21.125030096266848,-21.152651912965354
509,509,0.0007695614560699263,0.000768839562385294,-21.13238990550976,-21.125806801019856
510,510,0.0007716830040942685,0.0007700415076933017,-21.124751249721548,-21.119022672848896
511,511,0.000769819092178314,0.0007662193843555686,-21.1344100333142,-21.140632680735308
512,512,0.0007716776141848837,0.0007681481288991085,-21.128682866129754,-21.129714259350372
513,513,0.0007682492663680585,0.0007666536073788608,-21.14560623872318,-21.13817219419804
514,514,0.0007705856162632249,0.0007683352328297731,-21.133910622657233,-21.128656542657104
515,515,0.0007678573445858646,0.0007622633711434901,-21.14812453522144,-21.163113517218406
516,516,0.0007705529275609507,0.000765750016159329,-21.131043014934733,-21.143293883027177
517,517,0.0007677604000266526,0.0007663620176332954,-21.143295720047888,-21.139824308070065
518,518,0.0007676112299938639,0.0007671117414965442,-21.14532286483641,-21.13557772790181
519,519,0.0007696217196014201,0.0007678309339098632,-21.140280243702804,-21.13150798217916
520,520,0.000769654947174617,0.0007658006506972015,-21.137735922199433,-21.14300671916279
521,521,0.0007715165799906113,0.0007684001251810083,-21.121554439443177,-21.12828976004969
522,522,0.0007666715291165507,0.0007694270829425046,-21.146250796590778,-21.12248934043286
523,523,0.0007711357110631221,0.0007683575478088306,-21.135002360124968,-21.12853041110509
524,524,0.0007686422490898866,0.0007685873639083615,-21.138365917260863,-21.12723162851553
525,525,0.000767172908304816,0.0007673518450342511,-21.150130255854812,-21.134218612660792
526,526,0.0007695918230666328,0.0007655388510197793,-21.143815387821473,-21.1444916695118
527,527,0.0007689603905615964,0.0007690260750486663,-21.140787231780706,-21.124753374518438
528,528,0.0007682815290142581,0.0007644927000479871,-21.136929827968945,-21.150430601487052
529,529,0.0007665791235547321,0.000770345259776437,-21.147701396528518,-21.11730988411209
530,530,0.000770526836727045,0.0007659948620896198,-21.13367274028196,-21.141905463338524
531,531,0.0007679679439422319,0.00076484982855618,-21.143299590518097,-21.148402292715712
532,532,0.0007730806552440158,0.0007641764578262442,-21.128994599794414,-21.152227488054685
533,533,0.0007702272574983767,0.0007700980794125874,-21.136208836674196,-21.11870362663082
534,534,0.0007680000715706613,0.000765927975360108,-21.147461534472892,-21.142284706167835
535,535,0.0007726291642217062,0.0007637793253371982,-21.124893461582662,-21.154485046216532
536,536,0.000767090393244721,0.0007668685621434921,-21.145870714201237,-21.136954687589984
537,537,0.0007696410337434217,0.0007673320054125629,-21.131887422827575,-21.13433089947765
538,538,0.0007691833817102399,0.0007652777988512657,-21.129809026437563,-21.145972885663753
539,539,0.0007666795683746255,0.0007682662904507628,-21.151353151029678,-21.129046250650227
540,540,0.0007679542255367047,0.0007664755286991989,-21.151821977376464,-21.13918109275002
541,541,0.0007719437480116859,0.00076566563036881,-21.127817592166593,-21.14377250270556
542,542,0.0007723193890511145,0.0007667161438516096,-21.128302484441544,-21.137817951589227
543,543,0.0007715683260010843,0.0007676464278790119,-21.131371884664905,-21.132551696055458
544,544,0.0007686933902207494,0.0007635602531464476,-21.138274814587028,-21.15573089678669
545,545,0.0007694174971229868,0.0007637965119149732,-21.139700699733034,-21.15438732228416
546,546,0.0007694616665362774,0.0007679720323434786,-21.137366140020756,-21.130709985656907
547,547,0.000768308983227603,0.0007664424453028723,-21.14328258884354,-21.139368551397038
548,548,0.0007714915662984719,0.000764867440968948,-21.126717364449313,-21.148302287651628
549,549,0.0007708302720632288,0.0007679535008623804,-21.13348059311467,-21.130814783966578
550,550,0.0007711779566232077,0.0007643570976429864,-21.130223718739337,-21.151201002562004
551,551,0.0007688280707465235,0.0007664544299538983,-21.140441360855633,-21.139300642486894
552,552,0.0007677046658912885,0.0007677539374287191,-21.14639736431829,-21.1319435054451
553,553,0.0007700119347589993,0.0007628812546547698,-21.132092843355,-21.159594593051484
554,554,0.000768328814637684,0.0007659082705351082,-21.143554043481974,-21.1423964373896
555,555,0.0007701119121173685,0.0007649219631658573,-21.131808532262383,-21.147992719691423
556,556,0.000769975873612866,0.0007648671591213267,-21.12952618070805,-21.148303887992842
557,557,0.000765501386509997,0.0007686740106069728,-21.1524926617044,-21.126742054214823
558,558,0.0007693800695970194,0.0007660460143693184,-21.143433757106532,-21.14161545602659
559,559,0.0007677598509543873,0.0007682021946254137,-21.143591176445,-21.12940859408322
560,560,0.0007710269209448748,0.0007702660268956894,-21.134885381226077,-21.11775659514455
561,561,0.0007701337375898951,0.0007675017512060309,-21.137799325539056,-21.133370278675404
562,562,0.0007702721692093639,0.0007702263905421683,-21.13161748532335,-21.11798008017344
563,563,0.0007691949524331032,0.0007650051878667192,-21.136554932419788,-21.147520226235066
564,564,0.0007702629489958594,0.0007666051755414197,-21.138111095601943,-21.138446559882297
565,565,0.0007703700180875963,0.0007657919440565532,-21.129308198977512,-21.14305609581821
566,566,0.0007688006015312042,0.0007655291364675289,-21.144106313708907,-21.144546781061003
567,567,0.0007695072809397482,0.0007667869703206969,-21.13010906516397,-21.137416784556244
568,568,0.0007714008679613471,0.0007690426182786101,-21.1316315800592,-21.12465995042745
569,569,0.0007693260282844535,0.0007670429185964167,-21.12954005974443,-21.1359673809994
570,570,0.0007697979393943222,0.0007670476364805118,-21.136387995440913,-21.135940668742784
571,571,0.0007681509218245899,0.0007672891707012528,-21.145359426629394,-21.134573342095415
572,572,0.000772822132218898,0.0007657728274352849,-21.121346400661885,-21.143164510993127
573,573,0.0007677366104956294,0.0007675024987149396,-21.14275778976763,-21.133366048863085
574,574,0.0007683480141646008,0.0007651563776706002,-21.144474826806494,-21.146662004472894
575,575,0.0007670416728324574,0.0007674629021877129,-21.146254784514813,-21.133590113239656
576,576,0.0007679232044539117,0.0007659154637765727,-21.14215701409901,-21.14235564960175
577,577,0.0007692061259036826,0.000768761962382613,-21.13855049626776,-21.126245162356597
578,578,0.000767655470816553,0.0007638431423784871,-21.145212839939298,-21.15412218969295
579,579,0.0007666514462733775,0.0007650791575494958,-21.151794542087142,-21.14710031964392
580,580,0.0007677819332607167,0.0007689708421055816,-21.139601505719334,-21.125065304433818
581,581,0.0007700425987948001,0.0007643806227286788,-21.132642735024646,-21.151067339151112
582,582,0.0007718452510481566,0.0007682629940590184,-21.125530611865578,-21.129064884915895
583,583,0.0007690210861499546,0.0007675681814649387,-21.134236193170164,-21.132994396192405
584,584,0.0007711518177829837,0.0007681846955644065,-21.124669525447608,-21.129507524185822
585,585,0.0007699635365891472,0.0007664575027056822,-21.126740082700216,-21.139283231452172
586,586,0.000767700021880074,0.0007662471494098243,-21.144687124137924,-21.140475310775333
587,587,0.0007738469344967036,0.0007664046440224506,-21.12196979853075,-21.139582752638812
588,588,0.000766635448167811,0.0007668397340335344,-21.148035033362945,-21.137117950566537
589,589,0.0007690462768653926,0.0007702927319578043,-21.14373693271837,-21.117606028201873
590,590,0.000769590337871161,0.0007677130358244636,-21.13603416874346,-21.13217487924008
591,591,0.0007663271863964031,0.0007662120746987823,-21.150249970942244,-21.140674112194944
592,592,0.0007715448503113669,0.0007652266894614226,-21.131405762859487,-21.146262940690185
593,593,0.0007716307012105034,0.0007656329360447432,-21.123190598738418,-21.14395795268697
594,594,0.000770126959697833,0.0007649817363064932,-21.133428014454694,-21.147653363100986
595,595,0.0007741566928650838,0.0007663618583281181,-21.11954755121991,-21.139825210846624
596,596,0.000765531570482615,0.000765181253786738,-21.157504311302237,-21.146520812624132
597,597,0.0007728190748165026,0.0007661830903472085,-21.122499683893246,-21.140838400679254
598,598,0.0007671970158776979,0.0007653346677359782,-21.14585892186744,-21.145650167230798
599,599,0.0007703892056129335,0.0007647461944112653,-21.13120763214798,-21.148990784535332
600,600,0.0007697323339597619,0.0007693566087829439,-21.136741857077276,-21.122887142135593
601,601,0.0007691376772949222,0.0007637365273886213,-21.139119683628834,-21.154728407526015
602,602,0.0007693193061997365,0.0007664046041961564,-21.1425751679379,-21.139582978320384
603,603,0.0007696348793334184,0.0007662893591546698,-21.13505208686005,-21.14023608046439
604,604,0.0007700005176563546,0.0007662146388994236,-21.135978625101487,-21.140659578146703
605,605,0.000769026126813374,0.0007673819966026043,-21.14239308475565,-21.134047968612904
606,606,0.000766690573223012,0.0007659357077883262,-21.150809633587123,-21.142240862176447
607,607,0.0007685089217422088,0.0007695480016991496,-21.1439026191993,-21.121806881705602
608,608,0.0007712932804013727,0.0007646052185200939,-21.125515280713145,-21.149791451422914
609,609,0.000767785330307814,0.0007696055843935985,-21.1504236890245,-21.121481925876758
610,610,0.0007711038504698381,0.0007672567092078296,-21.1281216167794,-21.134757081762693
611,611,0.0007699999955876433,0.0007678242492195414,-21.138073268004696,-21.131545791762353
612,612,0.0007687789908869518,0.0007677007754529385,-21.135111004793117,-21.132244236590658
613,613,0.000769358151112251,0.0007679001979627891,-21.140012818563527,-21.131116233970424
614,614,0.000770453132626591,0.0007675156995997225,-21.13373233463363,-21.133291351749737
615,615,0.0007707561605091486,0.0007646919540619772,-21.129814585836368,-21.14929882294049
616,616,0.0007686803481042309,0.0007654350361247596,-21.150234451023042,-21.145080657168535
617,617,0.0007714449101578944,0.0007648681272066346,-21.132018454437805,-21.148298391171124
618,618,0.0007698865704593662,0.0007658600807189941,-21.131283777358053,-21.14266969765395
619,619,0.0007697976075506472,0.0007674875117740349,-21.139461102351905,-21.13345085391968
