,epoch,train_loss,test_loss,train_dbs,test_dbs
0,0,0.00025607342261715416,0.00024074226798563215,-8.823211161090859,-9.100257387144572
1,1,0.00022691477059516286,0.0002176889936795066,-9.347212755133661,-9.537416145908166
2,2,0.00020926761649160157,0.00020511046137758777,-9.701472858987218,-9.79590274800573
3,3,0.00019794068036399322,0.00019486497943657204,-9.939638793810385,-10.018442903300324
4,4,0.00018906444653186985,0.00018723605745962183,-10.139835677569675,-10.191885985079903
5,5,0.00018227762139411932,0.0001806238693748846,-10.302147206166703,-10.348029447090944
6,6,0.00017649594009685877,0.0001756004172708153,-10.439088073972123,-10.470525427634866
7,7,0.00017183223053976202,0.0001717832078850877,-10.55708262832428,-10.565973778179252
8,8,0.00016836972067675064,0.00016804483464894523,-10.644028348194553,-10.661529186323712
9,9,0.00016540856344850983,0.00016533799766636404,-10.722425512019589,-10.732054125481108
10,10,0.00016267935279756784,0.00016302838201610079,-10.794312506022193,-10.793148679363544
11,11,0.00016008007709781842,0.00016007830977047744,-10.864820980656322,-10.872455962895984
12,12,0.00015791978707450644,0.00015835675616184935,-10.923653046118545,-10.9194148940479
13,13,0.0001557347404928974,0.0001561399189277405,-10.985024989773892,-10.980641367971039
14,14,0.00015407067587954406,0.00015425888475300255,-11.030822959467041,-11.033278991131525
15,15,0.0001519423244597832,0.000152547653047613,-11.089540354219533,-11.081725559378421
16,16,0.00015012083692744988,0.0001504903561190555,-11.144256971412803,-11.14069416421084
17,17,0.00014794803968301887,0.00014871316211371633,-11.203862219386824,-11.192286781260993
18,18,0.0001462455549380579,0.00014710309072765276,-11.256249199889902,-11.239562887066288
19,19,0.00014485631126984858,0.00014568499050495264,-11.297797009974722,-11.281632763331388
20,20,0.00014342824129157306,0.00014441603286142804,-11.34019723150873,-11.319626756654113
21,21,0.0001422497635880082,0.0001430682344729767,-11.375785498604461,-11.360348685325112
22,22,0.00014085937796950282,0.00014184930937756834,-11.420229936953955,-11.397508606425259
23,23,0.00013990907452174836,0.0001412827083473339,-11.449293863250087,-11.414890747190253
24,24,0.00013906626502164764,0.00014018821208370164,-11.474344400629509,-11.448665894035859
25,25,0.00013806300527913036,0.00013967292263834295,-11.50726094239208,-11.464658655289757
26,26,0.00013757476091958562,0.00013882645687676574,-11.521883532804043,-11.491058465731694
27,27,0.00013657434270105122,0.00013839314143344956,-11.553908666168242,-11.504635186884354
28,28,0.00013613636590739634,0.0001374570603825544,-11.5664660665572,-11.534110343532952
29,29,0.00013530984690134442,0.00013670183742712987,-11.594497248678586,-11.558037343123386
30,30,0.0001346884675944445,0.00013644159250696632,-11.614425501769832,-11.566313066028222
31,31,0.0001342273242267559,0.00013597538820345347,-11.628763853825566,-11.581177789481929
32,32,0.00013346370414905155,0.00013523686242191806,-11.653359343778277,-11.604830000153646
33,33,0.00013321835810820254,0.00013481769526965524,-11.659773107997156,-11.618311877961636
34,34,0.0001326815552827086,0.0001343741590206168,-11.678457815088365,-11.632623270875165
35,35,0.0001322042277099603,0.00013405281443786072,-11.695729787709919,-11.64302149903766
36,36,0.00013198782640362887,0.00013391967437009474,-11.70299397514469,-11.647337016780996
37,37,0.00013143455268534323,0.0001333908263691946,-11.71860711890367,-11.66452123270805
38,38,0.000131213232006556,0.0001324955837366073,-11.727928329144156,-11.693766834571907
39,39,0.00013053794572977158,0.00013204500819004975,-11.750179539924785,-11.70856098478922
40,40,0.00013006679889549183,0.00013172288546277406,-11.766688633185034,-11.719168507225854
41,41,0.00012988854288459593,0.00013125765154223986,-11.772194824362447,-11.734534567206104
42,42,0.00012962323859197174,0.0001311325548541438,-11.779716404586292,-11.738675636814374
43,43,0.0001293685319191373,0.00013070519573949767,-11.790804560031718,-11.752852345075047
44,44,0.00012866180375417616,0.00013087726332933495,-11.812643455230415,-11.74713881093175
45,45,0.00012864548363122782,0.00013046678252162804,-11.813803456211843,-11.760781340703426
46,46,0.00012839068154583578,0.00013013051992809204,-11.822897697477599,-11.771989213426707
47,47,0.0001277563236557792,0.00012956679864529227,-11.842030777778048,-11.790843580373547
48,48,0.00012750088323637383,0.00012919155147085947,-11.851512265421613,-11.803439725879588
49,49,0.00012727494059927455,0.00012914444194297845,-11.859879035100748,-11.805023663755236
50,50,0.00012688402980013953,0.0001286803135850565,-11.875154915710759,-11.820659757509143
51,51,0.00012669499149514822,0.0001285719826180292,-11.880457560041792,-11.824317454227469
52,52,0.00012631406841053118,0.00012807155833702142,-11.892464517438277,-11.841253924046885
53,53,0.0001260951641747805,0.00012787942978320643,-11.90153913037911,-11.847773952511925
54,54,0.00012579055478407513,0.00012755183476991462,-11.91016961659416,-11.858913762262812
55,55,0.00012550570104347984,0.000127368371498673,-11.921728540277464,-11.86516490266904
56,56,0.00012536199638000739,0.00012685746486041402,-11.925033079207417,-11.88262058189119
57,57,0.0001249555613876791,0.00012684289915916068,-11.939684396976858,-11.883119264950693
58,58,0.0001247061739649297,0.0001264094523656623,-11.946333822040875,-11.89798536457737
59,59,0.00012459126739167446,0.00012623850259268167,-11.949855497765096,-11.903862519168275
60,60,0.0001242442895747126,0.00012594611249177863,-11.964967172291418,-11.913933194117503
61,61,0.0001240656942941642,0.00012599652989975815,-11.971351164452404,-11.912195020526735
62,62,0.00012379096958668634,0.0001258238767868055,-11.97943800666944,-11.918150241310823
63,63,0.00012335830656739585,0.0001250465609605032,-11.993903741880825,-11.945063340951192
64,64,0.00012336980618090013,0.00012461120595138423,-11.996715563025873,-11.96020987311128
65,65,0.0001228766661520193,0.00012476922558179418,-12.011875626934138,-11.954706068158952
66,66,0.00012278844674115463,0.00012432477524271235,-12.015738562476372,-11.970204035507885
67,67,0.0001225836817913247,0.0001240805975516866,-12.02395408383796,-11.978742100267016
68,68,0.00012193192581144478,0.00012417308378070104,-12.045447214032807,-11.975506195723272
69,69,0.0001216933404103872,0.00012380125362573095,-12.053379858682437,-11.988530439056287
70,70,0.00012158781667203959,0.0001233890150998425,-12.057844538161556,-12.003015886555563
71,71,0.00012157472069843279,0.00012321133774668467,-12.059991928739134,-12.009274134485683
72,72,0.00012124430093573425,0.0001229252941955469,-12.069450399272348,-12.019368299729438
73,73,0.00012078329671135882,0.00012261145112509104,-12.087253133698022,-12.030470539252294
74,74,0.00012082317143441033,0.00012238364165808124,-12.085242989414324,-12.038547143713071
75,75,0.00012051091148678847,0.00012249068937595248,-12.098502416713892,-12.034750074748189
76,76,0.00012041859788707333,0.00012217303370370676,-12.10027561630558,-12.046027282613874
77,77,0.00011993293221691892,0.00012203327404629243,-12.117166699810795,-12.050998231578593
78,78,0.00011980846060977615,0.00012158770474151855,-12.121588458268002,-12.066884261352902
79,79,0.00011968501491265698,0.00012120213719562774,-12.126693657668561,-12.080678083780839
80,80,0.00011937972000672857,0.00012146386296463836,-12.138997065026103,-12.071309972776216
81,81,0.00011930474801440291,0.00012104618661779616,-12.138641005187278,-12.086269741439557
82,82,0.00011886987797963942,0.00012068547795551192,-12.1538464110799,-12.09923071601034
83,83,0.00011871624065889526,0.0001203091037735392,-12.162656968390639,-12.112795947401338
84,84,0.00011847730728704002,0.00011992090960694967,-12.171065932874935,-12.1268317232669
85,85,0.00011829652201825964,0.00012010531492322978,-12.17622953760059,-12.120158600177325
86,86,0.00011809136934239974,0.00012018862042551566,-12.18342539358218,-12.117147361350021
87,87,0.00011790401395890363,0.00011973688378930092,-12.191987034396355,-12.133501350964613
88,88,0.00011772497139448664,0.0001191662863436106,-12.202131456067228,-12.154246809730928
89,89,0.00011749509944023622,0.00011917563633208996,-12.205516239383742,-12.153906068298708
90,90,0.0001171787893345589,0.00011886499583181973,-12.21878609484399,-12.1652410685867
91,91,0.00011703957558715159,0.00011885180605244578,-12.226375089409565,-12.165723007461875
92,92,0.000116727740195407,0.00011835993485108607,-12.236733432673573,-12.183733688881123
93,93,0.00011657214279168948,0.00011804210378996734,-12.242564849012696,-12.195411452743194
94,94,0.00011651697843131543,0.00011825343972304836,-12.242684601856705,-12.187643040976084
95,95,0.00011594370648099263,0.00011780711793107912,-12.265044332202537,-12.204065549192176
96,96,0.00011582555768101658,0.00011747118581919686,-12.26707497430112,-12.216467335442784
97,97,0.00011557522783423149,0.00011711657823884467,-12.277590421861476,-12.229597110843144
98,98,0.00011524412968224779,0.00011694197325452574,-12.29190435981086,-12.236076685700386
99,99,0.00011533580877345305,0.00011697949575088722,-12.288760655620063,-12.234683413562855
100,100,0.00011506985564543338,0.00011687729841612868,-12.299006441376948,-12.238479218729378
101,101,0.00011497780210494554,0.00011637686302971193,-12.300860067014144,-12.257114398396666
102,102,0.00011483009971531838,0.00011614697110704391,-12.306487498031068,-12.265701976212133
103,103,0.00011441025925865012,0.00011610141250697013,-12.32386865439312,-12.267405828661929
104,104,0.00011431231249253429,0.00011589028795960506,-12.325629342167177,-12.275310443442804
105,105,0.00011406565850454182,0.0001153898004926496,-12.334731806351062,-12.294106638645099
106,106,0.0001139690149599475,0.00011552564185541614,-12.341148491027285,-12.288996962092574
107,107,0.0001137110887883836,0.00011590333643222326,-12.348711900934948,-12.274821484380517
108,108,0.00011359153910403227,0.00011498766980366781,-12.35493238147091,-12.309268131335882
109,109,0.00011292265386971136,0.00011492412771698774,-12.37884634595665,-12.311668702216888
110,110,0.00011289369848379193,0.00011487555687046169,-12.38192798380017,-12.31350456643747
111,111,0.00011293387797195464,0.00011447656518277271,-12.37816832596464,-12.32861496188886
112,112,0.00011268047857117483,0.0001144419856197936,-12.391263177990478,-12.329927019251624
113,113,0.0001123583148450821,0.00011434650590863864,-12.401651800988871,-12.333551879384979
114,114,0.00011229935731047514,0.00011387302143511509,-12.403716877861665,-12.35157242228488
115,115,0.00011210845658536425,0.00011384399189601506,-12.41006432169887,-12.35267970614806
116,116,0.00011173991890583361,0.00011329072233485548,-12.424352685565294,-12.373837404870136
117,117,0.00011168023009998148,0.00011359563091230627,-12.429472886956896,-12.362164583610104
118,118,0.00011118869340712128,0.00011262729898781369,-12.44641051742714,-12.399344172794207
119,119,0.00011096944600120475,0.00011310364176384418,-12.451791672112993,-12.381014975608561
120,120,0.00011091604287263256,0.00011279534144130976,-12.457976949588339,-12.392869230999693
121,121,0.00011084649259387756,0.00011281684036427913,-12.46000343867994,-12.392041539554487
122,122,0.00011048762991270723,0.0001123198629724548,-12.473486440818544,-12.411215213706829
123,123,0.0001102308242386159,0.00011181199615269801,-12.483397957873683,-12.430896854301265
124,124,0.00011018182703992352,0.00011215358436426246,-12.486847691303094,-12.417649283843978
125,125,0.00011007856177382132,0.00011163900298446319,-12.489562583789693,-12.437621370519285
126,126,0.000109957115239819,0.00011152321454382648,-12.49790655173262,-12.442128072944648
127,127,0.00010961280739926205,0.00011089296343638317,-12.507804367869802,-12.466740968757566
128,128,0.00010935466182382163,0.0001107233451636459,-12.518482323482214,-12.473388881515344
129,129,0.00010958863441777157,0.00011067060519340693,-12.511158446809333,-12.475458014700498
130,130,0.00010921670179142012,0.00011080537928807501,-12.522521103166607,-12.470172416536908
131,131,0.0001089333540990411,0.00011019974887236266,-12.534769912614374,-12.493974814987672
132,132,0.00010877491899684417,0.00011030840227919582,-12.542281232652972,-12.489694920698035
133,133,0.00010880480833068374,0.00011040436028882763,-12.54009934851138,-12.48591860652224
134,134,0.00010849984271809478,0.00011033309764522863,-12.554723270611943,-12.488722749891991
135,135,0.00010826746220868465,0.00010984381247238304,-12.562194526625937,-12.508024882919479
136,136,0.00010811101689337051,0.0001096867069320165,-12.567695358611626,-12.514240882507204
137,137,0.0001078102861881525,0.00010935393028806797,-12.581641073905924,-12.527436897018404
138,138,0.00010769980857280784,0.00010935410759166668,-12.586117615011274,-12.52742985548712
139,139,0.0001074350670792556,0.00010917917595514537,-12.595103318759545,-12.534382742429127
140,140,0.0001072785382779536,0.00010936490626160154,-12.603897121395175,-12.527001012773741
141,141,0.00010715562680114502,0.0001089416802738254,-12.60867736760726,-12.543840169510288
142,142,0.00010671153992832129,0.00010865775402635336,-12.623464523004955,-12.55517362475751
143,143,0.00010665625607722064,0.00010848593573380065,-12.628468743344905,-12.562046470291383
144,144,0.00010669372170820313,0.00010807345556953039,-12.626956987996447,-12.57859048390255
145,145,0.0001064553632120093,0.00010814525854871853,-12.633478506072136,-12.575706030637798
146,146,0.00010598817817415543,0.00010777956279190748,-12.65507037245304,-12.59041668781039
147,147,0.00010612516532851306,0.00010796291845556545,-12.650901372293749,-12.58303470428408
148,148,0.00010584285817308275,0.00010705138380504458,-12.662547323254188,-12.619858007318673
149,149,0.00010555407444024746,0.00010729145938775649,-12.672533755632447,-12.610129336852358
150,150,0.00010544121713670374,0.00010726414544287284,-12.678614754494753,-12.611235091755887
151,151,0.00010514838204565506,0.00010715614189393818,-12.687892155404331,-12.61561017677025
152,152,0.00010509645016071838,0.0001069356719534354,-12.692602693287709,-12.624554835672573
153,153,0.00010469716000874748,0.00010683715050905256,-12.707635525262138,-12.628557900438345
154,154,0.00010493184812186938,0.00010677850092945032,-12.6993276303105,-12.63094266852586
155,155,0.00010451560686390425,0.00010651854283519482,-12.71608901285269,-12.64152869632705
156,156,0.00010425889570225204,0.00010668234302245669,-12.727341905572585,-12.634855409659112
157,157,0.0001042653484265176,0.00010637852124330636,-12.726062588861144,-12.647241373834921
158,158,0.0001040176577270799,0.00010573343599006828,-12.736270642331853,-12.673657407446559
159,159,0.00010362375245883235,0.00010555241437702391,-12.751228135804935,-12.681099146375104
160,160,0.00010378739309614793,0.00010555436088715826,-12.74542529050543,-12.68101905812504
161,161,0.00010342980955833012,0.00010556013455099769,-12.760710001259257,-12.680781512110851
162,162,0.00010336324954813481,0.00010522445556585138,-12.764966346567713,-12.694613989532568
163,163,0.00010312797065725857,0.00010513415978302394,-12.776162268627658,-12.69834238093356
164,164,0.0001030563657830911,0.00010478206202510352,-12.777253319719748,-12.712911455723715
165,165,0.00010298742000889706,0.00010509471298734609,-12.780333619806004,-12.699972178560019
166,166,0.00010252042302079306,0.00010437422085823001,-12.799054947331456,-12.729848397833564
167,167,0.00010225841166156334,0.00010440734599557657,-12.8098503746929,-12.728470300648127
168,168,0.00010235046287674515,0.00010412819928636676,-12.806672467112234,-12.740097282292695
169,169,0.0001020016983996347,0.00010416863790995099,-12.821644229110131,-12.738411008844148
170,170,0.00010209728370495045,0.00010360642351626761,-12.818256605132465,-12.761914041697256
171,171,0.0001017839446653055,0.00010349687248603196,-12.832391235168272,-12.766508600381163
172,172,0.00010163023090950147,0.00010377625700417219,-12.838713111771117,-12.75480083793858
173,173,0.00010163419540628272,0.00010377894068369642,-12.837481257673517,-12.754688529769801
174,174,0.00010138260711886987,0.00010333372790084563,-12.849735245940037,-12.773359889084157
175,175,0.00010133330778041182,0.00010307653313870297,-12.84837854350962,-12.784182832015226
176,176,0.00010105500435192599,0.00010278380872669483,-12.862278819894456,-12.79653379591479
177,177,0.00010099502053224606,0.0001024685663747062,-12.863048212317487,-12.809874262402932
178,178,0.00010060070631017467,0.00010280513532435227,-12.882444305459885,-12.795632772393668
179,179,0.0001003794250865803,0.00010230275036424006,-12.889761153561308,-12.816907766434987
180,180,0.00010034529829503412,0.00010228463629334185,-12.890290782733839,-12.817676811016375
181,181,0.00010025955751039011,0.00010225871358814307,-12.894124525432321,-12.818777613158378
182,182,0.0001001020781089763,0.00010155081460987659,-12.904368498620906,-12.848946747942689
183,183,9.959240312887279e-05,0.00010133298201253638,-12.924517409318092,-12.858272631323342
184,184,9.963333991670635e-05,0.00010172281403547938,-12.923432528551473,-12.841597204398374
185,185,9.974284967966858e-05,0.00010122692918613259,-12.917454000482927,-12.862820240100747
186,186,9.96090394934428e-05,0.00010107017365762179,-12.924116564245914,-12.869550744266014
187,187,9.927808963597665e-05,0.0001011811871553379,-12.939939310231193,-12.864783156634179
188,188,9.911880684721274e-05,0.0001007352731999402,-12.946591902752921,-12.883965177230285
189,189,9.889830197579679e-05,0.00010104854951159244,-12.954411914575306,-12.870480024560784
190,190,9.880360883790232e-05,0.00010115323981919669,-12.957673672797721,-12.865982890572559
191,191,9.863809985468721e-05,0.0001005277690159059,-12.966566690624948,-12.892920418394985
192,192,9.830873120532938e-05,0.0001003062210848408,-12.982630341893008,-12.902502171256618
193,193,9.815880979864964e-05,0.00010043956181585887,-12.986207610636765,-12.896732769640924
194,194,9.826123157873769e-05,0.00010014206667332665,-12.982437036134948,-12.909615364572993
195,195,9.798804599882977e-05,9.963688506487463e-05,-12.995903303118162,-12.931579445437043
196,196,9.774615108719595e-05,9.959151104435717e-05,-13.00605780767344,-12.933557646080931
197,197,9.770018406231532e-05,9.971212535961776e-05,-13.006351847458578,-12.92830113005381
198,198,9.744407770526355e-05,9.9655662013806e-05,-13.020731321708874,-12.930761078122103
199,199,9.71944534763473e-05,9.891292651637311e-05,-13.030222686023144,-12.963250348936171
200,200,9.721308270320489e-05,9.922999972906454e-05,-13.030220237209836,-12.949350961581757
201,201,9.704591270137732e-05,9.859618531711596e-05,-13.037766996034048,-12.977179738995805
202,202,9.676985364328091e-05,9.85295586073526e-05,-13.051037466263082,-12.980115490858894
203,203,9.679658626165414e-05,9.879294789004091e-05,-13.04921721791093,-12.968521417579451
204,204,9.659284902208475e-05,9.832605198760958e-05,-13.056733089516644,-12.989094847170154
205,205,9.625725320314738e-05,9.844537692659192e-05,-13.071486921760018,-12.983827601900682
206,206,9.617938327941487e-05,9.759366826313596e-05,-13.076093855728653,-13.021564441486861
207,207,9.613025976409751e-05,9.79221283494936e-05,-13.079367926720767,-13.006972419798528
208,208,9.585474595276293e-05,9.775960413543017e-05,-13.090556238734923,-13.014186520438075
209,209,9.58056012846616e-05,9.754579246203463e-05,-13.093491406735172,-13.023695450415032
210,210,9.586731963262883e-05,9.771189644724425e-05,-13.09013454047678,-13.016306439308412
211,211,9.546145741568551e-05,9.729119828032133e-05,-13.108424458100584,-13.035045339443055
212,212,9.529122191039634e-05,9.731490564789917e-05,-13.116268750008741,-13.033987204188033
213,213,9.534389346768388e-05,9.69129472842293e-05,-13.113957625653448,-13.051962849378175
