,epoch,train_loss,test_loss,train_dbs,test_dbs
0,0,7.456399420259481e-05,7.414111467752311e-05,-31.275204289345638,-31.3124354143654
1,1,7.278843889056138e-05,7.204826665417243e-05,-31.37087076553108,-31.43679115629713
2,2,7.257506295740989e-05,7.008661525201445e-05,-31.38680914733561,-31.55667565831458
3,3,7.051160966661835e-05,6.817282586493285e-05,-31.515902423202387,-31.676913560735613
4,4,6.847708959632899e-05,6.657708160530187e-05,-31.638544494989024,-31.779778985813255
5,5,6.628794653806835e-05,6.501835320561536e-05,-31.781930295922862,-31.882666871716626
6,6,6.482780151328399e-05,6.362793053420701e-05,-31.880821277657176,-31.97654854336006
7,7,6.485723009898288e-05,6.230323139645502e-05,-31.88193385439947,-32.06792080395762
8,8,6.163684006470746e-05,6.0740936437229576e-05,-32.10030534719859,-32.178211694862405
9,9,6.111443467160985e-05,5.9674383297342025e-05,-32.13771193351084,-32.25514713094666
10,10,6.120417847060454e-05,5.812111895035119e-05,-32.136157512646484,-32.36968685833715
11,11,5.797463948220331e-05,5.721306948352752e-05,-32.36687180984729,-32.438074042892445
12,12,5.8326730122081646e-05,5.618433906898932e-05,-32.34163896206276,-32.5168737624044
13,13,5.732914120092095e-05,5.5192478420825576e-05,-32.41243629506817,-32.59422756079572
14,14,5.575988850359488e-05,5.3985935856441135e-05,-32.53052006521979,-32.690220182456535
15,15,5.6252502938300445e-05,5.3093279252367976e-05,-32.49972118819767,-32.762631026704256
16,16,5.2894394628441956e-05,5.197966885661069e-05,-32.77195755331897,-32.85469144153661
17,17,5.168741763648625e-05,5.092868626601749e-05,-32.85490173032217,-32.94340179145446
18,18,5.292641090471585e-05,5.0393873511654275e-05,-32.762089169407005,-32.98924911028381
19,19,5.1319390211612006e-05,4.9311663276871275e-05,-32.902574556820355,-33.083530011143914
20,20,4.9934201764624525e-05,4.846595593813905e-05,-33.019369653666175,-33.158658694537934
21,21,4.967351736754092e-05,4.7830785517458264e-05,-33.04262796223853,-33.2159513931633
22,22,4.8910477303674196e-05,4.668489591016336e-05,-33.10261201387546,-33.321262577668655
23,23,4.7945652919768635e-05,4.629590655799563e-05,-33.19506775754424,-33.35760059804843
24,24,4.6328432571752595e-05,4.540245247067345e-05,-33.341057195106416,-33.442233401424225
25,25,4.6152708106542235e-05,4.4858125252894275e-05,-33.35797960244137,-33.49461533357297
26,26,4.49388288561562e-05,4.4393372502925464e-05,-33.47555869124612,-33.539845135687834
27,27,4.4596856185439107e-05,4.354417749135265e-05,-33.50433267563534,-33.623725610471006
28,28,4.4157728027749195e-05,4.2862020085234884e-05,-33.55794288859029,-33.69230017127607
29,29,4.338205181954539e-05,4.2316886384995946e-05,-33.62833345970268,-33.74788947150931
30,30,4.301753487544778e-05,4.16503776489806e-05,-33.65363711134077,-33.81683709035818
31,31,4.223796353584213e-05,4.108199305176784e-05,-33.74807839458463,-33.8765114779837
32,32,4.249684345793248e-05,4.05521338842319e-05,-33.72736288885762,-33.93288940541217
33,33,4.179733096140067e-05,4.00214437257474e-05,-33.79351651761342,-33.99009901359618
34,34,3.9808424488226066e-05,3.9563991441881576e-05,-34.00762036710888,-34.04002553348543
35,35,4.015064422271008e-05,3.881173190740427e-05,-33.962198553092115,-34.12339629773075
36,36,4.004692186519849e-05,3.839203954588524e-05,-33.97018146733701,-34.170614683252545
37,37,3.953017951118323e-05,3.789376377857192e-05,-34.02743867944002,-34.22734909103625
38,38,3.917022476128192e-05,3.7342679685312565e-05,-34.06929030034449,-34.29097173188622
39,39,3.7952489215855426e-05,3.682283903272994e-05,-34.21382292040765,-34.351853831295585
40,40,3.761684739711387e-05,3.643985493047359e-05,-34.24116349162239,-34.39726013248042
41,41,3.715525899585289e-05,3.606924292398617e-05,-34.295892450170264,-34.44165625814446
42,42,3.648154001284544e-05,3.556861788399003e-05,-34.37781588102445,-34.50235662783989
43,43,3.695710774147451e-05,3.519594343072784e-05,-34.3229496109559,-34.548100415951204
44,44,3.6077998976400794e-05,3.468963577209874e-05,-34.42007465018003,-34.61102912656621
45,45,3.489692613753111e-05,3.4230529548183674e-05,-34.5698236296987,-34.668890348472665
46,46,3.510805027431583e-05,3.393352419248243e-05,-34.5442418556033,-34.70673686618945
47,47,3.550757440083094e-05,3.356000994053351e-05,-34.49811584384556,-34.75480571801282
48,48,3.394250012844196e-05,3.3143911902075875e-05,-34.694137237329706,-34.80898886678135
49,49,3.3339542346063174e-05,3.263046672049983e-05,-34.76035789038269,-34.8767936695818
50,50,3.363499473783394e-05,3.246652379043793e-05,-34.731452898765745,-34.89866861643983
51,51,3.2403622397621277e-05,3.200161968140348e-05,-34.893294949621946,-34.96130692998878
52,52,3.26750898201465e-05,3.1665161019957034e-05,-34.86495039576993,-35.007209518045116
53,53,3.310838310988908e-05,3.1422894991058124e-05,-34.79706626914706,-35.04056458502487
54,54,3.1896425368649566e-05,3.09762129434507e-05,-34.95619781498464,-35.102743314361724
55,55,3.236431649318397e-05,3.07638490898841e-05,-34.899925262461224,-35.13261980312698
56,56,3.1292039923371085e-05,3.0429103724983226e-05,-35.043620290434234,-35.180134919910124
57,57,3.1222797785171536e-05,3.0036739477317926e-05,-35.05409480063855,-35.23649864872533
58,58,3.097685605342159e-05,2.9655093002427174e-05,-35.08963351011901,-35.292033622183695
59,59,3.049310997966197e-05,2.953607394087349e-05,-35.16094944594173,-35.3094988603285
60,60,3.091110504345162e-05,2.9408886755271324e-05,-35.097536702425465,-35.328240675726185
61,61,3.0081018005298528e-05,2.8906371210867194e-05,-35.22493354222889,-35.40309077080092
62,62,3.01728256821774e-05,2.8527835495065357e-05,-35.20476011943392,-35.4603383110476
63,63,2.948751761764048e-05,2.8392276650074084e-05,-35.30746112691689,-35.4810243453647
64,64,2.9242529392634885e-05,2.7964433971455467e-05,-35.33951343577485,-35.546966194049034
65,65,2.8763217414962128e-05,2.7690306715636614e-05,-35.41950344755644,-35.589748862996814
66,66,2.8841478008862114e-05,2.7457127591907537e-05,-35.40426871772727,-35.626475507314694
67,67,2.7815858348477968e-05,2.7241444848569746e-05,-35.55289070004636,-35.66072514366273
68,68,2.795762085633655e-05,2.7045784391750777e-05,-35.53570365400324,-35.69203071068283
69,69,2.8366667317369348e-05,2.6811784233646713e-05,-35.47285779780807,-35.7297693682186
70,70,2.716300197377124e-05,2.6606203295829656e-05,-35.66009144987233,-35.7631974742954
71,71,2.7354164858385873e-05,2.6418683391009262e-05,-35.62140734773995,-35.79391482401787
72,72,2.7473521186038852e-05,2.613535999492007e-05,-35.61349913144785,-35.84074166042046
73,73,2.634025358273312e-05,2.5909193554023085e-05,-35.78758367483275,-35.87848757190557
74,74,2.6774268955011496e-05,2.5737133718824846e-05,-35.73042606696048,-35.90742473641863
75,75,2.5893943698581106e-05,2.5366175721405614e-05,-35.860859554614095,-35.97047655941937
76,76,2.5769285560638365e-05,2.5365624759088907e-05,-35.88540849240017,-35.97057089074277
77,77,2.5559437191761916e-05,2.515728307403869e-05,-35.927069956855746,-36.006389160487174
78,78,2.544725899009716e-05,2.4901904620683606e-05,-35.94520253917945,-36.05070087243206
79,79,2.593006871562072e-05,2.465257650902985e-05,-35.86243612148405,-36.09440337292658
80,80,2.530461142200271e-05,2.4617168252772996e-05,-35.96884757223126,-36.100645586288096
81,81,2.5633186166872e-05,2.4470725436817464e-05,-35.91409733215888,-36.126558083558336
82,82,2.5025360787601795e-05,2.4162578005129226e-05,-36.02125793334455,-36.181593835056105
83,83,2.481320222717297e-05,2.391856277857809e-05,-36.0513131241338,-36.22567572434439
84,84,2.447901443730123e-05,2.3813383450033143e-05,-36.116635865858015,-36.244815474360614
85,85,2.5118338487221446e-05,2.372538916748262e-05,-36.00699368482644,-36.26089307707993
86,86,2.4083830457007916e-05,2.3530148992952155e-05,-36.18361703198003,-36.2967797545846
87,87,2.4521131655495355e-05,2.3424997236457113e-05,-36.092177706997845,-36.31623104272427
88,88,2.368758744983238e-05,2.320173974256154e-05,-36.250350004118204,-36.35782101659877
89,89,2.4021436420110888e-05,2.3146163584897295e-05,-36.18986711916756,-36.368236344341526
90,90,2.388356574321977e-05,2.2941128439637587e-05,-36.21597461269948,-36.40687876213078
91,91,2.3366781833735248e-05,2.2795331556392883e-05,-36.30816645138142,-36.43456739232063
92,92,2.4169281178475694e-05,2.2625026758760214e-05,-36.16221761886857,-36.4671355107641
93,93,2.3406858408353147e-05,2.2503403478798357e-05,-36.302368400087445,-36.490544455841025
94,94,2.3803773485232124e-05,2.235871340273757e-05,-36.23124932498103,-36.51855843461419
95,95,2.359747077676242e-05,2.224325726274401e-05,-36.271105423118975,-36.54104267723858
96,96,2.3153150510720996e-05,2.209252144032354e-05,-36.353683672275714,-36.57057367457445
97,97,2.2382934608667148e-05,2.19972330102648e-05,-36.50320761449063,-36.589345974086015
98,98,2.3065527109549256e-05,2.1837132073032033e-05,-36.365032140293806,-36.621070518352056
99,99,2.264926666780927e-05,2.177188616769854e-05,-36.45451934627279,-36.63406597614471
100,100,2.2800832347147473e-05,2.1684805017828597e-05,-36.42435792156819,-36.65147131118275
101,101,2.2065168486358406e-05,2.1482177161440058e-05,-36.5619125426425,-36.692243587496485
102,102,2.249968771870157e-05,2.1400672075718542e-05,-36.47765374140717,-36.70875240266584
103,103,2.2282997249312383e-05,2.137656242427367e-05,-36.52254302637663,-36.71364785222643
104,104,2.2044299295941398e-05,2.1327040820707272e-05,-36.565076435775964,-36.72372052393116
105,105,2.152574896022135e-05,2.1182971785923367e-05,-36.66391468303924,-36.7531576482851
106,106,2.192877980764324e-05,2.1032234431722347e-05,-36.580468224657295,-36.784172386922414
107,107,2.1720043113203144e-05,2.1013248681954695e-05,-36.629367339019694,-36.78809452376503
108,108,2.1379390250565604e-05,2.0919829024167387e-05,-36.6964399577845,-36.807445218357394
109,109,2.156739966389087e-05,2.0734855225830534e-05,-36.65789414405944,-36.84601645201625
110,110,2.1406291491131794e-05,2.0650824616926623e-05,-36.692744161985246,-36.86365254259021
111,111,2.1675711453558645e-05,2.0654831850582634e-05,-36.64761915677126,-36.86280988828143
112,112,2.2150915037386346e-05,2.0553269247389644e-05,-36.542250210425806,-36.88421741071967
113,113,2.0876340292404364e-05,2.0366250522018066e-05,-36.80789868521503,-36.9239157094477
114,114,2.0759086557105903e-05,2.034998473582642e-05,-36.82966631267992,-36.92738564792207
115,115,2.1773792309197478e-05,2.032473898189461e-05,-36.62646195210602,-36.932776756713906
116,116,2.1132969083840545e-05,2.0162396762507822e-05,-36.75192297516827,-36.96760495911469
117,117,2.0715588979112806e-05,2.0125982317901952e-05,-36.83226158418069,-36.97545565801168
118,118,2.071440097275514e-05,2.009170327111956e-05,-36.83423129070236,-36.9828589703851
119,119,2.11773187739831e-05,2.004279974100523e-05,-36.74153093481311,-36.99344265384515
120,120,2.1610984497117934e-05,2.003941843117661e-05,-36.66282307724755,-36.99417538984163
121,121,2.0848408659974703e-05,1.9939098484955092e-05,-36.806606321828546,-37.01597134120622
122,122,2.0397015525548378e-05,1.9808222388842534e-05,-36.91217280469924,-37.04457149362893
123,123,2.098023582895865e-05,1.9819388781845765e-05,-36.78754090397682,-37.042123956243174
124,124,2.0502580472444588e-05,1.9793444631719276e-05,-36.884175653920806,-37.04781272015008
125,125,1.998568874564485e-05,1.9749980550075536e-05,-36.98786261828988,-37.05735980330421
126,126,2.0284085734339296e-05,1.960937803041337e-05,-36.93356987182911,-37.08838833648143
127,127,2.020470948110349e-05,1.959770519246568e-05,-36.94322611544153,-37.090974322911386
128,128,2.063629054861952e-05,1.959493171230669e-05,-36.845298947671886,-37.0915889828199
129,129,1.9972302915138964e-05,1.9618618592319665e-05,-36.986494890537536,-37.0863422849543
130,130,2.0168320466818278e-05,1.9531631790557997e-05,-36.949772490844,-37.105641242074825
131,131,2.08224981216733e-05,1.9581152293157127e-05,-36.815303900949395,-37.09464407426112
132,132,1.9802982249004963e-05,1.9501942006172612e-05,-37.02588215160302,-37.112247919742224
133,133,2.0270098952865156e-05,1.9535504083921152e-05,-36.93593083797641,-37.10478030583889
134,134,1.973192961626991e-05,1.9433483861288742e-05,-37.04286772184139,-37.12751988584468
135,135,2.0633515661531945e-05,1.946966834733949e-05,-36.85648533272787,-37.11944098927107
136,136,2.007623944458847e-05,1.9407855545164477e-05,-36.96966780509591,-37.13325101564533
137,137,1.9755689734046963e-05,1.9439380929198752e-05,-37.04481007878855,-37.12620222423873
138,138,2.0026118119820932e-05,1.9384236829385993e-05,-36.98792634225472,-37.13853945386654
139,139,1.9954393079838016e-05,1.9414048150984425e-05,-36.996534128447976,-37.13186550164268
140,140,2.0580529175295505e-05,1.9442484316593772e-05,-36.86920666324016,-37.125508952959066
141,141,1.9962739447082548e-05,1.9437708559914762e-05,-36.99605932570409,-37.12657586370698
142,142,2.0069978342417954e-05,1.9403157239139546e-05,-36.984066318479655,-37.1343024947202
143,143,2.0162424297052792e-05,1.9432123831632597e-05,-36.95566582795787,-37.127823832398036
144,144,2.0046030193643485e-05,1.946007633753317e-05,-36.97640395480391,-37.12158113020817
145,145,2.0684152885448768e-05,1.941406940443956e-05,-36.83563829009044,-37.131860747223016
146,146,1.9694795144497437e-05,1.9415997054525896e-05,-37.05268733522114,-37.131429551568424
147,147,1.9746265831234213e-05,1.9496341146326524e-05,-37.045525771705854,-37.11349537083245
148,148,2.0441835077531088e-05,1.935033091477204e-05,-36.90295935823012,-37.14614256201474
149,149,2.0513235924845877e-05,1.9353120909440086e-05,-36.877704753233836,-37.14551642701444
150,150,1.9712117502478447e-05,1.939491602043793e-05,-37.04068383127036,-37.13614749142206
151,151,2.0315041839830413e-05,1.9311347530578803e-05,-36.92568733643985,-37.15490073034036
152,152,2.020133345552298e-05,1.9384802008540935e-05,-36.952996091243406,-37.1384128300473
153,153,1.9724963871358904e-05,1.9309926133964357e-05,-37.04636784491702,-37.155220401158
154,154,1.985849413011744e-05,1.9378292563487776e-05,-37.019625664538424,-37.13987144222707
155,155,1.9615382802136812e-05,1.93498418459632e-05,-37.07442530691497,-37.14625232890714
156,156,1.9149387692768587e-05,1.936239598427691e-05,-37.17594836307637,-37.143435548740754
157,157,2.0024623510610198e-05,1.9427582676718502e-05,-36.97822838865637,-37.12883886761412
158,158,2.016899597759961e-05,1.9383569499615605e-05,-36.957493933669674,-37.13868896845835
159,159,1.9725881739037675e-05,1.9354907061298083e-05,-37.0419840064149,-37.14511562338947
160,160,1.94424469320682e-05,1.9373172778470786e-05,-37.10854609481586,-37.14101900884151
161,161,2.0066206255335403e-05,1.9317837206089233e-05,-36.9720460336629,-37.1534415070566
162,162,2.0300781019164017e-05,1.9362643701912786e-05,-36.926898517315095,-37.14337998654989
163,163,1.9834716853832096e-05,1.9330431697246814e-05,-37.03400960991505,-37.15061099569816
164,164,1.9743529564854642e-05,1.9253314684120643e-05,-37.045624760468726,-37.167971434224555
165,165,2.0194185342859912e-05,1.9305546151085046e-05,-36.9499687666461,-37.15620560335334
166,166,1.978416826345564e-05,1.9245602025445184e-05,-37.031058904551195,-37.16971151702929
167,167,2.0156957005608476e-05,1.925620816971212e-05,-36.95753190987264,-37.16731880353215
168,168,1.994180398544335e-05,1.9247157357121498e-05,-37.00154695867675,-37.169360556497615
169,169,1.9778034799959097e-05,1.927422411091883e-05,-37.032742756339886,-37.163257481631796
170,170,1.9678227892148515e-05,1.9197077802489633e-05,-37.05320397629915,-37.18067527582794
171,171,1.972848063421234e-05,1.923933306993843e-05,-37.046205812497355,-37.17112639420199
172,172,2.028352361973243e-05,1.926872071061026e-05,-36.9315144082316,-37.16449770674331
173,173,2.070271647866808e-05,1.9196389889418098e-05,-36.83972984484591,-37.1808309048289
174,174,1.9370862741873015e-05,1.9271521858555435e-05,-37.13236652067127,-37.163866406566335
175,175,2.0025877919457325e-05,1.9116924943917086e-05,-36.983316754685426,-37.19884617548507
176,176,1.9872080687041628e-05,1.9196836307712244e-05,-37.009731846535594,-37.18072990940811
177,177,2.010771821886985e-05,1.921339150469162e-05,-36.96232330131643,-37.17698620282282
178,178,2.0069816208578952e-05,1.914931899112784e-05,-36.97441199965019,-37.19149318869352
179,179,1.984694410060273e-05,1.9180504224143652e-05,-37.025255511307385,-37.18442632719095
180,180,1.9428083760431036e-05,1.9137030760344043e-05,-37.11485510376514,-37.19428097652895
181,181,1.955413649129602e-05,1.9137663864392762e-05,-37.0841650858081,-37.194137302700824
182,182,2.036080179058229e-05,1.9140956378817608e-05,-36.91595908641417,-37.19339019068856
183,183,1.9775047484913137e-05,1.899496912397138e-05,-37.04373718337775,-37.22664060644399
184,184,1.908479966398763e-05,1.9024412004479307e-05,-37.19115950145976,-37.21991409869315
185,185,2.0533356179192797e-05,1.903020615588359e-05,-36.87051557472257,-37.218591595342296
186,186,1.9852711281516547e-05,1.901664046798894e-05,-37.02268580052026,-37.2216885687676
187,187,1.9674277544104417e-05,1.898980759793439e-05,-37.06277259075583,-37.22782088048181
188,188,1.9899601640420386e-05,1.894160614986169e-05,-37.01069780401544,-37.238858504507576
189,189,1.9117046314331863e-05,1.888162516575233e-05,-37.182231415114735,-37.25263280741531
190,190,1.9072532765123243e-05,1.894752088111617e-05,-37.19854150593628,-37.237502582443426
191,191,1.9731729143009925e-05,1.8898367862244702e-05,-37.05724416163774,-37.248783541922094
192,192,1.9004136035065814e-05,1.892943093576162e-05,-37.214737737344635,-37.24165094373751
193,193,2.0160002678335096e-05,1.889215768881657e-05,-36.953383060650914,-37.25021090713411
194,194,1.9950962784614885e-05,1.8826254458154406e-05,-37.00217530677614,-37.265387282231984
195,195,2.003980767467604e-05,1.876445831409288e-05,-36.98364162319206,-37.27966620729922
196,196,1.9597854382660332e-05,1.878899054549708e-05,-37.08246936589667,-37.27399204709997
197,197,1.9994343197187434e-05,1.8735969110581974e-05,-36.991218130488996,-37.286264908758696
198,198,1.8830258669208653e-05,1.8704485706908408e-05,-37.24984817029925,-37.293568811329514
199,199,2.0043809554502415e-05,1.870350560669689e-05,-36.971162136065836,-37.29379638415486
200,200,1.9644815260220376e-05,1.8712816391167796e-05,-37.05759627205569,-37.2916349625156
201,201,1.9672729668508107e-05,1.8704273220225188e-05,-37.057761096358995,-37.29361814832794
202,202,1.9559310072209066e-05,1.862787346334172e-05,-37.0932100712876,-37.31139373430486
203,203,1.915038431143705e-05,1.861054438210742e-05,-37.172113918389314,-37.31543575613887
204,204,1.925384675974108e-05,1.8489937965090287e-05,-37.15266745426051,-37.34367198520546
205,205,1.924787155769888e-05,1.848874446870085e-05,-37.15581517058902,-37.34395232450485
206,206,1.891539424607415e-05,1.848039171722791e-05,-37.23057908983599,-37.345914801483964
207,207,1.944143082020917e-05,1.8435081744284714e-05,-37.10991692433204,-37.35657584914819
208,208,1.8723330314744615e-05,1.8385338128274797e-05,-37.2711075698657,-37.36831031125422
209,209,1.948062889795503e-05,1.846271295921485e-05,-37.10328247868725,-37.35007134853397
210,210,1.9229334677370342e-05,1.831885291673978e-05,-37.15919069623983,-37.38404376907221
211,211,1.919152270705492e-05,1.8383112977684696e-05,-37.17570105113356,-37.36883596332538
212,212,1.87332131654611e-05,1.827652287925287e-05,-37.267284477784614,-37.39409078156949
213,213,1.9026939973871814e-05,1.8342374316585176e-05,-37.207056322737444,-37.3784710066024
214,214,1.9060044624640477e-05,1.8271887663439357e-05,-37.20192203416711,-37.39519236088916
215,215,1.9015371191889027e-05,1.8231949740622537e-05,-37.20777920007344,-37.40469537627169
216,216,1.9007463051071007e-05,1.8221621662393628e-05,-37.20738198654852,-37.40715627507028
217,217,1.870499731124902e-05,1.816314943425823e-05,-37.28840591734656,-37.4211149655441
218,218,1.8977409454987302e-05,1.8127355647984107e-05,-37.22208941810984,-37.429681971636114
219,219,1.868622288403111e-05,1.80801325768698e-05,-37.288597394555694,-37.44101041878205
220,220,1.933206305093523e-05,1.8160182327464052e-05,-37.14337917714432,-37.42182448091524
221,221,1.8685045097768545e-05,1.807374021729246e-05,-37.28355607751962,-37.44254616934217
222,222,1.8440768913352097e-05,1.7953173722305922e-05,-37.32657898656908,-37.471614192786035
223,223,1.9081798922174523e-05,1.794330666215453e-05,-37.191659539016214,-37.474001730415566
224,224,1.8694951604723512e-05,1.7870219763656342e-05,-37.27926408194509,-37.49172759209378
225,225,1.8307874044469443e-05,1.7841988904508883e-05,-37.37496882522849,-37.49859387640285
226,226,1.8062371514274345e-05,1.791063742099428e-05,-37.434656501104996,-37.48191610382869
227,227,1.8156775395348715e-05,1.7891993066816786e-05,-37.40801292807511,-37.48643931386078
228,228,1.8218833884958193e-05,1.774307307450248e-05,-37.39432852847595,-37.52273811412473
229,229,1.797482795173545e-05,1.7723300899026645e-05,-37.44918600963026,-37.527580417767254
230,230,1.8516656813723605e-05,1.772081280873145e-05,-37.32003461843949,-37.52819014602644
231,231,1.856219695742091e-05,1.7679700201705073e-05,-37.3148058402889,-37.53827756277672
232,232,1.7838058438522323e-05,1.759477886241113e-05,-37.48535867904732,-37.55918839762457
233,233,1.8503467574716815e-05,1.763400216173307e-05,-37.32089132834492,-37.54951762900801
234,234,1.8603068936724796e-05,1.7474819239731388e-05,-37.3140858560779,-37.58889960516265
235,235,1.8426002319869177e-05,1.756958040220381e-05,-37.34256188349808,-37.56541262825042
236,236,1.8243674126144058e-05,1.7535881038623446e-05,-37.38654826981861,-37.57375061985711
237,237,1.8272340067718706e-05,1.7538323462710986e-05,-37.381619065047765,-37.57314577004199
238,238,1.818442003063068e-05,1.7545265540033334e-05,-37.40392349224703,-37.57142707135745
239,239,1.8411886324513746e-05,1.748092190131214e-05,-37.33756941664403,-37.58738320059513
240,240,1.8087977578127804e-05,1.743974668275577e-05,-37.42824711536499,-37.597624802043455
241,241,1.80847234435898e-05,1.745236438996232e-05,-37.43034805860307,-37.59448380501893
242,242,1.8231060597283487e-05,1.7536765594023134e-05,-37.39492758897913,-37.57353155596202
243,243,1.7693086652029378e-05,1.7420249796965725e-05,-37.51908171529929,-37.60248274332335
244,244,1.7839890995336525e-05,1.743293236550495e-05,-37.48676895721562,-37.59932207366032
245,245,1.8648589324696978e-05,1.7420333374742003e-05,-37.297762006950585,-37.60246190706647
246,246,1.8461544688349378e-05,1.7345581861598858e-05,-37.335149649470225,-37.621137796643794
247,247,1.7974000517833983e-05,1.7394098377783513e-05,-37.44901137503468,-37.60900730562389
248,248,1.7824838426715415e-05,1.7407236698904615e-05,-37.48221515481013,-37.60572817818647
249,249,1.7396151990171873e-05,1.7487049406458698e-05,-37.58464515578315,-37.58586115536305
250,250,1.8204655837685894e-05,1.7407681011000502e-05,-37.39301129159438,-37.605617327835986
251,251,1.82410439424764e-05,1.7297904426078803e-05,-37.38943869059803,-37.6330915937058
252,252,1.7457208029095315e-05,1.746650899516872e-05,-37.57271380786535,-37.59096540724128
253,253,1.753733495300451e-05,1.7375276432798464e-05,-37.55620370031429,-37.613709298506244
254,254,1.8043425108171694e-05,1.7326803955304632e-05,-37.441873302876,-37.62584191012803
255,255,1.7921761833143316e-05,1.7397799111725027e-05,-37.46752424764253,-37.60808340756036
256,256,1.815278627657687e-05,1.7332406777744548e-05,-37.409600935469065,-37.62443779570161
257,257,1.777066580936812e-05,1.7282339908170368e-05,-37.50218098735007,-37.637001100320184
258,258,1.8392054642521844e-05,1.7276707646822998e-05,-37.361221106717586,-37.63841668334027
259,259,1.82576334446287e-05,1.7324641033299388e-05,-37.39972400966553,-37.626384078048126
260,260,1.769597080037221e-05,1.7386135847405776e-05,-37.526522549381184,-37.6109958391358
261,261,1.8501649372916928e-05,1.730719247318216e-05,-37.33132472846766,-37.63076029105795
262,262,1.8031059177523386e-05,1.7276259888220873e-05,-37.43670443177079,-37.63852924043971
263,263,1.7632435488267968e-05,1.7344088567034832e-05,-37.536416020847795,-37.621511700218775
264,264,1.8001300876554505e-05,1.725275098196059e-05,-37.4454413875421,-37.64444298635058
265,265,1.8422499687000437e-05,1.7298249842592906e-05,-37.34536067309736,-37.63300487164712
266,266,1.7806567409503052e-05,1.723227227270591e-05,-37.49645519683982,-37.64960104665148
267,267,1.801283197545269e-05,1.737107772657366e-05,-37.44847559496921,-37.61475889061313
268,268,1.7897357099276088e-05,1.7332914275788137e-05,-37.460710630287764,-37.62431063484273
269,269,1.772874760174147e-05,1.72557169877875e-05,-37.516065293187914,-37.643696433378004
270,270,1.798770355571364e-05,1.7214481742580812e-05,-37.44863377431049,-37.65408700184308
271,271,1.8147718328316504e-05,1.7226712148648833e-05,-37.40991449098624,-37.65100255703154
272,272,1.7998327541473493e-05,1.7236523011601285e-05,-37.44441735618119,-37.64852989087687
273,273,1.815103245199989e-05,1.7293961096392625e-05,-37.41211896223832,-37.634081749226226
274,274,1.7678350184386425e-05,1.714924627250232e-05,-37.52494447088302,-37.670576154999665
275,275,1.835258485088977e-05,1.71690878089162e-05,-37.373965156053785,-37.66555430824176
276,276,1.7496189403320068e-05,1.7232701889282142e-05,-37.573901473472716,-37.649492774347245
277,277,1.792642749408224e-05,1.7207928258836835e-05,-37.464942174340926,-37.6557406582033
278,278,1.8235267919773888e-05,1.7193518272650083e-05,-37.395853503856515,-37.65937898070551
279,279,1.7718653898273916e-05,1.729190367577279e-05,-37.519072686257516,-37.63459844957713
280,280,1.7807468578109e-05,1.7354857606589673e-05,-37.49603563150234,-37.61881597880935
281,281,1.7458748966278436e-05,1.720116401166275e-05,-37.58210686938445,-37.65744815762623
282,282,1.7268764308609368e-05,1.7211630093745617e-05,-37.629141080674025,-37.65480648789028
283,283,1.73690786769586e-05,1.7231926856191804e-05,-37.60305528312117,-37.6496881007481
284,284,1.807008546390919e-05,1.7209997119942655e-05,-37.42522113681967,-37.65521854947461
285,285,1.7873591290124976e-05,1.718869799859883e-05,-37.47352904850604,-37.66059671397723
286,286,1.84164743689873e-05,1.716682852834071e-05,-37.34804570982189,-37.66612583403346
287,287,1.8081715013264778e-05,1.7302607040236533e-05,-37.4227752194163,-37.631911079716126
288,288,1.7611653759362077e-05,1.718007000530825e-05,-37.54341165436967,-37.662777234357996
289,289,1.7730347609199035e-05,1.729841929581629e-05,-37.51504999181747,-37.632962328476516
290,290,1.7627196639389778e-05,1.719819527735174e-05,-37.54705924326183,-37.65819776747906
291,291,1.82571302971577e-05,1.71656922343812e-05,-37.39054879460975,-37.6664133085245
292,292,1.7946403663840683e-05,1.711879571973297e-05,-37.462314760223606,-37.67829443112548
293,293,1.7798271458268947e-05,1.7134543859834882e-05,-37.500593575057046,-37.67430105067713
294,294,1.772642184564059e-05,1.7126246587538747e-05,-37.5135231357205,-37.6764045979663
295,295,1.805688516094623e-05,1.714151551966911e-05,-37.43456697945628,-37.67253436367036
296,296,1.7461278824241874e-05,1.7085905375623905e-05,-37.57536675262756,-37.686646557528874
297,297,1.7770815004004145e-05,1.720350988570748e-05,-37.50859949218905,-37.65685591242287
298,298,1.7289139690284483e-05,1.718688389174579e-05,-37.6153344186213,-37.661055095510434
299,299,1.8128105525132005e-05,1.6985459344715836e-05,-37.40990290004561,-37.712253564287984
300,300,1.7444460598236436e-05,1.702401502705853e-05,-37.582192963874654,-37.702406586308925
301,301,1.7678298812000123e-05,1.699406560586986e-05,-37.52560518470107,-37.710053620754714
302,302,1.7672628478207698e-05,1.6992047054181487e-05,-37.52699201105122,-37.71056950550416
303,303,1.7421226046505964e-05,1.701559478150509e-05,-37.584112033445955,-37.70455518100509
304,304,1.7721602320701086e-05,1.7013186678875508e-05,-37.51794072489045,-37.705169852257335
305,305,1.7528261205651942e-05,1.6866258001276658e-05,-37.55204724379413,-37.74283913200363
306,306,1.7142577235063072e-05,1.6785414549016614e-05,-37.66372463870724,-37.76370581118929
307,307,1.749190485816612e-05,1.682318165158473e-05,-37.56934093181364,-37.753945182659045
308,308,1.7710808306313167e-05,1.667410436455516e-05,-37.5222473248157,-37.79260137143266
309,309,1.7426445374064887e-05,1.674200609015411e-05,-37.59384673003009,-37.77495157022851
310,310,1.7274299765275144e-05,1.6671099681269353e-05,-37.626314393272544,-37.79338404313119
311,311,1.7194556019922418e-05,1.6615911590633914e-05,-37.64846864986576,-37.80778479842573
312,312,1.6980152273371806e-05,1.663962422370739e-05,-37.70256765535656,-37.80159138299076
313,313,1.69246001119579e-05,1.659916573484416e-05,-37.71321802827462,-37.81216391415631
314,314,1.6973659962646125e-05,1.654510671007876e-05,-37.70380635901236,-37.82633080046241
315,315,1.692595043030301e-05,1.65256687978399e-05,-37.71922096938651,-37.831436080799826
316,316,1.717866779444259e-05,1.6457541469686764e-05,-37.652624536856436,-37.84937694496708
317,317,1.7433912194299165e-05,1.658263466340845e-05,-37.59787072532166,-37.81649119815675
318,318,1.7271008904028405e-05,1.656781377708907e-05,-37.62459864634515,-37.82037448171825
319,319,1.7223793743001225e-05,1.6629529502671702e-05,-37.63668761949832,-37.804226906462596
320,320,1.670045516145843e-05,1.662319171277647e-05,-37.77518460972982,-37.80588239035184
321,321,1.7220682492893737e-05,1.6758459136518038e-05,-37.633460366204375,-37.77068567853267
322,322,1.687847262220793e-05,1.6681708649756682e-05,-37.7194477761267,-37.79062120734093
323,323,1.7354314765078616e-05,1.6780300891121825e-05,-37.60890691924387,-37.765029086081014
324,324,1.755010904049676e-05,1.677013484655426e-05,-37.56160611844491,-37.76766097869076
325,325,1.7453888570334757e-05,1.690593178768483e-05,-37.572616965200375,-37.73263540251675
326,326,1.7041829890978388e-05,1.676409651975662e-05,-37.67983719448779,-37.769224999650625
327,327,1.719012120186553e-05,1.702793183779393e-05,-37.6452116268559,-37.70140749553547
328,328,1.7560272709422713e-05,1.693852108904761e-05,-37.55104435002987,-37.7242716342048
329,329,1.7791405917171115e-05,1.7096695955842733e-05,-37.4969753256737,-37.68390464239153
330,330,1.7525980305454704e-05,1.7234014385873086e-05,-37.56594382027386,-37.64916201465277
331,331,1.75797471756502e-05,1.7169659833215472e-05,-37.54942635190865,-37.66540961630407
332,332,1.8341247014927595e-05,1.724006917931164e-05,-37.3668072682863,-37.64763648408921
333,333,1.7803440210421465e-05,1.726667108558008e-05,-37.49596651090508,-37.6409403642584
334,334,1.8019739193910825e-05,1.7247970869280643e-05,-37.443383152054864,-37.645646425850785
335,335,1.8074751874946834e-05,1.7423711046591817e-05,-37.43067095931728,-37.60161992429724
336,336,1.819855596923591e-05,1.7271374848573223e-05,-37.39779169432977,-37.63975742627249
337,337,1.7915961310341257e-05,1.7356624228245653e-05,-37.46575502300574,-37.618373915263284
338,338,1.753579706309745e-05,1.7371132487728335e-05,-37.567525343325975,-37.61474519979315
339,339,1.81031442648934e-05,1.750813862599898e-05,-37.42664706904624,-37.58062675983745
340,340,1.7572636042854185e-05,1.7483136473042816e-05,-37.54989878608411,-37.58683304919485
341,341,1.767527247306809e-05,1.7443884596439985e-05,-37.52900485085766,-37.59659447749169
342,342,1.8425456604295644e-05,1.744683944898976e-05,-37.34795495956583,-37.59585888016869
343,343,1.821205688363839e-05,1.7464809293175532e-05,-37.39353344687886,-37.5913880487179
344,344,1.7813293516624492e-05,1.7488659212080836e-05,-37.496690733950096,-37.58546137521463
345,345,1.8617565072736868e-05,1.7445272820431885e-05,-37.30051088465282,-37.596248869821984
346,346,1.780863955722565e-05,1.7506419585276345e-05,-37.50156588977488,-37.58105319383448
347,347,1.900891440771412e-05,1.738909113076883e-05,-37.20583063637099,-37.610257691108224
348,348,1.842472666447572e-05,1.7454795565036445e-05,-37.352899920217894,-37.593878859831584
349,349,1.719081532447143e-05,1.752334044699398e-05,-37.649304752359235,-37.57685753994601
350,350,1.8267300895120607e-05,1.7563524124852847e-05,-37.3810969640023,-37.566909910028315
351,351,1.8478544925809982e-05,1.743512778997875e-05,-37.33503538281574,-37.598775177313684
352,352,1.7739372956431496e-05,1.734112773096728e-05,-37.5132594929897,-37.622253154305746
353,353,1.8100431232821776e-05,1.7408475765765424e-05,-37.419132817085924,-37.60541905344795
354,354,1.789106086435663e-05,1.7541855796528244e-05,-37.474828127011335,-37.57227116043471
355,355,1.7811671428135763e-05,1.7364168199588004e-05,-37.49009061659676,-37.61648668576874
356,356,1.80216046613065e-05,1.732168110672654e-05,-37.440049533732825,-37.62712613648385
357,357,1.8355922086990065e-05,1.753608620148091e-05,-37.36889235994467,-37.57369980942136
358,358,1.8114050587812635e-05,1.7344488601099184e-05,-37.415382181721036,-37.62141153318921
359,359,1.7844218577404708e-05,1.7486481259478942e-05,-37.48263440495002,-37.586002258130506
360,360,1.8545095081583323e-05,1.743442312305744e-05,-37.31778493717762,-37.59895070750982
361,361,1.825122984245326e-05,1.7410395804817152e-05,-37.38210253685188,-37.604940081942885
362,362,1.8218590206011757e-05,1.7486465271519447e-05,-37.39343255459357,-37.586006228904075
363,363,1.78058118725642e-05,1.7427686447933267e-05,-37.48753097701327,-37.60062914917914
364,364,1.7793665289535e-05,1.7376841433839506e-05,-37.50382298929281,-37.613318144609174
365,365,1.839341835012916e-05,1.7548276685518334e-05,-37.35066220679432,-37.57068179243226
366,366,1.8252833562899505e-05,1.750557619647895e-05,-37.38031377235774,-37.58126242446684
367,367,1.8201995256267483e-05,1.7671561851641042e-05,-37.395259128315665,-37.54027717488772
368,368,1.8204356163869777e-05,1.752312235973812e-05,-37.399215994768646,-37.57691159053155
369,369,1.7928248602514678e-05,1.757099031046413e-05,-37.46780980502344,-37.56506413341078
370,370,1.7919968347096355e-05,1.7440098082787652e-05,-37.46590990480449,-37.59753729529231
371,371,1.8270498847264254e-05,1.757088255927604e-05,-37.37590946615565,-37.565090765882296
372,372,1.8411004855375515e-05,1.755060642799914e-05,-37.348649859002066,-37.5701052531151
373,373,1.7983359565235886e-05,1.7395894151138092e-05,-37.44421552969783,-37.608558961486594
374,374,1.7996652449133744e-05,1.7686626769749348e-05,-37.453822406198086,-37.53657641336358
375,375,1.8360156244262286e-05,1.728856946819609e-05,-37.36116407311977,-37.63543593259857
376,376,1.851106592476219e-05,1.7440592943641702e-05,-37.32688391123752,-37.59741406646174
377,377,1.8000060485177265e-05,1.7528099976372784e-05,-37.445122006385134,-37.57567810918174
378,378,1.8355739897386455e-05,1.7424035401123355e-05,-37.36495681193397,-37.60153907810339
379,379,1.767665194212483e-05,1.741903107406535e-05,-37.52302998934837,-37.602786586926086
380,380,1.8218825202565474e-05,1.756801233760167e-05,-37.39358982664835,-37.56580024831847
381,381,1.8055197035641166e-05,1.7482395282729013e-05,-37.44174651759479,-37.58701717044067
382,382,1.8695660588660365e-05,1.7481371813980667e-05,-37.28588087194249,-37.58727142612696
383,383,1.8007253678773587e-05,1.741733946178819e-05,-37.44337822253477,-37.603208363286114
384,384,1.846026275087911e-05,1.750072705793795e-05,-37.33183569313932,-37.582465610138
385,385,1.8145744424774167e-05,1.7447949750548058e-05,-37.4066299571635,-37.595582507763964
386,386,1.8032560200078206e-05,1.7494959808429582e-05,-37.43162615993777,-37.583897034912994
387,387,1.8179443341256217e-05,1.749004422890721e-05,-37.40797967931772,-37.58511744870725
388,388,1.8137649012433686e-05,1.7447800306208112e-05,-37.416224130607986,-37.59561970590533
389,389,1.876136482997495e-05,1.7473782080694372e-05,-37.267458886278504,-37.58915737367397
390,390,1.831265439550313e-05,1.7520077993762434e-05,-37.37595507035389,-37.57766617420777
391,391,1.825322105452363e-05,1.74975398055578e-05,-37.38642094035284,-37.583256624236135
392,392,1.7966271238056487e-05,1.7617781850276515e-05,-37.45322313784382,-37.553514245040304
393,393,1.7636717820630683e-05,1.7521085187342434e-05,-37.530042662633804,-37.57741651433669
394,394,1.7749706372698485e-05,1.745984756876408e-05,-37.51096241987315,-37.592622047697844
395,395,1.8075342812097135e-05,1.7631746231927536e-05,-37.43203850536406,-37.55007326041359
396,396,1.7820202957250095e-05,1.7467576741948603e-05,-37.481521707634045,-37.5906999263936
397,397,1.814655112782217e-05,1.7631846994366863e-05,-37.41584417821823,-37.55004844129144
398,398,1.8264679928291014e-05,1.75050564920591e-05,-37.385189327304516,-37.581391359447125
399,399,1.8109150052211036e-05,1.753628672112858e-05,-37.42595452176225,-37.57365014949291
400,400,1.7596743221934187e-05,1.7396262735833023e-05,-37.54430053000624,-37.60846694402436
401,401,1.8356133417929067e-05,1.7571826662644623e-05,-37.36085803340071,-37.56485742082012
402,402,1.7696839930386447e-05,1.744733914452617e-05,-37.51003674097103,-37.59573449551609
403,403,1.7935280402994488e-05,1.7531081539345905e-05,-37.45584925902835,-37.57493942887386
404,404,1.7836062322681548e-05,1.766252539949308e-05,-37.48932912977906,-37.542498532050004
405,405,1.833568461096519e-05,1.7631060520790542e-05,-37.361575070100514,-37.55024216390735
406,406,1.8064808209976373e-05,1.7493430181945624e-05,-37.430331583151826,-37.58427676564194
407,407,1.7618741920384693e-05,1.7615032639265626e-05,-37.543138464394275,-37.55419200365331
408,408,1.809269445205705e-05,1.777964500529618e-05,-37.43134948613501,-37.51379567153783
409,409,1.8112751576220183e-05,1.7744144842206305e-05,-37.42323850673151,-37.52247578710834
410,410,1.8490898151661165e-05,1.7719082710467965e-05,-37.33341354728013,-37.52861417218033
411,411,1.78549803563e-05,1.7649188521318138e-05,-37.475287051510534,-37.545779105111734
412,412,1.7889911647479184e-05,1.758637943949955e-05,-37.47994748557291,-37.56126213440132
413,413,1.8265734717115454e-05,1.7569736978896943e-05,-37.38775545985569,-37.565373924940914
414,414,1.827745560036682e-05,1.7625131237620833e-05,-37.37618370203902,-37.55170293142539
415,415,1.8372240137790698e-05,1.7530203876958694e-05,-37.354342748563326,-37.57515685611721
416,416,1.858029102634449e-05,1.7623840903979726e-05,-37.31318464235688,-37.55202088950833
417,417,1.8203321393305007e-05,1.7438148939905468e-05,-37.39433197020102,-37.598022699274054
418,418,1.8174068808895247e-05,1.7557197727575457e-05,-37.40288573838968,-37.56847452448536
419,419,1.8519743648117657e-05,1.767281293340554e-05,-37.33379636941482,-37.53996972120647
420,420,1.798179436235907e-05,1.7667111167515703e-05,-37.449122764548186,-37.54137110819161
421,421,1.8105702720370656e-05,1.7598230538408787e-05,-37.42452032215791,-37.55833649898365
422,422,1.800843018986832e-05,1.751577847723016e-05,-37.45723440518707,-37.578732085820775
423,423,1.8015736920282618e-05,1.7625087294666292e-05,-37.43959618464067,-37.55171375926332
424,424,1.8224891410335256e-05,1.7534240453785872e-05,-37.39567146209846,-37.574156946902605
425,425,1.835581928596006e-05,1.7651045518026588e-05,-37.362375150129814,-37.54532217702268
426,426,1.7960474409490642e-05,1.7635550217451773e-05,-37.463457517993945,-37.549136386825225
427,427,1.836107531209901e-05,1.7592870646790527e-05,-37.35486466436866,-37.55965943080051
428,428,1.784937350898825e-05,1.7658105350978747e-05,-37.491522079075395,-37.543585490379314
429,429,1.7451657570455074e-05,1.7584095889775964e-05,-37.57529988499671,-37.56182609211654
430,430,1.805379364781139e-05,1.7658433247752808e-05,-37.43439475090853,-37.543504846145616
431,431,1.7952462117464914e-05,1.7668518586632625e-05,-37.46063419167481,-37.54102514896531
432,432,1.8143695614498093e-05,1.7509036153665204e-05,-37.418622742343686,-37.580404131190036
433,433,1.8188854867440033e-05,1.762206681489356e-05,-37.39837629025471,-37.552458090392655
434,434,1.8171763549241977e-05,1.7505904284725577e-05,-37.407950981221745,-37.58118103007098
435,435,1.8231635622964624e-05,1.7665112098161206e-05,-37.390341121314286,-37.54186254898434
436,436,1.812834838834608e-05,1.772578037305625e-05,-37.41105367494401,-37.52697288614602
437,437,1.8470390630719738e-05,1.7621540839747085e-05,-37.33030041266349,-37.55258771849769
438,438,1.8093632469262768e-05,1.769919507703315e-05,-37.42872271231843,-37.53349136605091
439,439,1.7897475783646552e-05,1.7723069408690973e-05,-37.47808114438902,-37.5276371428844
440,440,1.848688543290824e-05,1.7636507867504597e-05,-37.33552754577384,-37.548900561553765
441,441,1.8299861536790333e-05,1.7591463658486884e-05,-37.37436064308834,-37.56000677132507
442,442,1.8589015555860278e-05,1.7606456152096046e-05,-37.30639707392338,-37.55630703129882
443,443,1.794763787627969e-05,1.768737159804196e-05,-37.46055631504367,-37.53639352489611
444,444,1.7945911974127683e-05,1.765444985243161e-05,-37.46188268086748,-37.544484639616265
445,445,1.830255126892037e-05,1.7677552884714187e-05,-37.375505486477756,-37.538805074299695
446,446,1.79610173778276e-05,1.7631222554451885e-05,-37.44683727927497,-37.55020225138957
447,447,1.8152685378922376e-05,1.768387104867112e-05,-37.41095986170069,-37.53725313240017
448,448,1.8398450518680436e-05,1.7710567398784117e-05,-37.3513632673677,-37.530701775606154
449,449,1.7804288281414048e-05,1.764422445136772e-05,-37.49862993630367,-37.54700078815108
450,450,1.786388685038978e-05,1.76692535062198e-05,-37.48602152946093,-37.54084450853299
451,451,1.8940960432804242e-05,1.7643749886605963e-05,-37.21557496579722,-37.54711759896905
452,452,1.833874416051819e-05,1.7736788418245086e-05,-37.36304207709252,-37.52427667230785
453,453,1.8364187762364456e-05,1.770214873287937e-05,-37.36402988116071,-37.53276667240916
454,454,1.8328827771012547e-05,1.7700255452119134e-05,-37.36581274881839,-37.533231184018796
455,455,1.8313017115116926e-05,1.772950681219012e-05,-37.370439870396865,-37.52605997747291
456,456,1.7909359607093046e-05,1.7764958724192664e-05,-37.47301011966949,-37.517384498271944
457,457,1.7745166643958937e-05,1.770679759111341e-05,-37.510709246869894,-37.53162629761725
458,458,1.813896574510847e-05,1.7638878106433703e-05,-37.41882770467465,-37.54831693551491
459,459,1.8007639642071564e-05,1.753628719981e-05,-37.44378118775462,-37.57365003094518
460,460,1.896619406326544e-05,1.7724219249334727e-05,-37.2247703283141,-37.527355389630074
461,461,1.863942317455796e-05,1.766128484871986e-05,-37.30113898973087,-37.5428035752216
462,462,1.835702564160774e-05,1.7728238641498856e-05,-37.367868223909475,-37.526370634299234
463,463,1.8020661008984124e-05,1.7732338117064883e-05,-37.44258634569455,-37.525366488406696
464,464,1.776668155686174e-05,1.7751331765076e-05,-37.5009571822348,-37.52071711739312
465,465,1.8186325290763616e-05,1.7789986965286325e-05,-37.39738956167413,-37.511270227200335
466,466,1.8725144831684522e-05,1.7692503685171496e-05,-37.27768180810817,-37.53513357860246
467,467,1.8580184202910085e-05,1.7758394517984828e-05,-37.30849091609784,-37.51898952612342
468,468,1.8251996930912448e-05,1.7707551801561893e-05,-37.38834215823353,-37.53144131642085
469,469,1.8744273136727532e-05,1.773317978260916e-05,-37.27894383202123,-37.525160355394576
470,470,1.8182557882421852e-05,1.7638285259492574e-05,-37.40123361225918,-37.54846290538924
471,471,1.774478755344051e-05,1.7738279989555993e-05,-37.5066970500133,-37.523911468676594
472,472,1.8860194462287892e-05,1.7857853842877758e-05,-37.248697325396506,-37.49473388425013
473,473,1.8289184725327903e-05,1.7841774168022983e-05,-37.37608703243262,-37.498646146041956
474,474,1.810913826628485e-05,1.7716455228142686e-05,-37.42382676425195,-37.52925821550161
475,475,1.768985199192947e-05,1.780584477130201e-05,-37.51801963028113,-37.507400696546135
476,476,1.8232647074835338e-05,1.7796507372144045e-05,-37.39357300671519,-37.50967873761841
477,477,1.8067795290616486e-05,1.7718071878909158e-05,-37.439539107767715,-37.528861933928326
478,478,1.783810783252324e-05,1.7631560838612802e-05,-37.48369243499786,-37.55011892561079
479,479,1.8479531933838554e-05,1.7739260664185214e-05,-37.32711884676928,-37.52367137222556
480,480,1.8260523265593122e-05,1.7583368485487116e-05,-37.38241317805198,-37.562005751170396
481,481,1.901765662080731e-05,1.7803669977997504e-05,-37.21183552011317,-37.50793117315569
482,482,1.8298354241534943e-05,1.7760014328048685e-05,-37.3732694586855,-37.51859340783107
483,483,1.7924023633951817e-05,1.786439100358525e-05,-37.46206845792066,-37.4931443688843
484,484,1.861075679230031e-05,1.7766404294218918e-05,-37.29756962024777,-37.51703111859122
485,485,1.8048563687603072e-05,1.7737540043813887e-05,-37.43297575200206,-37.524092636780644
486,486,1.9264788281042895e-05,1.775614236976253e-05,-37.15701485609201,-37.519540340315245
487,487,1.8090950828822708e-05,1.77983008478278e-05,-37.432377845580675,-37.50924109143769
488,488,1.8010366926018925e-05,1.7742260560656798e-05,-37.4554726158339,-37.52293699644796
489,489,1.882137719091129e-05,1.774783279535385e-05,-37.25287938042629,-37.52157324077879
490,490,1.813450296712168e-05,1.7895704379617727e-05,-37.41660364000264,-37.48553855589597
491,491,1.769465151736177e-05,1.7716724534310695e-05,-37.520783161332545,-37.529192199308035
492,492,1.7951435119798168e-05,1.784203672478294e-05,-37.452696760119295,-37.49858223641505
493,493,1.8229694376845446e-05,1.779092020258663e-05,-37.39668947061983,-37.5110424084952
494,494,1.8033950479932792e-05,1.7699939378776196e-05,-37.444617958893716,-37.53330873664774
495,495,1.875724119974958e-05,1.7774638380567348e-05,-37.2657543201283,-37.51501878689834
496,496,1.830971604315132e-05,1.7769433007312107e-05,-37.377486698222306,-37.51629082176035
497,497,1.8128188148506354e-05,1.7753342083443912e-05,-37.42116339455979,-37.52022531162202
498,498,1.8092152974541304e-05,1.7634304496919196e-05,-37.42294556566617,-37.54944316980343
499,499,1.8435405238670147e-05,1.7758653532502266e-05,-37.34321855896839,-37.51892618269719
500,500,1.77646730550158e-05,1.7660919327586033e-05,-37.50469251017532,-37.542893458520304
501,501,1.799334404495312e-05,1.7905040342731426e-05,-37.45026189778136,-37.483273487173584
502,502,1.8344531050275954e-05,1.780858067496937e-05,-37.3760745192214,-37.50673344564811
503,503,1.8708684309007667e-05,1.777298544574909e-05,-37.28555418600942,-37.515422673512276
504,504,1.845172049535304e-05,1.7890630978830525e-05,-37.34154057545405,-37.48676994768787
505,505,1.8281011546502303e-05,1.7781796295342867e-05,-37.380211916159254,-37.5132702184835
506,506,1.8576643624422187e-05,1.7746918418101575e-05,-37.30825297968861,-37.52179699723942
507,507,1.8559580959995355e-05,1.783922652975889e-05,-37.314145334383994,-37.49926632216943
508,508,1.7760394351255656e-05,1.779507046625153e-05,-37.49918641781075,-37.510029405016915
509,509,1.7551770462287284e-05,1.7787043074541114e-05,-37.55358405429697,-37.511988958082284
510,510,1.8470815439755336e-05,1.7809932758513913e-05,-37.330839710658964,-37.50640372811296
511,511,1.8577621406236467e-05,1.7688850580031468e-05,-37.305492374757314,-37.53603039187754
512,512,1.8667243136040214e-05,1.7839650067081063e-05,-37.291200218759634,-37.49916321358561
513,513,1.749281770955968e-05,1.7707363823367478e-05,-37.56666449953025,-37.53148742009842
514,514,1.8269009807536538e-05,1.782644382106618e-05,-37.37456119272578,-37.502379377402725
515,515,1.7632761181133545e-05,1.775403090601015e-05,-37.54182736200426,-37.52005681037038
516,516,1.8065307766349732e-05,1.7830731274826623e-05,-37.42739455903551,-37.50133497749525
517,517,1.8088297392094637e-05,1.7949414541362785e-05,-37.42103943551146,-37.47252364897011
518,518,1.8686056559015494e-05,1.7868696790844152e-05,-37.28222537405726,-37.49209773128803
519,519,1.831616464187391e-05,1.7733159199308017e-05,-37.367099932461315,-37.52516539635136
520,520,1.8558450429952347e-05,1.7953875469270553e-05,-37.314883776359416,-37.471444440694825
521,521,1.8797535368630822e-05,1.781069759568996e-05,-37.258583662124984,-37.50621722688496
522,522,1.803684798940913e-05,1.7918209586672385e-05,-37.43501107510343,-37.48008040433308
523,523,1.839212086686286e-05,1.776365905626383e-05,-37.359106656254596,-37.5177022357159
524,524,1.8030654171094076e-05,1.794808304111939e-05,-37.44160485998732,-37.47284582363273
525,525,1.823587624983833e-05,1.783933715303551e-05,-37.389154236241694,-37.49923939110851
526,526,1.8456240083941874e-05,1.7888076208213245e-05,-37.32909262586289,-37.48739016170382
527,527,1.8304639740666427e-05,1.785686933879716e-05,-37.368533258983014,-37.49497331754354
528,528,1.8019568640213656e-05,1.7875518814865866e-05,-37.44252426632723,-37.49043997079514
529,529,1.8538699927394754e-05,1.7809239627814877e-05,-37.31259229522252,-37.506572751039485
530,530,1.9076590649195533e-05,1.7876412130135577e-05,-37.19048139160665,-37.49022294089937
531,531,1.828930360659928e-05,1.7916735582969667e-05,-37.3763916492516,-37.48043768222019
532,532,1.8253827621856074e-05,1.7834074481614055e-05,-37.38528122867906,-37.50052076514607
533,533,1.8255004911178232e-05,1.7832889745094643e-05,-37.38575300033421,-37.500809281168806
534,534,1.863645128341699e-05,1.784659755350348e-05,-37.297427788574765,-37.49747222321501
535,535,1.813723068237581e-05,1.7888487299818446e-05,-37.41769705228648,-37.48729035624561
536,536,1.903849575101799e-05,1.775648467484739e-05,-37.205665992843834,-37.51945661730072
537,537,1.7962974835455433e-05,1.7862671388444907e-05,-37.44808945052622,-37.49356243816681
538,538,1.812112773176026e-05,1.7885183105566905e-05,-37.40530429014817,-37.488092618534274
539,539,1.848018653561798e-05,1.7851202373046698e-05,-37.33306122659757,-37.496351791293165
540,540,1.8229556940006904e-05,1.7889346724443482e-05,-37.38754514977075,-37.48708171121021
541,541,1.8770235769385255e-05,1.7894304858744265e-05,-37.270653478500456,-37.485878206097745
542,542,1.8474349492384343e-05,1.779497334179101e-05,-37.33618988803956,-37.51005310862205
543,543,1.825789213492583e-05,1.783401881096468e-05,-37.3784459852976,-37.50053432205568
544,544,1.8136837827545813e-05,1.777420555682559e-05,-37.416447135907525,-37.515124541652575
545,545,1.8778445121721778e-05,1.7804723124994015e-05,-37.267310518261056,-37.50767428095163
546,546,1.8097602244863794e-05,1.791613823642317e-05,-37.42031297304968,-37.48058247904015
547,547,1.8652563535256705e-05,1.7953478355162876e-05,-37.28909945252805,-37.47154050149981
548,548,1.8331876781678485e-05,1.7854320073016233e-05,-37.38009017466571,-37.49559336525501
549,549,1.829375407359078e-05,1.7870434691614816e-05,-37.383020202375675,-37.49167535912391
550,550,1.849218218003162e-05,1.7850797360695554e-05,-37.32396155835065,-37.496450326182256
551,551,1.8001416738678525e-05,1.7834867608862144e-05,-37.454565792367916,-37.50032762749345
552,552,1.8021431463511335e-05,1.792935161479124e-05,-37.44375440870759,-37.47738068288879
553,553,1.8326324869721968e-05,1.797698060775139e-05,-37.36376197664214,-37.465859026583104
554,554,1.846713196746069e-05,1.7896416753309925e-05,-37.336936648902274,-37.48536567988091
555,555,1.8320888641741028e-05,1.790924096368192e-05,-37.360801577152685,-37.4822547279294
556,556,1.831030723345994e-05,1.7942992407800996e-05,-37.37318417877909,-37.47407779227493
557,557,1.834368832373677e-05,1.780513105730183e-05,-37.36578269980216,-37.50757477885911
558,558,1.809867884280861e-05,1.7911682669747326e-05,-37.42392853965195,-37.48166266085535
559,559,1.893731616254411e-05,1.7903221305459738e-05,-37.23520434677069,-37.48371472492922
560,560,1.8303960816935905e-05,1.7869676651714956e-05,-37.37369411202454,-37.49185958493253
561,561,1.8783664430528232e-05,1.7924986423167866e-05,-37.26846288787512,-37.47843817202265
562,562,1.8339213881714834e-05,1.799901752077092e-05,-37.367116386700054,-37.46053852879713
563,563,1.8756328104573934e-05,1.7881631145811345e-05,-37.27338281731165,-37.488955203899586
564,564,1.901746656454334e-05,1.7796629675247362e-05,-37.20999439219385,-37.509648891660845
565,565,1.8796802737831723e-05,1.7866605144502645e-05,-37.2615784139557,-37.49260613077875
566,566,1.904779652512534e-05,1.773095568511819e-05,-37.19695318092002,-37.52570508220439
567,567,1.902481339711062e-05,1.7849864793549242e-05,-37.209409363459145,-37.496677217641015
568,568,1.876506986760789e-05,1.779726689595631e-05,-37.26627686318497,-37.50949339228352
569,569,1.8833414540813935e-05,1.789043117720499e-05,-37.247450656201416,-37.48681844973796
570,570,1.8801098525090283e-05,1.7912051685255536e-05,-37.25647606444282,-37.481573188665
571,571,1.871748538609815e-05,1.7856984748888e-05,-37.271412653814494,-37.494945248903576
572,572,1.880778767109714e-05,1.7773018331162777e-05,-37.26096439392071,-37.51541463775456
573,573,1.838004459621272e-05,1.7906527366568825e-05,-37.354984171017705,-37.48291281810003
574,574,1.8784010544831543e-05,1.786988904266189e-05,-37.26794466737315,-37.49180796694866
575,575,1.880687762319756e-05,1.7811205380942402e-05,-37.25123278970748,-37.506093410741116
576,576,1.842954773649384e-05,1.7921544129326083e-05,-37.343939927324236,-37.47927226625834
577,577,1.8633843152651795e-05,1.783597944220099e-05,-37.298931370528905,-37.50005689487904
578,578,1.8490446160923084e-05,1.787660140076983e-05,-37.33786793947382,-37.4901769592134
579,579,1.8088277580112115e-05,1.7954634227192545e-05,-37.418519617762975,-37.47126090515884
