,epoch,train_loss,test_loss,train_dbs,test_dbs
0,0,0.00015257849008776248,0.00014174910029396415,-11.071923094870947,-11.400577752962967
1,1,0.00013045504181849837,0.0001247520359404581,-11.751231735631398,-11.955304443331025
2,2,0.00011801891385628026,0.00011658801744679774,-12.188977002739417,-12.249241690450784
3,3,0.00011215989558042997,0.00011271159746684134,-12.406613417749872,-12.396094812248077
4,4,0.00010862184710051749,0.00010861817396576761,-12.5467625179359,-12.556755889507663
5,5,0.00010358383302989695,0.00010332460270116204,-12.756560956301833,-12.773743422993473
6,6,0.00010001566778621204,0.00010081727247636177,-12.905754882401164,-12.880431425263497
7,7,9.745008427080862e-05,9.85418155323714e-05,-13.02030671490439,-12.979575268827068
8,8,9.557782713151009e-05,9.64556047141454e-05,-13.10309673190262,-13.072506182079255
9,9,9.442808683517571e-05,9.538610059902759e-05,-13.156993503439214,-13.120929912142152
10,10,9.321736868833355e-05,9.45870503384963e-05,-13.212668469075766,-13.157464039588067
11,11,9.25396548670515e-05,9.337457212447924e-05,-13.244915074228507,-13.21349461591723
12,12,9.179754447031133e-05,9.336800384947932e-05,-13.27970790134728,-13.21380012370777
13,13,9.102385971795998e-05,9.25383938010782e-05,-13.317327553903484,-13.25256129194913
14,14,9.056636835592463e-05,9.171098875077932e-05,-13.338353304821203,-13.29156710658876
15,15,8.966135819437769e-05,9.133703095262478e-05,-13.38027488217415,-13.309311962218546
16,16,8.904798019055718e-05,9.026826247511628e-05,-13.412426009611513,-13.360430032868777
17,17,8.81464182328404e-05,8.962607649951486e-05,-13.45290767309799,-13.39143701306214
18,18,8.727371084777465e-05,8.89484455049234e-05,-13.498241523665978,-13.424397237284118
19,19,8.653716205801699e-05,8.797862583857128e-05,-13.535144741706128,-13.472009119944314
20,20,8.542129974548235e-05,8.675075246413287e-05,-13.590882210675444,-13.533048358378192
21,21,8.451460313697625e-05,8.573257257108038e-05,-13.63698346701472,-13.58432230562613
22,22,8.362516344971379e-05,8.511279118369872e-05,-13.684717802976634,-13.615832533519788
23,23,8.322154920363376e-05,8.49691082533498e-05,-13.705394740260227,-13.623170259502997
24,24,8.276111257896212e-05,8.414545644834441e-05,-13.728299104239628,-13.665474157211296
25,25,8.21641003791022e-05,8.392258352710327e-05,-13.761213123877232,-13.676992413342763
26,26,8.200392804826254e-05,8.349930009755649e-05,-13.768924641318549,-13.698952511441743
27,27,8.148626691707381e-05,8.322044595843181e-05,-13.796755634758233,-13.713480475846163
28,28,8.122796299579294e-05,8.256398800049762e-05,-13.809151975060093,-13.747874242736412
29,29,8.072428351727833e-05,8.233977323949435e-05,-13.837749284725138,-13.759684196947134
30,30,8.038326062156444e-05,8.220860304151613e-05,-13.856073432849172,-13.766608179611213
31,31,8.018337528895798e-05,8.191280549477884e-05,-13.866329843909968,-13.782262856542273
32,32,7.964589478677263e-05,8.132361146731695e-05,-13.89535712722537,-13.813614295258938
33,33,7.955900987654627e-05,8.132223324776675e-05,-13.898520179257986,-13.813687897280133
34,34,7.925613782699845e-05,8.094015165146342e-05,-13.916234299253196,-13.834140725667027
35,35,7.897948236540728e-05,8.065188204024085e-05,-13.933040392578636,-13.849635800690352
36,36,7.890191023086783e-05,8.058303501456976e-05,-13.937457567135693,-13.853344660496623
37,37,7.843409541012604e-05,8.022988568930152e-05,-13.960653711801365,-13.872419129031407
38,38,7.839513171947868e-05,7.969703246520734e-05,-13.964813718034684,-13.901359356717611
39,39,7.788530240656289e-05,7.933355396074291e-05,-13.992992174476095,-13.92121176212019
40,40,7.760716024930253e-05,7.907894369533384e-05,-14.009335228651558,-13.935172267781777
41,41,7.767567854223427e-05,7.903907527705949e-05,-14.005052715041097,-13.937362357758644
42,42,7.74672650747102e-05,7.90195933261298e-05,-14.015362846219123,-13.938432960706663
43,43,7.732893051801624e-05,7.853262612020204e-05,-14.02567101985069,-13.965279658850482
44,44,7.691173622211845e-05,7.898670944421993e-05,-14.047213658311952,-13.940240646654985
45,45,7.697665404117925e-05,7.871317441305636e-05,-14.044158600108169,-13.955306589745247
46,46,7.684346276140993e-05,7.872089037463363e-05,-14.052163469676323,-13.954880887780073
47,47,7.644046378380753e-05,7.816144352545962e-05,-14.072621703675352,-13.985855147707708
48,48,7.617827412611132e-05,7.79860339734066e-05,-14.088332906281998,-13.995612517316804
49,49,7.602917482763212e-05,7.768005851080249e-05,-14.097505295732077,-14.012685423049831
50,50,7.580289265834582e-05,7.755281618110051e-05,-14.11236676090883,-14.019805133245246
51,51,7.580866204267463e-05,7.780308691221045e-05,-14.110863709176357,-14.005812579455824
52,52,7.551028120923144e-05,7.71074869829279e-05,-14.126920875286725,-14.044815371030142
53,53,7.548028168588943e-05,7.71479183305545e-05,-14.130188322309444,-14.042538742663497
54,54,7.531887165465171e-05,7.685024320380762e-05,-14.137611889241441,-14.059328401016666
55,55,7.516396887985673e-05,7.686378337798248e-05,-14.148266038693194,-14.058563288934948
56,56,7.519127918676156e-05,7.648356021443186e-05,-14.145017342468824,-14.080099907222747
57,57,7.482235753169457e-05,7.652530123442902e-05,-14.166926417060433,-14.077730384970007
58,58,7.477048130408314e-05,7.629916064232882e-05,-14.167911610597523,-14.090583259668195
59,59,7.471477199698674e-05,7.602653663764756e-05,-14.170666779666517,-14.10612879524097
60,60,7.444857703713874e-05,7.595769497320841e-05,-14.189167530290758,-14.11006309246625
61,61,7.440387389110161e-05,7.599936131890373e-05,-14.191912787354877,-14.107681437423489
62,62,7.420517123915189e-05,7.595192590471063e-05,-14.201985935896735,-14.110392956315692
63,63,7.395977839214257e-05,7.53287654094349e-05,-14.215631718478935,-14.146172366473472
64,64,7.394138927188625e-05,7.506726328038464e-05,-14.219928325454124,-14.161275032028156
65,65,7.366750921307554e-05,7.521655865467007e-05,-14.2338099632497,-14.152646268436659
66,66,7.360344950695398e-05,7.491870277781824e-05,-14.23833193370173,-14.169878373965869
67,67,7.359068181405334e-05,7.481939016878114e-05,-14.24005242934944,-14.175639222600145
68,68,7.308016743597373e-05,7.513597512642216e-05,-14.268626208664706,-14.157301592044622
69,69,7.302943702166679e-05,7.468718142358979e-05,-14.271068455515266,-14.183320161685433
70,70,7.299167765202433e-05,7.464173234582536e-05,-14.274011681520653,-14.185963760140938
71,71,7.306680964040762e-05,7.427448719298761e-05,-14.271223284813408,-14.20738424304189
72,72,7.283220535081801e-05,7.438863050131323e-05,-14.282829132150681,-14.200715229306413
73,73,7.255384679007603e-05,7.41497324748994e-05,-14.300717490360924,-14.214684978533382
74,74,7.26600818845477e-05,7.384609029701863e-05,-14.29378647133041,-14.232505793322723
75,75,7.24186637356623e-05,7.431746895523055e-05,-14.310261059482992,-14.204871759436573
76,76,7.246270341937881e-05,7.398111062541015e-05,-14.306065952104047,-14.22457239547639
77,77,7.208681706016279e-05,7.367144854996648e-05,-14.327992717760772,-14.242788771615544
78,78,7.205210312884109e-05,7.336825365200639e-05,-14.329996719267397,-14.260699044252721
79,79,7.212285600337392e-05,7.329170406783784e-05,-14.326362279276815,-14.265232669590173
80,80,7.181910926370507e-05,7.362111730464293e-05,-14.345902479775052,-14.245756821338256
81,81,7.192904335751496e-05,7.341493619605899e-05,-14.336175440024308,-14.25793660640302
82,82,7.168542059347245e-05,7.315493138249669e-05,-14.350256203282616,-14.273344790378268
83,83,7.151220213308614e-05,7.277320937167755e-05,-14.363956805289394,-14.296065581609056
84,84,7.133577703816346e-05,7.260068569418141e-05,-14.374343721746438,-14.306373638124361
85,85,7.134301121527876e-05,7.304563922317404e-05,-14.37243494178204,-14.279837923798215
86,86,7.116608156644998e-05,7.275645973430456e-05,-14.382876438502148,-14.297065278119298
87,87,7.118444998398154e-05,7.253827176387666e-05,-14.383421602821503,-14.310108820968559
88,88,7.108525077802773e-05,7.242918026780612e-05,-14.393022393109216,-14.31664516316748
89,89,7.097712554728862e-05,7.22607594645141e-05,-14.394529699147247,-14.326755646132327
90,90,7.07854437068724e-05,7.209211961660338e-05,-14.407836574336965,-14.336902917064771
91,91,7.050983088250636e-05,7.214719210567541e-05,-14.427205741827533,-14.33358652862873
92,92,7.05564806847497e-05,7.174141041775186e-05,-14.42310510782583,-14.35808175785715
93,93,7.045687308754609e-05,7.151471436372958e-05,-14.429278994477475,-14.371826779602209
94,94,7.036535838047599e-05,7.195906149909685e-05,-14.432987700447942,-14.344925957513638
95,95,6.993740305578163e-05,7.153110384120067e-05,-14.460421111026218,-14.3708315936195
96,96,7.004482810686765e-05,7.113827029426925e-05,-14.451358235205134,-14.394747850899446
97,97,6.986572587209725e-05,7.110075469092025e-05,-14.463596248953557,-14.397038758039624
98,98,6.965811778557218e-05,7.098459364466467e-05,-14.478375131484837,-14.404139857939276
99,99,6.970984650626971e-05,7.114736677306753e-05,-14.47546104484224,-14.394192552327691
100,100,6.966126343708235e-05,7.120310175722759e-05,-14.478708654766002,-14.390791734956807
101,101,6.962258227111906e-05,7.076680527748785e-05,-14.479498821559144,-14.417484962288272
102,102,6.954323742826728e-05,7.065647131591839e-05,-14.484495873415176,-14.424261419679478
103,103,6.933146336844392e-05,7.063915032440012e-05,-14.499214682911816,-14.425326195924889
104,104,6.929353563914305e-05,7.060087342611759e-05,-14.499632232841979,-14.427680124460727
105,105,6.911247309636968e-05,7.009303398693814e-05,-14.510716587654716,-14.459032274390825
106,106,6.910835914241783e-05,7.03666611164073e-05,-14.513710622382405,-14.44211141995391
107,107,6.890960953428803e-05,7.078727235478397e-05,-14.52394218974807,-14.416229083412716
108,108,6.89120511431367e-05,7.016585330252143e-05,-14.525440454562542,-14.454522751980313
109,109,6.845353544628507e-05,6.992818204085587e-05,-14.552698276065858,-14.469258485193015
110,110,6.836260600374368e-05,6.980090543756408e-05,-14.560438896669485,-14.477170301232182
111,111,6.855476558203664e-05,6.979089008190816e-05,-14.546034238432988,-14.477793491683588
112,112,6.839562973761259e-05,6.975196179394659e-05,-14.559466480558518,-14.480216595534907
113,113,6.812296798914795e-05,6.969451657680206e-05,-14.574768360159474,-14.483794762946571
114,114,6.822316028830624e-05,6.937303145318047e-05,-14.56817125309308,-14.503874136731751
115,115,6.811633314091242e-05,6.953298648831581e-05,-14.573935449327069,-14.49387203302929
116,116,6.788779407458802e-05,6.900934079710983e-05,-14.58851923325419,-14.526702074444671
117,117,6.793010275548123e-05,6.928733618176346e-05,-14.588613172396157,-14.509242215422839
118,118,6.7557067371492e-05,6.857394136635489e-05,-14.610308898145234,-14.554189745689634
119,119,6.741216221251813e-05,6.917874596087801e-05,-14.616443279520517,-14.516054012602005
120,120,6.734909998767856e-05,6.882419390757078e-05,-14.624602654608985,-14.538369528377778
121,121,6.74227921240579e-05,6.898456003431133e-05,-14.619155659505928,-14.52826187507232
122,122,6.721145327151368e-05,6.876336766780648e-05,-14.632190156558568,-14.542209483342177
123,123,6.714773245999523e-05,6.824529421129754e-05,-14.636114992219467,-14.57505375941447
124,124,6.703201191711057e-05,6.874383267897524e-05,-14.64512484095081,-14.543443446056731
125,125,6.707884493096703e-05,6.834432995100015e-05,-14.640734294205922,-14.568755962921518
126,126,6.706601734268334e-05,6.857010655374707e-05,-14.645114757341801,-14.554432619949276
127,127,6.682385157040061e-05,6.784475868028637e-05,-14.657102340726881,-14.600617842827843
128,128,6.66732655762522e-05,6.78335992760319e-05,-14.667338073604515,-14.601332248245624
129,129,6.694340770560096e-05,6.774248073557636e-05,-14.65173543879632,-14.60716989826084
130,130,6.673147094936456e-05,6.780737691626295e-05,-14.662104695323935,-14.603011420220302
131,131,6.648435546313268e-05,6.751460291285951e-05,-14.679184043742573,-14.621803686292058
132,132,6.632876736063932e-05,6.760239614921279e-05,-14.690549652778229,-14.616159966593274
133,133,6.655200626689115e-05,6.771081634245715e-05,-14.674968709083183,-14.609200365108329
134,134,6.632930075584133e-05,6.7726537197718e-05,-14.691960167050908,-14.608192152744044
135,135,6.624754318294173e-05,6.737440535768033e-05,-14.695476327702346,-14.6308314117229
136,136,6.615812657701005e-05,6.738403623641811e-05,-14.700562895580877,-14.630210650982518
137,137,6.596706679346491e-05,6.710625740723979e-05,-14.714971325585982,-14.6481506793636
138,138,6.588857796327596e-05,6.70780791551806e-05,-14.720165583673612,-14.649974686527528
139,139,6.569633913705289e-05,6.71174386393671e-05,-14.731152215956538,-14.647427118983721
140,140,6.559268561985161e-05,6.717490300376851e-05,-14.740471465781615,-14.643710383154488
141,141,6.569724574387458e-05,6.694905402439058e-05,-14.733355549681622,-14.658336414232922
142,142,6.537449154006702e-05,6.688934923946171e-05,-14.751495153515092,-14.66221115567118
143,143,6.532337204955239e-05,6.679181177260991e-05,-14.757646137351294,-14.668548621747735
144,144,6.54269900120742e-05,6.664428369013446e-05,-14.750776224127733,-14.678151819147764
145,145,6.516594027940751e-05,6.660484378746907e-05,-14.764947305761433,-14.680722722675437
146,146,6.504223786100035e-05,6.637043311217751e-05,-14.775689890987685,-14.696034346099545
147,147,6.505368031698192e-05,6.662161410387948e-05,-14.776366458845532,-14.679629357884306
148,148,6.490754222073688e-05,6.58843129808941e-05,-14.786211268080727,-14.72796064705491
149,149,6.479766734722118e-05,6.594488609392244e-05,-14.791690055408983,-14.723969638875259
150,150,6.474759555709807e-05,6.595439883408529e-05,-14.796482406553576,-14.723343201731204
151,151,6.459098251970946e-05,6.613190903169055e-05,-14.804199191520942,-14.711670266518187
152,152,6.458264723517356e-05,6.599482616078795e-05,-14.807324737284297,-14.720681971177537
153,153,6.426329412899632e-05,6.605410262158042e-05,-14.827354701210842,-14.716782895010015
154,154,6.4449526577199e-05,6.597187223776832e-05,-14.816203534809333,-14.72219277084548
155,155,6.426509162807146e-05,6.592869900295657e-05,-14.82814916805458,-14.725035806040532
156,156,6.412884549624239e-05,6.614801685301293e-05,-14.837938897402276,-14.710612579510338
157,157,6.422296259582244e-05,6.593219529206276e-05,-14.830559221150569,-14.7248054998418
158,158,6.401645565422291e-05,6.535148924357552e-05,-14.844425090722632,-14.763225975039113
159,159,6.375437101034793e-05,6.532019764754775e-05,-14.860721632078393,-14.76530596161737
160,160,6.399756681819725e-05,6.548799080375925e-05,-14.845236701867284,-14.754164200130583
161,161,6.365098325312425e-05,6.547908349985894e-05,-14.869116083229244,-14.754754942950346
162,162,6.374394212526596e-05,6.522148626237667e-05,-14.864238708315474,-14.771873950748144
163,163,6.351027200862612e-05,6.525222354531779e-05,-14.881487259033879,-14.769827709764169
164,164,6.364205171511335e-05,6.481728652081649e-05,-14.870559831092729,-14.798872403429126
165,165,6.358132364748036e-05,6.524727531972243e-05,-14.87487975632855,-14.770157057706651
166,166,6.320257333632962e-05,6.465520920372862e-05,-14.899811229977761,-14.80974565041915
167,167,6.310357193140909e-05,6.494806190235785e-05,-14.90630137331594,-14.790118903902496
168,168,6.320461656774644e-05,6.470966361934858e-05,-14.900082567827473,-14.806089440955217
169,169,6.29725354227367e-05,6.486331690929977e-05,-14.916206466662826,-14.795789329472198
170,170,6.319202811093569e-05,6.414329388797724e-05,-14.901775543493503,-14.844268282620689
171,171,6.293952830355451e-05,6.427278736067053e-05,-14.919949177886746,-14.835509516717176
172,172,6.282432356605681e-05,6.451072400331644e-05,-14.927664022876495,-14.819461703231177
173,173,6.284928006316852e-05,6.447601136690202e-05,-14.924876719457703,-14.821799231468908
174,174,6.272719054454073e-05,6.42429356383601e-05,-14.934811432029605,-14.83752708129299
175,175,6.28553914175052e-05,6.392635068071908e-05,-14.922475385219494,-14.858981734544992
176,176,6.262211217730997e-05,6.390660526353473e-05,-14.940579952812744,-14.860323380090287
177,177,6.264282574099441e-05,6.373966052227555e-05,-14.937334430644057,-14.8716834023839
178,178,6.232906968396436e-05,6.418390560276366e-05,-14.9615481571198,-14.841519458631517
179,179,6.218050156789592e-05,6.364827277138829e-05,-14.969665984497027,-14.87791463664707
180,180,6.232941232906108e-05,6.381087663804034e-05,-14.958330744138685,-14.866833752981915
181,181,6.21838107034228e-05,6.379332396471382e-05,-14.968609034477796,-14.868028545814818
182,182,6.211048521529931e-05,6.297645526693056e-05,-14.977150213197831,-14.92399874316578
183,183,6.173646525172612e-05,6.30785746723536e-05,-15.001361926611601,-14.916962149069697
184,184,6.1830128954133e-05,6.356112288286615e-05,-14.995477895982779,-14.883865253959634
185,185,6.198392360808433e-05,6.302567003570545e-05,-14.983481082221072,-14.92060614902617
186,186,6.193799435067442e-05,6.306135190626312e-05,-14.987532706311937,-14.918148094317258
187,187,6.175124407181823e-05,6.309426201991492e-05,-15.002016311227882,-14.9158822132142
188,188,6.177912362864404e-05,6.292880387167985e-05,-14.999735125110028,-14.927286094169549
189,189,6.152881868513657e-05,6.308037623775338e-05,-15.015514495589217,-14.916838113492936
190,190,6.152582087808471e-05,6.358418020107293e-05,-15.014827581471035,-14.882290100818846
191,191,6.139591071765495e-05,6.290034415494454e-05,-15.025619206997698,-14.929250646634424
192,192,6.120218373307017e-05,6.278294236644318e-05,-15.040882068979398,-14.93736420972664
193,193,6.1025092062917205e-05,6.297984816084959e-05,-15.050416016102151,-14.923764770737726
194,194,6.131188612138449e-05,6.270429807237203e-05,-15.030812303523746,-14.942807757182218
195,195,6.112682836528714e-05,6.23289455880264e-05,-15.04531565190937,-14.968883062860955
196,196,6.095125665768175e-05,6.237554177795046e-05,-15.05722782045619,-14.965637555096006
197,197,6.09899191086819e-05,6.251224917114566e-05,-15.052725093041827,-14.956129613645114
198,198,6.077643002313802e-05,6.259400278826146e-05,-15.07093395341797,-14.950453614358615
199,199,6.080241359292635e-05,6.20817671389025e-05,-15.067429314471621,-14.986140158394665
200,200,6.0735303347812697e-05,6.238773149609762e-05,-15.073055339372862,-14.964788919563258
201,201,6.0654753133817815e-05,6.191943382299015e-05,-15.078891089813606,-14.997511097233618
202,202,6.039646792750009e-05,6.195719010735814e-05,-15.098322896444936,-14.99486372988606
203,203,6.0547368513052974e-05,6.216388359653617e-05,-15.086864903012431,-14.980399477830746
204,204,6.052762854000621e-05,6.177755781927292e-05,-15.086646261179748,-15.007473504844345
205,205,6.022241670751138e-05,6.199099114287252e-05,-15.108239770337082,-14.992495062040783
206,206,6.0239631210672235e-05,6.150202860130536e-05,-15.108090691070286,-15.0268864541711
207,207,6.018573954280168e-05,6.173871052420796e-05,-15.11303307175064,-15.01020531769234
208,208,6.0027227780515254e-05,6.16331409745678e-05,-15.123209574476915,-15.017637853315204
209,209,6.0099350297811545e-05,6.134874791697305e-05,-15.118702644664774,-15.03772382806784
210,210,6.0229628681704476e-05,6.150499106488975e-05,-15.10873853356124,-15.026677265851397
211,211,5.977968965115784e-05,6.114581092812219e-05,-15.141168502397546,-15.052113772551273
212,212,5.981714830622221e-05,6.151063893125148e-05,-15.138540660580613,-15.026278481209605
213,213,5.985965831361269e-05,6.108078397167111e-05,-15.135544118839846,-15.056734837393877
214,214,5.970889064555354e-05,6.103214821594424e-05,-15.148271563366901,-15.060194297595817
215,215,5.96764188343251e-05,6.106100083439072e-05,-15.149697824810897,-15.05814167903196
216,216,5.957112826416557e-05,6.0661500595559025e-05,-15.154780851877383,-15.086649369916893
217,217,5.940935799801607e-05,6.115444595802968e-05,-15.170289090896745,-15.05150050387276
218,218,5.9296070062795405e-05,6.107477939191372e-05,-15.17779592350533,-15.057161793937661
219,219,5.973956630788456e-05,6.137946681854756e-05,-15.144674809637046,-15.035549747763437
220,220,5.9335283161268196e-05,6.0823935391932825e-05,-15.173860179456163,-15.075035701628215
221,221,5.9348188084730226e-05,6.0549292117541066e-05,-15.172874008684573,-15.09469016160809
222,222,5.927852022800038e-05,6.0833185623203845e-05,-15.178867651203925,-15.074375267718295
223,223,5.913717878806001e-05,6.0603956578568996e-05,-15.188603107923512,-15.090771079677198
224,224,5.8991861787382224e-05,6.033292849774865e-05,-15.198732584350116,-15.110236802963
225,225,5.879124533355034e-05,6.001878711303059e-05,-15.212663202322505,-15.132908715709215
226,226,5.9011749792412e-05,6.0173174508810534e-05,-15.198006931279126,-15.12175162499628
227,227,5.8785261571006466e-05,6.050709596724788e-05,-15.216760814475661,-15.097717768207294
228,228,5.875562850839564e-05,5.962852083030157e-05,-15.215832766570653,-15.161240501366658
229,229,5.8795592193155714e-05,6.03257130454662e-05,-15.212534298891045,-15.11075622388045
230,230,5.889485740779717e-05,6.0258108102348875e-05,-15.20794237023882,-15.115625941317168
231,231,5.880334648872562e-05,6.0548611241086436e-05,-15.212367755602695,-15.09473899827312
232,232,5.858499278793275e-05,6.034033637996273e-05,-15.230109541311393,-15.10970359415731
233,233,5.867074354888977e-05,6.0148916657597417e-05,-15.219654990644907,-15.1235027666138
234,234,5.84945839139052e-05,5.9923168584263244e-05,-15.235554347269842,-15.13983316645161
235,235,5.842051455287801e-05,5.909918916969266e-05,-15.239434495845552,-15.199965638483622
236,236,5.8413683478816496e-05,5.9746369132833356e-05,-15.241721154967852,-15.15266568565227
237,237,5.839141492297412e-05,6.010079749486115e-05,-15.243243262322313,-15.12697851507822
238,238,5.82404621305501e-05,5.956946992419513e-05,-15.256420252395992,-15.16554350758498
239,239,5.814423421565827e-05,5.953478179626951e-05,-15.263006136316395,-15.168073201152419
240,240,5.7962016895900665e-05,5.976464997633899e-05,-15.274593041081337,-15.151337060128006
241,241,5.7941688807950036e-05,5.912329748082955e-05,-15.278840411855015,-15.19819438380331
242,242,5.786847410940796e-05,5.966655130338806e-05,-15.283019529374222,-15.158471497606529
243,243,5.8347132807350284e-05,5.9404671398959563e-05,-15.250244347981736,-15.177574884338547
244,244,5.7721309390545523e-05,5.929674673672324e-05,-15.29272839961388,-15.185472194905216
245,245,5.7644700945340595e-05,5.9072567781090345e-05,-15.29764694213876,-15.20192237039055
246,246,5.7689321430498425e-05,5.869872850445589e-05,-15.29860162860764,-15.229493923967576
247,247,5.7828594960773976e-05,5.8831227139116414e-05,-15.28645885353865,-15.219701790556854
248,248,5.745867274902022e-05,5.862982307965132e-05,-15.314777792158834,-15.23459502660666
249,249,5.76256565763447e-05,5.8906318659673594e-05,-15.3003323005316,-15.214162039033019
250,250,5.7262650649867394e-05,5.9019501924539277e-05,-15.328540295793848,-15.205825462323181
251,251,5.7521244221770195e-05,5.8650727671767144e-05,-15.309521197046507,-15.233046816090884
252,252,5.711964916644292e-05,5.841513618514383e-05,-15.33897742067066,-15.25052692812032
253,253,5.7034361478932605e-05,5.872315791509065e-05,-15.345211552801372,-15.227686840346045
254,254,5.7499110308648615e-05,5.894951085026964e-05,-15.3113031802603,-15.21097880559349
255,255,5.729258780250057e-05,5.866239945661571e-05,-15.326790648355974,-15.232182634580338
256,256,5.738006056509624e-05,5.845845934297693e-05,-15.319774874651813,-15.247307208702551
257,257,5.6900049101611714e-05,5.867052995630442e-05,-15.355791588619688,-15.231580752197747
258,258,5.69245112836649e-05,5.800833375695603e-05,-15.35367521895364,-15.28087695443135
259,259,5.721914443636275e-05,5.838491453783048e-05,-15.330596041100481,-15.252774374910604
260,260,5.684754612901219e-05,5.834634162295659e-05,-15.362622363570182,-15.255644558140247
261,261,5.680016303025714e-05,5.797394298592975e-05,-15.363226092643501,-15.283452472509158
262,262,5.686433926421534e-05,5.796976869245746e-05,-15.357788548086116,-15.283765188497874
263,263,5.680171438443628e-05,5.8049948788002916e-05,-15.365040797133688,-15.27776245390176
264,264,5.669490715216356e-05,5.839045479660854e-05,-15.37029864306084,-15.25236228393095
265,265,5.651605169987306e-05,5.8170047850580886e-05,-15.385765561641128,-15.268786652794546
266,266,5.651970483067436e-05,5.810387933467466e-05,-15.385768379430703,-15.273729570804031
267,267,5.6743845843155536e-05,5.785052015103007e-05,-15.367963761407314,-15.292708181532022
268,268,5.649697218875199e-05,5.76739495093199e-05,-15.387758704975623,-15.30598393433134
269,269,5.634744383380316e-05,5.711611332739458e-05,-15.396861429884567,-15.348194396937735
270,270,5.6121860156447825e-05,5.785295089529092e-05,-15.415333226034647,-15.292525704928682
271,271,5.625359031891441e-05,5.740053740354549e-05,-15.406636466592236,-15.326621278967538
272,272,5.6345044905571845e-05,5.750257964552331e-05,-15.397057881522597,-15.318907581480385
273,273,5.635644906901361e-05,5.754171683005743e-05,-15.398577167166913,-15.315952708538951
274,274,5.608415996959462e-05,5.782264461710216e-05,-15.41826957290645,-15.294801353413956
275,275,5.5987859632671074e-05,5.7591813712956775e-05,-15.426210821315749,-15.312173305427766
276,276,5.607085438089964e-05,5.7486125258851405e-05,-15.419042451234386,-15.320150494754245
277,277,5.580203666336134e-05,5.7130803102872484e-05,-15.439975425508656,-15.34707757231525
278,278,5.594492128140475e-05,5.722539265805512e-05,-15.431308572627458,-15.339893050137555
279,279,5.583291935293993e-05,5.687337608450387e-05,-15.43750601588258,-15.366690769722757
280,280,5.5685423240461625e-05,5.727439106282729e-05,-15.448197400558692,-15.33617605829319
281,281,5.5584376053788615e-05,5.701358531950973e-05,-15.457858562053078,-15.355997337026263
282,282,5.5686368064813255e-05,5.75004935518863e-05,-15.44965546333541,-15.319065138827366
283,283,5.56971299937283e-05,5.6231661322894264e-05,-15.448072676986843,-15.415971717192683
284,284,5.55693832305308e-05,5.664527711097004e-05,-15.458432935856639,-15.384143806041696
285,285,5.5522133836873145e-05,5.7114198793179206e-05,-15.461104093657102,-15.348339975047399
