,epoch,train_loss,test_loss,train_dbs,test_dbs
0,0,0.0007799895109426346,0.0007470910296481298,-3.985968598302632,-4.182045644786254
1,1,0.0007136903334764245,0.0006875694778404737,-4.370742273816652,-4.542614968173114
2,2,0.0006637972540740576,0.0006444725195730203,-4.688138621925479,-4.823736826403632
3,3,0.0006237447858288808,0.0006083812178602736,-4.954920098963976,-5.074022884182217
4,4,0.0005884866455819496,0.000574065988123613,-5.208568235073798,-5.326162694860229
5,5,0.0005558962296435283,0.0005419700786373333,-5.459543448462122,-5.576027758806152
6,6,0.0005245021320567419,0.000511930769885351,-5.708962693376591,-5.823668524802759
7,7,0.000495748132042414,0.0004835425658568152,-5.955518040266341,-6.071433756377958
8,8,0.0004689541066871937,0.0004588355843320881,-6.19536482845783,-6.299209947102402
9,9,0.00044562093002635257,0.0004366348822307038,-6.418349603869956,-6.5145965830982195
10,10,0.00042387736287956924,0.000416064830987077,-6.63523462801909,-6.72417078907309
11,11,0.0004044263173595608,0.0003969944097518333,-6.839799740404413,-6.927936950081321
12,12,0.0003868683388927164,0.0003815442936396913,-7.032386656354419,-7.100331236787108
13,13,0.00037138605911582326,0.00036684201730072106,-7.21062405094647,-7.270990133190503
14,14,0.00035716472499639027,0.0003526567291517399,-7.379337239975707,-7.4422591116131445
15,15,0.00034457499061749537,0.00034147455497938946,-7.533490485108848,-7.582197386141226
16,16,0.00033393494764429315,0.00033090311549849023,-7.672048019830377,-7.718772302062869
17,17,0.0003231558618711826,0.0003213752505344976,-7.81083398860247,-7.845656581138705
18,18,0.00031427335091290475,0.00031248980054729864,-7.934000385822833,-7.967422394903734
19,19,0.0003057187967681681,0.0003044483693022477,-8.05394981158269,-8.0806443411545
20,20,0.00029819063571060903,0.0002960045224570326,-8.161603954289646,-8.202797399205096
21,21,0.0002915722128368684,0.0002902594722782899,-8.258839702919564,-8.28791684993673
22,22,0.0002858394012215173,0.00028483234162099267,-8.346866664933765,-8.369887860888838
23,23,0.00027969473155008953,0.00027933386751867245,-8.440909842385322,-8.454544918915062
24,24,0.00027548984012964957,0.0002743229185733454,-8.505506437795558,-8.533159936553691
25,25,0.00027001402403837666,0.0002684027697940014,-8.594170956644465,-8.627910930870751
26,26,0.00026549320543765755,0.0002650867620679109,-8.666737090410441,-8.681900458992057
27,27,0.0002611379151727006,0.00025983668226552635,-8.738900531090533,-8.768776240368418
28,28,0.0002573930013915236,0.0002557041872550096,-8.800240256983479,-8.838402465031061
29,29,0.0002547344348883045,0.00025450440405524875,-8.846914708528764,-8.858827843688596
30,30,0.00025212357421381613,0.00025089583466883356,-8.891595067310467,-8.920846350385862
31,31,0.00024942665966347664,0.0002493456957285832,-8.937744474948058,-8.947762106151032
32,32,0.0002463068454538366,0.0002464895882631505,-8.992226263756628,-8.99779506955419
33,33,0.0002439357676380074,0.00024395885013387,-9.032659031526249,-9.042615086240463
34,34,0.0002406846339449517,0.00024272357404697686,-9.092079707011088,-9.06466127955029
35,35,0.00023928489662063568,0.00024059972431706754,-9.119030349598129,-9.102829609451682
36,36,0.0002371919189565383,0.00023761867104392303,-9.157333857183549,-9.156975237023557
37,37,0.00023495135216772096,0.00023524406730614014,-9.195923145509168,-9.20059406699108
38,38,0.00023370272538159043,0.00023511763567129443,-9.221066889013189,-9.202928804803546
39,39,0.000232156178735187,0.0002313981316738615,-9.249744812182453,-9.272182382246962
40,40,0.00022997067264310018,0.00023009216697813061,-9.291628596811787,-9.296762520837197
41,41,0.00022876838950641913,0.0002284271299446884,-9.313943124359986,-9.328304031920672
42,42,0.00022677061257202216,0.00022776961314344875,-9.350677351935419,-9.34082302161522
43,43,0.0002255977252042209,0.00022527629334945232,-9.375743896221735,-9.388625946005835
44,44,0.00022392009160500595,0.0002248389301760318,-9.40620918027461,-9.397065761531053
45,45,0.0002221324923328249,0.00022343139617556803,-9.441628001892433,-9.42433886985327
46,46,0.00022235674619765894,0.00022325344769725283,-9.437729637372085,-9.427799119169709
47,47,0.00022011515207363044,0.0002217959990957752,-9.479355446087585,-9.456243785377083
48,48,0.00021942494408294712,0.0002199206983756372,-9.493784234536239,-9.493119803536521
49,49,0.00021833240894058277,0.00021983705013745318,-9.516126000028835,-9.49477198448502
50,50,0.00021732244706597448,0.00021686357534858152,-9.538178682554543,-9.553914727808525
51,51,0.00021670957845419683,0.00021595465889396635,-9.549270953614604,-9.572155085990495
52,52,0.0002156929855568565,0.00021496461551195304,-9.568621533041151,-9.592111080522969
53,53,0.00021517218031185997,0.00021509004995766046,-9.580662239413456,-9.589577658912642
54,54,0.0002137928665255571,0.0002129530920156915,-9.606717838707484,-9.63294136045334
55,55,0.00021173779074985956,0.00021228444682875355,-9.650379305526652,-9.646599098909462
56,56,0.0002118099572979509,0.00021190497194000177,-9.647228348777485,-9.654369396181263
57,57,0.00021104982645447684,0.00021188697964565732,-9.663390303300615,-9.654738159869485
58,58,0.00021045766056745706,0.00020941258576625076,-9.673565988044258,-9.705753069574438
59,59,0.00021043596861250314,0.00020931616707361842,-9.67353180153902,-9.707753128401
60,60,0.00021003155288593748,0.00020783933991639825,-9.68488610991217,-9.738503318864412
61,61,0.00020882887699756502,0.00020873825690758072,-9.709962737081243,-9.719760338066681
62,62,0.00020841476354464773,0.00020787804647912517,-9.717042852307761,-9.737694594129561
63,63,0.00020743870433208715,0.0002063524972120496,-9.736689818932984,-9.769683573894387
64,64,0.0002073438150433766,0.00020524033262565928,-9.741893536245907,-9.793153764984236
65,65,0.0002068024143377396,0.00020585742267461397,-9.751013777396526,-9.780115552007802
66,66,0.0002063742084800717,0.0002054320395568778,-9.760759412779802,-9.78909908421884
67,67,0.00020609705075237553,0.00020539929468405287,-9.767562925245684,-9.78979138377943
68,68,0.0002048637931890421,0.00020343875267395846,-9.79196944866167,-9.831444019034125
69,69,0.00020483490688721505,0.0002032219452207516,-9.79200829471456,-9.836074822550268
70,70,0.00020362897542036457,0.00020253755792509764,-9.818349377383756,-9.850725171120887
71,71,0.00020351709594551627,0.00020286402018667248,-9.822415764648811,-9.843730586143728
72,72,0.00020235499529739284,0.0002013099683130062,-9.84492443983606,-9.877128058448383
73,73,0.0002020738273919032,0.0002015372998644843,-9.852221253010514,-9.872226506091028
74,74,0.0002024562988303045,0.00020170956007572576,-9.843432369839238,-9.868516041302515
75,75,0.00020157173696002856,0.00020053462924950413,-9.864469747541582,-9.893887069109605
76,76,0.00020036855130456388,0.00020097335570761445,-9.88891569575003,-9.88439602221671
77,77,0.00019981371528065772,0.00019921014839048055,-9.900298267403828,-9.922666273520232
78,78,0.0001993054842405962,0.00019873531097178593,-9.91127084642738,-9.933030476139407
79,79,0.0001987458874901142,0.00019720727562487714,-9.924109931393767,-9.966551528755641
80,80,0.00019818798791300314,0.00019862010728837433,-9.937529339159978,-9.93554874180804
81,81,0.00019721471201676453,0.00019761186788520334,-9.955825185683441,-9.9576506306875
82,82,0.00019710055179173876,0.00019778779288141154,-9.957686179016639,-9.95378602139696
83,83,0.0001971098864703084,0.00019686210419566028,-9.960674245574182,-9.974159634994455
84,84,0.00019597865958558876,0.0001954145922546128,-9.98532985467615,-10.006210955273163
85,85,0.00019582991215842056,0.00019676762243953387,-9.987159009756288,-9.976244482928324
86,86,0.00019596173840853357,0.00019551336912340239,-9.983894144051348,-10.004016267033585
87,87,0.000195410373241439,0.00019445424167267782,-9.997796797808821,-10.027606653810414
88,88,0.00019550315385261915,0.00019443598055084678,-9.999279713765226,-10.028014517212334
89,89,0.00019425133554644154,0.00019477254030980955,-10.022073636845676,-10.020503577716086
90,90,0.0001940264359966266,0.0001930385287299654,-10.028667097949409,-10.059340874504024
91,91,0.00019382621934541414,0.0001922677551383937,-10.035577224454267,-10.076716306888196
92,92,0.00019316265351119807,0.00019358505271252637,-10.04924258343248,-10.047062652515486
93,93,0.00019298283114414853,0.0001922533089160233,-10.053325911004196,-10.077042630476123
94,94,0.00019266447979481602,0.00019168622384313494,-10.058560197815439,-10.089871843203964
95,95,0.00019206432745667154,0.00019107452412993697,-10.073049031230914,-10.103752996775464
96,96,0.00019186344501783247,0.0001918289474959142,-10.075196591572162,-10.08663942361106
97,97,0.0001914434653428412,0.0001914524695358092,-10.08583253527849,-10.095171136652679
98,98,0.00019179093477450618,0.0001913313332663261,-10.07981172590474,-10.09791988488946
99,99,0.00019154531224726786,0.00019233371360889194,-10.085687031366394,-10.075226692189307
100,100,0.00019113874628770252,0.0001930275450975291,-10.09513479342582,-10.05958798924852
101,101,0.00019054540079543078,0.00019086228674400205,-10.107015385497856,-10.108579634712854
102,102,0.00019066790466859323,0.00019053558246110027,-10.104268978118633,-10.116019943819847
103,103,0.00019029362145787316,0.00018894697897944992,-10.114276039646345,-10.152381338326634
104,104,0.00019025196472528515,0.00018939582131631476,-10.113267942513698,-10.142076934942164
105,105,0.00019002443727960368,0.0001895675277888873,-10.118186375253535,-10.138141399813268
106,106,0.00019006351697301857,0.00018954879794220783,-10.120028824895392,-10.138570517132377
107,107,0.00018972530060918215,0.00018951586619215575,-10.125487584190731,-10.139325115422126
108,108,0.0001891239047573745,0.00019053744357446894,-10.140927962076514,-10.115977523012756
109,109,0.00018958915619073994,0.00018940603829258564,-10.128522171816156,-10.141842660674246
110,110,0.00018886454027150902,0.00018914348344735213,-10.147120736302451,-10.147867031712522
111,111,0.00018926962478609623,0.0001890497338823288,-10.13560152815513,-10.150020159676682
112,112,0.00018878273795522058,0.00018882090731303354,-10.150127201691838,-10.155280061752755
113,113,0.00018913024234148607,0.00018858239146586704,-10.140094180695415,-10.160769474823459
114,114,0.00018836765837514793,0.00018830129977830343,-10.157426195504584,-10.167247685172672
115,115,0.00018892504533479164,0.00019023125519436834,-10.143552706764583,-10.122962128259596
116,116,0.00018850743537168643,0.0001884746552126384,-10.153151354708807,-10.163251288223504
117,117,0.0001877805561045684,0.00018902168315100041,-10.172729679016935,-10.150664602885175
118,118,0.00018755513778647657,0.00018896273410830058,-10.175727130685646,-10.152019221911601
119,119,0.00018761273996770075,0.00018792227140358207,-10.171202590002231,-10.175998332390247
120,120,0.00018768726077564445,0.00018988408172797215,-10.173572659160468,-10.13089527633327
121,121,0.00018851035130546266,0.00018980137706660715,-10.153870968122876,-10.13278727286854
122,122,0.00018776496395243083,0.0001883929845031449,-10.170477434291946,-10.165133601018955
123,123,0.00018750418448033407,0.0001866572404794983,-10.176318863966241,-10.2053324535081
