,epoch,train_loss,test_loss,train_dbs,test_dbs
0,0,0.00020830636032732183,0.0001951585750487682,-9.719830916110023,-10.011904478792085
1,1,0.00018256733997499321,0.00017437925960525478,-10.29160954020307,-10.500832569620135
2,2,0.00016626789709841161,0.00016199928588895616,-10.700409097188965,-10.820649861998547
3,3,0.00015612764805483334,0.00015483268515182366,-10.970191206341294,-11.01715440816304
4,4,0.00014983248787682466,0.00014909837428651946,-11.149874446622047,-11.181051782353144
5,5,0.00014521141348109034,0.0001447135092396485,-11.289473204548756,-11.310690112255525
6,6,0.0001412136649734523,0.0001417211322787855,-11.407668026541092,-11.401434728638405
7,7,0.0001380706112801827,0.0001388884878619329,-11.507116428966446,-11.489118367402561
8,8,0.00013527646188242552,0.00013607269456291475,-11.594445903376958,-11.578071013919274
9,9,0.00013313397260193146,0.00013438696049362128,-11.665116499056065,-11.63220954964195
10,10,0.00013112588661072353,0.00013256816600915045,-11.730752488402354,-11.69138838174555
11,11,0.00012956439957296302,0.00013077622057416623,-11.78333696084659,-11.750493042072323
12,12,0.0001281349843676375,0.00012959353549185355,-11.831341341241469,-11.789947481438892
13,13,0.0001265725041241577,0.0001276796610909514,-11.885486301829683,-11.85456365097874
14,14,0.00012539041387013246,0.000126794624329226,-11.925379478507253,-11.884772450348521
15,15,0.000124273179176974,0.00012583049101522192,-11.96255392838462,-11.917921950188434
16,16,0.00012334568255590564,0.00012480660830318046,-11.997427215222787,-11.953405051992021
17,17,0.00012218435038392403,0.00012403921535128335,-12.034798528932491,-11.98019076018986
18,18,0.00012137843636476636,0.00012320528644762052,-12.065660563037264,-12.00948743549985
19,19,0.00012084543053900881,0.00012203083506871113,-12.084868894827137,-12.051085031273061
20,20,0.00012000652222735712,0.00012161944170274135,-12.11449546172191,-12.06575080886919
21,21,0.00011932917100379781,0.00012068138197432028,-12.138834796216083,-12.09937811503854
22,22,0.00011835850710133283,0.00012033996493923233,-12.176092813157009,-12.111682057028872
23,23,0.00011812402759066582,0.00011921335987464867,-12.184370237555024,-12.152531581491974
24,24,0.00011731194828507327,0.0001187470471976619,-12.213139832945345,-12.16955267203213
25,25,0.00011684360389463297,0.0001182149525878853,-12.231984730989389,-12.189056739475898
26,26,0.00011622383347448423,0.00011780156216302298,-12.254319241256105,-12.204270366723431
27,27,0.0001158070303175656,0.00011747879876853211,-12.270250606727306,-12.216185891552138
28,28,0.00011523287040037439,0.00011696942544260405,-12.29044379698694,-12.235057296827529
29,29,0.00011470297058340949,0.00011634278665664361,-12.312044620933204,-12.258386244664274
30,30,0.00011442405042375351,0.00011587819416921488,-12.322556449621107,-12.275763677324157
31,31,0.00011411031953253562,0.00011551142501718316,-12.333923966672844,-12.289531447271603
32,32,0.00011341420893999028,0.00011540454311455648,-12.360316405203156,-12.293551803613045
33,33,0.0001132135141758517,0.00011460616415685141,-12.366431163403401,-12.323701092958665
34,34,0.00011280954505806578,0.00011435204176354761,-12.38310487360178,-12.333341629581076
35,35,0.00011238686150220732,0.00011404409336759464,-12.401027789397315,-12.345052893437652
36,36,0.00011199895889899147,0.00011370190776161555,-12.416192887580177,-12.358103347149573
37,37,0.0001114855721303665,0.00011336894653811071,-12.43351596384449,-12.370839752809431
38,38,0.00011145032761671301,0.0001130534954810221,-12.43689116494795,-12.382940915646522
39,39,0.00011076632879323988,0.00011268500269292609,-12.463469661107311,-12.397119669198384
40,40,0.0001104290409766128,0.00011234763836622925,-12.477520146281613,-12.410141386808098
41,41,0.00011039197222286471,0.00011198239639940623,-12.478528349027291,-12.424283292601377
42,42,0.00010998124734092907,0.0001117649946153458,-12.493358675296752,-12.432722847981887
43,43,0.00010966011117507714,0.00011135627305760097,-12.508604239415087,-12.448633990614086
44,44,0.0001093789993019621,0.00011160661195294539,-12.51780035416131,-12.438881618910187
45,45,0.00010893502539400607,0.00011101132182183822,-12.536073506376944,-12.462108124600926
46,46,0.00010896774695060437,0.00011107478004353317,-12.53525302620912,-12.459626244282251
47,47,0.00010834148292580965,0.00011014494214721613,-12.557907080293418,-12.49613527174141
48,48,0.00010810053073825103,0.0001101875279441868,-12.56836593606623,-12.494456465448863
49,49,0.00010773932092316622,0.00011017141399574221,-12.58356572652114,-12.495091629045312
50,50,0.00010754219212835731,0.00010986301295863661,-12.593435699881027,-12.50726581089387
51,51,0.00010741937351377066,0.00010958274575195422,-12.597225875278564,-12.518359082253102
52,52,0.0001070247687784638,0.00010915480456069897,-12.612138769274457,-12.535352299448451
53,53,0.00010671912350142182,0.00010841171981730058,-12.62610094808472,-12.56501852309494
54,54,0.00010662283482853342,0.0001086337774483438,-12.628147690681303,-12.556132051024385
55,55,0.0001060372368809431,0.00010814629173469974,-12.653779055764854,-12.575664539699309
56,56,0.00010615898045403978,0.00010789962987856645,-12.647124686098705,-12.585581313759215
57,57,0.00010573103900617181,0.00010776415346251604,-12.665215297144776,-12.591037646458798
58,58,0.00010555769704203074,0.0001073921149853911,-12.670314306814996,-12.606056908492976
59,59,0.00010538034490009616,0.00010748819323979612,-12.677135377991874,-12.60217323400979
60,60,0.00010499824611074051,0.00010726139474794955,-12.695911096859744,-12.611346464194394
61,61,0.00010468339892260289,0.00010668326094195149,-12.709090115967276,-12.634818042120575
62,62,0.00010456580872114594,0.00010680200457021496,-12.712430645311116,-12.629986822719047
63,63,0.00010418824592878869,0.00010644750804395268,-12.727400465621095,-12.644425873494619
64,64,0.00010415542265880354,0.0001059608023895539,-12.731985531338722,-12.664328479896032
65,65,0.0001038308898959136,0.0001058361028155655,-12.743304062041762,-12.669442468042757
66,66,0.00010343541932165066,0.00010559207791964964,-12.7606208247946,-12.679467499940916
67,67,0.00010337116706518686,0.00010556071777644225,-12.76428650090975,-12.680757517172456
68,68,0.00010304009854210272,0.00010522415074152185,-12.776558892198782,-12.6946265706113
69,69,0.00010263468248387991,0.00010498450673798001,-12.79310655166315,-12.704528742548026
70,70,0.00010252675235381869,0.00010466505811660012,-12.79837312966273,-12.717763673990131
71,71,0.00010241367069574688,0.0001046995538145941,-12.804845410445418,-12.7163325542526
72,72,0.00010221054193626168,0.00010415190703688974,-12.81110682764663,-12.739108599748146
73,73,0.00010175568552102087,0.00010388280574452917,-12.831735081777804,-12.750344154619391
74,74,0.00010162842107130233,0.00010412004293788126,-12.836593517840287,-12.740437477926879
75,75,0.00010135178518728785,0.0001036653974504014,-12.850452102698986,-12.759442692264216
76,76,0.0001011899207837486,0.00010299819098834537,-12.855838718321113,-12.78748489299179
77,77,0.00010085923286075656,0.00010286203063227923,-12.869394611978917,-12.79322992711749
78,78,0.00010070808414254607,0.00010278442220480524,-12.875819997987126,-12.7965078745789
79,79,0.00010070867934588285,0.00010257136569922103,-12.876422431708328,-12.805519483051482
80,80,0.00010045176153203243,0.00010269495205169446,-12.888727054828419,-12.800289898578852
81,81,0.00010033532993306319,0.00010230828851681987,-12.890679452053597,-12.816672667769824
82,82,9.981572289576696e-05,0.00010187773602267139,-12.91257501601432,-12.83498801035358
83,83,0.00010009333668348677,0.00010172676028512222,-12.90370665346355,-12.841428726833353
84,84,9.941361267263666e-05,0.00010192478695994635,-12.932959121449441,-12.832982739516805
85,85,9.936774683607378e-05,0.00010161468296581389,-12.933494877797783,-12.846216198140038
86,86,9.913155057445918e-05,0.00010154367076833488,-12.943487986186781,-12.849252273812253
87,87,9.903292721929509e-05,0.00010108349785073905,-12.949476779017157,-12.86897824676826
88,88,9.892456863284322e-05,0.00010028688618484394,-12.957775740218015,-12.903339392486906
89,89,9.858427194520812e-05,0.00010074500996300853,-12.967637436173176,-12.88354542176746
90,90,9.866299563130728e-05,0.00010043810968789713,-12.965733186568272,-12.89679555921391
91,91,9.82724729332516e-05,0.00010031329293269664,-12.985383624109657,-12.902195993214372
92,92,9.793566735509361e-05,9.97850143712161e-05,-12.999065340484089,-12.925127621202524
93,93,9.786202603790276e-05,9.998009045375511e-05,-13.002370617896926,-12.916645609972164
94,94,9.777015597156259e-05,0.00010002492490457371,-13.004513659648055,-12.914698523307266
95,95,9.730488278533419e-05,9.912191537870585e-05,-13.026169791454267,-12.954084008052359
96,96,9.728352447429231e-05,9.901827817022997e-05,-13.024726011453447,-12.958627162175638
97,97,9.698917815934617e-05,9.900169128454046e-05,-13.039005210850284,-12.959354724447625
98,98,9.687118815526981e-05,9.89025950395061e-05,-13.046146219411394,-12.963703994167044
99,99,9.662517692687317e-05,9.892807506012584e-05,-13.057499288030796,-12.962585276588062
100,100,9.664618149135723e-05,9.832003898305917e-05,-13.056775127639606,-12.9893604425536
101,101,9.64535397121001e-05,9.867934721497525e-05,-13.063818389133868,-12.973518184517081
102,102,9.621209373455207e-05,9.778660253352045e-05,-13.074748260392159,-13.012987289260433
103,103,9.598657002758965e-05,9.792268553466879e-05,-13.08641362247174,-13.00694770814626
104,104,9.576457718533665e-05,9.760016875684654e-05,-13.094510491293573,-13.021275177379728
105,105,9.562150350491007e-05,9.761698923906998e-05,-13.100725246094655,-13.020526775681262
106,106,9.558085978064763e-05,9.702297125170987e-05,-13.105307109425887,-13.047035159093568
107,107,9.532464638450808e-05,9.745293822274299e-05,-13.114688051399257,-13.027831486239677
108,108,9.51947954443725e-05,9.699337763442217e-05,-13.1222601720136,-13.048360031441808
109,109,9.474678765550332e-05,9.635392971655452e-05,-13.141012164881992,-13.07708654628424
110,110,9.459434156654134e-05,9.717848680386516e-05,-13.149973408702342,-13.040079540812995
111,111,9.443196102007071e-05,9.632745480446734e-05,-13.155220654328975,-13.078280009610165
112,112,9.431012173437696e-05,9.637731387843622e-05,-13.16416695195526,-13.076032683679554
113,113,9.441732636895319e-05,9.582059895987378e-05,-13.15718698828966,-13.101192050890242
114,114,9.390384103735602e-05,9.585726365912706e-05,-13.180656016000993,-13.099530588628198
115,115,9.394011791188212e-05,9.571827487027469e-05,-13.177937048144665,-13.105832236020031
116,116,9.361813908512464e-05,9.557469073977125e-05,-13.19283616301352,-13.112351849229896
117,117,9.341331307725865e-05,9.568156153698893e-05,-13.205148133568274,-13.107498318766297
118,118,9.357063083239764e-05,9.479675530823634e-05,-13.195621211485744,-13.147846137138897
119,119,9.298552982521138e-05,9.53005701854923e-05,-13.21967215105164,-13.124825872879367
120,120,9.311586030346062e-05,9.50421159167921e-05,-13.217684018153921,-13.136619899117239
121,121,9.282898407167822e-05,9.435292419144197e-05,-13.230387020609545,-13.168227219379036
122,122,9.255987235294539e-05,9.474146913577754e-05,-13.242395546188163,-13.150379713717001
123,123,9.251438404106986e-05,9.447698769355683e-05,-13.24433588954157,-13.162520485568812
124,124,9.240427532427723e-05,9.468762704943258e-05,-13.251026732681954,-13.152848534198585
125,125,9.223197119672946e-05,9.412004721142646e-05,-13.257775145042585,-13.178959499779683
126,126,9.205566191704963e-05,9.385684327418475e-05,-13.26963487537174,-13.19112143010696
127,127,9.188677306399805e-05,9.39096644287929e-05,-13.273887378393646,-13.188677976600811
128,128,9.1765402139947e-05,9.390593033075627e-05,-13.280065620882374,-13.188850667071428
129,129,9.159813822575932e-05,9.36590050083683e-05,-13.289947133869129,-13.200285466087953
130,130,9.127045024760049e-05,9.37002623686567e-05,-13.30210974600993,-13.198372793771115
131,131,9.1025096855784e-05,9.288351659626259e-05,-13.314767174708933,-13.236394367739067
132,132,9.097020845673018e-05,9.30812537645627e-05,-13.318577019266213,-13.227158619133819
133,133,9.105339545526148e-05,9.272238209010346e-05,-13.313618774654785,-13.243935059596975
134,134,9.080041348442108e-05,9.295788186136633e-05,-13.3281360948695,-13.232918670045047
135,135,9.055721782659152e-05,9.249822055847432e-05,-13.337943383938907,-13.254447082814632
136,136,9.030001400009796e-05,9.212960293026347e-05,-13.34951670560324,-13.271788869285837
137,137,9.04184545884773e-05,9.21571286438082e-05,-13.345672263900374,-13.270491514290203
138,138,9.028848198232884e-05,9.208649326434457e-05,-13.351943415746208,-13.273821513637094
139,139,8.9909126078974e-05,9.212755379083224e-05,-13.368526148804298,-13.271885465799482
140,140,8.963566198741019e-05,9.171459762575595e-05,-13.384217293195134,-13.291396212819858
141,141,8.979705727920801e-05,9.103676213846101e-05,-13.376206130545965,-13.323612833489841
142,142,8.94252106891801e-05,9.163183973501681e-05,-13.390978674129281,-13.29531680143235
143,143,8.919898023920076e-05,9.106990450833876e-05,-13.404733196744152,-13.322032051327493
144,144,8.931357477138721e-05,9.07916029590476e-05,-13.399170909959913,-13.335324025334813
145,145,8.901599238052983e-05,9.085743658943102e-05,-13.410473587851646,-13.332176066642376
146,146,8.879101722076362e-05,9.072841586251008e-05,-13.42395432950956,-13.33834758258655
147,147,8.880998226681954e-05,9.022451443965302e-05,-13.424467337100873,-13.362535328281995
148,148,8.848501317150239e-05,9.047848863318857e-05,-13.440465714487333,-13.350327488727558
149,149,8.820837788756687e-05,9.091122314873103e-05,-13.45218541844537,-13.329605853865322
150,150,8.81261249119656e-05,9.011365411999195e-05,-13.45767212192801,-13.36787485585291
151,151,8.813256308431593e-05,9.002632003485862e-05,-13.454554094529797,-13.372085882795158
152,152,8.789008512094464e-05,8.971020303617574e-05,-13.469084313709118,-13.38736246736196
153,153,8.761904534845392e-05,8.986116690242565e-05,-13.480999367707533,-13.380060324537384
154,154,8.746421822111516e-05,8.966768119104305e-05,-13.490096663603294,-13.389421472921866
155,155,8.741033127886655e-05,8.913701917902615e-05,-13.492272817089377,-13.41519979527509
156,156,8.724816578569985e-05,8.889924126713977e-05,-13.500910056037803,-13.426800319369555
157,157,8.725499738483046e-05,8.920048774023981e-05,-13.499559479106757,-13.412108572620998
158,158,8.697041510496307e-05,8.869603487638462e-05,-13.513625913821095,-13.436738810372502
159,159,8.662044364399728e-05,8.863609515461384e-05,-13.529617249110277,-13.439674712783267
160,160,8.686417254700911e-05,8.829372343729789e-05,-13.51846445651788,-13.456482544765898
161,161,8.658082485463009e-05,8.884683216149967e-05,-13.532950061436214,-13.42936138703215
162,162,8.641050121274096e-05,8.869609423288096e-05,-13.542962647218278,-13.43673590402046
163,163,8.631209126066359e-05,8.843430374614208e-05,-13.5492105940593,-13.44957325411793
164,164,8.621346182969984e-05,8.81822618937708e-05,-13.552250710735045,-13.461968519488654
165,165,8.617158074258375e-05,8.81600177595637e-05,-13.554534807540943,-13.463064173328574
166,166,8.558971281091385e-05,8.814816560755532e-05,-13.582943150987175,-13.463648074101114
167,167,8.53916140634461e-05,8.776813161890267e-05,-13.592688575686612,-13.482412330007474
168,168,8.569528740595488e-05,8.730234587442522e-05,-13.578001181362263,-13.505521726723469
169,169,8.529089770781491e-05,8.71554703304642e-05,-13.59869140548967,-13.512834354466614
170,170,8.545539720816844e-05,8.692026312928647e-05,-13.591003511865479,-13.524570539598129
171,171,8.512610836931475e-05,8.728370563690795e-05,-13.608556219731245,-13.506449103481897
172,172,8.51429792897555e-05,8.702995431744249e-05,-13.607453807287085,-13.519093307693144
173,173,8.510017775649627e-05,8.70572058422687e-05,-13.60857511928505,-13.51773362247095
174,174,8.486006222905341e-05,8.674751045059805e-05,-13.622336338817346,-13.53321066416327
175,175,8.477561438957844e-05,8.67272392497398e-05,-13.6231912782562,-13.534225644237265
176,176,8.468730436678802e-05,8.67188853015633e-05,-13.629673977936637,-13.534643995884771
177,177,8.444204908788454e-05,8.643086307289962e-05,-13.640460196058308,-13.54909236570567
