,epoch,train_loss,test_loss,train_dbs,test_dbs
0,0,0.0005264663657763993,0.000507083070452178,-5.693149915563316,-5.864989749555599
1,1,0.0004891618436980109,0.00047624138134874796,-6.011314686844918,-6.137509571015055
2,2,0.0004610617842510842,0.0004492145717928284,-6.270901871181611,-6.391242507006539
3,3,0.0004368720986621128,0.00042988204605583295,-6.501446291947877,-6.58228779060828
4,4,0.0004206646465427559,0.00041554498755814215,-6.6665742081862,-6.729600382543773
5,5,0.0004082637153129026,0.0004037941398564726,-6.800072898492859,-6.854180744603698
6,6,0.00039737136373248374,0.00039459894239706427,-6.9144696044383425,-6.954221694049327
7,7,0.0003884535075222939,0.00038616117518885354,-7.014738432611571,-7.048094788441932
8,8,0.00038048970187802984,0.000378672044270819,-7.1032391933313015,-7.133148421182286
9,9,0.0003736362529716925,0.0003720025201083014,-7.183515329875831,-7.210322043346133
10,10,0.0003673790059335645,0.00036602426859501163,-7.256493518515976,-7.280682048474365
11,11,0.00036139801425436876,0.00036036098945738847,-7.32833620911614,-7.348403156201209
12,12,0.0003559762676793736,0.00035471453080198874,-7.393808090946022,-7.41699106714495
13,13,0.000350379510470618,0.00034934672906896785,-7.463493009778697,-7.48321405014722
14,14,0.00034513098149339564,0.0003446915101161913,-7.528183371821219,-7.5414749962747605
15,15,0.00034009259177333455,0.00033993932792279676,-7.590356296976417,-7.601766748727147
16,16,0.00033594524162610246,0.00033564146724529564,-7.645981800282957,-7.657024754009534
17,17,0.0003314392533772577,0.000331862494165666,-7.7009149508568715,-7.706199134531282
18,18,0.0003275921428456096,0.0003281595433547505,-7.753741179260255,-7.754930476388018
19,19,0.0003242678940296173,0.00032439218576703414,-7.798131717726343,-7.805077023150422
20,20,0.00032061121676155586,0.00032164265346517295,-7.846756839886131,-7.8420445005664785
21,21,0.000317676214875711,0.0003181008965169129,-7.886454037012097,-7.890131932286716
22,22,0.0003146922273426941,0.00031567147111912305,-7.929227436212539,-7.923427521245703
23,23,0.0003119849161240128,0.0003123762910131757,-7.966416729143255,-7.969000223034306
24,24,0.00030897837552270783,0.0003103703998739978,-8.007281452798816,-7.996977905727912
25,25,0.00030658872271215867,0.00030789775375619923,-8.042472407675914,-8.031715657742758
26,26,0.000304086981449257,0.0003055579114803358,-8.077292924809424,-8.064845534093998
27,27,0.0003019574706769097,0.00030363417126385396,-8.10814206774235,-8.092274404607261
28,28,0.00029988146024592915,0.0003011762179850944,-8.136711428664327,-8.12757410982517
29,29,0.00029767663836162346,0.0002992637440145604,-8.17034374932523,-8.155239813425933
30,30,0.0002957951816365353,0.0002974805155597431,-8.197818667093696,-8.181195608414527
31,31,0.000294050271382805,0.0002956543482325383,-8.22295733598551,-8.207938157121308
32,32,0.0002921431987863226,0.0002938797253208529,-8.251033282504295,-8.234084610752625
33,33,0.00029055107734166086,0.0002920116163103988,-8.27318897444581,-8.261779581699857
34,34,0.000288913348694476,0.0002901811171077976,-8.298887270893767,-8.289089380562684
35,35,0.00028742494129998245,0.0002890416485330972,-8.322938709467014,-8.30617660786211
36,36,0.0002857433936856303,0.0002875233124206333,-8.348570759999049,-8.329050232320062
37,37,0.0002842184792863224,0.00028595964173100104,-8.369179519027034,-8.352733420460561
38,38,0.0002828822444197866,0.000284233047798472,-8.391647768662953,-8.379035143475935
39,39,0.0002812766238984642,0.0002829289189417307,-8.416210872483095,-8.399007461705082
40,40,0.00028000893485348325,0.0002817137298590847,-8.43663425630092,-8.417700726515253
41,41,0.00027890787123865685,0.00027997143823947564,-8.453295563193402,-8.444643580130913
42,42,0.00027758059735150684,0.0002788134917959963,-8.472654023818416,-8.462643008660873
43,43,0.00027642182819185223,0.00027779059478473897,-8.493367708115722,-8.478605486780102
44,44,0.0002751146339974606,0.0002768584174765764,-8.512002890003012,-8.493203541885748
45,45,0.0002738006280065447,0.0002754756837691131,-8.533404496944655,-8.514948166099815
46,46,0.0002730503386083376,0.00027458168302760705,-8.54580554571278,-8.52906523657866
47,47,0.0002716236311843926,0.00027299510762340536,-8.56617932976283,-8.554232222585219
48,48,0.00027046671986925543,0.00027200037392934685,-8.585505857317914,-8.570085852519687
49,49,0.00026944507220663975,0.0002713775228537423,-8.602605611950755,-8.580042124398062
50,50,0.0002685150653051846,0.00027046813078126624,-8.619537975873264,-8.594619867234455
51,51,0.00026759843746459436,0.00026924493048634187,-8.633216294907687,-8.614305514517486
52,52,0.0002665025654330504,0.0002682739746217665,-8.649967811330876,-8.629995427143536
53,53,0.00026556187892601507,0.00026696515775065084,-8.666866117332976,-8.651235020570287
54,54,0.00026471014452627715,0.00026657605945059145,-8.678944090379616,-8.657569424329292
55,55,0.00026363361048987424,0.00026557343402313754,-8.698355305433065,-8.67393457025701
56,56,0.0002628872952647219,0.00026444503256291345,-8.70899609376939,-8.692426728506323
57,57,0.0002619336907074969,0.00026404012245812307,-8.725326674074402,-8.699081608285473
58,58,0.000260938657297676,0.00026316034353313675,-8.739829139849357,-8.713576416683445
59,59,0.0002604080869674625,0.000262449232028111,-8.748186863326033,-8.725327800426816
60,60,0.00025951094594159997,0.0002615188177993619,-8.766174736404649,-8.740751419873234
61,61,0.0002587034280613526,0.0002604934438989547,-8.77984643162961,-8.757812888817087
62,62,0.0002579466128042544,0.0002601175173798478,-8.791029358483167,-8.764084859765367
63,63,0.0002569049877623461,0.0002592963681213166,-8.807862369532248,-8.777816525354368
64,64,0.0002566514743465604,0.00025849560609602024,-8.815366753133617,-8.791249209654827
65,65,0.00025540451923044416,0.0002574931430373047,-8.834284048333988,-8.808124179242876
66,66,0.00025478062806795016,0.00025699752854722505,-8.845649580039773,-8.816491394302751
67,67,0.00025430232041621025,0.00025657895572581574,-8.854777466236532,-8.823570531001154
68,68,0.0002534614861510771,0.00025550611883916547,-8.867501775804403,-8.841767812846602
69,69,0.00025252621910731626,0.0002547911028255169,-8.882983218579207,-8.853938277400813
70,70,0.0002518874746399269,0.00025437792570109626,-8.894679415073249,-8.860986647372975
71,71,0.00025152713351417333,0.0002538064773513102,-8.90257631903254,-8.870753848732125
72,72,0.0002507013567308079,0.0002531332169095741,-8.914496895016756,-8.882289479891003
73,73,0.00024988365265992036,0.0002521343351537852,-8.92994347029655,-8.899460952628212
74,74,0.0002494000085058248,0.0002520091971076143,-8.93778066135581,-8.90161695624887
75,75,0.00024864778745338587,0.0002508087881754986,-8.952920138346524,-8.922353365086641
76,76,0.00024806889096279773,0.0002502078928764125,-8.961488226938577,-8.93277080816159
77,77,0.00024735133692300543,0.00024991396793139805,-8.973408597239109,-8.93787556387869
78,78,0.0002468076772200539,0.0002491669308112346,-8.9828766911196,-8.950876836505167
79,79,0.0002464484478906277,0.0002486816290337102,-8.989830566552133,-8.959343826983577
80,80,0.0002455904117614972,0.0002482803101884201,-9.006188552089627,-8.966358070293747
81,81,0.0002451761191850048,0.00024749860198138967,-9.01043661855288,-8.980053362036575
82,82,0.00024437659300657313,0.0002463842484805929,-9.023968522446378,-8.999651467016408
83,83,0.0002441889931659032,0.00024594862081453597,-9.030497481578214,-9.007336947824426
84,84,0.00024344884675264972,0.00024557970908445944,-9.04334046831796,-9.013856057670989
85,85,0.00024266046779134224,0.0002450933289334276,-9.055958996038942,-9.0224659574828
86,86,0.00024219175240207348,0.0002445579616745052,-9.064013483091,-9.031962803236148
87,87,0.00024164181782326363,0.0002441907211170091,-9.075551998547901,-9.038489289476727
88,88,0.00024146646769482104,0.00024316407660463532,-9.082249101364404,-9.056786706808564
89,89,0.00024057501181720073,0.00024341678133503976,-9.09320861296536,-9.052275708151637
90,90,0.00024026761490962055,0.00024274592578876764,-9.100323788977866,-9.064261368201345
91,91,0.00023967392617217314,0.00024190082867311217,-9.113494569600086,-9.079407302125967
92,92,0.00023901749602711002,0.00024116533658295674,-9.124177287259837,-9.092632008223568
93,93,0.00023837661782889291,0.00024089704215600106,-9.135876109468168,-9.097466187629466
94,94,0.00023813618598481851,0.00024075970730719795,-9.138322803363465,-9.099942796487996
95,95,0.00023760463212515927,0.00023956605122963848,-9.148967099707564,-9.121528118770772
96,96,0.0002369353898438462,0.0002391975852477021,-9.158819634233314,-9.128212952877895
97,97,0.0002362609627301392,0.00023881923162231319,-9.172318311048656,-9.135087896194925
98,98,0.00023608884912766707,0.0002384859154086658,-9.177337733612934,-9.141153509220361
99,99,0.00023536148229637903,0.000237849832046777,-9.191048403913097,-9.152752372407798
100,100,0.0002351253492680868,0.00023718926164101024,-9.195627587278302,-9.164830631686073
101,101,0.00023448078238438893,0.00023707624840378565,-9.205927546662041,-9.166900401686132
102,102,0.00023383887895123706,0.00023617748382476797,-9.217877714577023,-9.183395948995168
103,103,0.00023325030198656792,0.00023609012637998124,-9.230296204778337,-9.185002616733414
104,104,0.00023268340872576671,0.00023515662637931344,-9.238905272345761,-9.202208652724497
105,105,0.0002321939147017493,0.00023465497743975567,-9.247772590166319,-9.211483155411479
106,106,0.00023219541894972862,0.00023427826511722647,-9.250479965976027,-9.21846087007472
107,107,0.0002316132319260619,0.0002341890021374351,-9.259106412841689,-9.22011590225052
108,108,0.00023115051567636083,0.00023386743544649921,-9.269443555391458,-9.226083330543174
109,109,0.00023034933598030396,0.00023272246165250085,-9.282787461658161,-9.247397842574577
110,110,0.0002299499598670194,0.00023291036364083228,-9.292291613585546,-9.243892728816789
111,111,0.00022957100474141232,0.00023187686823994706,-9.29724039020453,-9.263206602289815
112,112,0.00022924113622626539,0.00023157804619251308,-9.306824482740126,-9.268807008293255
113,113,0.00022866931016624127,0.00023084143743433647,-9.315625154929277,-9.282643163598504
114,114,0.00022811557078666832,0.00023031802036137762,-9.32594028084117,-9.29250167307021
115,115,0.0002278318394938023,0.0002301747759032112,-9.33030389153137,-9.295203573306484
116,116,0.00022707581319054109,0.00023003496799470954,-9.344727422627164,-9.297842274718684
117,117,0.00022666186535942186,0.0002291267722428433,-9.35545130212722,-9.315022491767431
118,118,0.00022649269079376666,0.00022862371253339867,-9.356474872105792,-9.324568135129983
119,119,0.0002257928273822997,0.00022876342470561596,-9.366724432494253,-9.321914967937653
120,120,0.0002255474943931685,0.00022890291017431177,-9.37554055028263,-9.31926772182759
121,121,0.0002249924309393295,0.0002271968604825241,-9.385543915022703,-9.351757605412384
122,122,0.00022449251864412704,0.00022741821119684334,-9.394604291971822,-9.347528471475595
123,123,0.00022406334965969867,0.0002263941638183927,-9.402720263834407,-9.367128592804288
