,epoch,train_loss,test_loss,train_dbs,test_dbs
0,0,0.0005272479794473032,0.0005099752283728632,-5.686706982181033,-5.840290052147353
1,1,0.0004923480932514385,0.00048074779547996034,-5.983117815721826,-6.096607849162163
2,2,0.0004690420809657956,0.00046298023325538163,-6.196375057409885,-6.260156369327319
3,3,0.00045474898280124614,0.0004521232101404549,-6.327272017833905,-6.363212838341859
4,4,0.0004446935019643075,0.00044326667710648557,-6.425326520205475,-6.449130022036447
5,5,0.00043758957319144044,0.0004363430428049086,-6.498811081450545,-6.5175003050208815
6,6,0.0004311072386287575,0.00043115391101884216,-6.560582121809265,-6.569457563662203
7,7,0.0004258747494625907,0.00042614390258677304,-6.615309994188112,-6.620218075393004
8,8,0.00042122416888344455,0.0004218124729385109,-6.661535441700562,-6.664586687046704
9,9,0.00041779618891503315,0.0004187027669487227,-6.698360669928337,-6.69672255442382
10,10,0.00041444267904789176,0.0004166387585236838,-6.732992141297278,-6.718184178596827
11,11,0.00041175369844176644,0.00041256615843035673,-6.761818740926567,-6.760844851088622
12,12,0.0004093835680006245,0.0004109354754052076,-6.786714475795447,-6.778044514965442
13,13,0.00040714149921412395,0.0004091113009244988,-6.8114263099338785,-6.797366101016361
14,14,0.0004047663494123664,0.00040702907962871616,-6.8359788378905115,-6.819526484266167
15,15,0.0004028781751031536,0.00040493422727051536,-6.854590602792769,-6.841935990470386
16,16,0.000401326039621184,0.0004031752622196157,-6.873693346995559,-6.860842092472975
17,17,0.00039928525052580635,0.00040224332999634117,-6.892121692693411,-6.870892349733251
18,18,0.00039802397752526343,0.00040039090182338103,-6.907983594026471,-6.890938859840996
19,19,0.00039665318801086974,0.000399245405692215,-6.923061736208375,-6.9033815912284835
20,20,0.00039530776713533113,0.00039742569482002993,-6.937190487205211,-6.923221441433723
21,21,0.00039424598589059463,0.00039618834699994246,-6.948628230017036,-6.9367638874483815
22,22,0.00039326455462099886,0.00039533651617698764,-6.961239552045139,-6.946111555120153
23,23,0.0003920889662977154,0.00039408762639045323,-6.973906490576401,-6.959852872773037
24,24,0.0003907999855504592,0.0003928402208992721,-6.987016918005134,-6.973621397476586
25,25,0.000389935176029859,0.00039229234894982686,-6.998110022409437,-6.979682483519662
26,26,0.00038890054475842524,0.0003909275355430222,-7.00888568545282,-6.994818246619915
27,27,0.0003878656041462781,0.0003906519360546219,-7.020787175060525,-6.9978810533168145
28,28,0.00038681769372712936,0.00038875872575628917,-7.031144285388505,-7.018979363694214
29,29,0.0003859383409924459,0.0003887712005770912,-7.042612018795822,-7.018840005821184
30,30,0.00038538810187355453,0.0003878781449441847,-7.048746594681036,-7.028827764301447
31,31,0.00038432854992222307,0.0003865476893751245,-7.060146708387595,-7.043750047492972
32,32,0.0003833766113342621,0.0003863990147549071,-7.070734941236959,-7.0454207595255305
33,33,0.0003826606343020253,0.00038581290343580276,-7.077276004919883,-7.05201337884548
34,34,0.00038160622712781595,0.00038434093432059805,-7.090408821563988,-7.068614447653546
35,35,0.00038090026601380906,0.00038343229435237224,-7.100070463204174,-7.0788939805607995
36,36,0.0003803624935356958,0.000382676259553256,-7.106355885733927,-7.087465660025728
37,37,0.00037914091875997476,0.00038140127128970464,-7.117696051630283,-7.10195950021692
38,38,0.0003787385066971183,0.000380790037237794,-7.124310034640388,-7.108925090871974
39,39,0.0003778294989594364,0.000380419111982184,-7.134588655712334,-7.113157588724244
40,40,0.00037721495867764444,0.000379841724153314,-7.142464085651037,-7.119754177270917
41,41,0.00037676433596961663,0.00037849179046277543,-7.1472054095664594,-7.135216222946267
42,42,0.0003759527471535791,0.0003783663575488486,-7.155212457691144,-7.136655721827512
43,43,0.00037509008441552444,0.0003774037238480033,-7.1677352214608225,-7.147719052878701
44,44,0.0003744960386310848,0.0003770737997623847,-7.172667530031648,-7.151517289790478
45,45,0.00037345686086127054,0.00037624980751915196,-7.185344472479073,-7.161017999010872
46,46,0.0003734717005143691,0.00037586203114570757,-7.185655748891465,-7.1654962998556195
47,47,0.0003723613968834319,0.0003752314384512015,-7.196208328787934,-7.172788680976855
48,48,0.00037126415967221187,0.00037429071380756795,-7.209813935774011,-7.183690339720798
49,49,0.0003713176654142894,0.0003738031036367542,-7.2098519527912455,-7.189351833815676
50,50,0.0003703309360473926,0.00037245529605761955,-7.223324619457294,-7.205039323054856
51,51,0.0003699440516281835,0.000372708206812508,-7.226691540585721,-7.202091305631658
52,52,0.00036918665504457487,0.0003715367025793775,-7.234521809281519,-7.215763639503524
53,53,0.0003688778844061932,0.00037146100657992065,-7.239697260298783,-7.2166485508450995
54,54,0.000367625389660987,0.00037019196775202686,-7.252594963487011,-7.231510949223634
55,55,0.00036691538071423075,0.0003700353569767781,-7.262703906221821,-7.233348633249602
56,56,0.0003665662139591751,0.00036922293120848114,-7.265167735587453,-7.242894205502495
57,57,0.00036570954060940477,0.0003694106401924632,-7.275877393665931,-7.240686859915768
58,58,0.00036488812520005503,0.00036804856407750204,-7.283616072498569,-7.2567295863442745
59,59,0.0003647570679511529,0.0003674918690720867,-7.284694374090113,-7.263303517680275
60,60,0.00036431236682248487,0.00036611696889035796,-7.292992404639753,-7.279582281792921
61,61,0.00036372344451236354,0.0003663156546137639,-7.300155314592056,-7.277226075565736
62,62,0.00036334123650863385,0.0003654570793610458,-7.303180753775519,-7.287417071986912
63,63,0.00036237233938870124,0.0003648010146877679,-7.314037333511738,-7.295220486871459
64,64,0.0003619998088586576,0.0003641992470396585,-7.321720975233379,-7.302390427461127
65,65,0.0003615260336034422,0.00036380706067000955,-7.325174059713662,-7.307069628475984
66,66,0.0003608511073740449,0.0003637895233144886,-7.33403319483473,-7.307278985608743
67,67,0.00036052996760771905,0.0003625908406990531,-7.33886700053707,-7.321612570154201
68,68,0.0003596864281865509,0.00036206284360224873,-7.347381033949229,-7.327941283335388
69,69,0.0003592233046332432,0.0003619962509746026,-7.35240294473442,-7.328740135556714
70,70,0.000358771757503549,0.0003618325021019892,-7.358562657331735,-7.330705109528935
71,71,0.00035810724264442845,0.00036126782498812596,-7.368293687659136,-7.337488019044269
72,72,0.0003574688081178315,0.00035974267245221297,-7.3736822147379915,-7.355861297122112
73,73,0.0003564660500413402,0.0003592047080593674,-7.3871401883454695,-7.362360660419363
74,74,0.00035680661946487104,0.00035846912099881783,-7.3824162729377,-7.371263354102502
75,75,0.00035598187931794095,0.0003588391210589754,-7.3944872145347205,-7.366783020843799
76,76,0.0003556135346388118,0.000358151965835867,-7.39742845909192,-7.375107470573536
77,77,0.0003547317263809484,0.000357588422239611,-7.407550892749992,-7.3819463727458405
78,78,0.0003546724040733324,0.00035695756454706977,-7.408189351631179,-7.389614964858584
79,79,0.0003539730384273781,0.00035637163244628986,-7.417389602541631,-7.396749598809961
80,80,0.00035336778046726487,0.0003562658415543602,-7.426033137943763,-7.3980390174166
81,81,0.0003527403546895678,0.0003556800748858797,-7.4306668104098765,-7.405185495353576
82,82,0.00035255965230669635,0.00035539307282306254,-7.432238488073589,-7.4086912786712675
83,83,0.00035172894347420674,0.0003542807014462979,-7.445677248477562,-7.422305904543252
84,84,0.00035125273159829917,0.00035306246105679557,-7.4512205809382115,-7.437265421506467
85,85,0.0003508507524924257,0.0003539214376360178,-7.454725177575325,-7.42671216922747
86,86,0.0003503959574352604,0.0003523783939032766,-7.460016108919016,-7.445688145567731
87,87,0.00034959408599816107,0.00035286689250680963,-7.471632168696178,-7.439671734371538
88,88,0.00034987851803325423,0.0003518737733094512,-7.471644608609493,-7.451911881526586
89,89,0.0003489712973307703,0.0003519371706428693,-7.47781669114802,-7.45112948073041
90,90,0.0003487043602982555,0.00035088746287663907,-7.482702381927999,-7.464102350710293
91,91,0.00034800428475886965,0.00035010669594875683,-7.493856560322586,-7.473776694051939
92,92,0.0003473046565783623,0.0003499722852690243,-7.501368148293017,-7.475444329241682
93,93,0.0003472211228842012,0.00034936304253182913,-7.502451272853648,-7.483011252156104
94,94,0.00034688047124985027,0.000348949691550316,-7.504778234473002,-7.488152675548951
95,95,0.00034581788019853233,0.00034854000305609877,-7.519041686560762,-7.493254556599689
96,96,0.0003455141283206872,0.0003478346073901967,-7.520460866804916,-7.502052968989905
97,97,0.00034469252388645924,0.0003472448427744798,-7.5319193642520075,-7.509422819433111
98,98,0.0003445365459576595,0.00034691558041805893,-7.5357395294692555,-7.513542813326128
99,99,0.0003440161745697644,0.00034689706578654677,-7.542613687247874,-7.513774599308874
100,100,0.0003439569704777072,0.00034613846985035037,-7.543580973195808,-7.52328216836476
101,101,0.00034315179800614715,0.00034565312365119,-7.552137303978137,-7.5293760039265525
102,102,0.00034263115598263277,0.000344942876836285,-7.5587764026139235,-7.538309052511785
103,103,0.00034228904135573233,0.0003441206767762962,-7.564588400810104,-7.5486731797875795
104,104,0.00034180084080195303,0.00034408369346668844,-7.568828179461001,-7.549139949485509
105,105,0.00034135885923121547,0.00034367204122980565,-7.574169141447703,-7.554338839360843
106,106,0.000340612883650765,0.000343232559603884,-7.58640572678003,-7.559896073097435
107,107,0.0003399707097320136,0.00034328799474200134,-7.592325061375043,-7.559194705178069
108,108,0.0003400466941325858,0.000342487738970177,-7.593006651101546,-7.56933057923967
109,109,0.0003390862056193393,0.0003415768717930309,-7.603555882465703,-7.580896294417789
110,110,0.00033863517845808,0.0003412613495081467,-7.611304275159849,-7.58490982478913
111,111,0.000338237035057037,0.00034074675089581624,-7.614199153096683,-7.591463629062421
112,112,0.00033799869238792623,0.0003404386393652347,-7.620599805012916,-7.5953924023033315
113,113,0.0003379303253899069,0.00033887134141925916,-7.619432306128062,-7.615432445183795
114,114,0.0003369579817163614,0.00033893681125176186,-7.631732103749891,-7.614593470705149
115,115,0.000336654474970779,0.0003395435694409044,-7.634604140900216,-7.606825764780521
116,116,0.00033635494554866603,0.000338655657527086,-7.638458027408353,-7.618197510709335
117,117,0.0003358609023259127,0.0003382572214927916,-7.647641383470596,-7.623310091557835
118,118,0.000335022259549209,0.0003373139816654944,-7.656280151623578,-7.635437432580632
119,119,0.0003346262206251435,0.0003370099492665184,-7.658226167141841,-7.639353639497974
120,120,0.0003341646650782066,0.0003374525021124435,-7.6683153668030695,-7.633654336708738
121,121,0.0003338786095294372,0.0003371618789204053,-7.6713370341385705,-7.637396209398441
122,122,0.00033333253885916984,0.00033578931164045473,-7.677845914661634,-7.655112181394315
123,123,0.00033295987601171143,0.0003346908748713567,-7.68250949457275,-7.669342145647651
124,124,0.0003327169955453653,0.00033473597049075917,-7.687197530485143,-7.668757024843793
125,125,0.00033203379212657817,0.0003356392829262308,-7.694767195807563,-7.657053017525696
126,126,0.0003318010883996282,0.0003341393480935183,-7.701361863420681,-7.676504653629623
127,127,0.0003309439574896368,0.00033324745661383003,-7.708872818436351,-7.688112428189897
128,128,0.0003307976201296659,0.0003337536319649141,-7.711231577977782,-7.681520858616308
129,129,0.00033072160152459193,0.00033287041955382417,-7.71418797543396,-7.69302882926481
130,130,0.0003298155821802229,0.0003328468944681318,-7.72269997468231,-7.693335770805659
131,131,0.00032939877092223805,0.00033224119014400795,-7.729158928265539,-7.7012461250713145
132,132,0.0003291271046672938,0.00033150645168988327,-7.733932425136163,-7.710861013817895
133,133,0.00032894896192130506,0.0003309688487972476,-7.735295028800831,-7.71790966969403
134,134,0.0003284417232618542,0.00033092535235673974,-7.744431135789407,-7.718480463760189
135,135,0.0003280119118928794,0.0003299571965870104,-7.748277941024555,-7.731204812734736
136,136,0.000327563342055037,0.0003297274861803376,-7.7534419473381675,-7.734229347597889
137,137,0.00032713181566034166,0.00032946775593843897,-7.761015221961375,-7.7376516846983385
138,138,0.00032672914526348494,0.00032886348536091025,-7.766388162465555,-7.745624311079534
139,139,0.00032604164977980413,0.00032895891375741675,-7.773833091898021,-7.744364274134429
140,140,0.00032569458450133114,0.0003282889726841332,-7.780920221732436,-7.753217914232651
141,141,0.00032552238943813773,0.00032756343869933566,-7.783018530635417,-7.762826647206646
142,142,0.00032476249292550475,0.00032710451724644944,-7.7899197299375365,-7.768915446435381
143,143,0.00032429308084454196,0.0003272652454478176,-7.798955264256228,-7.76678199295621
144,144,0.00032425983436885724,0.0003259435639177498,-7.799414067962818,-7.7843567644667715
145,145,0.0003232305834055446,0.000325587794098905,-7.810029505639104,-7.789099709916982
146,146,0.00032292715106975553,0.0003245847244550915,-7.816599032316624,-7.802500090414836
147,147,0.0003228067470229586,0.0003253419586383787,-7.819659136668787,-7.7923800942776555
148,148,0.00032192102925055036,0.0003245961729829249,-7.831669437461891,-7.802346911771284
149,149,0.00032176540746862433,0.00032384894285841207,-7.831890256114427,-7.8123560260510105
150,150,0.0003216553139788358,0.00032402180276173905,-7.83481155252746,-7.810038523541563
151,151,0.0003213314876589233,0.00032331048982757097,-7.836385253001705,-7.819582907780891
152,152,0.0003207858418445727,0.00032311920719956487,-7.846331243750563,-7.822153117430406
153,153,0.00032012348186906387,0.0003220753002862789,-7.853809218779302,-7.836206659499072
154,154,0.0003199611731070411,0.0003229545300679379,-7.857428045940706,-7.824367055777833
155,155,0.0003194906247765325,0.00032204840681515634,-7.863319292719668,-7.836569313007575
156,156,0.00031975343956650455,0.00032103716665388723,-7.86032086324729,-7.850227724952127
157,157,0.00031864949197210753,0.0003215198552137927,-7.874330273343166,-7.843702887144993
158,158,0.0003183816926261007,0.00032037887017634744,-7.877860470561724,-7.859142208270784
159,159,0.00031751251183018164,0.0003197489453381614,-7.888212849562233,-7.867689656543293
160,160,0.0003175531923842914,0.0003201887654875846,-7.888706495572723,-7.861719966344745
161,161,0.00031690297800730723,0.0003188801393231475,-7.897904047888572,-7.879506152221345
162,162,0.00031673211481940655,0.0003191439655462378,-7.9017068835888615,-7.875914492328702
163,163,0.00031620481131915194,0.000318857674229596,-7.910242248914237,-7.879812123294771
164,164,0.0003158279365173435,0.00031744478742199903,-7.913496124186167,-7.899098861584671
165,165,0.00031545758607422875,0.000317967021960373,-7.918765648139727,-7.891960069828072
166,166,0.00031474572288342896,0.00031704029319562803,-7.9275604709796665,-7.904636253704357
167,167,0.0003141285128502617,0.00031669722643288737,-7.9357672191676425,-7.909338263982175
168,168,0.0003143118510800462,0.0003165201556648275,-7.933963014643064,-7.911767156860147
169,169,0.00031370606805082677,0.0003153943766129056,-7.942489066553594,-7.927241406062392
170,170,0.00031335219817677727,0.0003156924044321242,-7.948071027248462,-7.9231395344704145
171,171,0.00031306069841147545,0.0003150131286881668,-7.952898518034552,-7.932494322271177
172,172,0.0003127095639974493,0.00031604633917786966,-7.957530594670721,-7.918273221467816
173,173,0.00031224484183374295,0.0003145418503615809,-7.962927064390496,-7.938996490365151
174,174,0.0003119278507134349,0.00031419512417510544,-7.968828269878453,-7.94378645153749
175,175,0.00031121834553298107,0.00031378980431901783,-7.975248840936825,-7.949392579753656
176,176,0.00031122286892832095,0.0003134819654453742,-7.977142052725135,-7.953655253169422
177,177,0.00031034888209986316,0.00031290142674391205,-7.987545976845983,-7.961705429145032
