,epoch,train_loss,test_loss,train_dbs,test_dbs
0,0,4.3528873612024085e-05,4.0011072805531223e-05,-33.610610892460834,-33.98215076021798
1,1,3.6175997818120486e-05,3.44904163189073e-05,-34.41511653458016,-34.62696835591504
2,2,3.2535749643599406e-05,3.1756740243413095e-05,-34.88138928741969,-34.985593554616116
3,3,3.0430308995455187e-05,3.055514236238148e-05,-35.16450944796544,-35.15310960648055
4,4,3.0566307407180954e-05,3.0071387970421808e-05,-35.15389109727305,-35.2224179837814
5,5,2.995234303243612e-05,2.9506910466711577e-05,-35.23854350299426,-35.304715332747826
6,6,2.842840582423978e-05,2.9319996859780267e-05,-35.46150974279327,-35.332313527160636
7,7,2.8138795501364096e-05,2.8947776292242405e-05,-35.49819013570102,-35.387800644224114
8,8,2.833572351349729e-05,2.8439617093873064e-05,-35.47774960309453,-35.46471527340833
9,9,2.8138973368523814e-05,2.851102401205265e-05,-35.51041261391316,-35.453824563072445
10,10,2.737233601870572e-05,2.7970824081230123e-05,-35.63032661411334,-35.53690010352761
11,11,2.7899398887289937e-05,2.758388147508652e-05,-35.546459931189,-35.59739894138635
12,12,2.768349679041121e-05,2.7427084875709722e-05,-35.58015235356926,-35.62215621682228
13,13,2.6635506054441703e-05,2.699697650218456e-05,-35.74454228814239,-35.690801436400555
14,14,2.567028424948017e-05,2.6471190530604583e-05,-35.90547695120584,-35.77621798220172
15,15,2.642167205475247e-05,2.6305798153196902e-05,-35.77786027828597,-35.803437887613676
16,16,2.6141838181089398e-05,2.630267399102817e-05,-35.82500002687236,-35.803953700499605
17,17,2.5924463040338224e-05,2.597382578977359e-05,-35.86181758874901,-35.85859348841177
18,18,2.4483132929350347e-05,2.5988734035452483e-05,-36.103391764717124,-35.85610147530363
19,19,2.4801864578735477e-05,2.565390806060015e-05,-36.057149154879454,-35.912417382063445
20,20,2.506955540420958e-05,2.570838057037786e-05,-36.00581055091872,-35.90320551868582
21,21,2.5497846754379426e-05,2.5558448454064904e-05,-35.939690188823484,-35.9286078607678
22,22,2.5134525242616836e-05,2.5221338785884557e-05,-36.001404107759434,-35.986271363305434
23,23,2.458199444085902e-05,2.504996978371453e-05,-36.08090566989595,-36.01588065831472
24,24,2.5338408788942167e-05,2.5136540276243497e-05,-35.96382626638584,-36.000897697974715
25,25,2.4371026062074154e-05,2.4775378781334056e-05,-36.12366370021139,-36.06374969200439
26,26,2.5312493365622825e-05,2.4743293531508626e-05,-35.961781303029404,-36.0693776493986
27,27,2.454853788127441e-05,2.4753970807834873e-05,-36.105318482796775,-36.0675039772577
28,28,2.482701492010971e-05,2.4644673095807728e-05,-36.050514136127816,-36.08672210428517
29,29,2.4182047652465907e-05,2.4424648041818536e-05,-36.16328698056825,-36.125669579013646
30,30,2.433895193443624e-05,2.443265753084377e-05,-36.13519327336942,-36.12424564583644
31,31,2.4465696303205104e-05,2.4139064024845874e-05,-36.11311527031636,-36.17674845545436
32,32,2.3608672413548946e-05,2.4142523742691418e-05,-36.27612462524083,-36.176126049919944
33,33,2.483182292165758e-05,2.4161915031359776e-05,-36.04838915768648,-36.172639194329946
34,34,2.4223791096466304e-05,2.3867372970256073e-05,-36.155582315518224,-36.22590652381663
35,35,2.314882020954494e-05,2.3955316512575864e-05,-36.354914172180244,-36.20993358769992
36,36,2.314688416723565e-05,2.3749998275123192e-05,-36.35394297356211,-36.24731689751862
37,37,2.3910313841755403e-05,2.3517327032382845e-05,-36.21095958970136,-36.290073136557986
38,38,2.3340639280522548e-05,2.320884366207266e-05,-36.31737317975669,-36.34741769099958
39,39,2.270948476207289e-05,2.31541959548945e-05,-36.4369898817725,-36.357655677491906
40,40,2.2976189957824825e-05,2.3035374493031812e-05,-36.39451452393565,-36.379999950690156
41,41,2.266206203935279e-05,2.3043279629507052e-05,-36.448045681005766,-36.378509821584196
42,42,2.2326282371218394e-05,2.278679523059461e-05,-36.50691781431823,-36.42712022530284
43,43,2.278562378612066e-05,2.2813695211784523e-05,-36.43187924468717,-36.421996370433796
44,44,2.2761575930473425e-05,2.2713675877496014e-05,-36.4190658607484,-36.44107848029816
45,45,2.1985224080221013e-05,2.284114874017082e-05,-36.56846215896314,-36.416773302609236
46,46,2.2375084112936e-05,2.253319153647968e-05,-36.506441970183694,-36.47572563868978
47,47,2.2173135905702402e-05,2.2606569473282434e-05,-36.53853001338425,-36.461606086257966
48,48,2.2627528159853345e-05,2.2342755887381683e-05,-36.459073258976325,-36.51258531643245
49,49,2.1990920817488493e-05,2.2408062585255767e-05,-36.57005602938486,-36.49990963378785
50,50,2.2083593573848495e-05,2.230732503736171e-05,-36.56146684156349,-36.51947776794154
51,51,2.2017209930615453e-05,2.2323749171367747e-05,-36.574978025263405,-36.51628138012551
52,52,2.1861110879624377e-05,2.2206246381086347e-05,-36.60147180968887,-36.539201181143184
53,53,2.2236712463860178e-05,2.2153633069951627e-05,-36.53441443150348,-36.549503139443196
54,54,2.1948396952024098e-05,2.200398816249186e-05,-36.59385376603319,-36.57893869531563
55,55,2.191367432893345e-05,2.2044001046819367e-05,-36.588062966268765,-36.57104849194417
56,56,2.2036721226690245e-05,2.2114912242518347e-05,-36.564118466356945,-36.55710051851171
57,57,2.169685470192038e-05,2.2090178007554067e-05,-36.64114483547718,-36.56196056644706
58,58,2.177357697460654e-05,2.2047672437589715e-05,-36.61974013725078,-36.57032524211935
59,59,2.172090080421185e-05,2.203556869062595e-05,-36.63504949353384,-36.572710089745925
60,60,2.2036537386869447e-05,2.1857452003659044e-05,-36.56874899749289,-36.6079573876858
61,61,2.175574138032671e-05,2.174603124378911e-05,-36.61911250191549,-36.630152644990716
62,62,2.1999694825391305e-05,2.1753498482499517e-05,-36.57487183362492,-36.628661603308544
63,63,2.18334669288075e-05,2.1728033109531297e-05,-36.61151119038734,-36.633748577855776
64,64,2.1962054458911262e-05,2.1655060807365533e-05,-36.581783410381675,-36.648358646059336
65,65,2.203405496327401e-05,2.1598318007339624e-05,-36.56994413198129,-36.65975340861951
66,66,2.1622202354789345e-05,2.1510749655518386e-05,-36.64875298974983,-36.67739726238632
67,67,2.14335575797169e-05,2.1533782369500076e-05,-36.68906799934337,-36.672749526160786
68,68,2.1167711987725422e-05,2.1428408600561516e-05,-36.738880951523484,-36.69405353190242
69,69,2.070028576500337e-05,2.152702539828361e-05,-36.84002537655341,-36.674112489602436
70,70,2.101115115720793e-05,2.144311005586611e-05,-36.781246148432956,-36.69107497580499
71,71,2.1875585262773476e-05,2.1274695666905148e-05,-36.59831310341773,-36.72531915923885
72,72,2.0977232677453394e-05,2.143643828994276e-05,-36.783205829245745,-36.692426441135304
73,73,2.144012006217813e-05,2.1310464657481614e-05,-36.69133655327777,-36.71802352913418
74,74,2.078270888174752e-05,2.135486628455845e-05,-36.81593058961972,-36.70898415774629
75,75,2.1151176202017933e-05,2.1156794996625794e-05,-36.744947961638424,-36.74945394285857
76,76,2.1587755008553847e-05,2.1227033261981743e-05,-36.664078940160564,-36.735059717400276
77,77,2.0168008753917656e-05,2.1156733629667495e-05,-36.95749152787508,-36.749466539932
78,78,2.091668589930554e-05,2.1175464912391218e-05,-36.79273210018077,-36.74562318024979
79,79,2.07329239481286e-05,2.105995889379349e-05,-36.829783102335874,-36.76937753005612
80,80,2.105380518355325e-05,2.0973323109118563e-05,-36.757361373247306,-36.78728024652624
81,81,2.0381082406659977e-05,2.0815230240451026e-05,-36.91032956944038,-36.82014053124333
82,82,2.1600361083308354e-05,2.0918406478717532e-05,-36.66399305125271,-36.798666743786995
83,83,2.050952362063156e-05,2.0900831690309324e-05,-36.87044635880448,-36.802317041788505
84,84,2.1062395220367988e-05,2.0855924958596006e-05,-36.76400163330464,-36.81165816637158
85,85,1.9845982774079192e-05,2.1030270689056795e-05,-37.020794958835445,-36.77550409470581
86,86,2.067466834653049e-05,2.0689663295725997e-05,-36.85139399101678,-36.84641849171217
87,87,2.0806701473871333e-05,2.067296899392539e-05,-36.82106312216443,-36.84992418907405
88,88,2.0573104632500507e-05,2.064352577834047e-05,-36.86179711366466,-36.856113982420794
89,89,2.0229861894625446e-05,2.0697242162944013e-05,-36.932663760744134,-36.84482791120746
90,90,2.0586569532788043e-05,2.0655668298499413e-05,-36.867019381161896,-36.85356021362638
91,91,2.0629506805787443e-05,2.052604481593191e-05,-36.85352673082545,-36.880899993766135
92,92,1.99444952365233e-05,2.0512393204722013e-05,-37.000273957421925,-36.883789392058176
93,93,2.0200341290565683e-05,2.0594298085167172e-05,-36.95086468297159,-36.86648277672392
94,94,1.9862855213469846e-05,2.0450005936972477e-05,-37.01569809271452,-36.897018337453076
95,95,2.0144397080677908e-05,2.043901766132637e-05,-36.96227999468081,-36.89935253239033
96,96,2.01807078596663e-05,2.034443662667304e-05,-36.95230087540269,-36.919496041957565
97,97,2.0310202896710216e-05,2.051293454554214e-05,-36.922694517034856,-36.88367477928411
98,98,2.05508914902013e-05,2.024678441988439e-05,-36.86959818260108,-36.94039213489496
99,99,1.9766359278928013e-05,2.036490877799224e-05,-37.034492553594355,-36.91512803111793
100,100,1.9982423106467677e-05,2.028207214415919e-05,-36.99217663578348,-36.93282948985468
101,101,2.0297882825222596e-05,2.0259663965828766e-05,-36.92513826834467,-36.937630344540835
102,102,2.100806288825007e-05,2.0081078410409025e-05,-36.783774992503254,-36.976082402366785
103,103,2.0164230816065065e-05,2.0034215259855908e-05,-36.95777898050149,-36.986229363830184
104,104,2.0275359179556955e-05,2.0051699290266506e-05,-36.92910808931123,-36.982440891746926
105,105,1.9631581277824752e-05,2.0105611934253064e-05,-37.06404216414065,-36.97077976347844
106,106,2.0120183003153627e-05,1.993286179257618e-05,-36.973677161525856,-37.008256166471256
107,107,2.002644355952819e-05,1.987984217665048e-05,-36.987696714388136,-37.0198233990105
108,108,1.9855613375971327e-05,1.99226940247555e-05,-37.02143608283528,-37.010472071111415
109,109,1.971622614010559e-05,1.988056460265254e-05,-37.05834896795736,-37.01966558089357
110,110,1.9926598143524408e-05,1.9894911355023443e-05,-37.00178063539354,-37.016532637536834
111,111,1.9203973877046873e-05,1.99096563224693e-05,-37.163249110950304,-37.01331508806243
112,112,2.014064427113254e-05,1.9703883912083448e-05,-36.95228512261915,-37.05843432033622
113,113,1.8916062612165144e-05,1.96734207699927e-05,-37.23524255286147,-37.06515391542156
114,114,1.954125415518179e-05,1.9665157388341247e-05,-37.08833625387339,-37.06697845574502
115,115,1.9099122124016596e-05,1.9705354325675505e-05,-37.18296288122686,-37.05811023769063
116,116,2.0651322264496128e-05,1.9620593344657927e-05,-36.85786375131669,-37.07683135467309
117,117,1.97890106664062e-05,1.9577843503563935e-05,-37.036444205551525,-37.08630419539994
118,118,1.8956409044174918e-05,1.9550635490878976e-05,-37.220653038431315,-37.092343935241985
119,119,1.968491702877914e-05,1.957402434383862e-05,-37.05983865912246,-37.08715148064617
120,120,1.908725114601074e-05,1.939997616174974e-05,-37.19620688505499,-37.1259407589215
121,121,1.8991691456566393e-05,1.9474695507501327e-05,-37.21870492924459,-37.10924596093694
122,122,1.867764590831039e-05,1.9318522390676662e-05,-37.287520660255645,-37.14421366557679
123,123,1.8762943515876313e-05,1.9396951708921206e-05,-37.261315872591766,-37.126617876027915
124,124,1.9129122153675236e-05,1.9276295987717612e-05,-37.193326905725684,-37.15371685895024
125,125,1.965838197703334e-05,1.9271838219107228e-05,-37.06752648472765,-37.15472130928619
126,126,1.9342511091663347e-05,1.9296824288367614e-05,-37.130956764198494,-37.14909429874612
127,127,1.900094896872989e-05,1.9187976106063854e-05,-37.21365383027817,-37.173661031849775
128,128,1.9397224867734433e-05,1.925610779021793e-05,-37.12366734573196,-37.15826763840664
129,129,1.9043662768567208e-05,1.9134522134615844e-05,-37.20229599583813,-37.1857765154205
130,130,1.886718439788272e-05,1.917847413623301e-05,-37.24483926881926,-37.175812209831086
131,131,1.9156379484857754e-05,1.9047980793785474e-05,-37.178934923969265,-37.205463276766764
132,132,1.87273394142712e-05,1.9074583944625612e-05,-37.27575939764093,-37.199401982850254
133,133,1.943848170394068e-05,1.9057448585762788e-05,-37.11204508972657,-37.20330515391492
134,134,1.9288567863881815e-05,1.8990143584424484e-05,-37.14448113606519,-37.218670237226654
135,135,1.8807805373427008e-05,1.900824745940841e-05,-37.26065563287368,-37.21453194958578
136,136,1.892119929759725e-05,1.8962988561772937e-05,-37.23110011746394,-37.22488489084761
137,137,1.9048527674479457e-05,1.882173331212375e-05,-37.20094768708044,-37.25735656628188
138,138,1.851268942906226e-05,1.891347763280225e-05,-37.32494138089511,-37.2362388198981
139,139,1.8647925712356643e-05,1.8881059795124822e-05,-37.2929417204677,-37.243689045475314
140,140,1.9022984046968465e-05,1.89075304948155e-05,-37.20024439324428,-37.237604626554194
141,141,1.87624516855198e-05,1.886086307709583e-05,-37.26792381604946,-37.24833709907847
142,142,1.8700236490910836e-05,1.8825674296270956e-05,-37.2762416489314,-37.25644731500357
143,143,1.88644164679608e-05,1.880905749299257e-05,-37.24190189767145,-37.26028238229197
144,144,1.8632582658628773e-05,1.878300382055673e-05,-37.29813505515254,-37.26630225329052
145,145,1.8831997191771678e-05,1.866836431106908e-05,-37.259008741811314,-37.29289004666809
146,146,1.8528842242490428e-05,1.8818619106528594e-05,-37.32147649402783,-37.25807520052501
147,147,1.898532510616879e-05,1.8750863139422635e-05,-37.21681853371509,-37.273740082112056
148,148,1.853884396510206e-05,1.8657767166012873e-05,-37.3196345657315,-37.295356030451224
149,149,1.9049386134339357e-05,1.8628513795479912e-05,-37.196702681592654,-37.302170644126086
150,150,1.828300790612516e-05,1.8615399073352916e-05,-37.377249343412075,-37.30522921195537
151,151,1.8774130797648523e-05,1.871363148989315e-05,-37.26631510785839,-37.28237199103054
152,152,1.8970826147910275e-05,1.8571178818666867e-05,-37.2161877700277,-37.315558004083805
153,153,1.8472801429263348e-05,1.858969297149758e-05,-37.336635492959275,-37.31123055174513
154,154,1.8896823780075285e-05,1.857903867187959e-05,-37.23946147653089,-37.313720334664694
155,155,1.8879981288376155e-05,1.855999983634224e-05,-37.23901651312867,-37.318173041181694
156,156,1.8366489121504367e-05,1.8657686220984415e-05,-37.35877746598021,-37.295374871963794
157,157,1.8397173550614208e-05,1.857316754850265e-05,-37.35004180806577,-37.31509295651723
158,158,1.895387915808278e-05,1.8541925017320626e-05,-37.22812531038424,-37.32240451694175
159,159,1.8447592673951056e-05,1.8626736307755653e-05,-37.34623660828491,-37.30258505718666
160,160,1.8229969166136424e-05,1.8548032992265162e-05,-37.37926186475979,-37.320974124468776
161,161,1.8621591265138104e-05,1.8593527640500963e-05,-37.29958104157009,-37.310334784478826
162,162,1.8335972480102654e-05,1.8584240933705587e-05,-37.35545624288771,-37.31250444971418
163,163,1.9045535483791794e-05,1.8469178604917896e-05,-37.19862098318483,-37.3394769104009
164,164,1.8274738180217664e-05,1.8512642734429774e-05,-37.382237606138546,-37.3292685217303
165,165,1.8385679609731522e-05,1.8557657265199323e-05,-37.350617943318476,-37.31872122541617
166,166,1.8294758146365303e-05,1.8521410215486723e-05,-37.38048370023872,-37.32721221494718
167,167,1.877272580648273e-05,1.847615524303891e-05,-37.27456644203317,-37.33783669489402
168,168,1.8171086181966304e-05,1.864258473161547e-05,-37.40395221370418,-37.29889146511033
169,169,1.8411928011250284e-05,1.843779869216776e-05,-37.347091936031056,-37.34686203225701
170,170,1.8394085544190902e-05,1.8497688822543224e-05,-37.35885602777258,-37.33277802920856
171,171,1.916774616211583e-05,1.8551838461701808e-05,-37.17926429851364,-37.320083181013494
172,172,1.789087017988498e-05,1.851474208754218e-05,-37.476223258696784,-37.32877605515312
173,173,1.865174018001705e-05,1.8436880629068536e-05,-37.29741195696905,-37.34707828348709
174,174,1.8245962986763995e-05,1.8516846754018363e-05,-37.38648185928175,-37.32828239821512
175,175,1.8225062826645954e-05,1.848956722632896e-05,-37.39312713685803,-37.33468526151156
176,176,1.8042385921400693e-05,1.838845376991422e-05,-37.42886887541897,-37.358500599223476
177,177,1.912486836256894e-05,1.855655768610488e-05,-37.1874630285952,-37.31897856139049
178,178,1.8873969875318096e-05,1.845172118919436e-05,-37.24477599057018,-37.34358388500028
179,179,1.8771153215133493e-05,1.8413114144335085e-05,-37.263859110060324,-37.352680267785104
180,180,1.8336989660852362e-05,1.8532734046809645e-05,-37.366422608605674,-37.3245577871046
181,181,1.9338684763066884e-05,1.8410290019681652e-05,-37.13156301192561,-37.35334642116415
182,182,1.9224895940047627e-05,1.8454290463858725e-05,-37.15874632927171,-37.342979202044276
183,183,1.852343639350777e-05,1.8416795012997584e-05,-37.32285562997128,-37.35181217932622
184,184,1.8217778767965563e-05,1.8438419924917215e-05,-37.40277221245314,-37.3467157059984
185,185,1.8245534811660373e-05,1.856155315755658e-05,-37.384111610770304,-37.31780958718907
186,186,1.8047394508723356e-05,1.8388176326162036e-05,-37.432774931015885,-37.35856612577678
187,187,1.8547133746774168e-05,1.8429803898662183e-05,-37.31870018719569,-37.348745580149384
188,188,1.8176214063114646e-05,1.8463764909507806e-05,-37.40076422714013,-37.34075010329397
189,189,1.7635046272507398e-05,1.837037880728818e-05,-37.53701423761114,-37.36277160382912
190,190,1.831776706839986e-05,1.8478248947710535e-05,-37.364522679769564,-37.337344583381736
191,191,1.83041981763006e-05,1.8375594137116997e-05,-37.37788218830662,-37.361538821676575
192,192,1.8631672666986597e-05,1.8481046218336194e-05,-37.29562315872005,-37.33668719032596
193,193,1.8351235938979763e-05,1.839368633227423e-05,-37.361292665227914,-37.35726495987885
194,194,1.8239237235939446e-05,1.844726552678223e-05,-37.38770457621538,-37.34463273201774
195,195,1.8504133052927726e-05,1.8498227099802246e-05,-37.319565896546926,-37.33265165264103
196,196,1.804296361930853e-05,1.8446686082920916e-05,-37.4446233546145,-37.344769149647504
197,197,1.861335450606949e-05,1.8408894184655144e-05,-37.30223249635553,-37.35367570790043
198,198,1.850467081745479e-05,1.845421473645777e-05,-37.326713515378685,-37.342997023406696
199,199,1.833867676414792e-05,1.84205144633827e-05,-37.3661623534753,-37.350935168053454
200,200,1.838812665679593e-05,1.831703641647963e-05,-37.36287811272591,-37.37540063324595
201,201,1.8473284764751822e-05,1.83467088247294e-05,-37.3334859231882,-37.36837103717148
202,202,1.83215753477458e-05,1.8451873218413983e-05,-37.37299708277621,-37.34354810233345
203,203,1.8341633662690657e-05,1.8351566196590858e-05,-37.36903930181023,-37.36722137560996
204,204,1.8770931682851858e-05,1.848084172563272e-05,-37.269128687460544,-37.336735245259106
205,205,1.8668579821341034e-05,1.8435196244880852e-05,-37.28827154167721,-37.34747507087779
206,206,1.903369360024016e-05,1.8418045951157663e-05,-37.21047281809385,-37.351517200156444
207,207,1.8832764336488272e-05,1.8431421075978217e-05,-37.24893463447866,-37.348364512409205
208,208,1.8345390382125617e-05,1.8380165401092535e-05,-37.369689990630405,-37.36045856935418
209,209,1.9122290460782285e-05,1.847594203833356e-05,-37.18329024960286,-37.337886810386166
210,210,1.7814294017053846e-05,1.8499663766354052e-05,-37.490553870619976,-37.33231437051954
211,211,1.8397295535419054e-05,1.830583517546888e-05,-37.3547328655083,-37.37805724486687
212,212,1.841660934925252e-05,1.838157530935285e-05,-37.342850337559824,-37.36012544292115
213,213,1.777397905168551e-05,1.8374586273383004e-05,-37.498813795411934,-37.36177702984503
214,214,1.799419355050951e-05,1.837797284870727e-05,-37.44668834573656,-37.36097666599817
215,215,1.8920441585372098e-05,1.8353834524245222e-05,-37.22983460309992,-37.36668460327382
216,216,1.8111204825771957e-05,1.8426982263152143e-05,-37.41131458486037,-37.34941054357238
217,217,1.814204667247508e-05,1.8376933344131286e-05,-37.4150920771201,-37.36122232087702
218,218,1.8162363162024195e-05,1.8309640405564814e-05,-37.40731866219017,-37.37715457165957
219,219,1.865214851500944e-05,1.8377513123069595e-05,-37.288291464330655,-37.36108530627451
220,220,1.81998820687685e-05,1.835531106495948e-05,-37.396699957268055,-37.366335233396335
221,221,1.8224509310045703e-05,1.830127257562708e-05,-37.38935461408571,-37.3791398280407
222,222,1.7916096787546886e-05,1.8318665991644496e-05,-37.46345161040321,-37.37501428034106
223,223,1.8697163964649926e-05,1.8357101716422842e-05,-37.27966299315436,-37.36591157829374
224,224,1.8479961102822982e-05,1.8251054107646557e-05,-37.33381346659902,-37.39107319548117
225,225,1.8584246775099392e-05,1.8333510285485415e-05,-37.31650521803545,-37.371496456347955
226,226,1.8021371708771804e-05,1.837817375130008e-05,-37.43334723927046,-37.3609291904625
227,227,1.898327896811942e-05,1.8282369924954284e-05,-37.218032095804986,-37.3836277997406
228,228,1.795321666052296e-05,1.8279532732298033e-05,-37.45285309515662,-37.384301822167025
229,229,1.8784580319821618e-05,1.8298660889788726e-05,-37.268633987759074,-37.37975963285595
230,230,1.842496378943456e-05,1.820478294240801e-05,-37.34614222844206,-37.40209767010657
231,231,1.8905633483301083e-05,1.82636181546657e-05,-37.233380355100294,-37.38808453576273
232,232,1.7921418250423194e-05,1.824450287370526e-05,-37.470358955452625,-37.39263237967577
233,233,1.8177749693349303e-05,1.8281789045048707e-05,-37.406276892753354,-37.38376578893262
234,234,1.8184661037350415e-05,1.823576688988588e-05,-37.40948750636418,-37.39471240247377
235,235,1.7738431845068543e-05,1.824512099502547e-05,-37.51736189107723,-37.3924852437779
236,236,1.83116984696904e-05,1.8186791892635245e-05,-37.373201533712624,-37.406391748783804
237,237,1.8381802190035778e-05,1.818762498978207e-05,-37.359759764672305,-37.40619281253969
238,238,1.8250537220044806e-05,1.825392011692441e-05,-37.38343351627937,-37.39039126539167
239,239,1.8619191718075337e-05,1.82344662645942e-05,-37.29966160424452,-37.39502216434727
240,240,1.811283678743513e-05,1.8260975498139343e-05,-37.417426783722604,-37.388712984177445
241,241,1.8345626719480804e-05,1.8131996081425122e-05,-37.36512259947372,-37.41949655641883
242,242,1.8030549279163886e-05,1.8228053178111287e-05,-37.43642371473018,-37.39654985258318
243,243,1.8166154770426017e-05,1.8137452283745486e-05,-37.40812906509941,-37.41818989272001
244,244,1.793038049560057e-05,1.825556477055407e-05,-37.46538811832713,-37.389999989536264
245,245,1.772568159196322e-05,1.8182693470168343e-05,-37.51830555004893,-37.40737054859451
246,246,1.8014149111305535e-05,1.8253905038459618e-05,-37.43910244028509,-37.39039485283848
247,247,1.86293453638071e-05,1.8275152749418722e-05,-37.31232860435128,-37.3853425655789
248,248,1.81417333468622e-05,1.815704356551195e-05,-37.41013633715148,-37.41350136560764
249,249,1.8203273096323474e-05,1.8154041945787246e-05,-37.39770527116257,-37.41421937602667
250,250,1.7964370197228865e-05,1.8156778998290018e-05,-37.447573386679636,-37.41356464734251
251,251,1.789882806162458e-05,1.81260073460228e-05,-37.455373589413796,-37.42093120505725
252,252,1.8123101841579744e-05,1.8122540735164778e-05,-37.42024707187905,-37.4217618755535
253,253,1.856707136145824e-05,1.8123754671250936e-05,-37.308957764263354,-37.42147097369007
254,254,1.8276343185207973e-05,1.8152473737580677e-05,-37.37698497256233,-37.41459455065205
255,255,1.825167106927466e-05,1.814526934283908e-05,-37.383683472915855,-37.416318530523675
256,256,1.7709845657740627e-05,1.813334835644223e-05,-37.5146886549303,-37.419172673887275
257,257,1.796611384859191e-05,1.811057987460548e-05,-37.453829640766585,-37.42462916152886
258,258,1.7571328573898634e-05,1.8095842039512815e-05,-37.55062858879367,-37.428164755752796
259,259,1.8075843784281834e-05,1.818168292581839e-05,-37.424720101514936,-37.40761192429155
260,260,1.8141020518669393e-05,1.8209391782875173e-05,-37.41526724576619,-37.40099832129054
261,261,1.8112257073636974e-05,1.8148398148217605e-05,-37.42867964915422,-37.41556973713456
262,262,1.6880181309594245e-05,1.8252882527074115e-05,-37.720722748674625,-37.39063813420183
263,263,1.8025556387657e-05,1.8065749444710827e-05,-37.43922672740334,-37.43539289497403
264,264,1.8296583511607995e-05,1.8058672379227476e-05,-37.37045282062931,-37.43709453080464
265,265,1.8736966406313232e-05,1.7999375957419705e-05,-37.28094961722812,-37.451378238985974
266,266,1.8140478900510135e-05,1.8004289095666825e-05,-37.40940172881383,-37.4501929436336
267,267,1.805489018900601e-05,1.8009623282092723e-05,-37.43232913553862,-37.44890643650666
268,268,1.7890228039120593e-05,1.8030514183919877e-05,-37.4766180042207,-37.44387160310169
269,269,1.7889793788217314e-05,1.7910411339758675e-05,-37.4682138483587,-37.472897119765236
270,270,1.779227439084897e-05,1.7939615453973313e-05,-37.490255999495105,-37.465821427169075
271,271,1.8349346177761692e-05,1.7991633476891654e-05,-37.371181306705836,-37.45324677041885
272,272,1.7994462535911618e-05,1.790854907755458e-05,-37.44477524667279,-37.473348707522334
273,273,1.8232233479775648e-05,1.790869426162987e-05,-37.394252762125056,-37.47331349954044
274,274,1.7442442138829946e-05,1.7792786485714667e-05,-37.58771246507801,-37.50151304941708
275,275,1.8119580775034883e-05,1.7741418224958532e-05,-37.42024107061022,-37.514069383750794
276,276,1.835825717244381e-05,1.765909588644526e-05,-37.368080258793235,-37.53426807447463
277,277,1.7530861300984564e-05,1.7742832249879076e-05,-37.559154469569556,-37.51372325654654
278,278,1.7269706620130274e-05,1.7631019019111255e-05,-37.63156667528928,-37.541178582506525
279,279,1.79608676674987e-05,1.75121890845874e-05,-37.45543772153168,-37.570548343728454
280,280,1.706199087568597e-05,1.7570843068058723e-05,-37.673374647368234,-37.556026722572156
281,281,1.8008520182962627e-05,1.7404636022738967e-05,-37.451062702697435,-37.597303267097075
282,282,1.6949758113715342e-05,1.7378279967248856e-05,-37.708150317374404,-37.60388482665236
283,283,1.6992541035149996e-05,1.7340263423791742e-05,-37.696025384178384,-37.61339581417117
284,284,1.7128042178303506e-05,1.723686584323571e-05,-37.65875154592364,-37.63936970701862
285,285,1.704212265451002e-05,1.7166263444922054e-05,-37.683802088569344,-37.65719498958831
286,286,1.7238541040194495e-05,1.7189332825900667e-05,-37.63188558285053,-37.65136251543371
287,287,1.6834100569747197e-05,1.6968794338218256e-05,-37.733750814297366,-37.707442861213714
288,288,1.6927021299368826e-05,1.6916436116413313e-05,-37.71478566839718,-37.72086399166122
289,289,1.696971960029128e-05,1.695724830297925e-05,-37.69903252560994,-37.71039892634561
290,290,1.6941327904186035e-05,1.6829157414720515e-05,-37.70691973306698,-37.74332899469464
291,291,1.7098906215492723e-05,1.6729267085075233e-05,-37.67192688075718,-37.769183573824435
292,292,1.6809114987557495e-05,1.6694644775845135e-05,-37.74539515403566,-37.77818089483815
293,293,1.682317732272552e-05,1.668230977788641e-05,-37.74113893675465,-37.78139090717347
294,294,1.6929122466535773e-05,1.6642265109112486e-05,-37.72109596292143,-37.79182836187947
295,295,1.6599896926638075e-05,1.6500166327061476e-05,-37.797085264926295,-37.82906950105422
296,296,1.6638422653393474e-05,1.655764959937905e-05,-37.78100860406626,-37.813965845575886
297,297,1.6430342332841037e-05,1.6512778912376808e-05,-37.84790375313476,-37.82575105949637
298,298,1.6486182241501364e-05,1.643581330618441e-05,-37.82680684958478,-37.84604072689143
299,299,1.65365520833521e-05,1.6505318327338165e-05,-37.8201248867502,-37.82771367469231
300,300,1.614936715584205e-05,1.6522451819343443e-05,-37.921631318920056,-37.82320778061102
301,301,1.650559757182077e-05,1.6477450548049283e-05,-37.82058063557089,-37.83505255257355
302,302,1.6379462273838837e-05,1.640947156326882e-05,-37.85447651838516,-37.85300676545079
303,303,1.6170725007448465e-05,1.6474228256189044e-05,-37.9176677365221,-37.83590193180352
304,304,1.6657823994371694e-05,1.637275296448742e-05,-37.776643160392325,-37.86273563024411
305,305,1.680127715911853e-05,1.6354320857652438e-05,-37.74277340992297,-37.867627581891355
306,306,1.6639206834727318e-05,1.6441261849602023e-05,-37.79315643161232,-37.84460126042361
307,307,1.6682506799211813e-05,1.6486039337331404e-05,-37.77998113603885,-37.83278940392707
308,308,1.5950001735413044e-05,1.6395816649157113e-05,-37.969138266810766,-37.8566221912039
309,309,1.742347443929979e-05,1.6467018739556233e-05,-37.589509853695226,-37.83780292440481
310,310,1.6381044353936923e-05,1.634933562998317e-05,-37.860553722191405,-37.868951627650816
311,311,1.6187965342134103e-05,1.6320940583107968e-05,-37.90597377139287,-37.876500884471305
312,312,1.6839928771192136e-05,1.6366841631871037e-05,-37.73026218689795,-37.86430392038059
313,313,1.6691549783140498e-05,1.632070004569342e-05,-37.77861948121861,-37.87656489110199
314,314,1.672044593001327e-05,1.6396685168729164e-05,-37.776866813858064,-37.85639214272529
315,315,1.7014394692636152e-05,1.6353445492936053e-05,-37.68358733255275,-37.86786004415245
316,316,1.6548700400984597e-05,1.640322836082257e-05,-37.822830645638945,-37.85465941117077
317,317,1.6467708275703227e-05,1.6443460050428066e-05,-37.834814285732364,-37.84402064642712
318,318,1.6367268922154254e-05,1.639009152361388e-05,-37.87222220426065,-37.85813893458267
319,319,1.69152043472235e-05,1.6347065674811968e-05,-37.71859080005682,-37.86955464753512
320,320,1.661805884199116e-05,1.635883606803346e-05,-37.80081587342392,-37.86642871810085
321,321,1.682170708234705e-05,1.6524135533377137e-05,-37.74447560907713,-37.822765237054696
322,322,1.6813124743420464e-05,1.6339755300003545e-05,-37.7489415035148,-37.87149723809498
323,323,1.6518042834785276e-05,1.6306099352828152e-05,-37.8209620854135,-37.88045188025418
324,324,1.6648727303374434e-05,1.6452357254150373e-05,-37.786700863784375,-37.84167140759265
325,325,1.6445618618406313e-05,1.63152190476754e-05,-37.84229513791057,-37.87802363182881
326,326,1.6601175994980724e-05,1.633503382579779e-05,-37.80090610940894,-37.87275234043115
327,327,1.659833411470094e-05,1.6332801638590783e-05,-37.80033482050118,-37.873345845678315
328,328,1.666315283634419e-05,1.6381199633255356e-05,-37.789216394971376,-37.86049569189972
329,329,1.6543007451715667e-05,1.6373904336911726e-05,-37.819435121519774,-37.862430234376625
330,330,1.660711292323558e-05,1.635768842932425e-05,-37.80033904827116,-37.866733403984504
331,331,1.6659950336727035e-05,1.641722380889788e-05,-37.789335107497074,-37.85095553396162
332,332,1.6399802438378904e-05,1.630962292677539e-05,-37.84980318098214,-37.87951351763587
333,333,1.5981780642946012e-05,1.6446056753537913e-05,-37.960108502063,-37.84333487543157
334,334,1.7486978866089105e-05,1.628547890600442e-05,-37.57653147523599,-37.88594737813633
335,335,1.6234359857653263e-05,1.632501770425159e-05,-37.890853290240955,-37.87541611237894
336,336,1.6361768635742356e-05,1.637554741089269e-05,-37.864696653815734,-37.861994454279056
337,337,1.657138103293675e-05,1.6285957539558265e-05,-37.80782730894498,-37.885819739976036
338,338,1.6540475146555145e-05,1.6348684383908557e-05,-37.812443092305934,-37.86912462441116
339,339,1.6057077324880195e-05,1.630570654685327e-05,-37.94014065478271,-37.88055650093534
340,340,1.638755891446598e-05,1.6390569487013733e-05,-37.859253991511956,-37.858012288651366
341,341,1.686794879338008e-05,1.643062272418511e-05,-37.72699551683223,-37.84741248568927
342,342,1.6534668051013025e-05,1.6469088558024897e-05,-37.81436448184713,-37.83725707317076
343,343,1.7408166227657612e-05,1.6341491764729942e-05,-37.59509730235888,-37.87103572752416
344,344,1.657094419419288e-05,1.6315305401803926e-05,-37.812290448469,-37.87800064530184
345,345,1.7195979313497053e-05,1.6427654564291804e-05,-37.64649427689427,-37.84819710105742
346,346,1.6250563124596794e-05,1.6393806474393625e-05,-37.883379518527896,-37.85715468150136
347,347,1.643190878275698e-05,1.6353874822303432e-05,-37.84556224549271,-37.86774602969123
348,348,1.6173517493727333e-05,1.6321507724856737e-05,-37.90534239960856,-37.876349972671036
349,349,1.6768670114466547e-05,1.631736976330438e-05,-37.758253292038695,-37.87745117100655
350,350,1.6607685576729507e-05,1.6333963350533803e-05,-37.79932290401284,-37.87303695369786
351,351,1.6260949216546615e-05,1.6351321679202986e-05,-37.88756370434063,-37.86842409683707
352,352,1.6576726995912602e-05,1.637524756484996e-05,-37.80788120925847,-37.86207397691775
353,353,1.6096342377065795e-05,1.6364428024405098e-05,-37.92868068496062,-37.86494441885
354,354,1.6257413776234972e-05,1.629974614939113e-05,-37.88664273224487,-37.88214431373507
355,355,1.6663290423202478e-05,1.625207795242252e-05,-37.78321723474483,-37.8948637543654
356,356,1.623940692504042e-05,1.6496662043975545e-05,-37.89472939024711,-37.829991947779014
357,357,1.6828577077156052e-05,1.63079671198686e-05,-37.745653290172214,-37.87995445015253
358,358,1.6126710030108633e-05,1.638122672662384e-05,-37.921963609558425,-37.86048850897603
359,359,1.646479808955847e-05,1.6346025978763417e-05,-37.84121201625893,-37.86983087363309
360,360,1.6291023505978844e-05,1.6437181904238012e-05,-37.87903566866205,-37.84567910813466
361,361,1.6341738280727404e-05,1.6277596076083444e-05,-37.868812390762315,-37.8880500478659
362,362,1.6284130473762808e-05,1.6326788729776653e-05,-37.89180569018511,-37.87494499197392
363,363,1.606668984001687e-05,1.6368635394763642e-05,-37.940579973146114,-37.8638279711062
364,364,1.635463581571701e-05,1.637295515952007e-05,-37.86486597768982,-37.862681997452526
365,365,1.631300679927682e-05,1.642109074102911e-05,-37.87716898581761,-37.84993271210412
366,366,1.6666119401784225e-05,1.6292404803894705e-05,-37.78057423831318,-37.884100800680244
367,367,1.6622864396341947e-05,1.6343348809306535e-05,-37.79104467925879,-37.87054222399227
368,368,1.6438311709843566e-05,1.6244210918988467e-05,-37.83369477836457,-37.896966523262876
369,369,1.7016263507347383e-05,1.6341638863530916e-05,-37.690852348921936,-37.87099663445301
370,370,1.703634645365906e-05,1.6341604398468534e-05,-37.69190544193367,-37.871005793878396
371,371,1.6521990257444356e-05,1.636257370831261e-05,-37.81479400899097,-37.865436562465305
372,372,1.6917390200536285e-05,1.635441319529874e-05,-37.71708203358437,-37.86760306138854
373,373,1.73385741871562e-05,1.630660134603539e-05,-37.61303746513188,-37.88031818210885
374,374,1.6486219174487242e-05,1.6287578498457534e-05,-37.83311007895031,-37.885387503509534
375,375,1.6683374560295878e-05,1.6423582086357974e-05,-37.77838108681436,-37.84927386703868
376,376,1.6451446904237357e-05,1.6417308966322852e-05,-37.83718058969858,-37.85093300682532
377,377,1.648184209527957e-05,1.630763185140064e-05,-37.83501392559733,-37.88004373580123
378,378,1.6062248861774222e-05,1.6316028689432544e-05,-37.94626338575385,-37.87780811880255
379,379,1.6131169798324298e-05,1.633807000632116e-05,-37.92152952624903,-37.87194519553427
380,380,1.607988216380466e-05,1.628048822136694e-05,-37.93390797807443,-37.887278477444674
381,381,1.6398170082913903e-05,1.633514947522934e-05,-37.85531660947822,-37.87272159318404
382,382,1.6387180967848106e-05,1.639796592874183e-05,-37.858999514117244,-37.85605292459805
383,383,1.6363408464065887e-05,1.6278347988861098e-05,-37.871982611907825,-37.887849438373756
384,384,1.6810025401130204e-05,1.6265801317977573e-05,-37.747924879986726,-37.89119808955499
385,385,1.657916004425959e-05,1.6294587974124098e-05,-37.80597766131143,-37.883518888264106
386,386,1.62537153394708e-05,1.6242159673358975e-05,-37.89311996436483,-37.897514965358965
387,387,1.652595226014736e-05,1.6375387100484467e-05,-37.82107803911083,-37.862036970272406
388,388,1.6422137349829575e-05,1.636828069182995e-05,-37.84225509500249,-37.86392208230862
389,389,1.70975570785531e-05,1.6292253492697217e-05,-37.67097162035889,-37.88414113476478
390,390,1.6011017784698308e-05,1.631567561401569e-05,-37.95454983912496,-37.877902100228596
391,391,1.653723409186362e-05,1.6317171972140816e-05,-37.813513027822815,-37.87750381437541
392,392,1.631860554552236e-05,1.639425988143653e-05,-37.87611020477201,-37.85703456940041
393,393,1.703934850814493e-05,1.6264081367760235e-05,-37.67779482475594,-37.891657337992164
394,394,1.663579205717152e-05,1.6292399586267204e-05,-37.78771822013778,-37.8841021915045
395,395,1.6170947983670146e-05,1.6296137418018924e-05,-37.915310543196156,-37.88310593953348
396,396,1.6565556947658553e-05,1.626654212534624e-05,-37.82054216752357,-37.89100029959069
397,397,1.6457421309299668e-05,1.6306445295891824e-05,-37.82408029286745,-37.880359743215976
398,398,1.690241347627232e-05,1.6151985858557867e-05,-37.71534180951376,-37.921693464707516
399,399,1.6826772339628244e-05,1.6347623625877434e-05,-37.739294015856856,-37.86940641852661
400,400,1.6229747444347447e-05,1.623519777862576e-05,-37.898433447394765,-37.89937688563189
401,401,1.6142927848967392e-05,1.6216483297619944e-05,-37.91950928870152,-37.90438593075002
402,402,1.609418988439372e-05,1.6282466659552148e-05,-37.923596134899405,-37.88675074598368
403,403,1.6372071748020934e-05,1.6204133987086704e-05,-37.8624720221946,-37.9076944659529
404,404,1.6675028840011493e-05,1.630668947128518e-05,-37.77331310608113,-37.88029471173298
405,405,1.6396005541781088e-05,1.6232328753654945e-05,-37.847131100802955,-37.90014442282957
406,406,1.6385356699624797e-05,1.632128485078666e-05,-37.85826371432178,-37.87640927702042
407,407,1.626818756608607e-05,1.626199441249666e-05,-37.88145001513374,-37.892214646634194
408,408,1.6618568552825983e-05,1.6163623274080334e-05,-37.795400646553,-37.91856552393887
409,409,1.617776429016304e-05,1.6391212499767887e-05,-37.90954046955665,-37.85784191542939
410,410,1.6376924183541914e-05,1.6183276305750233e-05,-37.850130332221426,-37.91328823036946
411,411,1.637555331249179e-05,1.6229794997152087e-05,-37.865028401583636,-37.900822379994885
412,412,1.5660387305746854e-05,1.6459382143358725e-05,-38.050901602078675,-37.839817436504305
413,413,1.6779894657392826e-05,1.635709730563624e-05,-37.75444927600448,-37.86689034938402
414,414,1.6203349801311486e-05,1.624898040494085e-05,-37.907938944136596,-37.89569157219706
415,415,1.590736798986195e-05,1.6333490126080026e-05,-37.979595134167084,-37.873162778484996
416,416,1.6293069915939003e-05,1.6167474840537915e-05,-37.879351457369836,-37.917530783911666
417,417,1.6459637438472164e-05,1.6165895766263067e-05,-37.840263679504716,-37.91795497924407
418,418,1.6425255566478956e-05,1.6104840381702063e-05,-37.84995562416782,-37.9343884737404
419,419,1.610842835211817e-05,1.6132277251974875e-05,-37.92864672680484,-37.926995949152634
420,420,1.6185018241755933e-05,1.6050658096470504e-05,-37.90882771883987,-37.949024284644835
421,421,1.616454215932724e-05,1.6350913028873038e-05,-37.917792415864135,-37.86853263656526
422,422,1.664806544438986e-05,1.616381718792438e-05,-37.787852592632305,-37.91851342224988
423,423,1.5903438382047545e-05,1.6296492168820758e-05,-37.99157840471113,-37.88301139894707
424,424,1.606000541963197e-05,1.6104495348133097e-05,-37.946205606962295,-37.93448151892229
425,425,1.5724854137326623e-05,1.6095776357504194e-05,-38.039126658718594,-37.93683343051177
426,426,1.5955859509500142e-05,1.605799120864647e-05,-37.971702691283014,-37.947040563574355
427,427,1.646301098872689e-05,1.593454238134559e-05,-37.83936898988252,-37.98055676536852
428,428,1.6025410350829186e-05,1.6108185263874475e-05,-37.95289621237602,-37.933486562885264
429,429,1.6552101611129738e-05,1.59708332304083e-05,-37.81229453464094,-37.97067697427597
430,430,1.6431821096216246e-05,1.6024938447930925e-05,-37.84437192887311,-37.95598902110153
431,431,1.6141746312211216e-05,1.598563449078938e-05,-37.92120707194283,-37.96665393504369
432,432,1.596729268301002e-05,1.5937662283249665e-05,-37.968568021707995,-37.97970652221803
433,433,1.6499280427899403e-05,1.5884336933499742e-05,-37.828599648903534,-37.99426181565623
434,434,1.5776678608126157e-05,1.5867893221423545e-05,-38.016329758892645,-37.998760028235495
435,435,1.5821330409905677e-05,1.5944632076226345e-05,-38.011186079285146,-37.977807698598966
436,436,1.6775991659330628e-05,1.5857186266849137e-05,-37.7482665718879,-38.00169144498288
437,437,1.6387779940430976e-05,1.5841749509012227e-05,-37.86336948073308,-38.00592130261874
438,438,1.613293808105416e-05,1.585090548791126e-05,-37.92238718884191,-38.00341195701592
439,439,1.6269698799359757e-05,1.5838516925501417e-05,-37.88061263605768,-38.006807591368116
440,440,1.6199300974681276e-05,1.5772884532787812e-05,-37.90592045890526,-38.02484148144068
441,441,1.549576732078591e-05,1.5819242626572593e-05,-38.09143187118016,-38.01209585106814
442,442,1.5466695866465315e-05,1.5716003298094667e-05,-38.1043693412014,-38.04053160892505
443,443,1.6305459184033828e-05,1.5691447371960077e-05,-37.87406438161789,-38.047322676116934
444,444,1.5403280204483644e-05,1.5646444473149084e-05,-38.11846180455251,-38.059796089552094
445,445,1.556707280242429e-05,1.5633709345389723e-05,-38.07565168677547,-38.06333238675184
446,446,1.6392121633731392e-05,1.5630111575822076e-05,-37.85225596698743,-38.06433193922575
447,447,1.6008099666259552e-05,1.5623097169736866e-05,-37.95544141864368,-38.06628138251817
448,448,1.6257974306258286e-05,1.557186629054884e-05,-37.89102040561916,-38.08054606224156
449,449,1.572630027140738e-05,1.5474626898618514e-05,-38.03251493455389,-38.107750854211616
450,450,1.4856703030053508e-05,1.5504902684800693e-05,-38.28304158996587,-38.099262274018805
451,451,1.5622295642370052e-05,1.5440555025155557e-05,-38.05925852576772,-38.11732364770879
452,452,1.5763628446798864e-05,1.5484650918408176e-05,-38.02337039829175,-38.104938529803405
453,453,1.5143939093569625e-05,1.5445819707038983e-05,-38.199735132920864,-38.11584310987752
454,454,1.5212045479163807e-05,1.5348467059084214e-05,-38.175561116943,-38.14330265715027
455,455,1.5747989488500962e-05,1.532251840935236e-05,-38.03100379019238,-38.15065120360747
456,456,1.54586642687737e-05,1.5268915472245825e-05,-38.10079900148359,-38.16587081293609
457,457,1.5328054313116453e-05,1.5287068842888785e-05,-38.142554512329795,-38.16071050813659
458,458,1.5494961124054545e-05,1.5175863968340165e-05,-38.09785617371331,-38.19241847152259
459,459,1.501826079323475e-05,1.5203743044510606e-05,-38.22916974395596,-38.18444751104563
460,460,1.570801109242968e-05,1.5059383450103556e-05,-38.03849441969095,-38.225880804993245
461,461,1.5383355763408392e-05,1.4991010462644657e-05,-38.13363393610872,-38.245643649029084
462,462,1.5430322829282905e-05,1.5010632523626555e-05,-38.126680415571116,-38.239962790799424
463,463,1.4872433022207691e-05,1.4918619327593325e-05,-38.27737290623504,-38.26666639795787
464,464,1.4541557227614211e-05,1.4958243857683173e-05,-38.376942497363444,-38.25514663114085
465,465,1.4894770080815957e-05,1.4724677289211142e-05,-38.271297999290475,-38.32349486746366
466,466,1.4869225684453772e-05,1.4732509618242099e-05,-38.27490626935234,-38.32118538871442
467,467,1.4832266670148868e-05,1.4671507606659648e-05,-38.28536666382532,-38.33920529043149
468,468,1.466533976594123e-05,1.4673438703252223e-05,-38.339661854821124,-38.338633699952815
469,469,1.5015968463408218e-05,1.4699348866997752e-05,-38.24057985310099,-38.33097174820129
470,470,1.4705945310178668e-05,1.4561431367167787e-05,-38.32386485966956,-38.37191204590871
471,471,1.4551706757179231e-05,1.4548440862869794e-05,-38.37349723069127,-38.37578819119968
472,472,1.4398811696626525e-05,1.4514425808891629e-05,-38.416647761519215,-38.38595412366359
473,473,1.4952544925389956e-05,1.4526111954182852e-05,-38.247137622593755,-38.38245885182665
474,474,1.4711220070033228e-05,1.441598473511955e-05,-38.321237723035004,-38.41550958404501
475,475,1.4802625740877684e-05,1.4427376682808818e-05,-38.29552557289421,-38.41207901282611
476,476,1.467974413675076e-05,1.440294660202007e-05,-38.33160995863305,-38.41943921598001
477,477,1.4517591395262346e-05,1.4325939159071391e-05,-38.37821304950775,-38.442721697531795
478,478,1.418400790367441e-05,1.4342016871332338e-05,-38.48855858258044,-38.4378504312014
479,479,1.4505373956032514e-05,1.4333550385153534e-05,-38.38532229813915,-38.44041494774785
480,480,1.4261976971705661e-05,1.4192987069499826e-05,-38.46053493241357,-38.483214650664515
481,481,1.4024353094072532e-05,1.4269241355099152e-05,-38.5263543418342,-38.459943883387446
482,482,1.4334564428319242e-05,1.4268782443219894e-05,-38.438757622917564,-38.46008355871905
483,483,1.4144458039003645e-05,1.4198870830066307e-05,-38.49603063783982,-38.48141463828598
484,484,1.4413013278246262e-05,1.4250362159816033e-05,-38.41369947505448,-38.46569370492868
485,485,1.4347069999221089e-05,1.4289423042531493e-05,-38.43428023085366,-38.453805783352834
486,486,1.4345901007866055e-05,1.4172322248908275e-05,-38.434868054531776,-38.48954253451689
487,487,1.4154335048326325e-05,1.4157821026042497e-05,-38.49400100287852,-38.49398854212113
488,488,1.4122250888117987e-05,1.4136084724955972e-05,-38.505879564551115,-38.50066132710814
489,489,1.4265018059453836e-05,1.4110189448202667e-05,-38.449298723281615,-38.50862427392587
490,490,1.4254587374134926e-05,1.4137651114173136e-05,-38.466099811958344,-38.50018012137142
491,491,1.4042059680748222e-05,1.4116078234924076e-05,-38.52527768094931,-38.506812155055584
492,492,1.4402529973501925e-05,1.4140624587430226e-05,-38.41776539952372,-38.49926679621254
493,493,1.3928498100137131e-05,1.4117237601328126e-05,-38.560873148361324,-38.50645547967605
494,494,1.400764420433222e-05,1.4082471256858154e-05,-38.53612820355007,-38.51716398683477
495,495,1.4119643179283324e-05,1.4082750567467883e-05,-38.49806770548784,-38.51707785006844
496,496,1.4570396967063006e-05,1.403750473783523e-05,-38.36646450504285,-38.53105356322091
497,497,1.3949539485092265e-05,1.400793285268408e-05,-38.55012250682018,-38.54021220890709
498,498,1.4135778862331903e-05,1.4008503153730234e-05,-38.494166598058825,-38.54003539941045
499,499,1.419188952850257e-05,1.4010402848821526e-05,-38.46723205389103,-38.53944649198014
500,500,1.4145376863058287e-05,1.4074435775431707e-05,-38.48030266463873,-38.51964278561311
501,501,1.4115379636893625e-05,1.4051233368885924e-05,-38.5092790956543,-38.52680825382928
502,502,1.421581595254277e-05,1.3991075320518576e-05,-38.47295111035892,-38.5454417756384
503,503,1.4038938594971227e-05,1.4014034173956852e-05,-38.52826373081831,-38.538320999628006
504,504,1.4137159915972193e-05,1.4014088073484967e-05,-38.49917424336243,-38.53830429621318
505,505,1.4036173834216411e-05,1.3927763718943184e-05,-38.53551611669613,-38.56513881697897
506,506,1.3818688972774513e-05,1.397855698757523e-05,-38.5898544413392,-38.5493293085334
507,507,1.4117461639038196e-05,1.3981997127350615e-05,-38.50700451537834,-38.54826063605802
508,508,1.3894862454482378e-05,1.393022170017694e-05,-38.57148487789276,-38.56437243874082
509,509,1.4094518322513208e-05,1.3971794846599406e-05,-38.51290963050726,-38.551430720770625
510,510,1.4382469586409346e-05,1.3966938719309646e-05,-38.41598870306069,-38.552940445112014
511,511,1.389055775042525e-05,1.3952042680007013e-05,-38.58004055448872,-38.557574760521085
512,512,1.3922165494805836e-05,1.3919815166062969e-05,-38.5571621075002,-38.56761803627699
513,513,1.3538826773508413e-05,1.3889165673294643e-05,-38.68156449553623,-38.577191138613244
514,514,1.3923626208930522e-05,1.3925307269489981e-05,-38.57335519872784,-38.565904852757086
515,515,1.3734955002254322e-05,1.3837561614070038e-05,-38.62025891531415,-38.593357045112086
516,516,1.3582123128142803e-05,1.3873612691608478e-05,-38.6683609228035,-38.58205705998557
517,517,1.3691538425547086e-05,1.3833739582256194e-05,-38.63785482423864,-38.59455676270049
518,518,1.3706022906900244e-05,1.3743608370101643e-05,-38.637447647989916,-38.62294500911861
519,519,1.3924853136035681e-05,1.3772656769249711e-05,-38.56077128994025,-38.61377547678509
520,520,1.3434095092531242e-05,1.3732656905056884e-05,-38.713186157775176,-38.62640702336394
521,521,1.3704029753949426e-05,1.3723083563826022e-05,-38.6283141342621,-38.62943564278373
522,522,1.393529514784531e-05,1.3706652345334939e-05,-38.560658859625335,-38.63463874674273
523,523,1.4389062513502498e-05,1.372219130165544e-05,-38.429378006490126,-38.62971802620975
524,524,1.3411696047639743e-05,1.3745611508248226e-05,-38.72825165309041,-38.62231206875221
525,525,1.3726609741405406e-05,1.3653206367866675e-05,-38.62898006022191,-38.651606175458014
526,526,1.3873651059651652e-05,1.3630937581566335e-05,-38.581562857448695,-38.65869543079572
527,527,1.3264528281501249e-05,1.3626199544983377e-05,-38.775019407046805,-38.660205276201864
528,528,1.340987434850456e-05,1.362015408583255e-05,-38.730569048009535,-38.6621325136065
529,529,1.3841549450271768e-05,1.3615267562272493e-05,-38.590170671197505,-38.66369091814895
530,530,1.3435663595842438e-05,1.3580854676164514e-05,-38.71507977705593,-38.6746817016059
531,531,1.3579645139506068e-05,1.3468388523937105e-05,-38.67719907930025,-38.71079636138836
532,532,1.3706975232239107e-05,1.3510091105816077e-05,-38.63295191154171,-38.69736994458151
533,533,1.3338596067321127e-05,1.3488929844721784e-05,-38.74770110315726,-38.70417776240726
534,534,1.3398275103137381e-05,1.3445824295463113e-05,-38.72787728808182,-38.71807840398523
535,535,1.3575029116350144e-05,1.3392566391925548e-05,-38.66633543678664,-38.735314641622296
536,536,1.3655762120027613e-05,1.3387526068024607e-05,-38.64421707811981,-38.73694942677945
537,537,1.3347584012756005e-05,1.3383478912338001e-05,-38.745954753202774,-38.738262532056424
538,538,1.3463126585342365e-05,1.3315197065821849e-05,-38.710087967483055,-38.760476737611214
539,539,1.3176065444848477e-05,1.326916907074567e-05,-38.80243697802931,-38.77551544430561
540,540,1.3519913587402961e-05,1.323771386140786e-05,-38.691392756401875,-38.78582282770481
541,541,1.3538033787890808e-05,1.3241258880282802e-05,-38.679060918416354,-38.7846599561993
542,542,1.3348730135476217e-05,1.319536185244368e-05,-38.748418023031405,-38.7997396792504
543,543,1.305812021228965e-05,1.3162068123500304e-05,-38.8436928490909,-38.81071137904481
544,544,1.2765907806319728e-05,1.3080209148603516e-05,-38.93721360328388,-38.837805838898156
545,545,1.3603877566320361e-05,1.3021621031695854e-05,-38.66562493032343,-38.85730220251261
546,546,1.3335922396679999e-05,1.3062664325652326e-05,-38.746627330138836,-38.84363505346029
547,547,1.2827009451245534e-05,1.3026609658003221e-05,-38.911132763403884,-38.85563872453603
548,548,1.2852170078348508e-05,1.2964685083716176e-05,-38.914798143023965,-38.876333000877594
549,549,1.2968295327622981e-05,1.2928261017613726e-05,-38.87072735286414,-38.88855160380461
550,550,1.304774599065212e-05,1.2875367725715286e-05,-38.84993841941486,-38.90635630654904
551,551,1.254489758401778e-05,1.2877513750266333e-05,-39.012376503104385,-38.905632498905554
552,552,1.321439448634244e-05,1.2825504391481732e-05,-38.79377870572715,-38.92320818455505
553,553,1.2964118149725014e-05,1.2778115840199844e-05,-38.87246835391232,-38.93928451254431
554,554,1.278289936138761e-05,1.277850089153569e-05,-38.93848183317098,-38.939153645714654
555,555,1.2669381661551821e-05,1.2656038674513662e-05,-38.96819290999901,-38.98097478892255
556,556,1.2757036848156953e-05,1.2652168200139912e-05,-38.94127476006975,-38.982303153025384
557,557,1.2955318441564701e-05,1.2638985792459847e-05,-38.88179287825681,-38.9868304651708
558,558,1.2534000159144647e-05,1.2620896852336285e-05,-39.01750771692129,-38.99305054808448
559,559,1.2476886273436753e-05,1.2546312494745698e-05,-39.03390514755831,-39.01879171733339
560,560,1.2587282859366843e-05,1.2528236526888673e-05,-39.003517663622645,-39.02505328115931
561,561,1.2574232669910848e-05,1.2491991870583183e-05,-39.0059984669172,-39.03763579239185
562,562,1.229866563907186e-05,1.2457471616232252e-05,-39.100090337033045,-39.049653658469936
563,563,1.2732325886486016e-05,1.2405883018417577e-05,-38.95279007307802,-39.067675905138664
564,564,1.238707270588457e-05,1.2382935413992718e-05,-39.07286914520064,-39.075716644029576
565,565,1.2500655879962651e-05,1.2375401255619517e-05,-39.0365785966216,-39.07835982927415
566,566,1.3050469692878079e-05,1.2335065357068456e-05,-38.84743673404968,-39.09253817240036
567,567,1.2375268074110769e-05,1.2294184048905185e-05,-39.06559930108389,-39.10695561774041
568,568,1.2111750150971911e-05,1.2301061791444418e-05,-39.165426452310015,-39.10452672092841
569,569,1.2237382038948294e-05,1.2281266495655904e-05,-39.1265371037979,-39.111521167903845
570,570,1.2465956941239186e-05,1.227822241688907e-05,-39.04007275786935,-39.11259775921435
571,571,1.190803713959128e-05,1.2251390264856654e-05,-39.23915007838703,-39.12209897748817
572,572,1.2012536693142352e-05,1.2203435768529552e-05,-39.207006961764705,-39.13913152542243
573,573,1.2112544871192814e-05,1.2194916627394329e-05,-39.17135707780729,-39.142164366391285
574,574,1.195820248577763e-05,1.2342360557675802e-05,-39.21778973208314,-39.089970428526755
575,575,1.2233945405390954e-05,1.2131718521184092e-05,-39.127082273669686,-39.16472946869399
576,576,1.2069793453904531e-05,1.2123035000848559e-05,-39.174403394988715,-39.1678391314023
577,577,1.21193274044907e-05,1.2107542859571127e-05,-39.16513427924707,-39.17339257088295
578,578,1.219597735828372e-05,1.2134241555223094e-05,-39.13029732006824,-39.163826360173836
579,579,1.2198399745852604e-05,1.2054578100536387e-05,-39.131782383418525,-39.19243257110902
