,epoch,train_loss,test_loss,train_dbs,test_dbs
0,0,0.0010120878014089445,0.0010037344396359434,-19.949370717846232,-19.990630385038877
1,1,0.0009869405616929313,0.000977470867311288,-20.054369186205268,-20.105780417224473
2,2,0.0009623362368318377,0.0009559681730982112,-20.171502227745965,-20.202384305879963
3,3,0.0009398341296509523,0.0009382081365114764,-20.27035335534865,-20.283826692044634
4,4,0.0009219527134153339,0.0009257101521239077,-20.352386931759177,-20.342068376075755
5,5,0.0009082521458358033,0.0009143148597918058,-20.41690095397778,-20.395860860613368
6,6,0.000899722895071333,0.000905066943041196,-20.455327109524255,-20.440011613334942
7,7,0.0008932336217954217,0.000895702938769797,-20.496095257996778,-20.485178650834932
8,8,0.000883163943089852,0.0008933219574636927,-20.5345137510788,-20.49673855316442
9,9,0.0008768973273186723,0.0008871360669696802,-20.568090252959244,-20.52691628136621
10,10,0.0008737550017462333,0.0008791428194136211,-20.587638999943373,-20.56622430946164
11,11,0.0008690842648142392,0.0008779003646371788,-20.61385228904112,-20.57236634795288
12,12,0.0008647845615152769,0.0008719867052461364,-20.63038882738589,-20.60172000697232
13,13,0.000860301562292098,0.0008709685950490989,-20.651713384491682,-20.60679368488887
14,14,0.0008549862151206999,0.0008695175086981372,-20.679078432150895,-20.61403532777987
15,15,0.0008524934744423966,0.0008598919927240594,-20.687196631509003,-20.66237959368268
16,16,0.0008504976837694184,0.0008600601546564384,-20.705413262564328,-20.6615303630847
17,17,0.0008479833342470997,0.0008567196353779812,-20.71957510109188,-20.67843143483191
18,18,0.0008453153110992586,0.0008494970266168055,-20.730097467311317,-20.715200011015696
19,19,0.000843343465977838,0.0008542350566896953,-20.73835192886883,-20.691044738710275
20,20,0.0008402979925524482,0.000850695225189587,-20.763267851365526,-20.70907869015942
21,21,0.0008374317249129574,0.000847483694087714,-20.773710204117148,-20.725505132425855
22,22,0.0008339274299004566,0.0008454681466039466,-20.79432492945642,-20.735846142048793
23,23,0.0008367971791981806,0.0008409212306632023,-20.77941859758697,-20.759265469928362
24,24,0.0008297888586086404,0.0008453275077044964,-20.815351570859697,-20.736568626731756
25,25,0.0008325812091196398,0.0008360375221328516,-20.796837605282978,-20.784560947930196
26,26,0.0008293898138889717,0.0008362539014533946,-20.816077602154344,-20.783437072699975
27,27,0.0008262590650401856,0.0008407423217584821,-20.83044354959896,-20.76018954478584
28,28,0.0008199098790016448,0.000836716266348958,-20.852587627577115,-20.781036521491757
29,29,0.000823086262656587,0.0008354388839124065,-20.845505904002806,-20.787671793957962
30,30,0.0008257787036181418,0.0008334318592556213,-20.841563892643528,-20.79811766170743
31,31,0.0008170289274295504,0.0008322398306948966,-20.871913644204213,-20.804333670752854
32,32,0.0008177434348683689,0.0008328100176233994,-20.858901314684726,-20.801359236724565
33,33,0.0008217204078916729,0.0008313464993414911,-20.856462843865504,-20.808997918199253
34,34,0.0008155380918154705,0.0008321331605609311,-20.88917669566341,-20.80489035186787
35,35,0.0008189434680089201,0.0008306666522433883,-20.868626131271007,-20.81255088478595
36,36,0.0008158118868505908,0.0008264216410584355,-20.881839792639493,-20.83480182909019
37,37,0.0008146328882784726,0.0008292701003435803,-20.89381034775319,-20.819858571972667
38,38,0.0008087270105852909,0.0008247918816969582,-20.912554763074137,-20.843374866042783
39,39,0.000815688298784734,0.0008275918570641233,-20.887167553577566,-20.828656553501087
40,40,0.0008116963597917065,0.0008220575921433536,-20.90354637206234,-20.857796195679548
41,41,0.00081236408627352,0.0008225451946552647,-20.900026514611266,-20.85522094665054
42,42,0.0008115672966052499,0.0008215180898428356,-20.90065296934273,-20.86064733156665
43,43,0.0008089293800198386,0.0008230959800513167,-20.920667849030075,-20.852313835783036
44,44,0.0008091011994335916,0.0008205219821416234,-20.920098420918677,-20.865916437217173
45,45,0.0008072244962341315,0.0008224506746046245,-20.93427890833418,-20.855720030414027
46,46,0.0008096899885261796,0.0008233800089280857,-20.918651712489886,-20.850815457720664
47,47,0.0008126391972818403,0.0008206817437894642,-20.907782640097107,-20.865070916320526
48,48,0.0008041684176129548,0.0008202293109589894,-20.93775532476741,-20.867465794289295
49,49,0.0008094575659362311,0.000815196342668251,-20.924721865693016,-20.894196416397968
50,50,0.0008093685190164551,0.000821356817859372,-20.919588286291614,-20.861499977527707
51,51,0.0008058487323650456,0.0008190939705328722,-20.93032340178191,-20.873481351642074
52,52,0.0008095858556208844,0.0008141209867684857,-20.92345340232121,-20.899929138842207
53,53,0.0008105799038510424,0.0008184785470611563,-20.919111399288795,-20.876745634933485
54,54,0.0008073148087204731,0.0008164026443601438,-20.932352636137168,-20.88777461462044
55,55,0.0008054612937728999,0.000816240235795512,-20.942367198203677,-20.888638651018397
56,56,0.0008016198917925742,0.0008140093383477314,-20.956655066967656,-20.900524770437233
57,57,0.000803376390771537,0.0008148946462346143,-20.953582776709993,-20.895803996572653
58,58,0.0008059109635555099,0.0008152922658298753,-20.940246721612013,-20.893685417429793
59,59,0.0008023608765161606,0.0008137631567048007,-20.951125484270065,-20.90183841015299
60,60,0.0008050155437061775,0.0008161101079741983,-20.945674022433348,-20.88933107339052
61,61,0.0008005812462928138,0.0008139567584485599,-20.957102040265113,-20.90080530650149
62,62,0.0008006939837305816,0.0008131384414522664,-20.968973461084275,-20.90517371206158
63,63,0.0008078882939988728,0.0008126264805660436,-20.935688457424405,-20.907908938934483
64,64,0.0007989213024218058,0.0008128993795253336,-20.97146684999677,-20.906450721428875
65,65,0.0007985660958718316,0.0008109788054992494,-20.975980265884303,-20.9167235990156
66,66,0.0007944911461534727,0.0008125241484345967,-20.992403853524877,-20.908455870145346
67,67,0.0007979398102441937,0.00081155293829445,-20.97613339898726,-20.91365009717262
68,68,0.0007989752717248942,0.0008112511223819302,-20.97387754354328,-20.915265535413695
69,69,0.0008017437816981572,0.0008093640177608712,-20.96250242013496,-20.925379713343016
70,70,0.000792877697601876,0.0008112559873169582,-21.000427833097994,-20.91523949159022
71,71,0.000796786463848248,0.0008144672702703821,-20.983719371411226,-20.898082275269857
72,72,0.0007974979540899626,0.000808400273519127,-20.976821309214895,-20.930554124200324
73,73,0.0008006881773663857,0.0008107989713990767,-20.96698591127388,-20.917686751412873
74,74,0.000796576596426864,0.0008097119402679566,-20.986260400258992,-20.923513206382257
75,75,0.0008014571425725811,0.0008095323175534998,-20.96882229709175,-20.924476731849847
76,76,0.000794788686913851,0.00080791900032445,-20.99111003504521,-20.933140423854056
77,77,0.0007952918951428428,0.0008049724856391549,-20.992401109680756,-20.94900827985527
78,78,0.000793945866987378,0.0008101398217197703,-20.995778155588553,-20.921218841402517
79,79,0.0007955255106898005,0.0008065230978995954,-20.996485080260886,-20.94065054604585
80,80,0.0007956539839986212,0.0008062910454004611,-20.991501088971827,-20.941900276165093
81,81,0.000795492104893147,0.0008072524705264522,-20.989375564174274,-20.93672481393215
82,82,0.0007928755433183432,0.0008076418307609856,-20.99975874660319,-20.93463059631713
83,83,0.0007910991559217963,0.000804085471348739,-21.01298408616532,-20.953796490858437
84,84,0.0007920868649176255,0.0008055633117787932,-21.007378256837708,-20.945821855261283
85,85,0.0007934710868999132,0.0008040770741277619,-21.008517207038118,-20.953841845312734
86,86,0.000793745900869139,0.0008055722757585739,-20.99888413219098,-20.94577352901258
87,87,0.000794286349399457,0.0008089539907431524,-21.00319790582464,-20.927580423884468
88,88,0.0007962553675488098,0.0008054731664934048,-20.991589543942606,-20.946307872810635
89,89,0.0007937246184680879,0.000805749564039472,-21.003476383961704,-20.944817850010296
90,90,0.0007910888567662885,0.0007999511159907438,-21.019641803228684,-20.976184155934135
91,91,0.0007929032567658068,0.0008062012248525494,-21.01109172549219,-20.942384105688863
92,92,0.0007941110753310249,0.0008004284218737954,-21.006375094617738,-20.973593628969365
93,93,0.0007920208088237524,0.0008052862555670895,-21.009213111262717,-20.94731577483696
94,94,0.0007918024886898773,0.0008006266097685224,-21.016954966660357,-20.972518439075216
95,95,0.0007879684088732471,0.0008024085668454829,-21.030173380889128,-20.962863074607036
96,96,0.0007919004953888812,0.0008022433949487382,-21.021157486778137,-20.96375714067598
97,97,0.0007914533651405081,0.0008041471500243796,-21.02112635192391,-20.95346337103312
98,98,0.0007913126586216319,0.0008004190228683384,-21.010449401093695,-20.973644626161114
99,99,0.0007885340583203456,0.000801690596793043,-21.030822582785497,-20.96675074514308
100,100,0.0007905452506203857,0.0008018638442368491,-21.026413327425182,-20.965812324753767
101,101,0.0007922766650978898,0.000799359756791474,-21.01305774751104,-20.979395839830506
102,102,0.0007861598968486657,0.0007991205539407307,-21.044894906868397,-20.980695630365442
103,103,0.0007916456268447422,0.0008024220373236427,-21.01558435509063,-20.962790167792843
104,104,0.0007873944693350608,0.0007961625018843302,-21.043118485313776,-20.99680145124681
105,105,0.0007860495147208885,0.0007993386703004178,-21.041242671589785,-20.97951040486108
106,106,0.000784186690748122,0.0007949399234923092,-21.051387621253248,-21.003475555256404
107,107,0.000782424165175978,0.0007978818091367813,-21.065536125242552,-20.987433004751026
108,108,0.0007815053470471164,0.0007898425683379173,-21.06468678658449,-21.03141327997791
109,109,0.000782484593129112,0.0007915587813936566,-21.068215619256332,-21.021986929701725
110,110,0.0007811252684236417,0.0007917122106607023,-21.073672218754847,-21.02114521044351
111,111,0.0007835435693046635,0.0007941101089512047,-21.060980261344106,-21.00801139618785
112,112,0.0007748969382913687,0.0007908814096529232,-21.0936699137957,-21.025704970090608
113,113,0.0007815686307761088,0.0007894552882613713,-21.071664220753505,-21.033543259485747
114,114,0.0007794667095349161,0.0007874744110985807,-21.077108615355115,-21.04445413869577
115,115,0.0007792723181503872,0.0007878374093898424,-21.08366456895389,-21.042452653585645
116,116,0.0007788561195730395,0.0007894864446777655,-21.08499971225893,-21.03337186545093
117,117,0.0007824066290679897,0.0007875344875317655,-21.06653613397084,-21.044122828016064
118,118,0.0007770104134532134,0.0007870023408414502,-21.090281111960945,-21.047058400888062
119,119,0.0007812171045105098,0.0007889094872792301,-21.075572464286637,-21.036546853685046
120,120,0.0007776306178804833,0.0007916799176631397,-21.090463604551605,-21.02132235759988
121,121,0.0007788338338399364,0.0007859735725153433,-21.081137698361122,-21.05273920587809
122,122,0.0007785003285461403,0.0007926880896679665,-21.085184684727786,-21.015795313433685
123,123,0.000777472448463254,0.0007906255900467697,-21.09284366144038,-21.027109972336
124,124,0.0007789643984239971,0.0007837846642360091,-21.086551633645282,-21.06485102515055
125,125,0.0007767363579838162,0.0007890264877412273,-21.096030132828886,-21.035902814181252
126,126,0.0007772602707378028,0.0007891338379857572,-21.092227182920112,-21.035311979167318
127,127,0.0007786032510921359,0.0007870993485037042,-21.097164705073496,-21.04652311282176
128,128,0.0007726763334298103,0.00078453147158909,-21.109943367270652,-21.060714941492495
129,129,0.0007739505699365256,0.0007894200818172019,-21.10836536227413,-21.033736941200246
130,130,0.0007775323135423061,0.0007849883435195998,-21.095020919848025,-21.058186563551025
131,131,0.0007767186184490541,0.0007860414977920683,-21.10086781845346,-21.052363896843985
132,132,0.0007735231054764357,0.0007888533689669872,-21.109931968738582,-21.03685579584647
133,133,0.0007780432441876721,0.000791094798937832,-21.089497225533552,-21.024533349569488
134,134,0.0007754221388148432,0.0007872416692981986,-21.097460113880004,-21.04573790637438
135,135,0.0007789308588097314,0.0007862473629709138,-21.088147258950567,-21.051226623484993
136,136,0.0007761266135332204,0.0007874752719592499,-21.09002926442212,-21.04444939102615
137,137,0.0007716874458788673,0.0007810775515329288,-21.12206059011639,-21.07987708009403
138,138,0.0007770265561778137,0.0007863904006387058,-21.08840472607207,-21.05043660722778
139,139,0.0007755661289658897,0.0007846948390483464,-21.100987908453316,-21.059810679489583
140,140,0.00077549807940965,0.0007847444381025669,-21.098897432586107,-21.05953617896094
141,141,0.0007760619100173647,0.0007842666726853503,-21.091744023045912,-21.062181040929442
142,142,0.0007792731438590617,0.0007860974384177672,-21.084312261025865,-21.052054831219998
143,143,0.0007743547177278274,0.0007832387223300573,-21.10764755368241,-21.067877139104176
144,144,0.00077332834804373,0.0007838504971005023,-21.117541019627332,-21.06448626107152
145,145,0.0007776119452229096,0.0007832175469957292,-21.092987807464777,-21.06799455484098
146,146,0.0007750264185327153,0.0007859149328923147,-21.102010153355934,-21.053063234772335
147,147,0.0007752082130593277,0.0007838596203854602,-21.10339013919381,-21.06443571355932
148,148,0.0007738043132871773,0.0007893131788525926,-21.11003054275811,-21.034325100946496
149,149,0.000773992431446065,0.0007817655507671205,-21.103104978380493,-21.076053352813595
150,150,0.0007743101444613841,0.000781346590405232,-21.10716263278367,-21.07838142861659
151,151,0.0007743627779886664,0.0007862726618584834,-21.10429174804861,-21.051086883868358
152,152,0.000774314526238085,0.0007851934489352923,-21.110971713330425,-21.057051966892494
153,153,0.0007790670773379274,0.0007852407564458094,-21.090991989205893,-21.056790314532833
154,154,0.0007748042362905347,0.0007863920335167725,-21.105678067392052,-21.050427589452422
155,155,0.0007728919094025167,0.0007885182582724251,-21.10454141800245,-21.03870110262328
156,156,0.0007759549831443457,0.0007825067058499707,-21.102681387476526,-21.071937961960874
157,157,0.0007770129445863446,0.0007853548679696886,-21.097043918395997,-21.056159241779806
158,158,0.0007756682936121354,0.0007788914893018571,-21.105841560871852,-21.092049057366246
159,159,0.0007749376566504541,0.0007865663960968193,-21.11091311112659,-21.04946475781938
160,160,0.0007749440390904693,0.0007836770780972744,-21.111425141546288,-21.065447200038818
161,161,0.0007745184306746599,0.0007837465412816719,-21.109854918314312,-21.065062269285878
162,162,0.0007792799559556255,0.0007826664246079561,-21.09274532613457,-21.071051606654354
163,163,0.0007734435986122597,0.0007813268059276437,-21.110858142747325,-21.078491397717805
164,164,0.000773871999195556,0.0007864837320276388,-21.113208742516967,-21.049921202893668
165,165,0.0007731793046276056,0.000782363073851325,-21.115112870759035,-21.072735198707612
166,166,0.0007764894416863003,0.0007886656829597134,-21.097903684664647,-21.03788920330452
167,167,0.0007754225708717077,0.0007805291403967299,-21.103037519232004,-21.082927424861214
168,168,0.0007726943267979803,0.0007854214759151402,-21.12002073373095,-21.055790921193744
169,169,0.0007747014097571757,0.0007831304897799304,-21.10545946247518,-21.0684773143246
170,170,0.0007804063546048842,0.0007830240218409974,-21.09332278604188,-21.06906778529163
171,171,0.0007757900556376608,0.0007858187340101914,-21.107208333151203,-21.053594859749303
172,172,0.0007739139501168632,0.0007859779442170341,-21.10359513267953,-21.05271504984146
173,173,0.0007722537434112627,0.0007850695615879408,-21.117839764808693,-21.057737248161725
174,174,0.0007737772935310129,0.0007844842743667725,-21.109416907560213,-21.060976219854712
175,175,0.0007712915005671225,0.0007825758075341582,-21.12553442742496,-21.071554461667496
176,176,0.0007791365946873485,0.0007840137940978533,-21.082396634063606,-21.063581603882557
177,177,0.0007775747067218204,0.00078257300131219,-21.092915203513876,-21.07157003496901
178,178,0.000776082991992037,0.0007855805727702222,-21.104380367929387,-21.054911292977543
179,179,0.0007761310931227947,0.0007857219040344812,-21.098379486195288,-21.05413003807265
180,180,0.0007754000811117518,0.0007815249815681263,-21.098506517580372,-21.07738999337148
181,181,0.0007771979573365185,0.0007867751440866605,-21.09532127843917,-21.048312330348125
182,182,0.0007736493800958791,0.0007836169158843788,-21.114521351531263,-21.065780616962417
183,183,0.000772901025802358,0.0007849939253279253,-21.11346479933423,-21.05815568232895
184,184,0.000776907372691659,0.0007860089719638621,-21.098976536760293,-21.052543608475172
185,185,0.0007756192821615673,0.0007897301111370325,-21.103997222254883,-21.032031669274105
186,186,0.0007756862521757247,0.0007860485838088943,-21.098372006884052,-21.052324746186628
187,187,0.0007744489715328997,0.0007843390064264991,-21.106024181911938,-21.061780505025784
188,188,0.0007765807335015348,0.0007815160022705401,-21.10231098707686,-21.07743989173542
189,189,0.0007778343734974714,0.0007851758977937463,-21.09521449744696,-21.057149044232176
190,190,0.0007733004257687819,0.000783293897065481,-21.107619133681656,-21.06757121399482
191,191,0.000772573931752368,0.0007849177897074505,-21.115558549744257,-21.05857691977253
192,192,0.000774691942911211,0.0007853652932681143,-21.11054048918444,-21.056101591159532
193,193,0.0007771645095343366,0.0007861238555051386,-21.095650219911754,-21.051908887448363
194,194,0.0007755173191418583,0.0007852879996215435,-21.106772910033023,-21.056529033732264
195,195,0.000775663341160326,0.0007851011285215224,-21.103524546001058,-21.057562625808202
196,196,0.000774413224828151,0.0007846365394806,-21.11129469095006,-21.06013335424047
197,197,0.0007770454028582911,0.0007879978787202976,-21.095876667745188,-21.04156815828975
198,198,0.0007763300511083499,0.0007855240561950364,-21.1069293853124,-21.055223746219642
199,199,0.0007756306872626325,0.0007829455671047693,-21.109848697104738,-21.069502946476007
200,200,0.0007762371684837434,0.0007849631518566687,-21.107165715471858,-21.058325938560177
201,201,0.0007794334135527156,0.0007860649033988777,-21.089078192968223,-21.05223458083998
202,202,0.0007766582931094256,0.0007869760861228171,-21.097927875393886,-21.047203285712808
203,203,0.0007777252695379183,0.0007835027155172275,-21.094579006560394,-21.066413581904968
204,204,0.0007769794145733426,0.0007856553022161519,-21.0986999596916,-21.054498183952425
205,205,0.000770991708910496,0.000782256327128332,-21.127488725199154,-21.073327796662106
206,206,0.0007782034622745339,0.0007837391795443469,-21.095558359120833,-21.065103062791746
207,207,0.0007763090333421283,0.0007810588791280201,-21.10240297396731,-21.07998090357906
208,208,0.0007746141216688857,0.0007875365799439973,-21.1077264528532,-21.044111289195946
209,209,0.0007791083195659611,0.0007863816633624466,-21.09080408454565,-21.050484860257615
210,210,0.0007793363039717846,0.0007854018415520457,-21.0842755920616,-21.05589948968077
211,211,0.0007749668222890456,0.000784908739947959,-21.102353050119206,-21.05862699231922
212,212,0.0007762960350313751,0.0007863515087305323,-21.106376506370253,-21.050651398237207
213,213,0.0007780808691396234,0.0007882596569527921,-21.08589741727632,-21.040125642199232
214,214,0.0007749751861898478,0.000789694230709421,-21.098981357537184,-21.032228990175263
215,215,0.0007729431435456211,0.0007821239966065868,-21.11334650287686,-21.074062533792794
216,216,0.000775674889080188,0.0007848965531019004,-21.1012528475645,-21.058694423356922
217,217,0.0007763898531791091,0.0007857373413188677,-21.099287229179815,-21.054044711934612
218,218,0.0007759226646908012,0.0007837400587863828,-21.105888997941868,-21.065098190638352
219,219,0.0007764324761888723,0.000781434928189571,-21.102308819338734,-21.077890450039405
220,220,0.0007765980997871723,0.0007842724781336361,-21.099743736590426,-21.062148892874305
221,221,0.0007788265206774255,0.0007832577164088817,-21.085015755479695,-21.06777182097617
222,222,0.0007753078279699938,0.0007844772006041909,-21.103022517045268,-21.061015380740493
223,223,0.0007776950741637998,0.0007843479520249131,-21.09507413674024,-21.061730972848473
224,224,0.0007762243591978686,0.0007855020782076999,-21.10178735378716,-21.05534525812088
225,225,0.0007758926943462995,0.0007910180689865037,-21.105163832275693,-21.02495460136714
226,226,0.0007755226172391594,0.0007861204335073891,-21.100344239846077,-21.051927792331657
227,227,0.0007722728217222257,0.000787860940602657,-21.11476527932001,-21.04232293997798
228,228,0.0007778587235022605,0.00078261519573923,-21.094612200091966,-21.07133588029203
229,229,0.0007741997857366871,0.0007867144549412554,-21.11449341264709,-21.04864734318825
230,230,0.0007781213252641952,0.0007843544222659579,-21.087603443728483,-21.06169514718736
231,231,0.0007773131154928856,0.0007846315734480557,-21.09085561500809,-21.06016084120096
232,232,0.0007772896314020624,0.0007856103505841211,-21.092295062412404,-21.054746674660713
233,233,0.0007747467283217102,0.0007860226660819823,-21.114548267246146,-21.052467944858865
234,234,0.0007724350164692427,0.0007833886009297873,-21.115803724341816,-21.067046163567742
235,235,0.0007767030217963242,0.0007829138653744993,-21.10010604204501,-21.06967879733771
236,236,0.00077592738251173,0.0007886340976447651,-21.096324855777716,-21.038063137621407
237,237,0.0007782546394101353,0.000787043098458334,-21.092834283431113,-21.04683349241121
238,238,0.0007768067730513891,0.0007873947003023012,-21.097545833692536,-21.044893768360883
239,239,0.0007753167985506432,0.0007892980356700718,-21.110971497716598,-21.034408422293097
240,240,0.0007745696924213973,0.0007845355736974039,-21.104866939194054,-21.06069223343792
241,241,0.0007761275058506613,0.0007837903410147287,-21.10201948124658,-21.06481957027707
242,242,0.0007753118629010452,0.0007864401252989314,-21.104893038196195,-21.050162004907932
243,243,0.0007792785283677356,0.0007884762874853454,-21.0899031657856,-21.038932272493625
244,244,0.0007786479467746907,0.0007859711431113905,-21.090661101930607,-21.052752629718263
245,245,0.0007727749102038437,0.0007841748669498453,-21.116797904498767,-21.06268945292154
246,246,0.0007749419076099377,0.0007835816052791319,-21.110225392509456,-21.06597631904874
247,247,0.0007786688271228262,0.0007850015045780884,-21.087400440771432,-21.058113750658833
248,248,0.0007724500562486806,0.0007827926525159887,-21.117012612865956,-21.07035123594725
249,249,0.0007764963563963694,0.0007879047617806416,-21.089378307020826,-21.04208139016172
250,250,0.0007780857111769009,0.0007876623115551315,-21.09480170110156,-21.043417985698504
251,251,0.0007773461432397826,0.0007862956079311276,-21.098711913110357,-21.050960144025993
252,252,0.0007767413710436025,0.0007825494180188367,-21.099546403605377,-21.071700914113578
253,253,0.000777794351230001,0.000782551099913881,-21.089851702852023,-21.071691580045528
254,254,0.0007792795064964707,0.0007842681156226286,-21.087688802960372,-21.062173050546285
255,255,0.0007785894192716817,0.0007843172061257064,-21.08786315958894,-21.061901216629295
256,256,0.0007772457980329997,0.0007860751847099317,-21.089786779877603,-21.05217777780199
257,257,0.0007724914730996968,0.0007825728021807185,-21.116578655174823,-21.071571140063487
258,258,0.000773005552959542,0.0007865149006982776,-21.112701115822617,-21.04974909363195
259,259,0.0007749636262684062,0.0007840675258959987,-21.111792115270227,-21.063283973611107
260,260,0.0007763967372851504,0.0007853138836492834,-21.106076681410162,-21.056385887457736
261,261,0.0007761597744976506,0.0007878553159044761,-21.094669266808722,-21.04235394524777
262,262,0.0007772977504706414,0.0007851342976975598,-21.09735167078548,-21.057379147714617
263,263,0.0007762924561603475,0.0007867419841013065,-21.09935723239097,-21.04849537504975
264,264,0.0007753587554727402,0.0007842188995135458,-21.110008444130504,-21.062445597075474
265,265,0.0007765867726963743,0.0007846093381215867,-21.09887553265464,-21.0602839157336
266,266,0.0007761455472251496,0.0007860870774541246,-21.103366450821206,-21.052112072711594
267,267,0.0007775861730309415,0.000786082402459885,-21.095438770439273,-21.052137901023713
268,268,0.0007769286190879714,0.0007842134433112255,-21.096548126115202,-21.06247581321544
269,269,0.0007728818538790741,0.0007842869779683257,-21.114941236932395,-21.062068600116895
270,270,0.0007716140952249317,0.0007858010388812737,-21.117344962607696,-21.05369265562816
271,271,0.0007759963279858846,0.0007878996241886757,-21.09575982234583,-21.04210970875076
272,272,0.0007749693462212291,0.0007835428665490135,-21.10229176832053,-21.066191030988122
273,273,0.000779428994571118,0.0007867890679718633,-21.085694142907133,-21.04823547213714
274,274,0.00077629721298641,0.000784379886585827,-21.09513978081023,-21.06155415436859
275,275,0.0007800440191166456,0.0007845528246099619,-21.087207450672103,-21.060596738803707
276,276,0.0007762583644734215,0.0007862724443456452,-21.09872109895249,-21.051088085291774
277,277,0.0007774773445076396,0.0007791449162667911,-21.100101269213628,-21.09063622859005
278,278,0.0007768476390299032,0.0007799440798790831,-21.09339272984162,-21.086183982718122
279,279,0.0007767761870258555,0.0007866297689217486,-21.099526487421176,-21.049114865430923
280,280,0.0007743553316086223,0.0007873750965748178,-21.104736456034956,-21.04500189579243
281,281,0.0007773107523818683,0.0007798463216443595,-21.091936157983497,-21.086728361782328
282,282,0.0007757548640059672,0.0007835313567499581,-21.098177772691137,-21.06625482684595
283,283,0.0007785943915260975,0.0007867649148561453,-21.09149199770151,-21.048368795365864
284,284,0.0007775894968684033,0.0007817788343680533,-21.09619120053353,-21.07597955900717
285,285,0.0007781586177723924,0.0007831989082899925,-21.09556565659142,-21.06809790777786
286,286,0.0007751702796667814,0.0007848438384060405,-21.10462045290843,-21.058986111099173
287,287,0.0007765532840888217,0.000784644176938424,-21.09916438979067,-21.060091081296516
288,288,0.0007747009296939929,0.0007857434102334082,-21.104343382943014,-21.05401116782542
289,289,0.000777736633833613,0.0007869953743035072,-21.097688601999003,-21.047096844768348
290,290,0.0007739112551621709,0.000787173783847768,-21.110943278457196,-21.046112423487806
291,291,0.000779497621403335,0.0007871268807273162,-21.091128052380586,-21.04637120209167
292,292,0.0007789631844642237,0.0007865795479646247,-21.088460967321303,-21.04939214175173
293,293,0.0007755136274559827,0.0007859513310617522,-21.10245539042804,-21.052862104122696
294,294,0.0007777030126086061,0.0007858578097320309,-21.090953042058448,-21.053378907294686
295,295,0.0007742973663796162,0.0007869444854900633,-21.107309972927958,-21.04737767800018
296,296,0.0007770520595343995,0.0007843549982154448,-21.093205427724484,-21.061691958175032
297,297,0.0007771596446940579,0.0007825327461193266,-21.098073138255383,-21.071793439785726
298,298,0.0007777020776855577,0.0007864698510322915,-21.093564149868023,-21.04999785410255
299,299,0.0007734991161191126,0.0007837012832935311,-21.112709873003844,-21.06531306289073
300,300,0.0007770232401413785,0.000786811358442432,-21.093997770230004,-21.048112434189193
301,301,0.0007782772209821749,0.0007856489055005735,-21.08864189872008,-21.054533543856184
302,302,0.0007749189569893264,0.0007853199801358738,-21.103629548994768,-21.05635217278309
303,303,0.0007779694446746606,0.0007792710859671628,-21.09343020779618,-21.089933017063785
304,304,0.0007729955598443132,0.0007870785040339749,-21.112612203635415,-21.04663812699462
305,305,0.0007762501469918902,0.0007845492524977185,-21.097381385329133,-21.060616512515807
306,306,0.0007769135006981873,0.0007850293676662994,-21.1036964161781,-21.057959603556707
307,307,0.0007725268315533464,0.0007831941505796031,-21.11987821396799,-21.068124290011326
308,308,0.0007762031632081903,0.0007854868829446403,-21.102502642127575,-21.055429271682545
309,309,0.0007777627510709938,0.0007851175093827279,-21.097669380895674,-21.057472012724663
310,310,0.0007747194571324537,0.0007834338405365614,-21.105383264376837,-21.066795371760442
311,311,0.0007699053919365265,0.0007831268686507093,-21.13077795444845,-21.068497395780952
312,312,0.0007776476289193655,0.0007840292497636064,-21.090339561149914,-21.063495990029324
313,313,0.0007733406988692653,0.0007856905607408599,-21.117109652336854,-21.054303286277964
314,314,0.0007764761487367688,0.0007850653890177215,-21.095572824814287,-21.05776033056265
315,315,0.0007719573506019702,0.0007849977363979346,-21.120425164590444,-21.058134597800727
316,316,0.0007751910880054395,0.0007813724744329719,-21.10883084538273,-21.078237560269798
317,317,0.0007804338310211513,0.0007851625835572026,-21.087042384003226,-21.057222688220783
318,318,0.0007769461942010934,0.0007848772955568213,-21.102523937743275,-21.058800979413647
319,319,0.0007744509385917912,0.0007804800498936521,-21.10609087068461,-21.08320057808466
320,320,0.0007755626359061559,0.0007836964336763087,-21.109850219487573,-21.065339937524733
321,321,0.0007721691346756116,0.0007854612164297386,-21.118725800707043,-21.05557118376477
322,322,0.0007744296627916088,0.0007818891930295841,-21.108712392754263,-21.07536653684424
323,323,0.0007767902684791648,0.0007808092938687064,-21.09324896855917,-21.08136890166598
324,324,0.0007730575954090304,0.0007821810493049653,-21.1193900123234,-21.073745745553065
325,325,0.0007725107824410667,0.0007809336039874898,-21.118289945843088,-21.08067753052133
326,326,0.0007746443836517708,0.0007818094362798883,-21.107017588037955,-21.07580956231818
327,327,0.000770976337887462,0.0007840427018603996,-21.12678522303707,-21.063421475956147
328,328,0.0007724679079982117,0.0007841091351828685,-21.11680026424713,-21.06305350616268
329,329,0.000775237105661984,0.0007837359965043632,-21.10555808054142,-21.06512070105131
330,330,0.0007737725781104,0.0007859564472087904,-21.123218117042903,-21.05283383383282
331,331,0.0007737360633045589,0.0007843574796999363,-21.111508025621085,-21.06167821830827
332,332,0.0007744145996090909,0.00078373726788222,-21.109957455822347,-21.065113655924605
333,333,0.0007769708382445819,0.0007858498015833136,-21.096810984212038,-21.053423163551678
334,334,0.0007745203893324456,0.0007825369003081793,-21.11160942661801,-21.071770384692947
335,335,0.0007719199320771875,0.000787395910408936,-21.124037957696817,-21.044887093916284
336,336,0.0007714771440003029,0.0007825642180825142,-21.118046158080574,-21.07161877840357
337,337,0.0007749447525843748,0.0007811436417365545,-21.10936339676368,-21.07950962110828
338,338,0.000776610577229372,0.0007802893095159609,-21.103374262526337,-21.084262073730002
339,339,0.0007748103774988006,0.0007843825457568624,-21.108020834194843,-21.061539431128367
340,340,0.000773840781286858,0.000781784786867272,-21.11149209413604,-21.075946491755808
341,341,0.0007727966072594689,0.0007848772894296991,-21.11711328636445,-21.058801013316724
342,342,0.0007727957719495308,0.0007855917945945341,-21.113432917643845,-21.054849255527333
343,343,0.0007703198934905231,0.0007789741901337708,-21.130588362430093,-21.09158795837091
344,344,0.0007715563868297284,0.000782894145231694,-21.12096262319767,-21.06978818941062
345,345,0.0007743388162349764,0.0007810745706879779,-21.10924905615802,-21.079893654209894
346,346,0.0007742162369018824,0.0007826207101492113,-21.115786587082827,-21.071305279437333
347,347,0.0007773518565917368,0.000785459736729727,-21.09293211035341,-21.055579365278277
348,348,0.0007748600304337967,0.0007867529026330694,-21.10444806292602,-21.048435103381436
349,349,0.0007720575385880609,0.0007859855050858306,-21.121181007044747,-21.052673272234
350,350,0.0007727130930678747,0.0007816494356742815,-21.114359438421562,-21.076698455292664
351,351,0.0007742140208102148,0.0007832025508641413,-21.11233551020739,-21.068077709254126
352,352,0.0007758542208826726,0.0007799965066001995,-21.110464644355687,-21.085892066014488
353,353,0.0007742633298999563,0.0007829958922229707,-21.1232155493207,-21.069223805502844
354,354,0.0007734520327223023,0.0007816619870841111,-21.119230072061974,-21.07662871860489
355,355,0.0007740388505554461,0.0007825347833874586,-21.112632310652245,-21.07178213325369
356,356,0.0007765373369899684,0.0007843054236697131,-21.09928378929867,-21.061966459288985
357,357,0.0007718181934870165,0.00078362145608193,-21.118384497386703,-21.06575545445008
358,358,0.0007749293365554174,0.0007795079697021528,-21.10034372135972,-21.08861304423792
359,359,0.0007736454987850462,0.0007837625300070565,-21.11838296193592,-21.06497367247538
360,360,0.0007754298924353242,0.00078551969674759,-21.10279836234089,-21.055247848463345
361,361,0.0007738409559098408,0.0007813966796292286,-21.112628848214054,-21.078103027499672
362,362,0.0007733449936345143,0.0007847679019170372,-21.11373161715013,-21.059406327096895
363,363,0.0007737211201378365,0.0007781185681539538,-21.10858179076893,-21.096360852469257
364,364,0.0007739405954237451,0.0007805804489180446,-21.115381016201795,-21.08264194832783
365,365,0.0007751271327880701,0.0007832831409024564,-21.105931768816944,-21.06763085156303
366,366,0.0007765242120625509,0.0007833851391057435,-21.102310512172288,-21.0670653552486
367,367,0.0007747948534556271,0.0007820035312569848,-21.10882244149037,-21.07473150017519
368,368,0.0007757685890123632,0.0007782546913643417,-21.101769325677985,-21.09560116890467
369,369,0.0007735820920398631,0.0007830711149022376,-21.109571403270095,-21.06880659737068
370,370,0.0007753650875061212,0.0007803091522012102,-21.10946431116855,-21.08415163444761
371,371,0.0007704121064269896,0.0007810378937344802,-21.124723425509565,-21.08009759085188
372,372,0.0007746443908527186,0.0007789290393702686,-21.113435789217828,-21.091839690661807
373,373,0.0007741537116727187,0.0007884318352137741,-21.114875251404875,-21.039177123490063
374,374,0.0007724064413083659,0.0007831336391207419,-21.11500136902108,-21.068459849309463
375,375,0.0007766397182647254,0.0007837813862256313,-21.100666485136,-21.064869188618918
376,376,0.0007757160022912413,0.000787440227883819,-21.101896946724764,-21.044642664234612
377,377,0.000771399950440589,0.000783577987213472,-21.12030426658215,-21.065996371964335
378,378,0.0007696777561765894,0.0007794317513655283,-21.13266551124449,-21.089037707264907
379,379,0.0007761982515617513,0.0007825640036332372,-21.095228698576687,-21.071619968518682
380,380,0.0007745640300761562,0.0007814532023315367,-21.113757759242134,-21.07778888987188
381,381,0.0007731561619817212,0.0007829509191460124,-21.11535298170512,-21.06947325917549
382,382,0.0007779289135402165,0.0007830648499197866,-21.101511406904955,-21.06884134336169
383,383,0.0007752937477168426,0.0007838718102950798,-21.107998080790715,-21.064368176347536
384,384,0.0007741297385175281,0.0007808133010066262,-21.11540437822464,-21.081346613593396
385,385,0.000775246838342936,0.0007793969064215688,-21.104551205333415,-21.08923186544658
386,386,0.0007767287381809473,0.0007834314999758805,-21.099760605829765,-21.066808346616188
387,387,0.0007710978856847919,0.0007809616355715614,-21.12605815683821,-21.08052164346855
388,388,0.000775765218368741,0.0007822211114934793,-21.11073660553504,-21.073523311861216
389,389,0.0007750713062405432,0.0007849185801062145,-21.104037147762643,-21.058572546503722
390,390,0.0007766287644230521,0.0007875040357344245,-21.098270781011237,-21.044290761020314
391,391,0.0007745591058280587,0.0007851404677096166,-21.114535859184794,-21.0573450186278
392,392,0.0007749808107301132,0.0007807858514991638,-21.108833940675353,-21.08149929259049
393,393,0.0007738578493332432,0.0007834706400325032,-21.11092052722011,-21.06659137951681
394,394,0.0007732881829574628,0.0007847302568782317,-21.112714461579046,-21.059614661621353
395,395,0.000774693980179343,0.0007791123261038018,-21.109675914446747,-21.090817889583732
396,396,0.0007715900614617642,0.0007825822256946642,-21.118351585148552,-21.07151884390069
397,397,0.0007717167453350711,0.0007824100933870987,-21.120438895557218,-21.07247419825896
398,398,0.0007752950768917799,0.0007824817929710997,-21.104118320399255,-21.07207623167763
399,399,0.0007708417293711652,0.0007776758988927069,-21.127965297871892,-21.0988322434753
400,400,0.0007743412099500216,0.0007803934583391406,-21.11149310606922,-21.08368243948014
401,401,0.0007764942423181282,0.0007855477497765893,-21.103875385554343,-21.055092752948852
402,402,0.0007747844282835338,0.0007788353556718089,-21.112354844601743,-21.092362058658715
403,403,0.0007756400274919326,0.0007837903134426789,-21.111061044690263,-21.064819723052484
404,404,0.0007759794249612186,0.000781896156503966,-21.1095464178199,-21.075327858920833
405,405,0.000776497289519181,0.0007824903372430095,-21.09310098159062,-21.072028809361658
406,406,0.0007704615343323688,0.0007824919272312208,-21.128003571588888,-21.072019984685213
407,407,0.0007730370457044121,0.0007856954042309601,-21.11771191811136,-21.05427651372086
408,408,0.0007696148258941152,0.0007845012158596594,-21.12861395405838,-21.060882431901643
409,409,0.0007731644886776267,0.0007810502337585939,-21.118402692236007,-21.08002897494878
410,410,0.0007738265126089076,0.00078069502303965,-21.116306544416933,-21.082004534754567
411,411,0.0007723471847093981,0.0007829723426287895,-21.122573591469042,-21.069354427038803
412,412,0.000777977384319625,0.0007831689374717442,-21.097078318607323,-21.068264103234696
413,413,0.0007706164177171118,0.0007820982014221188,-21.12351059447496,-21.074205770556592
414,414,0.0007717242775264091,0.000779054899650969,-21.124262527565705,-21.091138009159852
415,415,0.0007722596505887268,0.000781735509486967,-21.118807375235722,-21.076220244445885
416,416,0.0007747676668775067,0.0007787790627365833,-21.11427805129232,-21.09267597089348
417,417,0.0007773173784539488,0.0007811315743693788,-21.097532060587028,-21.079576712884705
418,418,0.0007717160954495374,0.000784881268995569,-21.125559567072827,-21.058778993325326
419,419,0.0007731085271123297,0.000783858888194357,-21.12088613482142,-21.06443977023855
420,420,0.0007732195285216128,0.0007836803561076522,-21.119731088479682,-21.06542903415288
421,421,0.0007735651890151971,0.0007838516520630373,-21.111037987700843,-21.06447986197516
422,422,0.000773813976358968,0.0007824239958273737,-21.11238509170316,-21.072397030294148
423,423,0.0007775709580284418,0.0007847784283129792,-21.101364318245718,-21.059348073885964
424,424,0.0007735908669947656,0.0007826238196637286,-21.117777773632827,-21.07128802405045
425,425,0.000771825907502285,0.0007815730182061854,-21.122673875743292,-21.077123061332056
426,426,0.0007724428883052824,0.0007854382397214833,-21.12417624666766,-21.05569822763851
427,427,0.000771956994155057,0.0007838201525277997,-21.117722553948465,-21.06465438924927
428,428,0.0007742351963972077,0.000780419238205803,-21.108201112465093,-21.083538975067512
429,429,0.000772643560716479,0.0007779479614998165,-21.115293881540588,-21.097313170732683
430,430,0.0007743132108649643,0.0007857803077633051,-21.116536920074594,-21.053807233345147
431,431,0.0007735428786788558,0.0007838822325299445,-21.121082164900145,-21.064310433628112
432,432,0.0007717192008582511,0.0007808942311002236,-21.129461557027266,-21.080896497392022
433,433,0.0007760439418525118,0.0007841647418804074,-21.107707874778228,-21.062745528299104
434,434,0.000772300181123092,0.0007791374932582441,-21.11195194691092,-21.09067760455158
435,435,0.0007686720772156704,0.0007852621278480479,-21.136074455616548,-21.05667211695222
436,436,0.0007749556956246265,0.0007841635348373338,-21.10607929795203,-21.06275221327895
437,437,0.0007722242633312864,0.0007805708722260437,-21.124949217640175,-21.082695230856366
438,438,0.0007729915405153153,0.0007800977144047225,-21.113760640437384,-21.085328587341216
439,439,0.0007704780287032505,0.0007849034920677935,-21.130538260537577,-21.058656029236516
440,440,0.0007726570528922314,0.000783572328816119,-21.1184331966472,-21.06602773348367
441,441,0.000777774935674652,0.0007820161378109141,-21.09376412570011,-21.074661488820272
442,442,0.000772548325182198,0.0007818874713082455,-21.12017239117643,-21.07537610002668
443,443,0.0007759407324687645,0.0007858466920687965,-21.108731854397984,-21.05344034810355
444,444,0.0007727882853641952,0.0007819003106928186,-21.115218277663885,-21.075304785057533
445,445,0.0007762231416376212,0.0007831702731843842,-21.108308308585798,-21.068256696248714
446,446,0.000777037901270981,0.0007802948300530644,-21.102583491935697,-21.08423134755843
447,447,0.0007752691120744596,0.0007846371368750146,-21.102582174730994,-21.060130047677674
448,448,0.0007672624964958307,0.0007780790359615103,-21.14097189045607,-21.096581500708194
449,449,0.0007734383137166961,0.0007840033749265498,-21.11958727186692,-21.063639319941952
450,450,0.0007722297456528339,0.0007828965440000358,-21.125970812028285,-21.069774882755247
451,451,0.0007730462053099397,0.00078078795616564,-21.11493461032705,-21.081487585874704
452,452,0.0007725661475278591,0.0007803010950355153,-21.117412202581598,-21.08419647822084
453,453,0.0007750189397484064,0.0007806790802676819,-21.112261334439474,-21.082093224042772
454,454,0.0007728633612451941,0.0007857257151044905,-21.11322825588052,-21.05410897307939
455,455,0.0007747716255985277,0.0007834795304868175,-21.11426194029014,-21.066542098112425
456,456,0.0007718824739471922,0.0007834776555874237,-21.121169064783096,-21.066552490974058
457,457,0.0007715040557422512,0.0007818710720656734,-21.121551737696223,-21.07546718954414
458,458,0.0007736944298250313,0.0007844527687044128,-21.116034864912532,-21.061150640305474
459,459,0.000774448628887803,0.0007787699210702589,-21.112516173948283,-21.09272695067365
460,460,0.0007758631740610317,0.0007822617955848967,-21.10897481976465,-21.073297436892204
461,461,0.0007698555955826544,0.0007830106769688427,-21.129550207026714,-21.069141801586962
462,462,0.000770184872719968,0.000786719396465311,-21.134123565302904,-21.04862006429594
463,463,0.000771627643808108,0.0007811916538661247,-21.127805844372777,-21.079242695013708
464,464,0.000775040066729002,0.0007819482554240446,-21.112926726271645,-21.075038491598367
465,465,0.0007733357746211678,0.0007804082124494016,-21.118013646179186,-21.083600332588638
466,466,0.0007731403366989005,0.0007809999055768314,-21.121702662038025,-21.08030882834248
467,467,0.0007708163502309279,0.0007823934153604664,-21.128919927964503,-21.072566774418142
468,468,0.0007742791635838827,0.0007833233225698534,-21.110314418331907,-21.06740806840932
469,469,0.0007700868948247552,0.0007841766193067949,-21.130814669338523,-21.06267974796751
470,470,0.0007725761766478265,0.0007824523705302885,-21.12505654163382,-21.07223953571927
471,471,0.0007780702195379921,0.000779238728634817,-21.095363829137654,-21.090113351005314
472,472,0.0007744286582593989,0.0007817608543279532,-21.11322825182235,-21.07607944303642
473,473,0.0007743230605613172,0.0007811013186399482,-21.111696831647716,-21.079744932314703
474,474,0.0007697795865788441,0.0007799781926319396,-21.1342783493228,-21.08599403760879
475,475,0.0007688886151149793,0.0007795844698863986,-21.132531511497294,-21.08818685260148
476,476,0.0007718078679280336,0.0007803280114833461,-21.126647758426532,-21.084046671137045
477,477,0.0007697233693799024,0.0007804129150156912,-21.12959862937478,-21.083574163048077
478,478,0.0007711303931632146,0.0007808988325689968,-21.130164971300857,-21.080870906389684
479,479,0.0007707794009679064,0.0007838017313349012,-21.124222228682047,-21.064756457515973
480,480,0.0007732336489800556,0.0007847770313291173,-21.118347628794567,-21.05935580476771
481,481,0.000774671497020256,0.0007802407551360758,-21.10579104827481,-21.08453232676441
482,482,0.0007754211228811326,0.0007830693564181658,-21.106463697990026,-21.068816350007083
483,483,0.000768278322192197,0.0007822525068676393,-21.134439663872755,-21.073349006106273
484,484,0.0007745351866799762,0.0007834447560047632,-21.112695307665494,-21.066734862572073
485,485,0.0007710875709272307,0.000785006418530094,-21.13009886480789,-21.058086564780226
486,486,0.0007708862192266304,0.0007807573083003885,-21.135165963312268,-21.081658060584157
487,487,0.0007735012860046988,0.0007829127104119643,-21.114888124313996,-21.06968520409901
488,488,0.0007722177776776869,0.0007838825756487878,-21.12113597208539,-21.064308532646294
489,489,0.0007709383846923095,0.0007773308928957895,-21.132112194077116,-21.100759363072903
490,490,0.0007732341458454498,0.0007780848138377463,-21.114898986466603,-21.096549250893798
491,491,0.000774150548056344,0.0007817660623818244,-21.11384313991481,-21.076050510639625
492,492,0.0007718502803100753,0.0007799801900737771,-21.121397695301425,-21.08598291579967
493,493,0.0007715869920577892,0.0007799878060866735,-21.119609930254715,-21.085940509899253
494,494,0.0007766346253944349,0.000780282952626677,-21.10795703032818,-21.084297455134696
495,495,0.0007700686896287059,0.0007831566556552915,-21.131227253066392,-21.068332210723163
496,496,0.0007718531000811953,0.0007826119177288523,-21.122137061939327,-21.071354070902277
497,497,0.0007743963134023792,0.0007835628164589013,-21.113422247321427,-21.066080455985134
498,498,0.0007733013618919883,0.0007866026809144961,-21.113265457622667,-21.049264419580762
499,499,0.0007711980388663017,0.0007822936841923939,-21.123197682807188,-21.073120401990565
500,500,0.00077349285549513,0.0007794033215185138,-21.116897071952124,-21.089196119477926
501,501,0.0007745752911582666,0.0007808169190722861,-21.10598711638737,-21.081326489675057
502,502,0.000775246363680464,0.0007837055784061944,-21.104525549697605,-21.06528926123751
503,503,0.0007710258288011339,0.0007811212562955916,-21.125350656531406,-21.07963407981561
504,504,0.0007760279359459185,0.0007851215686011864,-21.106472223596917,-21.05744955886777
505,505,0.0007731540545043488,0.0007813618408123913,-21.116439002665572,-21.078296663377678
506,506,0.0007751807204409281,0.0007801977611195884,-21.108925011721794,-21.084771644929475
507,507,0.0007722246719850707,0.0007828484522178769,-21.121307224443783,-21.070041669437288
508,508,0.0007729350166760155,0.0007794372504577041,-21.122947055495402,-21.089007066776393
509,509,0.0007716220948777939,0.0007847839917399382,-21.121026854528566,-21.05931728612502
510,510,0.0007765596407254409,0.0007828441693594581,-21.110743633011147,-21.070065429168316
511,511,0.0007741216338508445,0.0007815562421455979,-21.115407385864504,-21.077216281396787
512,512,0.0007714176809741664,0.0007805554471959017,-21.12775658500656,-21.08278105357796
513,513,0.0007722389646661803,0.0007821416519092102,-21.123330478065903,-21.073964499286785
514,514,0.0007721232718394435,0.0007816271452037128,-21.121282854248143,-21.076822305780624
515,515,0.0007757286345538174,0.0007791324322553057,-21.104529924694905,-21.090705814884245
516,516,0.0007747028175424592,0.0007810082905435641,-21.111033353755428,-21.080262201893376
517,517,0.0007725259170329832,0.0007820058932625933,-21.125864328678592,-21.074718382530424
518,518,0.0007728618940520916,0.0007796569261699915,-21.12065439747002,-21.08778322857962
519,519,0.000771646362671763,0.0007779116828092619,-21.126873300153264,-21.097515703591977
520,520,0.0007733670807414755,0.0007823540149011502,-21.117625361544732,-21.072785485779963
521,521,0.0007735165280107524,0.0007801305128898667,-21.114082907322455,-21.08514599609122
522,522,0.0007724618105957112,0.0007845958308806937,-21.119366875721816,-21.06035868123019
523,523,0.0007707861848607583,0.0007844076884028159,-21.122269595940768,-21.061400224341362
524,524,0.0007739102446291711,0.0007798022645721702,-21.114758460315226,-21.0869737214552
525,525,0.0007731341966907925,0.000784374960379577,-21.116916542319935,-21.06158142981185
526,526,0.0007723904228001141,0.0007853128052757759,-21.118333103035617,-21.05639185108572
527,527,0.0007745766029309135,0.0007863240561595088,-21.11105845286016,-21.050803018830507
528,528,0.0007733866601183857,0.0007810621571383978,-21.11544415412389,-21.079962676799113
529,529,0.0007769087672752049,0.0007820085432429455,-21.10111284667951,-21.074703665635013
530,530,0.000772300236930437,0.0007820482163591997,-21.125824188888437,-21.07448334350966
531,531,0.0007724192367924243,0.0007853385085534109,-21.122504594972618,-21.056249708885908
532,532,0.0007723203359757425,0.000785538862385836,-21.12526559521225,-21.05514188766533
533,533,0.0007753263548083757,0.0007851045015022942,-21.105831559643455,-21.057543967526655
534,534,0.0007697793399463839,0.0007829327277201963,-21.139244724030554,-21.0695741662367
535,535,0.0007703924382383906,0.0007833258316263949,-21.134705235680656,-21.067394157580495
536,536,0.0007731150835752487,0.0007802216385148073,-21.109959266968062,-21.084638734239064
537,537,0.0007732721872522121,0.0007832362622904934,-21.122006583173025,-21.067890779687247
538,538,0.0007733792119381047,0.0007840221024755584,-21.11910890502914,-21.06353558092353
539,539,0.0007729428735100808,0.0007829882118752913,-21.11717815033716,-21.069266405330108
