,epoch,train_loss,test_loss,train_dbs,test_dbs
0,0,0.0003505262108783708,0.00033893094453225404,-7.459651240674511,-7.614668644185151
1,1,0.00032541764175192904,0.0003185772113379483,-7.7814294841762175,-7.883633799730717
2,2,0.00030940910801291466,0.00030714501381704683,-8.003162199358322,-8.042346169386601
3,3,0.0003014026901603091,0.00030182287599401256,-8.113518137968391,-8.11825933255881
4,4,0.0002966074878469916,0.00029772722107162207,-8.184113248529947,-8.177595425083368
5,5,0.0002936236206298099,0.00029443568507160406,-8.231570837162117,-8.22587641768066
6,6,0.00029075503128475134,0.00029260959433342676,-8.271162886547273,-8.252895242865094
7,7,0.00028833543153278067,0.0002898172211931332,-8.309148774129204,-8.294538982674498
8,8,0.00028653170783840814,0.0002877785085921029,-8.334941378733552,-8.325197287924848
9,9,0.00028523229801854524,0.0002871210193629132,-8.356018401718687,-8.33513099128539
10,10,0.0002838128890551761,0.0002862455179351137,-8.377315719608271,-8.348393911590845
11,11,0.00028271763765531563,0.0002842075957328473,-8.394664795782967,-8.379424056259953
12,12,0.00028186391579400094,0.0002839776433048476,-8.407623733025511,-8.382939356171729
13,13,0.0002807770368460681,0.0002831569152859677,-8.425264160595495,-8.39550913853346
14,14,0.0002796307956852672,0.0002816785479234041,-8.44217285213471,-8.418243130845278
15,15,0.0002786275014382086,0.0002803877348349871,-8.456088210320624,-8.438190742157902
16,16,0.00027809262779162063,0.00027989714075566123,-8.466771981792586,-8.445796243046457
17,17,0.0002766865045768353,0.00027947230754714266,-8.48507460172446,-8.452393055018351
18,18,0.00027611325092892134,0.0002788324920019429,-8.496203454448448,-8.462347061596226
19,19,0.00027548150788301353,0.00027773207157703216,-8.506246713155916,-8.479520527976561
20,20,0.0002745699337575604,0.0002770312666574395,-8.520014173679664,-8.490492985974075
21,21,0.00027445074577081335,0.0002761600343020339,-8.521656879156351,-8.504172583487152
22,22,0.0002737303101517663,0.0002759416958341669,-8.534858704333516,-8.507607573509794
23,23,0.0002731633765356538,0.0002754368324531242,-8.543527977949362,-8.515560710258091
24,24,0.00027238310104087186,0.00027433275030680786,-8.5547607083938,-8.533004288199617
25,25,0.0002715726258213987,0.00027444060757069995,-8.569174253985498,-8.531297142090125
26,26,0.00027156428322340026,0.00027309517884676,-8.568544701105525,-8.55264053045432
27,27,0.00027058013734652557,0.0002734270130627249,-8.584640727631982,-8.547366681057413
28,28,0.0002701264860398933,0.0002715786372152108,-8.590535907328254,-8.576824816341343
29,29,0.0002697368222048756,0.00027219983856316263,-8.598388907869811,-8.566902230327278
30,30,0.0002693249044409406,0.00027170504587334827,-8.604964475504161,-8.574803824900094
31,31,0.0002687788936285513,0.0002704151028362838,-8.613221562284023,-8.59547142788692
32,32,0.0002680371256518783,0.00027140592359692643,-8.625041564127505,-8.579587641633758
33,33,0.0002677746769100831,0.00027046702024036725,-8.627718835791544,-8.594637699382485
34,34,0.00026700536260794195,0.0002698488732628328,-8.641363512116806,-8.604574772924078
35,35,0.0002666972523564761,0.0002692568446754625,-8.64799780882793,-8.61411334183279
36,36,0.0002663274680878775,0.00026840703427105357,-8.654173140358033,-8.627841929193137
37,37,0.0002656494019452252,0.00026751603275586506,-8.66261420801255,-8.642282710781021
38,38,0.00026531455757518866,0.0002677485846154588,-8.670093859642535,-8.638509026048098
39,39,0.00026497303012556865,0.0002674519844157131,-8.6755305574504,-8.643322617464904
40,40,0.00026417422779240483,0.0002673834594469027,-8.689448685598473,-8.644435483724283
41,41,0.0002641230865115223,0.0002660745192674528,-8.689839635174229,-8.665748001695562
42,42,0.0002637979752724971,0.00026609742704558333,-8.693830505248588,-8.665374110448198
43,43,0.00026325972108098383,0.00026517838398974975,-8.705246889501673,-8.680399666576497
44,44,0.00026260250108196527,0.00026569698973999997,-8.71415123068116,-8.671914523041572
45,45,0.00026225195279508135,0.000264686309444522,-8.720561588736716,-8.688466077634338
46,46,0.0002622925364364361,0.0002646306338168583,-8.720373411416091,-8.68937969350354
47,47,0.00026127952406034065,0.0002643382751174565,-8.7348010743967,-8.694180345514296
48,48,0.00026044612597390894,0.0002637251087243816,-8.749465179392137,-8.704266062828944
49,49,0.0002610082081015001,0.0002636973674127244,-8.74076641424021,-8.704722922334549
50,50,0.0002603800751307269,0.00026227889113789916,-8.753147068543566,-8.72814747438726
51,51,0.0002598229565564063,0.00026237451407053555,-8.76127682350289,-8.726564390696772
52,52,0.0002594242399299191,0.0002617247273998433,-8.766876221668205,-8.737333301916628
53,53,0.00025944249268222756,0.00026255343829306135,-8.768112361590376,-8.723603763236138
54,54,0.00025867520754715214,0.0002615461593162955,-8.779101879764234,-8.740297393300573
55,55,0.00025821488591261474,0.00026159264655832787,-8.788550325026382,-8.739525546420932
56,56,0.0002581109555339748,0.000260703305493256,-8.788627689533559,-8.754315486448391
57,57,0.000257267836468131,0.0002611295969568585,-8.803385354368245,-8.74721987899861
58,58,0.00025715020553631344,0.000259747797635531,-8.803344615244031,-8.770262124039036
59,59,0.00025686621485930896,0.0002596685601594417,-8.807661673755028,-8.77158716505386
60,60,0.0002565972566107749,0.00025845854849505584,-8.815211455287361,-8.791871853326267
61,61,0.00025620692713815025,0.0002587361998035033,-8.82195959015528,-8.787208911827632
62,62,0.000256077304528066,0.0002580751315690577,-8.822616754353025,-8.798319289078824
63,63,0.0002551754075762595,0.0002576926873237091,-8.837199559317952,-8.804759917972193
64,64,0.0002550719545604469,0.0002575788147575957,-8.84217728659676,-8.806679458552589
65,65,0.00025506188658536556,0.00025702101993374527,-8.840114147542435,-8.816094436660842
66,66,0.00025459353109346414,0.0002574093385575045,-8.84883997302665,-8.809537876972382
67,67,0.0002542204234374629,0.0002565368869047808,-8.856176318370164,-8.82428266090862
68,68,0.0002535713727636378,0.0002563089771061449,-8.86561932777847,-8.82814268909179
69,69,0.0002534822949397944,0.00025591243511850114,-8.866571678420831,-8.834866969934843
70,70,0.00025297699543556256,0.00025583729515538404,-8.875934835802601,-8.836142314880085
71,71,0.0002526934539176735,0.0002554208989941368,-8.88248481815414,-8.843216571964676
72,72,0.0002522881103189873,0.00025452401084629327,-8.887095899225374,-8.858493280001642
73,73,0.0002515393515722346,0.000253963013069312,-8.901262555834483,-8.868076153361091
74,74,0.0002518679024639645,0.0002541346743543583,-8.895017046757278,-8.865141617206573
75,75,0.00025151657182411244,0.00025429021364911213,-8.903100079732935,-8.862484396400438
76,76,0.00025113721449557,0.00025359210466328815,-8.908100548167916,-8.874423582322969
77,77,0.00025038679818065895,0.00025311305944342166,-8.92043695111628,-8.882635330388386
78,78,0.0002502368860001935,0.0002526756533801458,-8.922950069208046,-8.890146889352513
79,79,0.00024996142814622365,0.0002524234357559563,-8.928361466789754,-8.894484126694028
80,80,0.0002495429674211467,0.0002529113484534288,-8.936849273059451,-8.88609769201229
81,81,0.0002488647461580785,0.00025174555699586083,-8.945584489090045,-8.906162718061086
82,82,0.0002489688016531855,0.00025185888731165936,-8.943115290613795,-8.904208059710834
83,83,0.00024840454813981064,0.0002509704362110872,-8.956162891055222,-8.919555208093152
84,84,0.0002476892247436011,0.00025041067151744897,-8.96834654584082,-8.929252534732282
85,85,0.00024780693098533054,0.0002507438866335801,-8.964814809622789,-8.923477330049653
86,86,0.0002475560861207622,0.00024949369100412647,-8.968870900551133,-8.945185183193004
87,87,0.0002471323344993319,0.00025015982024151047,-8.977977223446409,-8.933605301658488
88,88,0.0002472360246963607,0.000249579483735081,-8.979699872313562,-8.94369204303265
89,89,0.0002465763359724246,0.00024936362368814454,-8.98619982247528,-8.947449859573336
90,90,0.0002463128333419235,0.00024861870042514056,-8.992405761914208,-8.960442943392016
91,91,0.0002458359649796135,0.0002484494853936332,-9.003248281789261,-8.963399847872095
92,92,0.00024547384717002436,0.0002481874283770786,-9.00842191988787,-8.967983072503236
93,93,0.0002451656721100288,0.0002481415745263037,-9.013916039496841,-8.968785527097092
94,94,0.0002452572567638048,0.0002474931833076928,-9.010358076646668,-8.980148446446291
95,95,0.0002444174499839026,0.00024704499197756186,-9.026194041984736,-8.988020319014732
96,96,0.00024415512215802157,0.0002468743814939731,-9.028460575379164,-8.991020614144018
97,97,0.00024362534348200046,0.0002458127181805474,-9.039013359964477,-9.009737370990692
98,98,0.00024364317497886602,0.00024603750391275083,-9.040549981947112,-9.005767739362275
99,99,0.00024318983481318412,0.000246271576830431,-9.048948132155948,-9.00163795227737
100,100,0.00024326331823459375,0.0002453760619238509,-9.047855859688001,-9.01745894202036
101,101,0.00024253817124546688,0.00024511515986983125,-9.059199105592512,-9.022079140222889
102,102,0.00024229215281612249,0.0002449370367685333,-9.063651430094275,-9.025236268542304
103,103,0.0002419119271732982,0.00024406193436956718,-9.071945539220739,-9.040780372768335
104,104,0.00024155376448425626,0.0002440216791767039,-9.076421345418757,-9.041496750359507
105,105,0.00024130815665895293,0.00024387638136670974,-9.08056090544977,-9.04408343983756
106,106,0.00024060677279737422,0.00024318768440647736,-9.095937957095765,-9.056365088593116
107,107,0.00024043504129519168,0.00024399769762040754,-9.096762454843427,-9.041923580033513
108,108,0.00024041673663605158,0.0002429324384521399,-9.09874524348417,-9.060925768740738
109,109,0.00023978734830005537,0.00024232656180270409,-9.108394457816889,-9.071770658671987
110,110,0.00023944736365348908,0.00024193385769122919,-9.11652439705142,-9.078814359092428
111,111,0.00023921158122134002,0.0002412344053338625,-9.11858872167091,-9.091388384938194
112,112,0.00023899365368913668,0.00024173013470748343,-9.125886319193604,-9.082472922653102
113,113,0.00023884963008368715,0.00024047348951602258,-9.12645824099602,-9.105108808425971
114,114,0.00023831442114296994,0.00024049441746779179,-9.135986349417891,-9.104730866619681
115,115,0.00023826276934489645,0.00024105146708040448,-9.135886204682468,-9.094683073103887
116,116,0.0002378727550637553,0.00024056053907291867,-9.142989177576471,-9.103536980223476
117,117,0.0002375972876085218,0.00023991494411970243,-9.150821103061867,-9.115207856439548
118,118,0.0002371714774161558,0.0002399447472079804,-9.156392196001843,-9.114668393882749
119,119,0.00023655519945566187,0.0002391063186989509,-9.164500868683335,-9.129870332575571
120,120,0.00023628529233224305,0.00023949151938339988,-9.173553722632295,-9.12287947074992
121,121,0.0002362632028249659,0.00023927996900104182,-9.173262125456956,-9.12671742567877
122,122,0.00023594115798952078,0.00023800524879908678,-9.178585950525699,-9.149915515430106
123,123,0.00023558697217388903,0.00023809739076042255,-9.184915800611353,-9.148234502029444
124,124,0.00023533992490913603,0.0002383046988765464,-9.190991281719752,-9.144454805066411
125,125,0.00023473944912842215,0.000238163605804163,-9.200729239804504,-9.14702689407884
126,126,0.00023493639744947826,0.00023753887293615232,-9.200636877094,-9.15843394808207
127,127,0.00023395556775905846,0.00023621032366798701,-9.215083526656228,-9.18279211619113
128,128,0.0002341373576350587,0.0002373752443083121,-9.212148214264865,-9.161426616035454
129,129,0.00023422044742079547,0.00023676764900109877,-9.212565536549485,-9.172557245106008
130,130,0.00023350288422979874,0.00023673060978150092,-9.222489182161732,-9.173236695491296
131,131,0.00023319446448759974,0.0002361561905433375,-9.22919630156129,-9.183787517715967
132,132,0.00023311417362023836,0.0002354026073589921,-9.231882118704942,-9.197668174748557
133,133,0.00023303146923522552,0.0002351073038114823,-9.232434497395365,-9.203119652601192
134,134,0.0002323851072152635,0.00023505115869307987,-9.246931435623287,-9.204156899281555
135,135,0.0002318688985752422,0.0002348240553769038,-9.254749106556538,-9.20835502345427
136,136,0.00023170540525731582,0.00023452546922367459,-9.25703323013931,-9.213880727835207
137,137,0.0002315254382712325,0.00023381319586310143,-9.262255913079217,-9.227090682582109
138,138,0.00023120363166714183,0.00023369221736701498,-9.268320413280739,-9.22933836968755
139,139,0.00023066831216187283,0.00023342042588506286,-9.276684533722571,-9.234392292156402
140,140,0.00023057784155472037,0.0002333806999223797,-9.280849901258222,-9.235131483450914
141,141,0.00023061418278771693,0.0002326434141171998,-9.279967048606498,-9.24887323690437
142,142,0.00022996879319573955,0.0002321121589231648,-9.288889332683667,-9.258801952690721
143,143,0.00022947252953074604,0.0002321962766520875,-9.301025060385014,-9.257228349322702
144,144,0.0002297249682050813,0.00023127752846400989,-9.296263632352288,-9.274446487071886
145,145,0.00022912312349419772,0.00023166577049874162,-9.304464755143576,-9.267162164640451
146,146,0.0002289113803759467,0.00023044448722717598,-9.310970801464277,-9.290117630860419
147,147,0.0002288384790311462,0.00023118397266922615,-9.313794644768777,-9.276203639435028
148,148,0.00022790998882930917,0.0002307220267156433,-9.331529314831862,-9.284890283285979
149,149,0.00022799871665708836,0.00023052935552856835,-9.327959750339016,-9.288518501713337
150,150,0.000227693688411256,0.00023053450307710782,-9.335208936157892,-9.288421528077933
151,151,0.00022770262193702853,0.0002303029767445926,-9.3322377854251,-9.29278534922918
152,152,0.00022733676503532442,0.0002301597537313539,-9.341786406908096,-9.295487021361156
153,153,0.00022671730800642218,0.0002290218376162413,-9.352137775791297,-9.317011913064803
154,154,0.00022664838503522932,0.0002299502436806889,-9.354874561371723,-9.29944212191135
155,155,0.0002263333428214237,0.00022925065805841434,-9.360415101261259,-9.312674953523096
156,156,0.00022631355221671313,0.0002288921808174468,-9.36136749813475,-9.319471293275747
157,157,0.00022557781203337896,0.000228822638746351,-9.374498777975672,-9.320790968177173
158,158,0.0002255684083457268,0.0002282169780779728,-9.37455859234844,-9.332301359419969
159,159,0.0002248611600623111,0.00022778202439535802,-9.386676817710029,-9.340586379365478
160,160,0.0002250442546600303,0.00022794419706578513,-9.384192026920827,-9.337495457863128
161,161,0.00022464981914699538,0.00022689183702153203,-9.392106518565539,-9.357592149483281
162,162,0.00022420591462317125,0.0002271960524682838,-9.402157236960756,-9.3517730509053
163,163,0.00022397741744986053,0.00022658504665167513,-9.407884659416494,-9.36346840866447
164,164,0.00022405992695922512,0.00022547009116112205,-9.404359651879389,-9.384891459017519
165,165,0.00022338395389204978,0.0002262692226060225,-9.417655668519442,-9.369526015794527
166,166,0.0002229291822379647,0.0002258243644303691,-9.425489613159442,-9.378072897184165
167,167,0.00022252534183711965,0.00022546003042646733,-9.433046033322194,-9.38508525053137
168,168,0.00022262468221165318,0.00022556965459922425,-9.43183745264576,-9.382974117901759
169,169,0.00022228664872188543,0.00022476760664415595,-9.438584477339898,-9.39844365148801
170,170,0.00022214912502191116,0.00022487977969974868,-9.441952413368144,-9.396276791786285
171,171,0.00022171334886789015,0.00022387388468671001,-9.45126559777601,-9.41574651069271
172,172,0.00022184126140290544,0.00022548175030878107,-9.448518974963132,-9.384666889428154
173,173,0.0002214281257786836,0.00022401297878547522,-9.45555195075804,-9.413049052632308
174,174,0.00022099652902472802,0.0002238334969948291,-9.46551527084478,-9.416530064973294
175,175,0.00022106101606209216,0.00022357482597918103,-9.460779118877497,-9.42155184939136
176,176,0.00022088154234092914,0.00022293940281470945,-9.466262809277328,-9.43391252873794
177,177,0.0002202975378280563,0.0002228993613052329,-9.475951397942099,-9.434692622711772
178,178,0.0002202388014975628,0.0002231264975546908,-9.479516253919474,-9.430269380141977
179,179,0.00021992600372915645,0.00022214497087253747,-9.483442365883356,-9.44941600607953
180,180,0.00021979037912912936,0.0002214713098701874,-9.485174284354219,-9.462606120761327
181,181,0.00021948233968698295,0.00022198214183414452,-9.491386549532953,-9.45260048881039
182,182,0.00021937359397458008,0.00022173334161236294,-9.496955930377458,-9.457470842844508
183,183,0.00021848219825487737,0.00022100833149651358,-9.512618959987572,-9.471694404492657
184,184,0.00021844498525714482,0.00022146849292575528,-9.514058626134386,-9.462661360024766
185,185,0.000218153360975455,0.00022109884364334377,-9.51865263692663,-9.469916151224078
186,186,0.00021816735001660155,0.00022019981559807142,-9.519206522650212,-9.487611353831968
187,187,0.00021777188041746694,0.00022045342024954917,-9.528455414722716,-9.482612452023378
188,188,0.00021725208390523324,0.00021993235139617403,-9.53851304870646,-9.492889688386906
189,189,0.0002173084340216688,0.00021953629728063549,-9.535534443656339,-9.500717512464806
190,190,0.00021675820000344867,0.00021985150401872632,-9.545646390207859,-9.494486453246058
191,191,0.00021665860414529008,0.0002192418599550269,-9.549254257518598,-9.50654608541735
192,192,0.00021625406405235612,0.000218765112405986,-9.558908473357988,-9.516000223120143
193,193,0.00021564875508552975,0.000218631827584958,-9.568030895207809,-9.518647011828211
194,194,0.000215764492318111,0.00021817730923526381,-9.566459310175883,-9.527685049991724
195,195,0.00021548525441663589,0.00021853595420620158,-9.573458708158476,-9.520551876814018
196,196,0.0002153480187545713,0.0002173327130118483,-9.575645656045078,-9.544529848980366
197,197,0.00021494422215949168,0.0002181250211402872,-9.58204791162975,-9.528725999335578
198,198,0.00021495617528268396,0.00021709167661978617,-9.584786555080626,-9.54934913575389
199,199,0.00021423031674990833,0.00021739491096109544,-9.597828207548838,-9.543287129408917
200,200,0.0002143553691584924,0.00021720794872013167,-9.596123727276725,-9.54702372123177
201,201,0.00021424984421998685,0.0002171486979166634,-9.59833433639078,-9.548208567710049
202,202,0.00021370699867418938,0.0002165153173815557,-9.610250857671577,-9.56089460377624
203,203,0.00021358686631314994,0.00021676827868520232,-9.612072191058257,-9.555823573541634
204,204,0.00021320962516312516,0.00021646430372799697,-9.618114781518612,-9.561917975189797
205,205,0.00021285860956473678,0.00021530917729251087,-9.624909357420297,-9.585155448343617
206,206,0.00021253938960108293,0.0002153432854500256,-9.632519445605418,-9.584467516151928
207,207,0.00021271595698973337,0.00021525049937496843,-9.629968386063899,-9.5863391865029
208,208,0.00021225803702128762,0.00021468197825781412,-9.638051008513306,-9.597824977448447
209,209,0.00021180330077186227,0.00021517733847232243,-9.648073176380478,-9.58781554903443
210,210,0.00021182791886193504,0.00021442427839103498,-9.647008396523088,-9.603041291209898
211,211,0.00021135824004586633,0.00021391855338343273,-9.656513223216583,-9.613296333009234
212,212,0.00021099713471953364,0.00021462584462776584,-9.664032131584786,-9.598960690548395
213,213,0.00021094701762344766,0.00021359924070757667,-9.665152556979864,-9.619783817779691
214,214,0.00021081167491052068,0.00021321542781630628,-9.669714999047141,-9.627594602084233
215,215,0.0002108028914044928,0.00021363002260362633,-9.66895972403359,-9.619157998868484
216,216,0.00021038912239690916,0.0002126973987814333,-9.674906287718475,-9.638159076699717
217,217,0.00021059758983403635,0.00021313638257867607,-9.674303716945845,-9.62920495813667
218,218,0.00021026712619056254,0.00021330421977357842,-9.68034124083408,-9.625786391941716
219,219,0.00020943422691978167,0.00021239161325961744,-9.696818883990181,-9.644407226330268
220,220,0.00020953866961584956,0.00021158029113920698,-9.694348550023278,-9.661028759332096
221,221,0.00020903765692582027,0.00021158900697053852,-9.704703364407457,-9.660849859895396
222,222,0.00020943533496561547,0.00021178110067634597,-9.697341632266056,-9.656908852221093
223,223,0.0002084006709898774,0.00021202018251642585,-9.718217999912117,-9.652008822938381
224,224,0.00020822565105489273,0.00021158427683219902,-9.721311325267376,-9.660946948868553
225,225,0.0002083001532603881,0.00021079660923293742,-9.718893903855237,-9.677144655713562
226,226,0.00020796866498205848,0.00021057636446417555,-9.727412815307318,-9.68168462872667
227,227,0.00020776447460785048,0.00021112525581357708,-9.733732463336283,-9.670378975280364
228,228,0.00020756945059005862,0.0002101770828870174,-9.734693171269663,-9.689927262926346
229,229,0.0002073736197660802,0.00021006687816943188,-9.73844690385379,-9.692205049462714
230,230,0.00020697726175001793,0.00020906658640964642,-9.749489746031156,-9.71293458089194
231,231,0.00020627012598141068,0.00020966121978984264,-9.762024841328307,-9.700599781743161
