,epoch,train_loss,test_loss,train_dbs,test_dbs
0,0,0.00044846190763733436,0.0003389652273127515,-6.389674028984846,-7.614229378615425
1,1,0.00021535964243440438,0.00013085109017801618,-9.57650976222827,-11.748007410384375
2,2,9.830193778622376e-05,7.705253933397073e-05,-12.982813241797137,-14.047911304822627
3,3,6.934955863752547e-05,6.770197069272399e-05,-14.496147132189538,-14.609767758625223
4,4,6.397750542784762e-05,6.419690793049277e-05,-14.848186172490333,-14.840639757210631
5,5,6.165916225260854e-05,6.215501228947879e-05,-15.007037102210344,-14.981019296673468
6,6,6.109665238122052e-05,6.183616278576665e-05,-15.047424556910556,-15.00335554522907
7,7,6.0482915492665944e-05,6.189332443203679e-05,-15.090473482787807,-14.99934276058476
8,8,6.006450862467731e-05,6.120020081748647e-05,-15.121857151228042,-15.048252391204826
9,9,5.991022108085501e-05,6.1317891155149e-05,-15.133251879452851,-15.039908761440696
10,10,5.961973961207478e-05,6.103550989983457e-05,-15.151899297964125,-15.059955092422822
11,11,5.950388656425069e-05,6.0492782818312806e-05,-15.159114827400028,-15.098745227357263
12,12,5.909291332462783e-05,6.0432454215754805e-05,-15.18937982870347,-15.103078546358024
13,13,5.918427459900411e-05,6.0568320661427844e-05,-15.183736351630376,-15.093325538992591
14,14,5.9099751674646955e-05,6.037626946253065e-05,-15.190916110718259,-15.107118110606141
15,15,5.932348605861033e-05,5.991288899646239e-05,-15.175964490657627,-15.140578245747312
16,16,5.9101042519539554e-05,6.002653619936226e-05,-15.191512539770338,-15.132348029903977
17,17,5.8787728008122866e-05,5.997854111085058e-05,-15.21332569857195,-15.135821883457117
18,18,5.8925255196056204e-05,6.047280725110077e-05,-15.203464286220676,-15.100179565616092
19,19,5.848019251980358e-05,6.014123114015858e-05,-15.235938842606373,-15.12405772109343
20,20,5.838840263901691e-05,5.985628817334624e-05,-15.24357976275352,-15.14468304592401
21,21,5.84456838905024e-05,6.0029294170243175e-05,-15.239211385860392,-15.13214849414943
22,22,5.834610599720822e-05,5.9737840561674126e-05,-15.249000172481903,-15.153285669064092
23,23,5.8194683943023024e-05,5.935147476664401e-05,-15.257226106270828,-15.181465715451159
24,24,5.816694900523103e-05,5.95454299687653e-05,-15.26212099626724,-15.167296507443018
25,25,5.775706472142945e-05,5.915580186410807e-05,-15.290686374840432,-15.195807406775403
26,26,5.7865195202859616e-05,5.914974022552518e-05,-15.28510979677616,-15.19625244698969
27,27,5.76870331793337e-05,5.8971969816698935e-05,-15.297271740593658,-15.209324517460018
28,28,5.7508826749963377e-05,5.912359100827751e-05,-15.309470899857661,-15.198172822584649
29,29,5.7297817078243807e-05,5.791689986117968e-05,-15.324956794232067,-15.2877277915424
30,30,5.7250380422439924e-05,5.807894328762287e-05,-15.330984561600511,-15.275593802978275
31,31,5.709412383196453e-05,5.823542998864708e-05,-15.341282422432595,-15.263907998406403
32,32,5.684066127287224e-05,5.8729271634212254e-05,-15.361041287392093,-15.227234716113111
33,33,5.688810824253356e-05,5.816216932879271e-05,-15.355395884943448,-15.2693748988757
34,34,5.65765500497721e-05,5.814550700291109e-05,-15.380853851134269,-15.270619246018347
35,35,5.655791771000482e-05,5.802567447014888e-05,-15.380156725633881,-15.279578890833779
36,36,5.657032614312202e-05,5.7955794258496575e-05,-15.383224966982144,-15.284812243078733
37,37,5.6578515795990825e-05,5.789467295950377e-05,-15.382073777043438,-15.289394813348782
38,38,5.663446280937258e-05,5.7992903174109465e-05,-15.375227050239031,-15.28203235883903
39,39,5.6441565058926194e-05,5.778937147145993e-05,-15.393608632287119,-15.297301153077667
40,40,5.616979709059509e-05,5.725166326891141e-05,-15.41127383196537,-15.33789978057991
41,41,5.6343742771693455e-05,5.740769656289271e-05,-15.398150131093676,-15.326079648233195
42,42,5.6043113929882034e-05,5.7554054173555126e-05,-15.422751934904467,-15.315021650833495
43,43,5.6112071930685266e-05,5.759802106216452e-05,-15.419680058020981,-15.311705240252389
44,44,5.582516667008227e-05,5.787342237645613e-05,-15.438056329761578,-15.290989209634166
45,45,5.60875771943475e-05,5.7181119030390525e-05,-15.41863023838749,-15.343254361109217
46,46,5.596165815920367e-05,5.7279645261587575e-05,-15.428052931265983,-15.335777666476853
47,47,5.565911262763002e-05,5.742058898536734e-05,-15.449784035281034,-15.325104434167098
48,48,5.575776872460337e-05,5.770408958931895e-05,-15.444337360905946,-15.303714928751472
49,49,5.5628487821992426e-05,5.760118514636384e-05,-15.453174419332694,-15.311466671888317
50,50,5.5254780124517675e-05,5.7320108010715464e-05,-15.482769037539745,-15.332710862422337
51,51,5.567346760443863e-05,5.757826300779063e-05,-15.451325928386503,-15.313195271666615
52,52,5.528602574936345e-05,5.7116346349510805e-05,-15.477549462903184,-15.348176678643036
53,53,5.538990977190233e-05,5.652254530057115e-05,-15.473455951949827,-15.393563757362067
54,54,5.531745544843587e-05,5.676906967940005e-05,-15.478663735710773,-15.374663091786061
55,55,5.539427174599697e-05,5.707559715742e-05,-15.472658506007592,-15.351276223054795
56,56,5.5165861696652954e-05,5.687492222549688e-05,-15.488852519930001,-15.366572705450759
57,57,5.5349019152645176e-05,5.686553509133917e-05,-15.473925534948624,-15.367289562173688
58,58,5.520474088867915e-05,5.6742784708101103e-05,-15.487599993714486,-15.37667440915159
59,59,5.4800668594813855e-05,5.749330069336697e-05,-15.518819363668609,-15.319608440974866
60,60,5.528121994185434e-05,5.676749156248805e-05,-15.481519783773056,-15.374783822493285
61,61,5.5210213308923484e-05,5.686287323968779e-05,-15.48879517200946,-15.367492858342345
62,62,5.532174447542968e-05,5.690003749087306e-05,-15.478497693294244,-15.364655337803473
63,63,5.5464307938704805e-05,5.7143128958016044e-05,-15.46785491151759,-15.346140691821546
64,64,5.5085220495682956e-05,5.678813919841655e-05,-15.49511126655945,-15.373204481268754
65,65,5.514492336588614e-05,5.6636313514134505e-05,-15.492366071563259,-15.384831091703965
66,66,5.505730294635683e-05,5.6714208001626264e-05,-15.500288345124352,-15.378862146707299
67,67,5.502464083508233e-05,5.648165729086797e-05,-15.499953241230644,-15.39670654981718
68,68,5.505063186835296e-05,5.6586457886671846e-05,-15.499946263666724,-15.38865576849475
69,69,5.4991712251236454e-05,5.696664562779724e-05,-15.50281654799154,-15.359574387199967
70,70,5.5149221619094255e-05,5.669641445580821e-05,-15.49208857868576,-15.380224918316912
71,71,5.514996950502613e-05,5.609339266237313e-05,-15.490950192751463,-15.426663783563377
72,72,5.493586758882546e-05,5.638932558021655e-05,-15.507529816081151,-15.403811858970162
73,73,5.516990795419504e-05,5.664285172794112e-05,-15.491239567166325,-15.384329762059664
74,74,5.477196370436301e-05,5.632671883703504e-05,-15.518634089028094,-15.408636330238714
75,75,5.49652049250147e-05,5.689359271568001e-05,-15.508008379525402,-15.365147268731654
76,76,5.456666607192487e-05,5.562139210125775e-05,-15.537499192419697,-15.463362320706892
77,77,5.460645280839616e-05,5.616527184764365e-05,-15.53519167612064,-15.42110221057851
78,78,5.4420994574590536e-05,5.5617223360489954e-05,-15.549987103813248,-15.463687830172336
79,79,5.4644733684175866e-05,5.626922728352886e-05,-15.531702363078567,-15.413071350765454
80,80,5.421130815202841e-05,5.619951441890168e-05,-15.56463636902258,-15.418455231805527
81,81,5.45385340693738e-05,5.614815515735628e-05,-15.541261750291103,-15.422425949760196
82,82,5.448398516500205e-05,5.606157987801309e-05,-15.546331613552693,-15.429127538269768
83,83,5.4283818057810256e-05,5.5534696960086493e-05,-15.558906534166914,-15.470136799616858
84,84,5.424531432769991e-05,5.632938470961036e-05,-15.563805369077766,-15.40843078900079
85,85,5.4439934529844174e-05,5.598228840665941e-05,-15.545845783502488,-15.435274390345965
86,86,5.41277339150313e-05,5.545849106917893e-05,-15.573600187397297,-15.476100373363623
87,87,5.410466804175119e-05,5.526414583743501e-05,-15.578101776099443,-15.491346243723548
88,88,5.3728184979000926e-05,5.511997503498079e-05,-15.605694530292471,-15.50269074129534
89,89,5.3611145837570914e-05,5.511985479020759e-05,-15.612787007053978,-15.502700215482948
90,90,5.348638086681753e-05,5.531555143534206e-05,-15.623504706258549,-15.48730840139466
91,91,5.384610334864923e-05,5.511412669683954e-05,-15.59598506169223,-15.50315156075965
92,92,5.3626342200117246e-05,5.53862327682222e-05,-15.613604466972378,-15.481762597912716
93,93,5.303407032414791e-05,5.46939748011554e-05,-15.662393617698394,-15.536386001175801
94,94,5.322751227121791e-05,5.542950518582458e-05,-15.645353354925666,-15.47837084625623
95,95,5.353040663620275e-05,5.460276052441546e-05,-15.623733598442339,-15.543634866594838
96,96,5.2998515344632924e-05,5.454617482763225e-05,-15.663289761520012,-15.54813786206428
97,97,5.295723279879294e-05,5.433586691077309e-05,-15.669185376221314,-15.564914858512648
98,98,5.284685265877735e-05,5.415539980228794e-05,-15.673413208537124,-15.579363199663607
99,99,5.284764337534632e-05,5.429199824759149e-05,-15.676709273662187,-15.568422599248636
100,100,5.2668039137005476e-05,5.369926772178396e-05,-15.689702906340129,-15.616097229105543
101,101,5.26004971350668e-05,5.435193069340465e-05,-15.697569464408334,-15.563631105900127
102,102,5.257308166432098e-05,5.349737387548789e-05,-15.699124691156817,-15.63245622799662
103,103,5.242756705013459e-05,5.338704450926008e-05,-15.707954070485123,-15.641422072164872
104,104,5.23312656255679e-05,5.3536501677866144e-05,-15.720132127088196,-15.62928097355853
105,105,5.2053915347529515e-05,5.287961290665216e-05,-15.742128255542136,-15.682898189940026
106,106,5.1796387403377705e-05,5.309645367608602e-05,-15.761781753747815,-15.665125709024961
107,107,5.172049383976084e-05,5.30322000773403e-05,-15.768205299025606,-15.670384418299086
108,108,5.1754964326541945e-05,5.223821254300052e-05,-15.769061997214939,-15.735897782444672
109,109,5.1527755522798054e-05,5.227389115852451e-05,-15.788614281060166,-15.732932570589362
110,110,5.141513630058904e-05,5.21637532648655e-05,-15.795077754707098,-15.742092543022812
111,111,5.1408461472091564e-05,5.2048973118776064e-05,-15.797713644387574,-15.751659206513029
112,112,5.1034865239287064e-05,5.201933086745588e-05,-15.828908080968588,-15.754133248278787
113,113,5.112778180586078e-05,5.104477053177298e-05,-15.819795056320046,-15.83626830512715
114,114,5.0653670318892764e-05,5.173947743299466e-05,-15.861436187815517,-15.777560482850417
115,115,5.069371441423595e-05,5.119901087662009e-05,-15.857559703394395,-15.82316515488265
116,116,5.0529982639925514e-05,5.1232926029785486e-05,-15.8726412435107,-15.820289261903229
117,117,5.059744243104414e-05,5.125121434072131e-05,-15.866273248579699,-15.818739263517461
118,118,5.016476497235324e-05,5.052600298720216e-05,-15.902950465142641,-15.880631429137228
119,119,4.994886458194911e-05,5.0921989512923906e-05,-15.922806556543001,-15.846727232078786
120,120,4.973247643985027e-05,5.0562965809245054e-05,-15.941313762412701,-15.877455464330124
121,121,4.9613221394277376e-05,5.04152910587819e-05,-15.951889041913445,-15.890158075160205
122,122,4.9364868995251094e-05,5.030729172224375e-05,-15.973123656406518,-15.899471484842099
123,123,4.923684882106903e-05,5.0084239774150774e-05,-15.983864597346006,-15.918770002992108
