,epoch,train_loss,test_loss,train_dbs,test_dbs
0,0,0.0005070776624614661,0.00045378245474574596,-5.856184832239428,-6.347303862166072
1,1,0.00035173539282302806,0.00020590399493046694,-7.445992269823635,-9.779133134862912
2,2,0.0002691189292818308,0.00033392991846133217,-8.608991569325307,-7.679227549027998
3,3,0.00028044514966523755,0.00024613994326883634,-8.42810481418097,-9.003959901641354
4,4,0.00022148247148131127,0.00021226943844292117,-9.455065585022709,-9.64690615341435
5,5,0.00020657711753564089,0.00020669677714498617,-9.756191167802758,-9.762443812490012
6,6,0.00020143052007398117,0.00020901726154414448,-9.866345966036384,-9.713959328301451
7,7,0.00018787878348261656,0.00018708184698449545,-10.168023263641912,-10.195464374539391
8,8,0.00018222036575850522,0.0001824382810522557,-10.302067296414032,-10.304621146962369
9,9,0.00020111280660860278,0.0002363290941024101,-9.873863833738222,-9.180608960948218
10,10,0.00021380301011058973,0.00020777754023009422,-9.605661894222505,-9.73979485750132
11,11,0.0001896276239536165,0.00017766143948967126,-10.125552124910524,-10.419849096993035
12,12,0.00017040567613595654,0.0001696323023153175,-10.589893275948835,-10.620695297898443
13,13,0.0001695574966040872,0.00016159397828711294,-10.61262968253602,-10.831529133385798
14,14,0.00016384354059538833,0.00016569553133051254,-10.762479428057263,-10.722672903084591
15,15,0.0001697778507056598,0.0001762641982886156,-10.60942081506185,-10.45413976323756
16,16,0.0001761249229659989,0.00019195712382880678,-10.449255795480596,-10.08373852228531
17,17,0.00017439095635259926,0.00016337723737754124,-10.490952866900749,-10.783865382315824
18,18,0.00015692641805874221,0.0001582257077404249,-10.949518388602682,-10.923010393864033
19,19,0.00016309017691756454,0.0001585028497318394,-10.781748740901623,-10.915410114984617
20,20,0.0001636686386509328,0.00018960378197095307,-10.767191003838912,-10.137310904949349
21,21,0.00017546245422617524,0.000181947562132815,-10.464893837720883,-10.31631845363336
22,22,0.0001921717986013241,0.0001950947220106364,-10.072222390343534,-10.013325659474981
23,23,0.00018830395654112714,0.0001857368295436333,-10.157464792186213,-10.226800582926344
24,24,0.0001856787478282433,0.00018806709665927644,-10.221261855616891,-10.172652662653734
25,25,0.00018413249732081576,0.00017527103466962121,-10.255433079013542,-10.47867935907407
26,26,0.00016385353228542954,0.000160843967215011,-10.764725940344073,-10.85173309895373
27,27,0.00018111541333185873,0.00019780236164622597,-10.328499666723832,-9.953466138098678
28,28,0.00019122651803964922,0.00018330801685806364,-10.091334803106724,-10.283966273608222
29,29,0.0001689263909920743,0.0001647757377022093,-10.629362523073931,-10.746848216716556
30,30,0.0001727782106435061,0.00017000343053185038,-10.533878610462041,-10.61120401149466
31,31,0.00016745878758566628,0.00016530266485029928,-10.668117123319686,-10.732982314227684
32,32,0.00016163050505505473,0.00015965899020604985,-10.822399205234808,-10.883847081630094
33,33,0.00016828136459789864,0.0001847394611870282,-10.64525055406811,-10.25018413706828
34,34,0.00017062857862293107,0.00017632368039094696,-10.58670073423977,-10.45267444065436
35,35,0.0001740906099229571,0.00017300383708635834,-10.497337374197368,-10.53522350788938
36,36,0.00017769741657737296,0.0001759323196510147,-10.41230065332876,-10.462324574630689
37,37,0.00017411839447977961,0.00016102698435516735,-10.50014274344624,-10.846794266030672
38,38,0.0001672152288800547,0.00017952531389279388,-10.673276628762736,-10.37452391581547
39,39,0.00017533031473483543,0.00017213344031724294,-10.47102898550932,-10.557128375315257
40,40,0.00015915552791467263,0.00015207555598432295,-10.888085107418346,-11.09518673420536
41,41,0.000153434162355777,0.00015602866187691689,-11.047386390727404,-10.983737023860993
42,42,0.00014742156849230747,0.00014590509932819069,-11.222364239620424,-11.275076157408217
43,43,0.00014640609639247917,0.00014400178502240268,-11.254651498192121,-11.33210210756397
44,44,0.00014009492475714668,0.00013906417007092386,-11.44213259029116,-11.483628380391028
45,45,0.00013471866176840514,0.0001345060001384761,-11.613019440070282,-11.628364282429002
46,46,0.00014536629484056677,0.0001500310095970666,-11.28232146308771,-11.153970545719627
47,47,0.00014149555544904193,0.00013258569915227495,-11.397718832851007,-11.690814032409488
48,48,0.00013869775299549334,0.00014245325138816903,-11.486696969917018,-11.37905720194796
49,49,0.0001378013012353475,0.00014621294279717594,-11.51361377819274,-11.2659226817523
50,50,0.00013315573814157012,0.00013186266886278694,-11.662868723847968,-11.71456224834846
51,51,0.00012881828499921916,0.000127721236295704,-11.808033519322494,-11.853149726254726
52,52,0.00012434623286682517,0.00012415643409200894,-11.957376853467728,-11.976088556450836
53,53,0.00012202579481587217,0.00012439047177873649,-12.043246077747934,-11.967909713460427
54,54,0.0001229578755152671,0.00012188151442004662,-12.00972217574165,-12.056402444842849
55,55,0.00011672105539059651,0.00012083898572631082,-12.235815019995401,-12.093710150039673
56,56,0.00011597262638724246,0.00011885561597361964,-12.262001657140429,-12.165583791973496
57,57,0.00011868471033407913,0.00012394954032252396,-12.161077084114801,-11.983331658392798
58,58,0.0001260946805861337,0.0001391270688097728,-11.900396093004002,-11.481664510085396
59,59,0.0001242387617971825,0.0001272985659613225,-11.964106790616643,-11.867545750433514
60,60,0.00012789063895848513,0.00013087055604525007,-11.838908396628813,-11.747361386728121
61,61,0.00012727527319304836,0.00012200940009757975,-11.861549043624667,-12.051847945609683
62,62,0.00012314148925631258,0.00013086940376333108,-12.003412341219533,-11.747399625419634
63,63,0.0001257470849128536,0.00013562090776088697,-11.913011635918803,-11.592514393835753
64,64,0.00012315780862916223,0.00011899600595873045,-12.000842660122448,-12.160457015672105
65,65,0.00012101230237659394,0.00012483811626321097,-12.079126207897668,-11.952308795439937
66,66,0.00012370278963101452,0.00012277801885686226,-11.984642740629333,-12.024574649922819
67,67,0.00011822436394628387,0.00012867162034748807,-12.178455544019188,-11.820953163122972
68,68,0.00011926698654448402,0.0001230291167494694,-12.142366882082843,-12.015701801960969
69,69,0.00011670752225945387,0.00011701043159088218,-12.234800481785118,-12.233535050910344
70,70,0.00011490296085482732,0.0001155901110522743,-12.304170251517622,-12.286574053500477
71,71,0.00011267757741434346,0.00011414782784413546,-12.388027948955099,-12.341104347528669
72,72,0.00011155090835449507,0.00011217846316101618,-12.431358581449416,-12.416686004249286
73,73,0.0001109468658543528,0.00011097077597361549,-12.457111777688525,-12.463694634370672
74,74,0.00012149573335263245,0.00012304140009770267,-12.058606938036755,-12.015268219715537
75,75,0.0001185540311349335,0.00012044189919068135,-12.169723637584319,-12.108004912512536
76,76,0.00011460524569649595,0.00011504679806469205,-12.314728426434908,-12.307035502609338
77,77,0.0001119800944411743,0.00011381177204097377,-12.41622304208762,-12.35390900999731
78,78,0.00010932305746426154,0.00010922408737793663,-12.520534156671763,-12.532596616794379
79,79,0.00010699145329369654,0.00010783939528903972,-12.61369463341017,-12.588006424423416
80,80,0.00010682411992036709,0.00010835069138250362,-12.618842005690132,-12.567463994431519
81,81,0.00010609362892789727,0.00010645460286851678,-12.651403307868748,-12.644136421863895
82,82,0.00010881862079859087,0.00010855428914318939,-12.541988101448693,-12.55931098570413
83,83,0.00010538229980738834,0.0001061105641910169,-12.677933674723,-12.65819462638852
84,84,0.00010480359646722136,0.00010570935218742019,-12.703665807301928,-12.674646749549803
85,85,0.00010421034031170756,0.00010550928786151896,-12.725913584526559,-12.682873945665502
86,86,0.00010391183109886791,0.00010431091581459011,-12.74114866374186,-12.732483279494147
87,87,0.00010417610775624143,0.00010466931838125579,-12.732767871633573,-12.717586903269275
88,88,0.0001027173631657731,0.00010403401316388657,-12.79127760515632,-12.744027343909059
89,89,0.00010206892359737768,0.00010499272933597432,-12.816402554643226,-12.704188607683465
90,90,0.00010258635249800173,0.00010212589481134752,-12.795040946009577,-12.82442211549414
91,91,0.00010163434835141237,0.00010273148616665582,-12.837122796417969,-12.798745154403388
92,92,0.00010192447746131743,0.00010400067357726297,-12.824601282506014,-12.745419342411841
93,93,0.00010182403151627591,0.00010349190492170716,-12.829440338833058,-12.76671705475267
94,94,0.00010194647680672807,0.00010369962355501852,-12.822992827525308,-12.758009064892041
95,95,0.00010094569321510564,0.00010252019848466214,-12.868861075247867,-12.807686479971785
96,96,0.00010024962500313816,0.00010230048945614774,-12.895099232068413,-12.817003747310899
97,97,0.00010133485028342603,0.00010070736454125788,-12.850849910499536,-12.885168554695603
98,98,0.00010031953240389523,0.00010006659125026904,-12.889749492584352,-12.9128898045144
99,99,9.881330041344441e-05,9.967041229461564e-05,-12.958811478434866,-12.93011831569415
100,100,9.83306696427237e-05,9.854035076722012e-05,-12.978284434802934,-12.979639824584135
101,101,9.749132409852632e-05,9.848525530143984e-05,-13.017808263047817,-12.982068712673087
102,102,9.703792174966027e-05,9.947641305380354e-05,-13.037344170990275,-12.9385796935024
103,103,9.870900788714091e-05,9.882077306668322e-05,-12.959983245055277,-12.967298393115856
104,104,9.787374303001699e-05,9.82483355696068e-05,-13.001082533793744,-12.992528846244992
105,105,9.72171540890542e-05,9.747989602864866e-05,-13.029233235303913,-13.026630290302762
106,106,9.636348248435396e-05,9.757194301959029e-05,-13.065651592265326,-13.022531328364817
107,107,9.616867231970806e-05,9.69465893975116e-05,-13.074495725512154,-13.050455512204586
108,108,9.64940164643868e-05,9.605719012477876e-05,-13.063578294537969,-13.090482078678441
109,109,9.571520006164101e-05,9.69702883402964e-05,-13.099217422858034,-13.049393993449778
110,110,9.597737816781689e-05,9.636932525992099e-05,-13.084298848655429,-13.07639268092326
111,111,9.628288310138778e-05,0.00010201338782759481,-13.07256884800169,-12.829209157609192
112,112,9.732590310189143e-05,9.732986233613796e-05,-13.025293381303364,-13.033319772204147
113,113,9.51313540446284e-05,9.58957687927116e-05,-13.123127784839701,-13.097786411021028
114,114,9.57492813221947e-05,9.550715453530613e-05,-13.096190152888136,-13.115421800967802
115,115,9.446534228849599e-05,9.63215007734681e-05,-13.154375816752557,-13.078548456724358
116,116,9.438975671541484e-05,9.565273802237291e-05,-13.158884066629264,-13.108806802762146
117,117,9.4031159269153e-05,9.292754647934711e-05,-13.174840994286477,-13.234336154917521
118,118,9.356718675411047e-05,9.584325476010378e-05,-13.195702564616443,-13.100165327397226
119,119,9.52727168998873e-05,0.00010272552524264411,-13.118377259106587,-12.798997158108524
120,120,0.00011469641127011538,0.00011045384675717766,-12.312216323063447,-12.483972407575827
121,121,0.00010221524370507788,0.00010014694692616008,-12.812706625181846,-12.90940372372079
122,122,9.792154539645333e-05,0.00010278155547750525,-12.998520955742745,-12.796629003946865
123,123,0.00010044193928929276,9.953107617452348e-05,-12.887616205638224,-12.936193864468388
124,124,9.564053756004852e-05,9.393231716546182e-05,-13.102960425480891,-13.187630504837628
125,125,9.435076013293848e-05,9.49084998482201e-05,-13.15987241569143,-13.14272977463533
126,126,9.451582843315375e-05,9.458975890945447e-05,-13.15410692631479,-13.15733967789429
127,127,9.946622999778651e-05,9.727110744662289e-05,-12.929110021875331,-13.035942259142939
128,128,0.000109663291668673,0.00010793442274198721,-12.506430206816335,-12.58418113167111
129,129,0.00010327534795409913,0.00010959770856731523,-12.765787701813604,-12.517766121701463
130,130,0.00010660060655299247,0.00010458749640843292,-12.630224573305233,-12.720983192478982
131,131,0.00010546767431882585,0.00010676281511366956,-12.675581768806218,-12.631580696180295
132,132,0.0001045848175729673,0.00010520448612576154,-12.713869939885443,-12.695438269462318
133,133,0.0001033067635888205,0.00010450321171543022,-12.766773817944731,-12.724484484276314
134,134,0.00010310453164736865,0.00010181026377004425,-12.773362944588168,-12.83786523710225
135,135,0.00010012556062459215,9.899296051834856e-05,-12.901977779005342,-12.959737737175276
136,136,0.00010329586495441318,0.00010006755014489356,-12.767387987348586,-12.912848188162362
137,137,0.00010687377893116286,0.00012652727539381501,-12.61952476400763,-11.893939301744014
138,138,0.00011931009456808151,0.00011990241565447497,-12.13930173101998,-12.127501534805498
139,139,0.0001113119647812972,0.00010858303453699734,-12.442573698301263,-12.558161117429783
140,140,0.00010975338925173045,0.00011020160730511539,-12.503095951500285,-12.493901575230575
141,141,0.0001093265532993606,0.00010604454866169315,-12.520354171222735,-12.660897382937257
142,142,0.00010272730789963425,0.00010167866467351192,-12.78869591348651,-12.843482522509612
143,143,0.00010412246962173929,0.00010199408471204439,-12.732120605530888,-12.830031013444938
144,144,9.904369788686025e-05,9.830544915626218e-05,-12.950106444347195,-12.990004945088998
145,145,0.00010033163584687161,9.810516731752279e-05,-12.892509085723887,-12.998862035311465
146,146,0.00012006138459798524,0.00012658842215865947,-12.112631181246165,-11.891840996239331
147,147,0.00011790392072163234,0.00011010626124181344,-12.194409841173572,-12.497660703038552
148,148,0.00010349354829720807,9.969894515387223e-05,-12.758677705894259,-12.928875229638074
149,149,9.436216583408262e-05,9.283079960273186e-05,-13.159668935394492,-13.238859950412113
150,150,9.216704872705657e-05,9.187859349798313e-05,-13.26220002339863,-13.283637480497571
151,151,9.216096325112583e-05,9.27191630532769e-05,-13.260769670514021,-13.24408583594322
152,152,9.24668656620101e-05,9.241509350862256e-05,-13.247307240798673,-13.258351790451464
153,153,9.956157032085928e-05,0.00010075808715651204,-12.925768779784544,-12.88298172293935
154,154,9.6207813671238e-05,9.409889944914827e-05,-13.074165751791796,-13.179935422412726
155,155,9.351810966990408e-05,9.385947985145704e-05,-13.1971855606774,-13.190999432089797
156,156,9.335159075376818e-05,9.343646027111008e-05,-13.206944651305177,-13.210617089765204
157,157,9.289733351738739e-05,9.26408055851138e-05,-13.226184163228677,-13.247757633938894
158,158,9.230465103737703e-05,9.245376254272599e-05,-13.253547223735556,-13.256534962161911
159,159,9.237553236631619e-05,9.258967283561728e-05,-13.2514378057455,-13.250155368016383
160,160,9.14667947391845e-05,9.229249323987843e-05,-13.294560244751004,-13.26411707913852
161,161,9.167712384633259e-05,9.380770949830644e-05,-13.285658194628635,-13.193395543988496
162,162,9.222584063986546e-05,9.211137933705591e-05,-13.258859796074765,-13.272648005608158
163,163,9.104135247024217e-05,9.292256972433901e-05,-13.314255794306874,-13.234568748502337
164,164,9.160648622446857e-05,9.218693020030562e-05,-13.287418782564682,-13.269087329991251
165,165,9.118070603605149e-05,9.29899466236269e-05,-13.307996045274535,-13.231420879017877
166,166,9.107724769453797e-05,9.169329209008108e-05,-13.313148706667752,-13.292405207213019
167,167,9.110656005243972e-05,9.166370459991556e-05,-13.310833304354741,-13.293806809994013
168,168,9.063712914399898e-05,9.120077256260342e-05,-13.334920540113934,-13.315795690712147
169,169,8.979526529335849e-05,9.191509736027863e-05,-13.373509258010648,-13.281912347703566
170,170,9.062960062814473e-05,9.055010588398498e-05,-13.333663227539676,-13.346891238389809
171,171,9.00215228969116e-05,9.093460769355788e-05,-13.360423180247217,-13.328488888049934
172,172,9.047567534450077e-05,9.141918647066249e-05,-13.340426790367339,-13.30540734096427
173,173,8.986504423970923e-05,9.100773106758042e-05,-13.371675094006452,-13.324997993103517
174,174,9.02220287861917e-05,9.131845313516494e-05,-13.354285854421722,-13.310195400641074
175,175,9.02047162076228e-05,9.185170002686056e-05,-13.359078630729353,-13.28490887521067
176,176,8.99417170433846e-05,9.047689941086758e-05,-13.367130222017938,-13.350403771671326
177,177,8.959929465097808e-05,9.093505152697234e-05,-13.383432415572615,-13.328467691067038
178,178,8.999405353157253e-05,9.213685054993747e-05,-13.365658470826334,-13.271447233445615
179,179,8.933642502878937e-05,9.109450911637396e-05,-13.395670726913691,-13.320858864385933
180,180,8.940913817382024e-05,8.986842026627671e-05,-13.393448070533672,-13.379709787272255
181,181,8.991672585420695e-05,9.029782430795756e-05,-13.369373918185364,-13.359008000501422
182,182,8.96692541835964e-05,9.019454553613047e-05,-13.379182616085888,-13.363978117037238
183,183,8.876245788697e-05,8.958975453615973e-05,-13.427952592109358,-13.393197396436962
184,184,8.920051336598092e-05,8.96457912810882e-05,-13.405503678075721,-13.390481813455002
185,185,8.95931754206048e-05,9.015034371067916e-05,-13.387359655935153,-13.366106994583824
186,186,8.923468073786803e-05,9.066033932245581e-05,-13.40188594454498,-13.341607461298505
187,187,8.890406572447187e-05,9.061688692063878e-05,-13.418317096324055,-13.34368948109626
188,188,8.993705803019561e-05,9.118296293308958e-05,-13.368223503550416,-13.316643861063099
189,189,8.938398983896009e-05,9.555032777011787e-05,-13.397504590848612,-13.113459051565105
190,190,9.045239010484908e-05,8.886870828542956e-05,-13.345599480100475,-13.428292186225935
191,191,8.964348499202314e-05,9.125766672169495e-05,-13.382687459093923,-13.313087258014406
192,192,8.83849350748747e-05,8.876924441306313e-05,-13.444091174174485,-13.433155630639195
193,193,9.499572569410768e-05,9.198884799843654e-05,-13.128312980345244,-13.278429062247849
194,194,8.969775013404793e-05,8.992023848756952e-05,-13.379352126396816,-13.377206362601461
195,195,8.803786027014793e-05,8.871153687849935e-05,-13.45958145561813,-13.435979831042879
