,epoch,train_loss,test_loss,train_dbs,test_dbs
0,0,0.0002890486283991102,0.00026774797496679977,-8.297147094115067,-8.638518914703543
1,1,0.0002474456388844158,0.00023447534476872534,-8.971042379362615,-9.214809032163313
2,2,0.00022139933038882182,0.000216094792305835,-9.456730106827896,-9.569337854330094
3,3,0.00020724296847060707,0.00020499013848357687,-9.740191337435785,-9.798451174925011
4,4,0.00019753467682845046,0.000197534369745929,-9.949500892276967,-9.959354152648276
5,5,0.00019125448697073787,0.00019154106848873198,-10.093364404873162,-10.093161805777717
6,6,0.00018714280341771076,0.0001883361684648614,-10.184703962772845,-10.166443554968778
7,7,0.00018307473015438612,0.00018505918897541337,-10.281844878293708,-10.242674317941269
8,8,0.00018302346780756969,0.00018390475107528466,-10.281600464094476,-10.269851371924139
9,9,0.000179873766664406,0.00018171302738329885,-10.358327119352095,-10.321920224327666
10,10,0.00017705515219671556,0.0001780992277321945,-10.42655117561992,-10.409160500334746
11,11,0.00017547834431752563,0.0001754291320378941,-10.465958547847125,-10.47476371683528
12,12,0.00016680565172417532,0.0001629864005065572,-10.685910930164706,-10.794267176990948
13,13,0.00015578046381070287,0.00015391807353712226,-10.983750099528697,-11.042884672983192
14,14,0.00014810002401120692,0.0001486401651115892,-11.202471547553674,-11.194419072575974
15,15,0.0001442926265563355,0.0001461082513407363,-11.31388662569552,-11.269033432850055
16,16,0.0001422344372708581,0.00014253895604174192,-11.378619152083903,-11.376445126370324
17,17,0.00013786725809115954,0.00013939756440537932,-11.510342986440529,-11.473229006185568
18,18,0.00013682103306883177,0.00013907530611552494,-11.545547295294124,-11.483280617981366
19,19,0.000135388952762743,0.0001378262731075091,-11.59133893828282,-11.522460735602829
20,20,0.0001346831204406869,0.00013555616935359707,-11.613412264097125,-11.594587986035103
21,21,0.0001334926155791858,0.00013835639631571737,-11.651728606871457,-11.505788446404967
22,22,0.00013313906644735025,0.00013525914906303545,-11.665032525117184,-11.604114354460668
23,23,0.0001323106505916473,0.00013486500622667861,-11.691804651941386,-11.616788095556194
24,24,0.00013169931885714345,0.00013367515394317083,-11.71072701973146,-11.655273934123649
25,25,0.00013147535363029804,0.00013244004750097367,-11.719590692640732,-11.695587584836565
26,26,0.0001304030237472184,0.00013159311224865777,-11.754394582316221,-11.723449279821715
27,27,0.0001298590789317422,0.00013168249585616745,-11.772876674841136,-11.72050036941676
28,28,0.00012913772729213456,0.0001300868415886438,-11.795676208590029,-11.773447168566108
29,29,0.00012850044836763044,0.00013043499347986653,-11.818744844976495,-11.761839655115994
30,30,0.0001278765290764343,0.00013055831674903043,-11.839821221731608,-11.757735441162984
31,31,0.00012712917128906672,0.0001293966476958686,-11.86472102168082,-11.796550612010881
32,32,0.0001268454833519069,0.0001292548048169058,-11.874241007597552,-11.801313901387967
33,33,0.00012616308606421748,0.00012899372048100064,-11.896090838636852,-11.810095173218631
34,34,0.0001258649559512725,0.00012833179866184334,-11.907515069940688,-11.832438050715787
35,35,0.00012549085546460136,0.0001281025393645426,-11.922062424116636,-11.840203475193356
36,36,0.00012534909220664406,0.00012834532696471892,-11.927120813134398,-11.831980256334658
37,37,0.000124845183310435,0.00012741090444921466,-11.941984719591993,-11.863714876891065
38,38,0.00012430820631201752,0.00012699120653499114,-11.962706660467703,-11.878044369116527
39,39,0.00012408448869276063,0.00012597364050299418,-11.97037232462061,-11.91298406144536
40,40,0.00012408602864543916,0.00012705117536059238,-11.971124299154589,-11.875993992298747
41,41,0.00012463051803258832,0.00012611919029088887,-11.951659270718725,-11.90796912495949
42,42,0.00012391136808275274,0.000124977337882707,-11.975433564390428,-11.947468167178965
43,43,0.00012271174232081808,0.00012341323408212416,-12.02022983308036,-12.002163530433945
44,44,0.00012150699345961443,0.0001241501955327725,-12.061127062361335,-11.976306784361713
45,45,0.00012139385479403966,0.00012364246465853954,-12.065781872009582,-11.994104327307127
46,46,0.00012117195121353473,0.0001232674606542691,-12.074211726854866,-12.00729636847484
47,47,0.00012001010717418448,0.0001224501086797222,-12.113676601436117,-12.036189114119804
48,48,0.00011955941020638307,0.00012210973785075016,-12.13080655836783,-12.048277874426523
49,49,0.00012021362898540058,0.00012190499699882869,-12.107770987824079,-12.055565782112158
50,50,0.00011935136184941247,0.00012056028782880228,-12.140950759765687,-12.103738101739774
51,51,0.0001185588347671563,0.00012640146068358598,-12.168712804268932,-11.898259936856405
52,52,0.00011890923250922645,0.000120516728968237,-12.154825991645664,-12.105307506674238
53,53,0.00011764119001772716,0.00011986563377400958,-12.20292935445815,-12.128834003237682
54,54,0.00011867867091420999,0.00012156652634362935,-12.162923201944594,-12.067640790352707
55,55,0.00011789693377705618,0.00012166487507975514,-12.193337976760482,-12.06412871785883
56,56,0.00011767175354029907,0.00012014550271774887,-12.199969821991504,-12.118705673795331
57,57,0.00011652784308625058,0.00011946834504334747,-12.242943219023301,-12.143252387353572
58,58,0.00011689870922223752,0.00011937599897225339,-12.227116215320164,-12.146610674213186
59,59,0.00011676184298379405,0.00012387425752087054,-12.231722121143795,-11.985970219066186
60,60,0.00011775438936628863,0.0001187364610622784,-12.197960496745468,-12.169939856828119
61,61,0.0001160217285247462,0.00011785689811834967,-12.26247495301353,-12.20223079636706
62,62,0.00011594793058694196,0.00011839217002393285,-12.26369763356768,-12.182551054599205
63,63,0.00011661900348418882,0.00011891544655602622,-12.23789447017059,-12.16339815238723
64,64,0.00011560513442034171,0.00011789999093468253,-12.279033157228831,-12.20064314625625
65,65,0.0001163319086736385,0.00011944587956685082,-12.249581287292155,-12.144069135081379
66,66,0.00011609655972354153,0.00011888141651931954,-12.259120113460881,-12.164641150891956
67,67,0.00011598549298065973,0.00011808601955540086,-12.264243968563289,-12.193796026800193
68,68,0.00011641548534845646,0.00011795380315130675,-12.246514014568607,-12.198661380456384
69,69,0.00011569629984394138,0.00011748076251119768,-12.272853285338527,-12.216113296710805
70,70,0.0001146516222752794,0.00011810193054292253,-12.312943096036689,-12.193210894993944
71,71,0.00011445590749157343,0.00011768144491055097,-12.32204260252894,-12.208700942424214
72,72,0.00011434452128164547,0.00011569051045961188,-12.32391013156863,-12.282803490186788
73,73,0.00011414518397116611,0.00011737762734379717,-12.332746002225779,-12.219927598341592
74,74,0.00011475564004042061,0.00011986171050107499,-12.309004905363576,-12.128976152711015
75,75,0.00011577175790023961,0.00011911907801588409,-12.272739851799324,-12.155967630189613
76,76,0.00011566658100754157,0.000118665289176677,-12.275132293087198,-12.172543844210539
77,77,0.00011474020300869897,0.00011754399326348089,-12.309395078328617,-12.213776456289443
78,78,0.00011483433859821256,0.0001169808739704374,-12.305745605096835,-12.23463224650869
79,79,0.00011479458869158857,0.0001169484013716053,-12.307877276953072,-12.235837967387857
80,80,0.00011414009020075721,0.00011683619117033423,-12.33392051044715,-12.24000695683559
81,81,0.00011367204930026026,0.000116875551420411,-12.348681387036022,-12.23854413435292
82,82,0.0001135348414668583,0.00011612018945590152,-12.353273001385148,-12.266703505944598
83,83,0.00011333612276279589,0.00011618817485501303,-12.364074810439838,-12.264161566947731
84,84,0.00011288906294869298,0.00011598125044991703,-12.380899002788397,-12.271902995517097
85,85,0.00011239648541884458,0.00011583617551399297,-12.398421988060457,-12.277338760503058
86,86,0.00011301763272020947,0.00011455518573424534,-12.374144916266108,-12.325633325249118
87,87,0.00011316532175807935,0.00011472962298859401,-12.37013931462675,-12.319025198697688
88,88,0.00011235137635688345,0.00011539516631991749,-12.405033420958734,-12.293904688820907
89,89,0.00011363085095300195,0.00011503247055531431,-12.350751180828183,-12.307576390826476
90,90,0.00011364990593589478,0.00011556847388611029,-12.351585355335663,-12.287387079925518
91,91,0.00011247924726141962,0.00011556765285173529,-12.398978459270143,-12.287417933665566
92,92,0.00011206955939096869,0.00011492478676556952,-12.413597566175172,-12.311643797060123
93,93,0.00011157805277706728,0.00011459068053610329,-12.432724865288687,-12.324287876870986
94,94,0.00011246352931772618,0.00011441261679130166,-12.396459656075349,-12.331041676338668
95,95,0.00011188205046226395,0.00011510763617575561,-12.419911958880384,-12.304739508910421
96,96,0.00011252855387583528,0.00011940199405408318,-12.392491596551068,-12.145665066077626
97,97,0.00011391781719663114,0.0001203017941167529,-12.340321456606107,-12.113059821035968
98,98,0.00011282037715871636,0.00011667398556662527,-12.384217012286001,-12.246040527700849
99,99,0.0001140036079378501,0.00011630800183507075,-12.339216350295349,-12.259684916916672
100,100,0.00011377247761798178,0.00011620222702683685,-12.348249966113986,-12.26363634898349
101,101,0.0001133328548076889,0.000116225693138978,-12.363441805916501,-12.26275941448767
102,102,0.00011263910852631881,0.00011530191879596954,-12.390152871366656,-12.297415516648387
103,103,0.0001126879948604199,0.00011563387708615904,-12.389741839324184,-12.284929989890038
104,104,0.00011254257254588139,0.00011553658183210676,-12.393391064418344,-12.28858571602763
105,105,0.00011325039097933655,0.00011623845248801732,-12.365883826315983,-12.262282668719322
106,106,0.0001126659934897427,0.00011670573325031192,-12.391087930983929,-12.24485894739959
107,107,0.00011330603750316983,0.00011636659703646346,-12.364209562067451,-12.25749752101766
108,108,0.00011356199466558558,0.00011639186567136724,-12.356062100779937,-12.256554566796412
109,109,0.00011285350106826973,0.00011559069312888344,-12.381506740365584,-12.286552183807594
110,110,0.0001125670469920487,0.00011519019646680375,-12.39451226221462,-12.301625673235016
111,111,0.00011277089547125873,0.00011540490461476638,-12.38444044967049,-12.293538199529861
112,112,0.00011273147493298406,0.00011502322434496723,-12.389298114597482,-12.307925486999572
113,113,0.00011214344419020507,0.00011473911313499372,-12.409965069324151,-12.318665976061453
114,114,0.00011183385346888939,0.00011418995908522782,-12.421756689069186,-12.339501689819155
115,115,0.00011196265059532885,0.00011449579132635048,-12.415716344097927,-12.327885632968021
116,116,0.00011143318606065298,0.0001148620775845637,-12.436290724961292,-12.314014189469509
117,117,0.0001126881604072081,0.00011495062062749639,-12.39045299522874,-12.310667659259602
118,118,0.00011191274570217164,0.00011466176893966469,-12.418221275653558,-12.321594487774892
119,119,0.0001114776216839805,0.00011510801146199044,-12.431948904024917,-12.304725349599998
120,120,0.0001113729458572295,0.00011492864378899532,-12.44012354843186,-12.311498044700759
121,121,0.00011286139443214291,0.00011639745590448576,-12.381768877949584,-12.25634598271017
122,122,0.00011292412346312969,0.00011478878533173549,-12.378755734615261,-12.316786260224744
123,123,0.00011189891125637193,0.00011518404713378434,-12.418169896105624,-12.301857523927747
124,124,0.00011168831211368352,0.00011425815280649419,-12.427870109924822,-12.33690887716854
125,125,0.00011096371629709839,0.00011453490419386838,-12.454780117442892,-12.326402294443376
126,126,0.00011201997914053884,0.00011477169219257408,-12.417185051772446,-12.317433014065822
127,127,0.0001119498830899529,0.00011362079117373612,-12.416180934351502,-12.361202772606605
128,128,0.00011174224256165806,0.00011444566763729151,-12.424681512344629,-12.329787293070765
129,129,0.00011146260328235624,0.00011417308920308163,-12.437521778379159,-12.340143343256056
130,130,0.00011194405857336794,0.00011415559933275769,-12.415401191972311,-12.34080867832494
131,131,0.00011090683676098407,0.00011399386092211659,-12.456795484892169,-12.346966230566501
132,132,0.00011109399606867395,0.00011265271965193709,-12.450663031256422,-12.398364054426974
133,133,0.00011134309282816812,0.00011530745618265907,-12.439947423577408,-12.297206951278126
134,134,0.00011028746921885951,0.00011298619976610338,-12.483752646672055,-12.385526847155273
135,135,0.00011170773441992104,0.00011362520193583087,-12.426341658531664,-12.361034182647085
136,136,0.00011172134751158756,0.00011285510577420752,-12.425033229633636,-12.390568741821024
137,137,0.00011049581161452956,0.00011296838132885138,-12.474784900531377,-12.38621180330471
138,138,0.00011045226823363319,0.0001128174676284145,-12.476520539636383,-12.39201739275207
139,139,0.000110612638440516,0.00011204401495266019,-12.468516395382046,-12.421894235152802
140,140,0.00011040226102701014,0.00011292003450523082,-12.479245917598858,-12.38807084144609
141,141,0.00011030212247242536,0.00011226165531154133,-12.482988484119408,-12.413466446728886
142,142,0.00010967228745263953,0.00011194606256475182,-12.504609377347686,-12.42569263414807
143,143,0.00011032767248515174,0.00011243726590979158,-12.48148752806604,-12.40667809822261
144,144,0.00011010081412753129,0.00011202202088162793,-12.490440330021569,-12.42274683235068
145,145,0.00011103746360323882,0.00011300321401856643,-12.450458638907618,-12.384872905375557
146,146,0.00011081607736582321,0.0001124298880887708,-12.461616913258888,-12.406963079546202
147,147,0.00011021998006137587,0.0001125743694597316,-12.486481889271397,-12.401385632127749
148,148,0.00010949173786487795,0.00011272135567483737,-12.515349423279433,-12.395718830313802
149,149,0.0001099446981055566,0.00011235088650688627,-12.495540864199787,-12.410015827500159
150,150,0.0001113780066232946,0.00011352544013214738,-12.440724450265478,-12.364848920147773
151,151,0.00011089598965835902,0.0001131091056250673,-12.456759689727665,-12.380805179758687
152,152,0.00011087369769943648,0.00011323952716530154,-12.460197847220602,-12.375800390393257
153,153,0.00011012688545887023,0.00011290876404688645,-12.488050968451311,-12.388504328928903
154,154,0.00011018832394500387,0.00011301239934063663,-12.487045078735513,-12.384519908993358
155,155,0.00010965587206715333,0.00011213065973654586,-12.507581548062008,-12.418537089350924
156,156,0.00011114854002239413,0.0001127389401326103,-12.449435487252604,-12.395041386601047
157,157,0.00011060505824285972,0.00011283322773555196,-12.469712689646421,-12.39141074471457
158,158,0.0001098201114332697,0.00011247348218028874,-12.500522542777109,-12.405279452163981
159,159,0.00010963630611701033,0.00011184279911073023,-12.506277338382974,-12.42970058620708
160,160,0.00011049090889426544,0.00011843840796868072,-12.473605865667452,-12.18085525292664
161,161,0.00011193924593996045,0.00011335883946709433,-12.417343481312393,-12.371226952389232
162,162,0.00011073619425212772,0.00011352526550916464,-12.46573195200776,-12.364855600399888
163,163,0.00011007885798780709,0.00011332678083195596,-12.49288783359247,-12.372455339828399
164,164,0.000110430900696377,0.00011251773838394959,-12.477095408766822,-12.40357092102756
165,165,0.00010974459231893542,0.00011270607769562814,-12.504344110103213,-12.396307502417827
166,166,0.00011101910081144768,0.00011276164112036655,-12.453181787556659,-12.394166984087775
167,167,0.00011012481518639444,0.00011259128184878806,-12.487988876128668,-12.400733227356934
168,168,0.0001095733085506807,0.00011259846934607547,-12.510522824893393,-12.400455995343036
169,169,0.00010946481464641918,0.00011125526821400087,-12.514972800191956,-12.45257501262765
170,170,0.00010935565105401766,0.00011137667867220251,-12.519986178416922,-12.447838235358544
171,171,0.00010859330884449799,0.0001114562431834393,-12.551153352769045,-12.444736859730007
172,172,0.00011173180358774826,0.00011465070756936544,-12.427174142434199,-12.322013469956769
173,173,0.00011104529395881925,0.00011318419197586512,-12.4528782106185,-12.377923115697557
174,174,0.00011016027557846043,0.00011231821209596666,-12.489119660993037,-12.411279046745719
175,175,0.0001099606307275046,0.00011268872147315721,-12.493528514599406,-12.396976347634176
176,176,0.00010969918381756402,0.00011167718376351619,-12.5058231074607,-12.436136327982911
177,177,0.00010912195464641758,0.00011167289056557868,-12.526926463676567,-12.43630328670722
178,178,0.00010908863481107772,0.00011161642109264473,-12.530659536137513,-12.438499932917637
179,179,0.00010980706256586272,0.00011105011990845302,-12.499905453838176,-12.46059054505489
180,180,0.00010908498543077004,0.00011108718287064938,-12.527611286289655,-12.459141329645064
181,181,0.00010870647758903155,0.00011162839119175547,-12.5428281254478,-12.438034206709407
182,182,0.00011012732951731431,0.00011760347421697684,-12.489848352198987,-12.211579345624433
183,183,0.00010887092885803719,0.00011262467581362121,-12.537660245769242,-12.39944532441145
184,184,0.00010897171302259295,0.00011158971985998123,-12.5343416386196,-12.439538990177585
185,185,0.0001083538113233931,0.00011025124159028852,-12.557829798713636,-12.491945973691639
186,186,0.0001099455766211811,0.00011415636101063635,-12.495326474221217,-12.340779701087023
187,187,0.00010908782875498987,0.0001115328777814284,-12.530710448609895,-12.441751782772368
188,188,0.00010841055756696433,0.0001107147526406487,-12.557436777611615,-12.473725922463782
189,189,0.00010821334911167102,0.00011051551279562868,-12.563491882512885,-12.48154843160291
190,190,0.00010805525087881065,0.00011081993426686447,-12.568942989149804,-12.469601981068127
191,191,0.00010840799943027902,0.00011030239884827384,-12.556400365750607,-12.48993128781236
192,192,0.00010807488186251295,0.00010951221759712912,-12.571303557496165,-12.521155129140642
193,193,0.00010729245628475106,0.00010990903377349146,-12.599808570153098,-12.505446963908236
194,194,0.00011078802329852947,0.00011179906486129192,-12.461330930986206,-12.431399154007043
195,195,0.0001091430630995748,0.0001116991100532591,-12.52767289613438,-12.435283733778594
196,196,0.00010890099348994837,0.00011040120596972931,-12.536736043369203,-12.48604268884515
197,197,0.00010920158475181376,0.000110361885928892,-12.52301625685517,-12.487589729774644
198,198,0.00010892366387367671,0.00011151204441710816,-12.53706340285399,-12.442563082585956
199,199,0.00010813208641640401,0.00011073327263339276,-12.567091678606864,-12.472999509964735
200,200,0.00010834108109792368,0.00011030668094080236,-12.559535739425542,-12.489762691926991
201,201,0.00010783153776014608,0.00010980418530954539,-12.580081498361302,-12.509591922775467
202,202,0.0001090576720109555,0.00011059474950582769,-12.531876080163558,-12.47843577033441
203,203,0.00010908409071301311,0.00011163479939568788,-12.530203471917488,-12.437784900265278
204,204,0.00010798985029621165,0.00011056824740463573,-12.572353456743697,-12.479476605964454
205,205,0.0001077963519792226,0.00011093398375363138,-12.57978092867701,-12.4651347709664
206,206,0.00010764270190680015,0.00010992872060006975,-12.587067832178214,-12.504669128436221
207,207,0.00010725349735723059,0.00010936284908032241,-12.603854458357821,-12.527082705421886
208,208,0.00010723849695797569,0.00010937354129150902,-12.603185260410166,-12.52665812418842
209,209,0.00010869617783344475,0.00011040115618686143,-12.545257686405,-12.486044647196014
210,210,0.00010783898248997296,0.00011009113184531758,-12.579082576465897,-12.4982574960642
211,211,0.00010795482661162224,0.0001100403326410359,-12.574284420755033,-12.50026191778989
212,212,0.00010971326999649521,0.00011152889936439399,-12.504206115340438,-12.441906699906717
213,213,0.00010882936941325358,0.00011109704906917422,-12.539425326282023,-12.458755628504878
