,epoch,train_loss,test_loss,train_dbs,test_dbs
0,0,0.0238181049983526,0.022825068549105997,-6.2400395364695065,-6.373172275007233
1,1,0.021861673169529316,0.02081089623664555,-6.611494982478878,-6.7743853417097855
2,2,0.01981823876039269,0.018811532737393128,-7.0302339080995315,-7.2130513529918705
3,3,0.017663451641337157,0.01674122069227068,-7.521040840767724,-7.7194219644472915
4,4,0.015805284185431052,0.014763805819185157,-8.017753914068116,-8.26530993491409
5,5,0.013759947967590745,0.01278605179763154,-8.610592188454776,-8.889928585248477
6,6,0.011836221191993694,0.010991175021780165,-9.267457482726574,-9.546851944379634
7,7,0.010170918332470446,0.009611389795808415,-9.936351781976837,-10.129431273113035
8,8,0.009004085036666738,0.008555310141099127,-10.459627455900948,-10.634935600973103
9,9,0.008123871174247302,0.0077638477822275535,-10.895204640345542,-11.056523059636827
