,epoch,train_loss,test_loss,train_dbs,test_dbs
0,0,0.00040676849642192424,0.00038795575413754895,-6.813383121713931,-7.027958886450778
1,1,0.00036926226229550913,0.0003547712909302821,-7.23249115830651,-7.4162961805155785
2,2,0.00034165034459462175,0.00033301540411469574,-7.57267450629511,-7.691137634303012
3,3,0.00032302171631581775,0.0003177764255700535,-7.812672177277287,-7.894564106515762
4,4,0.0003100773847671514,0.0003063357144128531,-7.99123342944537,-8.053804539736715
5,5,0.0003000688493088579,0.0002967823713429664,-8.137271604325122,-8.191399857311461
6,6,0.0002914693719016138,0.00028979224244769856,-8.260506021528471,-8.294913308215895
7,7,0.00028420584102295646,0.00028279280032668456,-8.371798911633542,-8.40109737844422
8,8,0.0002776422776694688,0.00027636664086266567,-8.471812276983849,-8.500924664520607
9,9,0.00027130659550822045,0.0002701906747748389,-8.573401894142133,-8.5990773040468
10,10,0.00026519146232419294,0.00026452013882685845,-8.67204148429568,-8.691193443671288
11,11,0.00026012980934237275,0.00025995680143272405,-8.756292602243214,-8.76676901657476
12,12,0.000255775022393659,0.00025541220767129406,-8.829437230110216,-8.843364353833241
13,13,0.00025134170310903034,0.0002510464485232277,-8.906234489339276,-8.91824004404288
14,14,0.00024732288372818114,0.0002474536909415436,-8.97537982057459,-8.980841503322681
15,15,0.00024331482871406778,0.00024381682114357032,-9.04464223888285,-9.04514421641783
16,16,0.00023997586116089112,0.00024038570700213313,-9.106991152629037,-9.106694447718692
17,17,0.00023640890155088388,0.0002371827653596962,-9.16831611962894,-9.164949580484365
18,18,0.00023329184515420923,0.0002344674377175244,-9.22808036721279,-9.214955488781616
19,19,0.00023074456104725484,0.00023143278131580077,-9.275856498748348,-9.271532116765556
20,20,0.00022796033995619677,0.00022903850262273888,-9.327951003426616,-9.316695905773615
21,21,0.00022559932906531066,0.0002263510572160349,-9.372922994354111,-9.367955590361609
22,22,0.00022303833330371753,0.00022415341702167337,-9.424292488433462,-9.410327226382236
23,23,0.00022105718125738013,0.00022194622694147065,-9.462706421805965,-9.453303198564374
24,24,0.0002188928022959087,0.0002201392643129159,-9.504247495987695,-9.488805755618257
25,25,0.00021692391481375342,0.00021840043375146036,-9.544959833540839,-9.52324589769159
26,26,0.0002150449869715004,0.00021656834532653816,-9.581977971002658,-9.559831079751177
27,27,0.0002134226279971718,0.00021497632980371187,-9.615195223318713,-9.591874422334119
28,28,0.00021196106363558355,0.0002133407144451906,-9.643646696356285,-9.625043411853708
29,29,0.00021023674164154596,0.00021192673930751257,-9.680705105110714,-9.653923301783276
30,30,0.00020879297412226225,0.00021039797023772016,-9.71057081397435,-9.685365405743418
31,31,0.0002076984849727242,0.00020876453460292205,-9.732839895059278,-9.719213646723246
32,32,0.00020617301580040073,0.00020791285006500977,-9.764672848352518,-9.736967545728016
33,33,0.00020515511368074906,0.00020642205536684118,-9.784590409247622,-9.768219882739272
34,34,0.0002038987139215904,0.00020542693030285207,-9.812418486502786,-9.789207097965303
35,35,0.00020273408589082932,0.0002043679820704519,-9.8389154907391,-9.811652295976641
36,36,0.00020166838673044227,0.00020355590401633985,-9.861954502859732,-9.828943829800059
37,37,0.00020053059603183617,0.00020215410117280523,-9.883896186665341,-9.858955298807667
38,38,0.0001996287406354989,0.00020111285113288383,-9.905473989388602,-9.881382633801733
39,39,0.00019846370860156554,0.0002002759383207089,-9.930736253721458,-9.899493111843228
40,40,0.00019755962541202063,0.0001993238111026585,-9.951371211359422,-9.920189039705665
41,41,0.00019686092855408788,0.00019829047500695052,-9.966307980068617,-9.942762331980648
42,42,0.00019584173071390191,0.00019751350995839427,-9.987492699323786,-9.959812795313828
43,43,0.00019508195571726208,0.00019689937318234066,-10.006920049939811,-9.973337527386697
44,44,0.000194165246115911,0.00019630527439355654,-10.025424835471057,-9.986461178065909
45,45,0.00019337366543321381,0.00019532031882064124,-10.043775601811241,-10.008306618179027
46,46,0.0001929394374829573,0.00019470313073773133,-10.054022660097795,-10.022051514940657
47,47,0.00019195297950177847,0.00019366099149920046,-10.073906260920378,-10.045359353182635
48,48,0.00019104623271166778,0.00019317977651218442,-10.095259416614242,-10.05616427027263
49,49,0.00019043134213377213,0.0001926424799756588,-10.109923782603534,-10.068260258406026
50,50,0.0001897049765342597,0.00019198310435872133,-10.128437309374439,-10.083150764089234
51,51,0.00018911413577164416,0.00019128464919049293,-10.140812103031768,-10.098979675256688
52,52,0.0001883939601368146,0.0001905456493228772,-10.156311998560948,-10.115790492345662
53,53,0.00018779861818178143,0.00018946833810523937,-10.171599520640108,-10.140414405464158
54,54,0.00018721583047905726,0.00018941119732947923,-10.183224254344802,-10.141724369263812
55,55,0.00018627900247985364,0.00018854123864960122,-10.206724043072624,-10.161717304111404
56,56,0.00018595415692579614,0.00018787004840927884,-10.212633162708167,-10.177205390502111
57,57,0.00018535896844096175,0.00018761571003491744,-10.227104258472067,-10.1830888503634
58,58,0.00018477219381350448,0.00018713705235553024,-10.23884722056686,-10.194183018187372
59,59,0.00018455081522709583,0.00018657518529308667,-10.243571854735514,-10.207242047250954
60,60,0.0001837816219908886,0.00018622903352431757,-10.264710742324908,-10.215306969196103
61,61,0.00018315866005069278,0.00018545876005909552,-10.279593690615842,-10.233307344789534
62,62,0.00018270440161415405,0.00018499531832180525,-10.28883754945107,-10.24417348480161
63,63,0.00018222724071334203,0.00018485547824591202,-10.299454739167862,-10.2474576078462
64,64,0.00018187744627567488,0.00018399367859513549,-10.311015910551378,-10.267751839618589
65,65,0.00018122000154707887,0.0001834399904749405,-10.32450852633878,-10.28084067156571
66,66,0.00018078685898967472,0.00018299260792494016,-10.33564502526134,-10.29144539779119
67,67,0.0001805133101369552,0.00018274737215649925,-10.343188394995211,-10.297269456563043
68,68,0.00017984597385649752,0.00018227030829477467,-10.357614346943421,-10.308621581773778
69,69,0.00017913683292398362,0.00018160857603346047,-10.374199064899312,-10.324417331336184
70,70,0.0001789581148522743,0.00018122216217881558,-10.379231175614452,-10.333667786194415
71,71,0.00017861623080572134,0.00018097447479560383,-10.389215528212851,-10.339607613876565
72,72,0.0001781631642760536,0.00018008775996828549,-10.397884563515117,-10.360938902150266
73,73,0.0001774345936863347,0.00017993876367415252,-10.416938962810251,-10.364533541312156
74,74,0.00017714127058105676,0.00017990023403207918,-10.423547746731321,-10.36546358008576
75,75,0.0001767644742395748,0.000178750429002225,-10.43481627095205,-10.3933099354383
76,76,0.00017628870477189417,0.00017832807115107579,-10.444966408235922,-10.40358374187613
77,77,0.00017588164569742824,0.00017818473019073471,-10.454346011797117,-10.407076025531978
78,78,0.00017555387070781754,0.00017761618839454298,-10.462359244140593,-10.420955403693943
79,79,0.00017532904016708513,0.00017735260649045048,-10.46855288725844,-10.427405107958975
80,80,0.0001748033045231816,0.00017708139785099775,-10.482806240828948,-10.43405144759367
81,81,0.00017448389583468897,0.0001765592850891775,-10.487664788060822,-10.44687524683855
82,82,0.00017385106934618552,0.00017608498149600469,-10.502790916659592,-10.458557702899284
83,83,0.0001738738999510011,0.0001757100789721957,-10.505414370015968,-10.46781412388267
84,84,0.0001731603550388641,0.0001754248407546823,-10.522933008152677,-10.47486995366107
85,85,0.0001729387079171126,0.00017526769845158254,-10.52702720190486,-10.478762026177462
86,86,0.00017245742612393553,0.00017467760373715704,-10.538787978073543,-10.493408607775958
87,87,0.00017213335062122722,0.00017433752394648954,-10.548622715431062,-10.501872127636371
88,88,0.00017194063105673251,0.0001733921557101176,-10.557032228406946,-10.52548640297644
89,89,0.0001713691806461489,0.0001736735621785843,-10.566386568175773,-10.518443742355716
90,90,0.0001712895021593851,0.00017328243580107627,-10.569968690219358,-10.528235422016738
91,91,0.0001708034236348935,0.000172994297922981,-10.584736756391175,-10.5354629777361
92,92,0.00017026826405067228,0.0001724208712786142,-10.597137128405357,-10.549882509847476
93,93,0.00016994572505018836,0.0001723082869399437,-10.605410200390422,-10.552719215568825
94,94,0.00016979206357626534,0.00017206926177574418,-10.607402873932205,-10.558747908606716
95,95,0.00016923931447702662,0.00017132119912850228,-10.62250355471213,-10.577669808352386
96,96,0.00016895313516196786,0.00017111153513389197,-10.627456422390244,-10.582987987263504
97,97,0.0001684901284740412,0.0001707865464452066,-10.640493389849963,-10.591244297801051
98,98,0.00016832086494667745,0.00017018807059349981,-10.64671294288853,-10.606489715721759
99,99,0.00016781284723469276,0.00017026029787590042,-10.660150249378628,-10.604646974585938
100,100,0.00016768400292704362,0.00016952034064544072,-10.663705795723084,-10.62356269924045
101,101,0.00016734687300619776,0.0001695732154123681,-10.670824075229152,-10.62220831079606
102,102,0.00016697005176143816,0.000168886762510642,-10.680659099579437,-10.639824757969997
103,103,0.00016645213244626894,0.00016864806667926083,-10.69562471824974,-10.645967193697391
104,104,0.00016605311398005555,0.0001683517307116601,-10.70408920362237,-10.653605008894063
105,105,0.00016583767482535624,0.0001679334175270541,-10.709448926748625,-10.664409601510542
106,106,0.00016581398625762115,0.00016741335735117135,-10.71280483663394,-10.677879803858023
107,107,0.00016522852430292934,0.00016783905065446896,-10.72588983947465,-10.66685071964862
108,108,0.00016503591170251254,0.00016715960871232184,-10.732607655048454,-10.68446740452816
109,109,0.00016451260202789928,0.00016610939545851005,-10.744665393565802,-10.711838886724541
110,110,0.0001641338536295003,0.00016691222079220767,-10.756643332378088,-10.69089950797091
111,111,0.00016376788316284949,0.00016594201932955337,-10.764123385415987,-10.71621715660248
112,112,0.00016355583265414172,0.00016580258900495735,-10.773089642810072,-10.71986778558793
113,113,0.0001633577257305979,0.00016536402032024374,-10.776307185808616,-10.731370640386185
114,114,0.00016288855758173987,0.00016493534923555622,-10.788583810527367,-10.742643419465765
115,115,0.00016261876207301104,0.00016461684916928214,-10.794741550837642,-10.751038014616704
116,116,0.00016217007717002452,0.00016450072258808896,-10.806728970236126,-10.754102763498883
117,117,0.00016172070562666684,0.00016414348838703804,-10.821579611749119,-10.763544274907666
118,118,0.00016178645958077431,0.00016352663959352007,-10.817595072302971,-10.779895740652204
119,119,0.00016124098028834027,0.00016357992870708635,-10.829071552533785,-10.77848071751205
120,120,0.0001611379674304584,0.00016358785796910524,-10.835941806931668,-10.778270205665756
121,121,0.00016078298245964705,0.00016231361415090136,-10.844822191954558,-10.81223138265978
122,122,0.00016029327255721713,0.0001626072603118557,-10.857470060623534,-10.80438153661554
123,123,0.0001600144460098818,0.00016214806313847045,-10.864836583256395,-10.816663209432802
124,124,0.00015975546017385175,0.00016210028690310488,-10.873390281760587,-10.817943028160197
125,125,0.00015937988049249865,0.00016159024457202146,-10.882255082105319,-10.831629480602437
126,126,0.00015938328279028696,0.0001612959236617347,-10.885712249684289,-10.839546944725937
127,127,0.0001588843703766824,0.00016127516956705796,-10.895605605119796,-10.840105791380005
128,128,0.00015879717905112762,0.00016091464050604323,-10.898427510824815,-10.849825269912312
129,129,0.00015837600746926533,0.00016071975513018275,-10.911919693538561,-10.855088242706652
130,130,0.00015792099683372706,0.00016048828087820622,-10.92101290859844,-10.861347613361714
131,131,0.00015758132767868373,0.00015969539220493875,-10.931331119466774,-10.882857009898697
132,132,0.0001574195076809889,0.0001593217051489965,-10.9369834198186,-10.893031405059777
133,133,0.00015722057849922478,0.00015920989589128447,-10.941486331472188,-10.896080279676033
134,134,0.0001568913876232643,0.00015947165421063177,-10.95302331557961,-10.888945871097075
135,135,0.00015656087042274165,0.00015875553608087726,-10.960341825109145,-10.908492074979883
136,136,0.00015613535336895664,0.00015801015404959848,-10.97138237708971,-10.928930898417049
137,137,0.0001560095258083521,0.00015798851994699553,-10.976731894758299,-10.929525557329837
138,138,0.00015579514924350397,0.00015780746884717556,-10.982727612979131,-10.934505323064641
139,139,0.00015538852042566563,0.00015780951454010057,-10.992374597493201,-10.934449024880717
140,140,0.00015503003849460714,0.000157194732118545,-11.00486704680259,-10.95140098378804
141,141,0.00015498643900632627,0.00015649348910971495,-11.005890178190121,-10.970818128322561
