,epoch,train_loss,test_loss,train_dbs,test_dbs
0,0,0.000698129071004343,0.0006792627176956126,-4.467498993311788,-4.595403079558975
1,1,0.0006602971158086409,0.0006485533177558528,-4.708446416404374,-4.7963240096510305
2,2,0.0006350555004715228,0.0006267118243206488,-4.880376317482032,-4.945101976135824
3,3,0.0006147169462433949,0.0006086282021562127,-5.0182375235158,-5.072260138281461
4,4,0.0005976071211595818,0.0005912672556740673,-5.1417767149034574,-5.197942578510424
5,5,0.00058146692829245,0.0005756185089826191,-5.264230546113775,-5.314433361227443
6,6,0.0005678833443095389,0.0005645867480014108,-5.363843959771513,-5.398474061715907
7,7,0.000557645509072301,0.0005551096584991013,-5.444546814894055,-5.471993025262259
8,8,0.0005487708630491548,0.0005468935950806266,-5.512757817511773,-5.536752491434374
9,9,0.0005414276587844049,0.0005398234291198222,-5.57260103178184,-5.593263566878668
10,10,0.0005348513611549147,0.0005338477509978571,-5.625305811568734,-5.641606688670551
11,11,0.0005289010449130204,0.0005279920174201068,-5.674449578336425,-5.689507297345886
12,12,0.0005237475336414099,0.0005226599322141785,-5.716798635120179,-5.733588785302189
13,13,0.0005186844995778208,0.0005179440486244857,-5.759847328131701,-5.772952391040061
14,14,0.0005139393093467681,0.0005137213034016129,-5.798904471285633,-5.80850510562779
15,15,0.0005094274754285544,0.0005093742327421511,-5.835504370399955,-5.845411144103865
16,16,0.000505837343018694,0.0005055382100277041,-5.8685578647303895,-5.878240999378468
17,17,0.0005014887227816027,0.0005021582014466587,-5.902342657784601,-5.907375261718839
18,18,0.0004979273431559967,0.0004983333484759848,-5.935416190212633,-5.94058135190345
19,19,0.00049490439039463,0.0004951576457211846,-5.9619581626097045,-5.968345969560352
20,20,0.0004913989792352292,0.0004924143523615049,-5.992201463050117,-5.992473835377843
21,21,0.0004886155410972184,0.0004893831639109473,-6.016628269550099,-6.019290619462212
22,22,0.00048589358225071167,0.0004867746151591602,-6.04267597045817,-6.042501642302974
23,23,0.00048325064300425044,0.0004835339342734139,-6.066028295649216,-6.0715112817658845
24,24,0.00048040682881993733,0.0004816438258306957,-6.09047058666202,-6.088520888703092
25,25,0.00047820498122708854,0.0004791197134181857,-6.111893212402011,-6.111340460215727
26,26,0.0004757992453997974,0.00047702250824505955,-6.133033711112214,-6.130392146755822
27,27,0.00047360246007321113,0.00047485577555275276,-6.153460360420365,-6.150163617400453
28,28,0.00047151299497141434,0.00047290499634599606,-6.171270933420661,-6.168041838708328
29,29,0.0004695056602790875,0.00047082808726516207,-6.191382951080806,-6.187157235319427
30,30,0.00046773698809796695,0.00046902582950056776,-6.207712472064663,-6.203813261273154
31,31,0.0004658841848440622,0.00046696593543808714,-6.224393502491829,-6.222928858278239
32,32,0.0004637739228051079,0.0004656618050495653,-6.243927830895755,-6.2350746904465435
33,33,0.0004622156392139642,0.00046379022961972574,-6.25696751669441,-6.252564909412289
34,34,0.00046066785400454915,0.0004621175421083248,-6.272684274693297,-6.268256315588942
35,35,0.00045925944313867804,0.000460942925297116,-6.287602273976576,-6.279309326585002
36,36,0.00045781840207823315,0.0004595144618131024,-6.301400291855009,-6.292789022993208
37,37,0.00045586445401230653,0.0004580063855667648,-6.317345338727531,-6.307065533085377
38,38,0.00045458111280729016,0.00045601987145154883,-6.3315907850309925,-6.3259431850175565
39,39,0.000453029857041103,0.0004547143134435541,-6.346279026942198,-6.338394612370813
40,40,0.00045172188739465145,0.00045332352869751816,-6.359641811196917,-6.351698256448323
41,41,0.00045024130202964255,0.0004519520060919029,-6.373449955922893,-6.3648576787958255
42,42,0.0004488916316948178,0.0004502708355798141,-6.385129991151733,-6.381042680723173
43,43,0.0004478356733164491,0.0004490636270738354,-6.397904204989173,-6.392702065063961
44,44,0.0004464096513327173,0.0004480798747145424,-6.409804057191418,-6.402226480981489
45,45,0.0004449409430308901,0.00044662126578929787,-6.424725186782506,-6.416386882483614
46,46,0.0004440637529808452,0.00044596761673394784,-6.433779489846243,-6.4227476210978445
47,47,0.0004426875237505115,0.0004442249115335902,-6.444882012913088,-6.439751767839944
48,48,0.0004415875009726733,0.00044320382968228504,-6.456476475141139,-6.449745818938179
49,49,0.00044034428524871154,0.0004419793013336235,-6.469384420507474,-6.461761552753281
50,50,0.00043953215816183033,0.000441157992769915,-6.479317993089737,-6.469839342749726
51,51,0.00043826844043952904,0.00043978806934319437,-6.49065004320004,-6.483346427689747
52,52,0.00043686682006737853,0.0004390145171017043,-6.5034911376585285,-6.490992048262351
53,53,0.0004360485751753116,0.00043747140443883836,-6.513174727409604,-6.506284159416297
54,54,0.00043486553807166816,0.0004366750807476867,-6.52310001835002,-6.514196771007237
55,55,0.00043367694453672344,0.0004354485947834818,-6.536699734671611,-6.526411929303762
56,56,0.00043269946148676665,0.00043394194615661706,-6.544828528413159,-6.54146453935747
57,57,0.00043177188310493744,0.0004337458047207053,-6.554696719489911,-6.543427990948295
58,58,0.0004304735927324089,0.0004330081666059988,-6.565748223587721,-6.550819990311338
59,59,0.0004297723914448594,0.0004316659837250451,-6.572346404463305,-6.564302597298942
60,60,0.00042896229622539937,0.00043097430209041034,-6.583540329539517,-6.571267112786357
61,61,0.00042805365573605233,0.0004299252055046198,-6.592886162865685,-6.5818517879941645
62,62,0.00042695157918791026,0.0004293263405806532,-6.602541409648972,-6.587905516385607
63,63,0.0004256708402253841,0.00042810288294659635,-6.614848723724229,-6.600299338414071
64,64,0.00042526346610945447,0.00042731706267467846,-6.622223641606231,-6.608278518829707
65,65,0.00042393685290925974,0.0004264782504546211,-6.6335581090115,-6.616811984172701
66,66,0.0004232025425641116,0.00042560973088257015,-6.641830936367086,-6.6256653748190955
67,67,0.0004224430316022223,0.0004249508875593739,-6.650599189830313,-6.6323934567623635
68,68,0.0004214199308483602,0.00042383772578384534,-6.659470830703706,-6.64378475693165
69,69,0.0004204354628790938,0.00042260996078288083,-6.669054575025432,-6.6563835730759005
70,70,0.00041965805456167104,0.00042180013750973895,-6.677789507989051,-6.6647136934138835
71,71,0.0004189940350677472,0.000421050955896805,-6.686346331260934,-6.672434286735157
72,72,0.00041816324732487194,0.0004197435934513219,-6.692605140577211,-6.685940101061528
73,73,0.0004170565417674898,0.000419139790066861,-6.705372548859316,-6.692191947944233
74,74,0.00041642724104302444,0.00041861650932237113,-6.71135398473904,-6.6976173436002
75,75,0.0004156159222625273,0.00041768004302866757,-6.72184435887766,-6.707343613849405
76,76,0.00041491303985371954,0.0004169372397499453,-6.727640437392848,-6.715073994154718
77,77,0.0004137525582186801,0.00041648403490207305,-6.73914429752061,-6.71979728092432
78,78,0.0004130821886890059,0.00041516294923463936,-6.746098644474788,-6.7335949789626
79,79,0.0004124588464487574,0.00041420286594841043,-6.7532852118745135,-6.743649867939075
80,80,0.0004116486540165029,0.0004136599416501428,-6.763035627444795,-6.749346199709709
81,81,0.00041074210780279075,0.00041335905399663667,-6.769526008649192,-6.752506317047859
82,82,0.0004098399988730851,0.00041208358781755363,-6.7784211633534905,-6.765927682415381
83,83,0.00040962586759051944,0.0004117370576989886,-6.783884581267774,-6.769581296293623
84,84,0.0004085679958603278,0.0004108407087378988,-6.794774241418731,-6.7790461658201915
85,85,0.00040784869949122144,0.00041011639405041933,-6.800958482741458,-6.786709561446757
86,86,0.0004069978184037909,0.00040927881185014387,-6.809686165844406,-6.795588242986393
87,87,0.0004063211591463037,0.00040830849167449693,-6.818578552649434,-6.80589674200535
88,88,0.0004060454069535949,0.0004074348038748691,-6.825071369303226,-6.8151996179821595
89,89,0.0004045578540715667,0.00040707172286745747,-6.8359074012771455,-6.8190715105519555
90,90,0.00040422167152540816,0.0004063031657623421,-6.8410802252251655,-6.827278801280544
91,91,0.00040374189037973657,0.00040591974424100235,-6.8486643508523795,-6.8313791008726685
92,92,0.0004027348372379568,0.00040458380949291354,-6.858282226639663,-6.845695870047304
93,93,0.00040208452534813856,0.0004040455264897135,-6.86533905368882,-6.851477836199643
94,94,0.0004014225944290994,0.0004040279554350204,-6.870558604828973,-6.851666705461321
95,95,0.0004003362966576572,0.0004025174405940465,-6.883266455942172,-6.8679338376146495
96,96,0.00039959276939943895,0.0004016394668724388,-6.888942762672118,-6.877417043951989
97,97,0.00039917996726910937,0.0004013807123747507,-6.894550622051945,-6.88021586911995
98,98,0.0003984187268796041,0.000400189079013408,-6.904695050880973,-6.893128535742176
99,99,0.0003977261427261857,0.00039989051660277734,-6.91256092646634,-6.896369813589275
100,100,0.0003973161348636195,0.00039915738039110834,-6.917260104572699,-6.9043392257297596
101,101,0.00039636857895247794,0.0003989956534688214,-6.926007895384592,-6.906099216806809
102,102,0.0003957428573990798,0.0003979232248016878,-6.93291406555856,-6.917787988304688
103,103,0.00039486686270636,0.00039725063681161324,-6.944011459733103,-6.925134842532308
104,104,0.0003940660135038005,0.00039621193029329573,-6.950869642084254,-6.936505379356829
105,105,0.00039337843670941814,0.0003958349560362924,-6.958175425471127,-6.940639423813641
