,epoch,train_loss,test_loss,train_dbs,test_dbs
0,0,0.001030334011656376,0.0008599463464251082,-2.777149266012943,-3.5710673064057614
1,1,0.000648059146226739,0.0004536374211678968,-4.792006533917743,-6.348692134227525
2,2,0.0003532946536427882,0.00029171667043364753,-7.427063377985805,-8.266168383152285
3,3,0.0002654391324709256,0.00025929031146102046,-8.666934653627465,-8.777917969307675
4,4,0.0002560238781464334,0.0002584541461577541,-8.82565447769371,-8.791945827551215
5,5,0.0002540343321953449,0.0002564075716930491,-8.858089154481092,-8.826472406138526
6,6,0.000253644242004213,0.00025701475954663594,-8.86534862828312,-8.816200221187323
7,7,0.0002532236016422664,0.0002549759956309572,-8.871758842824542,-8.850787900339972
8,8,0.00025288906736304197,0.00025591663985611186,-8.878735888906768,-8.834795614303381
9,9,0.0002522169573042907,0.0002562818584632815,-8.89051828030914,-8.828602216502194
10,10,0.0002524402771461947,0.0002564611265705408,-8.884213564242225,-8.825565406435212
11,11,0.00025228359457465444,0.0002544926522348664,-8.885678055760867,-8.859028385152723
12,12,0.00025164723122065175,0.000256773247536713,-8.89681228037708,-8.820283124622284
13,13,0.0002520257245854849,0.00025812841761906286,-8.891350921149312,-8.797422672323735
14,14,0.0002522145422864417,0.0002555564102581947,-8.889071434551912,-8.840913072590823
15,15,0.0002531108670548738,0.0002566957999461968,-8.875123213116149,-8.821593235197316
16,16,0.0002525882489712832,0.0002567022816755956,-8.883332534744408,-8.82148357451053
17,17,0.0002528598046616757,0.0002557069613095863,-8.87739447922489,-8.838355350039588
18,18,0.0002541301273032735,0.0002570140334826551,-8.855917466686943,-8.81621248997789
19,19,0.00025223399984731923,0.00025696954827780197,-8.887990510847143,-8.8169642524749
20,20,0.0002531352083585177,0.00025749724131616717,-8.873320154702833,-8.808055057179654
21,21,0.0002526037980677541,0.000255870641252075,-8.88233707217675,-8.835576287864436
22,22,0.0002525323451635879,0.0002568757956492175,-8.885948820383174,-8.81854901918306
23,23,0.0002512716791429317,0.0002542188395684781,-8.904623825177387,-8.863703543606478
24,24,0.0002452973832949977,0.00024263350764828684,-9.011954688411054,-9.066273096576563
25,25,0.0002360188361130098,0.000238813057780805,-9.177270868923234,-9.135200169395828
26,26,0.0002344772734225622,0.00023588221933766218,-9.208276468479315,-9.188828810699546
27,27,0.00023297468601178725,0.00023499515832793949,-9.234966429112353,-9.205191718566356
28,28,0.00023164800545272715,0.00023542002753330102,-9.258530323668863,-9.197346801687072
29,29,0.00023163706916336392,0.00023597776644716136,-9.25825694740007,-9.187070001551303
30,30,0.00023084486799900296,0.0002333726251412085,-9.275566089934076,-9.235281748386042
31,31,0.00023035321249050502,0.0002345978688313871,-9.283253816178611,-9.212540238125124
32,32,0.00023011908402604042,0.0002352226897767794,-9.288106138429482,-9.200988744953113
33,33,0.00022969353996870137,0.0002341389037227552,-9.294122994484976,-9.221045057436804
34,34,0.0002293960394136147,0.00023344169695567536,-9.301359310231941,-9.233996547539498
35,35,0.0002288874685788316,0.00023320468761468013,-9.30887068227799,-9.238408104607462
36,36,0.00022883198122594737,0.00023244823081002228,-9.313944585401849,-9.25251841260975
37,37,0.00022842798735490358,0.00023201621201894196,-9.32109615008471,-9.260597542629284
38,38,0.00022794747696325336,0.00023186655246383068,-9.327687009332047,-9.263399816228583
39,39,0.0002275176543427977,0.00023192435113933722,-9.339448093669132,-9.262317360933805
40,40,0.00022591297459529386,0.00022944527690445908,-9.366890642545338,-9.308989640899155
41,41,0.00022609674983259444,0.00022990146336317259,-9.363663864405678,-9.30036350689167
42,42,0.0002254885318329001,0.00022862521291244775,-9.37672992623783,-9.324539633965495
43,43,0.0002249556322961316,0.00022741046345081965,-9.389274398398836,-9.347676430631786
44,44,0.00022372382482364965,0.00022849337562403984,-9.409234258412258,-9.327044726074545
45,45,0.00022459459597888142,0.00022760443205602075,-9.393304017137595,-9.343973716683916
46,46,0.00022358936287664337,0.00022650770551990718,-9.412447289821277,-9.364951055513982
47,47,0.00022341290455234726,0.0002272359530539497,-9.41406426844305,-9.351010401971537
48,48,0.00022283769299674626,0.00022688146993076722,-9.427504686065411,-9.357790590874359
49,49,0.00022246240945436905,0.0002272052745530872,-9.433580596982607,-9.351596770586376
50,50,0.00022195202908142632,0.0002241795805993637,-9.443876391233994,-9.409820339871942
51,51,0.0002218240310351566,0.0002251370790059139,-9.447722717599289,-9.391310592014882
52,52,0.00022155916217484118,0.00022466771310734513,-9.448806037822317,-9.400374216827341
53,53,0.00022125747621889926,0.000224245099448844,-9.45878298604185,-9.408551253835494
54,54,0.0002201238830727477,0.00022305308544003454,-9.480614029911777,-9.431698512168762
55,55,0.00022042607519530798,0.00022400480826801963,-9.474677399159102,-9.413207457532659
56,56,0.000219331311659657,0.0002224812112552555,-9.494550224583659,-9.442847460343167
57,57,0.00021930699315901423,0.00022278065367381235,-9.494500021093103,-9.43700612427218
58,58,0.0002187570791329094,0.0002210925173896708,-9.507742591725595,-9.470040416748173
59,59,0.00021738860472321473,0.0002206731151090935,-9.534310183900809,-9.478286606015788
60,60,0.00021667300739095153,0.00021931551945224208,-9.549247855138642,-9.505087215267935
61,61,0.0002165429515238448,0.00021803297874468721,-9.553548902702458,-9.53055898211311
62,62,0.0002153083271306181,0.00021739011036085062,-9.576848090562784,-9.54338303308977
63,63,0.00021385812226409266,0.00021574364233713008,-9.6067334028529,-9.576400798019552
64,64,0.00021173055544759618,0.00021429697517305613,-9.64762681993552,-9.605620453603274
65,65,0.00021079931583389946,0.00021369005384928497,-9.668729476768629,-9.617937778226418
66,66,0.00020959120443013986,0.0002122016939163012,-9.694707142395448,-9.648292399596814
67,67,0.00020761546074561584,0.0002090260041816356,-9.73292849066408,-9.713777678241206
68,68,0.00020589956686083112,0.00020884756476765402,-9.771015014945535,-9.717486707158798
69,69,0.0002045261185465035,0.00020744845096487552,-9.798301206339895,-9.746678900643793
70,70,0.0002033074472529199,0.00020697078817695575,-9.825949576656829,-9.75669032797512
71,71,0.00020269718223381018,0.00020631688637781496,-9.837925844581774,-9.770433112845298
72,72,0.00020201782892174903,0.00020278420905876709,-9.852192697716124,-9.845439531500425
73,73,0.0002013770339844902,0.00020349875711345752,-9.86816276106899,-9.830163252502349
74,74,0.00020049510706100882,0.0002045295198178409,-9.883179421536129,-9.808220875846374
75,75,0.00020025927077177143,0.0002027943257034119,-9.892960590439076,-9.845222872946337
76,76,0.00019930966064026675,0.0002023779287762744,-9.911489895163985,-9.854149394908477
77,77,0.00019862217955848144,0.00020196501588399865,-9.92735390377628,-9.863019382889037
78,78,0.0001982253774839751,0.00020170877963353537,-9.93605931317351,-9.868532844789286
79,79,0.00019834215585358403,0.00020175207617668142,-9.93303520610047,-9.86760073702343
80,80,0.00019722058258941108,0.00020338993482781867,-9.956012867281713,-9.832486291713018
81,81,0.00019811434652080242,0.00020202597768634165,-9.939137092083273,-9.861708691562411
82,82,0.00019771689756115725,0.00020106073076787747,-9.948582401757458,-9.882508296354542
83,83,0.0001969363524808942,0.00020134074714549474,-9.962351496693007,-9.876464104474277
84,84,0.0001978643104126773,0.00020063286693154,-9.943753011798373,-9.891760073055234
85,85,0.00019711903362419725,0.0001999956546473856,-9.95773611232382,-9.90557526579697
86,86,0.00019700833240442325,0.000200160953681916,-9.962952693568564,-9.901987247448675
87,87,0.0001970230715442929,0.00020056584770301064,-9.965278290482612,-9.893211028920284
88,88,0.00019742817991201948,0.000200154131897235,-9.953624809253771,-9.902135264026152
89,89,0.00019662518782742781,0.00020147115298497833,-9.96894639764897,-9.87365214492413
90,90,0.00019687274965990488,0.00020007949895348007,-9.964080761743068,-9.9037549518044
91,91,0.0001966715505293849,0.00020021968061643603,-9.970112448799828,-9.900713220605258
92,92,0.00019695895955629034,0.0002005742694324765,-9.963628804574366,-9.89302867315583
93,93,0.00019653348030748095,0.0002012611045134499,-9.973577770243164,-9.878182345755583
94,94,0.0001973442173114085,0.00019991138220862731,-9.954470992539575,-9.907405643974794
95,95,0.0001971569791683428,0.00019963875207682386,-9.961617470068223,-9.91333239859497
96,96,0.00019597341729563268,0.00019858285974662162,-9.983955142467941,-9.93636325747069
97,97,0.00019671880854917786,0.00020027815863661664,-9.969979358537874,-9.899444964990948
98,98,0.00019651026295176372,0.00020006926895707453,-9.969752116916075,-9.90397701076577
99,99,0.00019625788098489195,0.00020102354066789543,-9.97869447617436,-9.883311682927811
100,100,0.00019572501685278317,0.00020010371180863954,-9.9887110111448,-9.903229417043475
101,101,0.00019650883941440698,0.0002001465327339247,-9.973647044911525,-9.902300153819487
102,102,0.00019688368294887323,0.00019978428348335192,-9.964661790431972,-9.910167659260047
103,103,0.00019594732091099637,0.0001997105205909496,-9.982157814266392,-9.911771425675875
104,104,0.00019687052936768448,0.00019994798640254885,-9.965937418629485,-9.906610514450417
105,105,0.00019620418606791645,0.0001999071491330764,-9.979579580958726,-9.907497605762915
