,epoch,train_loss,test_loss,train_dbs,test_dbs
0,0,0.00011346786650204936,0.0001018271780738264,-12.358127332551739,-12.837143779520757
1,1,8.630964683894471e-05,7.503933738917112e-05,-13.545247023391017,-14.162890958382103
2,2,6.542538993898299e-05,6.11428760365877e-05,-14.75102993986554,-15.052322231277962
3,3,5.598513096104107e-05,5.526170054125894e-05,-15.424262396223549,-15.491538412102413
4,4,5.177508531223512e-05,5.201005325560752e-05,-15.764726122612547,-15.754907878576878
5,5,4.925935133270314e-05,4.990388199650241e-05,-15.984593847267465,-15.934437558530817
6,6,4.784481703590592e-05,4.861839299433326e-05,-16.108086291119825,-16.047774865146515
7,7,4.6838756537271334e-05,4.788737159718661e-05,-16.202075334840742,-16.113570858307604
8,8,4.56359398928735e-05,4.680659951286783e-05,-16.313598267766267,-16.212709954341502
9,9,4.5322925045896685e-05,4.7172166600112654e-05,-16.344826105300182,-16.1789226263962
10,10,4.4708996432108475e-05,4.594085399539357e-05,-16.403687650295492,-16.293790222855748
11,11,4.457093599899288e-05,4.545711559139339e-05,-16.41767628401847,-16.339762115267668
12,12,4.392000762178663e-05,4.487670383624438e-05,-16.48139447563786,-16.395571355463503
13,13,4.3253632517832755e-05,4.434794467861617e-05,-16.548654163347315,-16.447045892270708
14,14,4.3041870665866115e-05,4.412718293391854e-05,-16.569111455136863,-16.468718832247735
15,15,4.3083599914248175e-05,4.40337898908183e-05,-16.56320817246569,-16.477920204950284
16,16,4.25492206014712e-05,4.3562208846101146e-05,-16.619750648199265,-16.52468193541826
17,17,4.213249804266037e-05,4.341828025644645e-05,-16.65878227774882,-16.539054687278096
18,18,4.1831880714864346e-05,4.361700906118035e-05,-16.692002043591675,-16.519222048366757
19,19,4.1591510641419796e-05,4.242404209339599e-05,-16.717124281801702,-16.639660413074786
20,20,4.10991854260294e-05,4.165191211014692e-05,-16.76821181935962,-16.719431430142414
21,21,4.060041273706449e-05,4.1270009540695405e-05,-16.820996545871154,-16.759435170513434
22,22,3.976983937240426e-05,4.0970066995788856e-05,-16.912549230209056,-16.791114121995253
23,23,3.9199247337294473e-05,4.0118523285950925e-05,-16.974975418952,-16.882331475369565
24,24,3.891936502600636e-05,3.9907579010009375e-05,-17.00490484700698,-16.905227041836575
25,25,3.885337002767423e-05,3.978609493060503e-05,-17.013747226726498,-16.918467717936124
26,26,3.835601093725796e-05,3.9789042555065335e-05,-17.068936862425815,-16.91814597496995
27,27,3.852450326937203e-05,3.921166755485741e-05,-17.050229379730464,-16.981627743904845
28,28,3.821900458037301e-05,3.889005050663591e-05,-17.083413882014845,-17.017395791603683
29,29,3.7998895329776096e-05,3.879491152091712e-05,-17.110081561451146,-17.02803320612769
30,30,3.78484053107593e-05,3.796276072726438e-05,-17.12725376141004,-17.122202986679625
31,31,3.78458989871433e-05,3.868352311991131e-05,-17.126984922757078,-17.040520655430992
32,32,3.756636397156399e-05,3.834186138288045e-05,-17.158999464953936,-17.07904893573741
33,33,3.7515249975522516e-05,3.8066656806653266e-05,-17.163335429217433,-17.110333496284976
34,34,3.731113654269102e-05,3.8090314104154365e-05,-17.188178567701996,-17.107635323295934
35,35,3.715084089562129e-05,3.745079428833713e-05,-17.208496739810965,-17.18117053307494
36,36,3.685851590920926e-05,3.74732791992995e-05,-17.242954298334222,-17.178563874735197
37,37,3.686387538333836e-05,3.806827609016756e-05,-17.239692740270144,-17.110148759563412
38,38,3.702687693654185e-05,3.757408223081209e-05,-17.222533832982066,-17.1668970483902
39,39,3.6473392046713176e-05,3.752271598051792e-05,-17.28778573100089,-17.172838202492414
40,40,3.634459722682728e-05,3.689694628854724e-05,-17.303954548307054,-17.245876623073492
41,41,3.6434352783619467e-05,3.701018661223842e-05,-17.29279268099184,-17.232568114337457
42,42,3.6310398332041345e-05,3.6995342126924936e-05,-17.306234951764893,-17.234310383666422
43,43,3.609891966109515e-05,3.6785033061230356e-05,-17.33414900892955,-17.259069356189507
44,44,3.622501463189448e-05,3.672561739988037e-05,-17.317054115919966,-17.266089808143107
45,45,3.583523813204854e-05,3.64627451888641e-05,-17.36464594833545,-17.29728723832965
46,46,3.585874883262393e-05,3.6831374975583075e-05,-17.362281417272513,-17.25360154245628
47,47,3.5559014277262664e-05,3.670909264703943e-05,-17.39635770240063,-17.26804436317306
48,48,3.545493027840419e-05,3.665195512631295e-05,-17.409877841313126,-17.274809401495688
49,49,3.5424091750887925e-05,3.641698008562487e-05,-17.414320824757844,-17.302741576786097
50,50,3.526112053917779e-05,3.677658672753942e-05,-17.436263454992652,-17.260066668685052
51,51,3.539471936633585e-05,3.660441622119642e-05,-17.41866729409477,-17.28044601348894
52,52,3.525050247919784e-05,3.614258448100085e-05,-17.43532863130355,-17.33558881497935
53,53,3.517523770458809e-05,3.618117223499882e-05,-17.44615303516906,-17.33095452854803
54,54,3.5249707449561214e-05,3.5725967647618074e-05,-17.435094772194542,-17.38594085720564
55,55,3.494906231185503e-05,3.6400397603804445e-05,-17.47400779878976,-17.30471958827288
56,56,3.559294246141943e-05,3.5779686521365016e-05,-17.39305315016321,-17.379415550891764
57,57,3.517284702744273e-05,3.619202853817689e-05,-17.445165064725877,-17.329651606320162
58,58,3.517888340941203e-05,3.591600292757472e-05,-17.4423928663176,-17.362900880399575
59,59,3.5176377929657096e-05,3.5962374424439315e-05,-17.442220348132377,-17.357297279221655
60,60,3.472151793269488e-05,3.596877315047957e-05,-17.501744512448123,-17.35652461494157
61,61,3.497642116889972e-05,3.5726921563955806e-05,-17.470114568618524,-17.385824898115317
62,62,3.4915370727588e-05,3.549500692507105e-05,-17.476161075151143,-17.414108210868775
63,63,3.482342670151373e-05,3.6088778295762545e-05,-17.486872686346647,-17.34205906080199
64,64,3.472371467181539e-05,3.5599419118769126e-05,-17.502542598194083,-17.401351747474397
65,65,3.472483303150661e-05,3.57315370102266e-05,-17.500168162272615,-17.385263883257256
66,66,3.449676352698289e-05,3.542495659004137e-05,-17.52953010231072,-17.42268759595152
67,67,3.4731674963247135e-05,3.528909435676484e-05,-17.501023415765907,-17.439375733605374
68,68,3.4726967568690505e-05,3.597646268884235e-05,-17.499952931065106,-17.355596263243754
69,69,3.449549889804066e-05,3.56101066388778e-05,-17.52842367864307,-17.400048121030068
70,70,3.465066401986405e-05,3.5322520584725825e-05,-17.509629522809952,-17.435263994353782
71,71,3.4490336099796754e-05,3.538212580391892e-05,-17.531450469017734,-17.427941639956263
72,72,3.440818022447518e-05,3.547405082683422e-05,-17.539446694393504,-17.416673023867368
73,73,3.4435127071043735e-05,3.5374108847463503e-05,-17.537305026852955,-17.428925785023424
74,74,3.4407990149458746e-05,3.513655811778e-05,-17.540152248763544,-17.458188693981207
75,75,3.464435210788128e-05,3.600453850307722e-05,-17.512441690276518,-17.352208377103363
76,76,3.45254644419105e-05,3.530031302177935e-05,-17.52581598268073,-17.437995298627357
77,77,3.440676675719382e-05,3.475492025915484e-05,-17.540112583784257,-17.50561789915774
78,78,3.4205569295643486e-05,3.4943209979438074e-05,-17.565495109427786,-17.482152883620248
79,79,3.4460771164902456e-05,3.564303733583074e-05,-17.533841521234518,-17.396033808062988
80,80,3.492438616414108e-05,3.5363356609626574e-05,-17.47701480831702,-17.43024605782836
81,81,3.470178448550701e-05,3.564091036280029e-05,-17.501700200222565,-17.396292977954776
82,82,3.447629751462955e-05,3.5654485289246384e-05,-17.529358381916136,-17.394639150056044
83,83,3.46775659917765e-05,3.5458149029995855e-05,-17.50727225485861,-17.418620253122594
84,84,3.407285539745401e-05,3.551859768585449e-05,-17.583332382664384,-17.41122275316946
85,85,3.423657865814394e-05,3.567763671622073e-05,-17.56104571978849,-17.391820073024963
86,86,3.4001598700361336e-05,3.521500308890705e-05,-17.590613605548853,-17.448503555050834
87,87,3.43547820278021e-05,3.515370046539159e-05,-17.54740096635775,-17.456070384197677
88,88,3.430517584270889e-05,3.4984509846636734e-05,-17.55722089403571,-17.477022927557666
89,89,3.4411918979045727e-05,3.528753883361596e-05,-17.538624853879053,-17.439567172354884
90,90,3.443430147488414e-05,3.514604912580628e-05,-17.5373633871624,-17.457015745907643
91,91,3.418331502918178e-05,3.532216511590186e-05,-17.5715606977483,-17.435307699877335
92,92,3.4071148416542293e-05,3.5119846870657057e-05,-17.5846064876826,-17.460254726978278
93,93,3.4762346593797516e-05,3.568850335891751e-05,-17.49742179171712,-17.390497506611386
94,94,3.455588812732796e-05,3.563382798395316e-05,-17.52135614643033,-17.39715607142478
95,95,3.429781971829367e-05,3.5168319970436736e-05,-17.55485099766475,-17.45426464243389
96,96,3.466404971910266e-05,3.5392633052604074e-05,-17.506325984258083,-17.426652129336603
97,97,3.413119415687181e-05,3.525865548382219e-05,-17.574723171075345,-17.443123389740272
98,98,3.429091543459679e-05,3.5436165011273455e-05,-17.556301692177225,-17.421313709842316
99,99,3.4294234846476176e-05,3.562443462693696e-05,-17.55619113380781,-17.398301056719916
100,100,3.449765111880195e-05,3.4989825795300454e-05,-17.530726866389095,-17.47636306072106
101,101,3.430560954979059e-05,3.5288881535004625e-05,-17.553348688221785,-17.439401925151653
102,102,3.434316819301475e-05,3.5097693973128975e-05,-17.5486413496655,-17.462995034131794
103,103,3.434458835492722e-05,3.508086439595852e-05,-17.549935197671054,-17.465078004431515
104,104,3.4462571401837924e-05,3.523190360666424e-05,-17.533082657460003,-17.446419772500725
105,105,3.432965064517309e-05,3.506399547117517e-05,-17.549587087917562,-17.467166847749233
106,106,3.439401896066181e-05,3.5108736770589054e-05,-17.544187174196033,-17.461628827079124
107,107,3.425331960522843e-05,3.549161307378917e-05,-17.559713412161464,-17.414523480925375
108,108,3.42954369171849e-05,3.494539228804091e-05,-17.556028821300735,-17.48188166211815
109,109,3.4394342065686794e-05,3.5118840778044325e-05,-17.541787046478213,-17.460379142876313
110,110,3.426587393254728e-05,3.524394177427319e-05,-17.56000686731454,-17.444936112450282
111,111,3.406006255749368e-05,3.5032061388942804e-05,-17.583956326952805,-17.47112393100866
112,112,3.415571657185246e-05,3.522455182591282e-05,-17.57511599558718,-17.44732610189368
113,113,3.420455609979324e-05,3.455505439457116e-05,-17.56686438503479,-17.530665053810402
114,114,3.4202025604245885e-05,3.50989363428916e-05,-17.566971308138598,-17.4628413075697
115,115,3.443926605954046e-05,3.506179727034913e-05,-17.535909182161692,-17.46743912031881
116,116,3.419870405458514e-05,3.4941763595653406e-05,-17.566339714333832,-17.48233265230709
117,117,3.411820205318569e-05,3.516765919860183e-05,-17.579374519442492,-17.454346242083204
118,118,3.419351944722086e-05,3.457465812205459e-05,-17.567578746890323,-17.528201918759187
119,119,3.40041983925159e-05,3.4672989912858034e-05,-17.588500437594274,-17.515867930802337
120,120,3.417112538110964e-05,3.4889126541920155e-05,-17.571327799595963,-17.48887989415508
121,121,3.4128397226258006e-05,3.462506576493309e-05,-17.57606406621816,-17.52187479379675
122,122,3.4067427683093575e-05,3.4676580597940633e-05,-17.583229589481398,-17.515418204954713
123,123,3.404338745032461e-05,3.4941111631556656e-05,-17.58610083037575,-17.48241368629681
124,124,3.424831564038915e-05,3.5261498851468787e-05,-17.5615552131463,-17.442773175282788
125,125,3.4174936688979176e-05,3.505703257121097e-05,-17.569512863684235,-17.468029341961554
126,126,3.4225682461557466e-05,3.484850324304333e-05,-17.566618758964164,-17.49393956612524
127,127,3.415407963140901e-05,3.53257751397139e-05,-17.57199151155167,-17.43486386148182
128,128,3.4139599688153126e-05,3.536998673026621e-05,-17.574271098404207,-17.429431894470422
129,129,3.4428335639699746e-05,3.483504607222705e-05,-17.53965331685491,-17.495616970665516
130,130,3.412369710765899e-05,3.4983105203872056e-05,-17.57485089189946,-17.47719730211692
131,131,3.415025859100855e-05,3.497695261581899e-05,-17.572438706161005,-17.477961176570723
132,132,3.399929308441117e-05,3.486944421494723e-05,-17.59287004561118,-17.49133061128688
133,133,3.4341654568801385e-05,3.4719890831375345e-05,-17.54836807609376,-17.509997353592876
134,134,3.4148982035496615e-05,3.5325107666339086e-05,-17.575236735870202,-17.434945921320846
135,135,3.443912635365328e-05,3.484435259643329e-05,-17.53665283883218,-17.494456865323123
136,136,3.4379520827511894e-05,3.508750973866738e-05,-17.543396688929036,-17.46425540145317
137,137,3.429904586717141e-05,3.474944127159879e-05,-17.555422673079477,-17.50630260268268
138,138,3.471099695424218e-05,3.543923881615659e-05,-17.503596054096974,-17.420937010330796
139,139,3.450345993957113e-05,3.52224896663469e-05,-17.527937437436464,-17.44758035941864
140,140,3.395420843816348e-05,3.513364773473433e-05,-17.600089491757,-17.458548437711098
141,141,3.42236084198356e-05,3.4723060276806596e-05,-17.565569196412852,-17.50960092094119
142,142,3.432417486823697e-05,3.5097739639336634e-05,-17.54957733583661,-17.462989383455966
143,143,3.419415849382802e-05,3.4813200392435596e-05,-17.56881288672469,-17.498341363304114
144,144,3.4008454808967726e-05,3.476070589002982e-05,-17.592476633297554,-17.504894991889746
145,145,3.4163783246035614e-05,3.476130720963212e-05,-17.56949438852662,-17.504819864667876
146,146,3.397454695248636e-05,3.45865707793947e-05,-17.596107902309317,-17.5267058200111
147,147,3.4210120669665706e-05,3.438526303063171e-05,-17.567539109748093,-17.552057354943727
148,148,3.4155326314239295e-05,3.495402071214477e-05,-17.574578524537618,-17.4808094708553
149,149,3.3993113133546264e-05,3.526019434885759e-05,-17.593374378570914,-17.442933845924692
150,150,3.408452929639661e-05,3.4721226448278974e-05,-17.583145850910757,-17.509830290885944
151,151,3.401489412521862e-05,3.486728995707572e-05,-17.589226864621104,-17.491598929646663
152,152,3.405928521143445e-05,3.5154963609927924e-05,-17.586127870965367,-17.45591433608917
153,153,3.3996434814474287e-05,3.52724297332124e-05,-17.592650785609557,-17.441427093544014
154,154,3.384916425668202e-05,3.510932851656291e-05,-17.61292134685473,-17.461555628818793
155,155,3.397738630118295e-05,3.4716363619449307e-05,-17.596000800295005,-17.510438578048145
156,156,3.3989715861419414e-05,3.456988250898001e-05,-17.594997770837363,-17.528801827990016
157,157,3.3824007258181625e-05,3.496135908981638e-05,-17.615211989270804,-17.479897792495077
158,158,3.375399478734591e-05,3.455837807115657e-05,-17.624089553378855,-17.530247347917264
159,159,3.375597390407437e-05,3.496398188106372e-05,-17.622314861665387,-17.479571998226323
160,160,3.461606986055597e-05,3.5259429415945255e-05,-17.514093739822428,-17.44302806257678
161,161,3.417571217854407e-05,3.552006752502884e-05,-17.56999151678595,-17.41104303609823
162,162,3.414744613335117e-05,3.513187575184642e-05,-17.575045603194553,-17.458767481803342
163,163,3.405448789879339e-05,3.4898625879003176e-05,-17.58818344812411,-17.48769759222981
164,164,3.420713754579636e-05,3.5114111405595106e-05,-17.566834213181615,-17.46096403651863
165,165,3.4270531183004275e-05,3.48044727855411e-05,-17.558967046098154,-17.49943026827934
166,166,3.3963786148719406e-05,3.5039015672641415e-05,-17.596997865353572,-17.470261890014722
167,167,3.379931522712721e-05,3.500728110482573e-05,-17.617761786154496,-17.474197044124203
168,168,3.371699281113664e-05,3.445706811601811e-05,-17.62908224459324,-17.542997649049017
169,169,3.390992011547271e-05,3.556343405139878e-05,-17.604450593657987,-17.405743959654124
170,170,3.386822145236608e-05,3.477566506741201e-05,-17.61047457555219,-17.503026419169693
171,171,3.395838421900258e-05,3.497241500314742e-05,-17.599713837778992,-17.47852462988392
172,172,3.4007553509094504e-05,3.47215557810973e-05,-17.593188334269797,-17.509789098001352
173,173,3.402779182898044e-05,3.490999465851162e-05,-17.58954211896619,-17.486283039639563
174,174,3.399414581321084e-05,3.477246048676438e-05,-17.59532846859763,-17.50342664036386
175,175,3.462899858089999e-05,3.518726972336146e-05,-17.511501411443028,-17.451925162837895
176,176,3.430150716611155e-05,3.520303021344405e-05,-17.554725042723195,-17.44998037953807
177,177,3.416680021810984e-05,3.504347985558285e-05,-17.570004747983393,-17.46970860777051
178,178,3.408304001288681e-05,3.480936577130036e-05,-17.583071360117806,-17.49881975842589
179,179,3.394869335605427e-05,3.4749180964641515e-05,-17.59797755858348,-17.506335135665786
180,180,3.403651543962529e-05,3.49988745974291e-05,-17.585810147223718,-17.475240066628544
181,181,3.3983182895342944e-05,3.5039384927490335e-05,-17.592741832434232,-17.4702161226051
182,182,3.4048507099139464e-05,3.5138975554697315e-05,-17.58781868881719,-17.457889904499552
183,183,3.402734111341019e-05,3.4777850343839656e-05,-17.588499380224366,-17.502753520384157
184,184,3.4031981749180466e-05,3.4549438025447e-05,-17.588607022178326,-17.53137098711196
185,185,3.3869792740418784e-05,3.436462190477055e-05,-17.60814632943912,-17.554665163622836
186,186,3.3897481490881905e-05,3.48360974481023e-05,-17.605429764770278,-17.495485895813577
187,187,3.407376014778136e-05,3.4778040954781895e-05,-17.584272806695605,-17.502729717574976
188,188,3.3815220376709476e-05,3.461780474217927e-05,-17.617030337052636,-17.522785623201543
189,189,3.398626497598634e-05,3.477207084008689e-05,-17.593265874525898,-17.50347530598823
190,190,3.398225959882466e-05,3.4976207021636106e-05,-17.592879216754746,-17.478053754930603
191,191,3.378060707113149e-05,3.4127834863427685e-05,-17.62033916556475,-17.58469349666354
192,192,3.3624186434065345e-05,3.4711525107635875e-05,-17.642033402135773,-17.511043907987776
193,193,3.394026648446428e-05,3.4692672718512385e-05,-17.598347969902168,-17.513403272125636
194,194,3.387192198940668e-05,3.4689086437298867e-05,-17.607860663210403,-17.51385223801002
195,195,3.358072547026617e-05,3.486551864434181e-05,-17.646733534028485,-17.491819563624173
