,epoch,train_loss,test_loss,train_dbs,test_dbs
0,0,0.0004259137984019579,0.00040552940979403883,-6.613639120882721,-6.835557307446557
1,1,0.0003872255476062023,0.00037400986337544104,-7.026200393009235,-7.186950307769977
2,2,0.0003631506244215116,0.00035602147660316214,-7.307625184772877,-7.401018892288274
3,3,0.00034719860011990153,0.0003427453982447715,-7.4992097261112605,-7.566064537352197
4,4,0.0003358583417889115,0.00033243922486067996,-7.644372959966553,-7.6986582532075065
5,5,0.000326544241727685,0.0003230318926446336,-7.770060434728543,-7.823326843812253
6,6,0.00031714658336905936,0.00031362556834018936,-7.893834901516643,-7.9516662499272766
7,7,0.0003082434266935266,0.0003055192508710254,-8.01919066489181,-8.065395058453518
8,8,0.00030099352270835224,0.0002985581185815758,-8.121096764211517,-8.165492010386991
9,9,0.0002946120827247571,0.0002925005315582415,-8.215499867790893,-8.25451426669998
10,10,0.00028911754506947374,0.00028742769867868016,-8.296892389561707,-8.330494686546789
11,11,0.00028415214700609943,0.00028226588773050984,-8.372684410092686,-8.409196901701815
12,12,0.00027973044720075105,0.0002787343722670094,-8.440621147380096,-8.463875590733021
13,13,0.000275440723215201,0.00027438973560684214,-8.50859852488521,-8.532102251119717
14,14,0.00027187910820861567,0.0002711534723762031,-8.564264469659351,-8.583629159699278
15,15,0.000268531402455374,0.0002679810231232918,-8.616377214718543,-8.634740454507167
16,16,0.000265496554178397,0.00026500794353380213,-8.668077852506133,-8.683191943488154
17,17,0.0002624184700610001,0.00026244329484669785,-8.715010378943308,-8.725426048544056
18,18,0.00025985204598496755,0.0002597498012044908,-8.759814541193546,-8.770228624791097
19,19,0.00025768567401118883,0.00025775514950510114,-8.796268481031351,-8.803707358279407
20,20,0.00025552891770296146,0.00025569679641385416,-8.832143408055257,-8.838527994767341
21,21,0.00025359328299732017,0.00025360596957493966,-8.864923570808937,-8.87418614235899
22,22,0.0002517356398064144,0.0002519924294718198,-8.898640542080651,-8.90190592720923
23,23,0.0002501909430534819,0.0002508632353151609,-8.925036860079643,-8.921410673794465
24,24,0.0002486829151766682,0.00024912790870171433,-8.95010281061886,-8.95155703969122
25,25,0.0002471920255554802,0.00024786129544832205,-8.977689606259778,-8.973693711193786
26,26,0.0002460339977934035,0.00024638816524346014,-8.997319965365719,-8.999582427904118
27,27,0.0002443983184159301,0.0002454453535488267,-9.02661772240168,-9.016232713106119
28,28,0.00024360595643040293,0.00024405516543131518,-9.039328567409964,-9.04090082388683
29,29,0.00024204474580402188,0.00024272521611572685,-9.068834679065441,-9.064631898844786
30,30,0.00024108585500105562,0.00024199430558119754,-9.086012317946782,-9.0777293970181
31,31,0.00024013440607754112,0.00024089974345100162,-9.102629286117647,-9.097417488362566
32,32,0.0002389265912628166,0.0002398358253566058,-9.124346213474835,-9.116640301981091
33,33,0.00023809133983245984,0.00023901938249381552,-9.137977885847793,-9.131449662634164
34,34,0.00023706987129341927,0.0002381465057719891,-9.157799712301998,-9.147338726619706
35,35,0.00023628006069368885,0.00023758490217580018,-9.173912485410561,-9.157592472833095
36,36,0.000235664700854032,0.00023690664276823794,-9.18538738009357,-9.170008479894598
37,37,0.00023468406798951712,0.0002361319815176294,-9.20086655698304,-9.184232747849112
38,38,0.00023402710617447905,0.00023467639785897183,-9.215043035007376,-9.211086728905103
39,39,0.00023306859687172336,0.00023404831192333644,-9.232709663122076,-9.222725732080171
40,40,0.00023234067601751843,0.00023329817601111963,-9.247100665265856,-9.23666742953749
41,41,0.00023172780485540513,0.0002326257718347111,-9.258121796583133,-9.249202592304126
42,42,0.0002311175579886845,0.00023208632314651223,-9.268215683480696,-9.2592853810379
43,43,0.00023057002282567016,0.0002313780147998937,-9.281062632223668,-9.27255995777368
44,44,0.00022952214766116142,0.00023135867070921354,-9.298893821612564,-9.272923059818872
45,45,0.00022939804382742258,0.00023057952823460495,-9.301851794477685,-9.287573400448663
46,46,0.0002289179440398134,0.00023019177254019794,-9.311434372457422,-9.294882892071822
47,47,0.00022796501877199205,0.00022908956376149466,-9.327172741013122,-9.315727810932007
48,48,0.0002274097503911819,0.00022843193207671377,-9.338553383038208,-9.328212732891565
49,49,0.00022698558306503925,0.00022841995048924888,-9.347325325700579,-9.328440532645498
50,50,0.00022635268291684116,0.00022763406664843818,-9.361368083563228,-9.34340829262531
51,51,0.00022589696673844394,0.00022709574841428548,-9.368948032902109,-9.353690827003712
52,52,0.00022513474732008523,0.00022644295792193398,-9.382556459350548,-9.366192670858759
53,53,0.00022473416519807362,0.00022591359830633002,-9.391832434453558,-9.376357133461411
54,54,0.00022410598932165346,0.00022568183531371973,-9.402115308074848,-9.380814813506138
55,55,0.00022353567141012202,0.00022472741808374658,-9.414894710257673,-9.399220241621729
56,56,0.0002233164540081544,0.0002239540320404462,-9.417484843735219,-9.414192004931088
57,57,0.0002226002241926479,0.00022429100844371868,-9.431984323016035,-9.407662227384218
58,58,0.00022200621861349982,0.00022331636864691973,-9.441561976682452,-9.4265752916553
59,59,0.00022183059154860866,0.00022300013025462824,-9.444517161184132,-9.432729696077272
60,60,0.00022121037241940378,0.0002227572587894668,-9.45967667454051,-9.437462214265924
61,61,0.0002208115362271801,0.00022254595042843568,-9.467650674995694,-9.441583903046256
62,62,0.00022042918690485093,0.00022204424174943646,-9.47363666532319,-9.451385711864205
63,63,0.0002197404470073885,0.00022110672082482395,-9.486487694026843,-9.469761426058904
64,64,0.00021963824035561424,0.00022026919070508723,-9.491724830664722,-9.486243301779432
65,65,0.00021886251435960767,0.00022029468336289652,-9.504855981875075,-9.485740704027794
66,66,0.000218708897891608,0.00021972042113223948,-9.508649097629462,-9.497076635771528
67,67,0.00021825949334390652,0.0002194507526981301,-9.518549268767696,-9.502410115497668
68,68,0.0002174020068871203,0.00021904277213922652,-9.533986057326793,-9.510491592032535
69,69,0.00021671911250900708,0.00021860612277554251,-9.547075847227113,-9.519157647142057
70,70,0.0002165932552444931,0.00021810257595988283,-9.550295853224863,-9.529172913655916
71,71,0.00021638896975776698,0.00021751852411972848,-9.556073541722954,-9.540818384605917
72,72,0.0002159369952218204,0.00021686558121521222,-9.562793199145647,-9.553874558186724
73,73,0.00021532964628650662,0.0002164534265543089,-9.576283656238406,-9.562136210488655
74,74,0.00021508017950331234,0.00021617778647372402,-9.58074139827637,-9.567670207046566
75,75,0.00021456737121082267,0.00021609661052934825,-9.59312932488245,-9.569301312907312
76,76,0.00021447445483177362,0.00021583880803327223,-9.593455551793987,-9.57448552378468
77,77,0.00021376355866824766,0.00021558312628736816,-9.607214509197892,-9.579633207550218
78,78,0.00021331086598778355,0.00021459918015783556,-9.616333550474849,-9.599500278480123
79,79,0.00021316711181779537,0.00021435822571603288,-9.61988942986962,-9.604379326797662
80,80,0.0002126544256413778,0.00021428008499481765,-9.631558370342896,-9.605962763628373
81,81,0.000212433246881269,0.00021357036817598303,-9.632993412890023,-9.620370899861749
82,82,0.0002117445041334314,0.00021311843776952868,-9.646443110515925,-9.629570623519164
83,83,0.0002115747872463994,0.0002125076387432943,-9.653119195239228,-9.64203540626535
84,84,0.00021118193444167024,0.0002118969117107458,-9.660850046819924,-9.654534591911826
85,85,0.00021070537406989593,0.00021174955212413087,-9.6691931759241,-9.657555859094094
86,86,0.0002103414062168161,0.00021161384019682087,-9.676359248777713,-9.660340178392692
87,87,0.00020992153545615946,0.00021146369430138484,-9.686702997120678,-9.663422712031979
88,88,0.00020956262791908549,0.0002101866052008087,-9.697679033234492,-9.689730505287548
89,89,0.00020907223182634364,0.00021036125498970874,-9.702750217786035,-9.686123332305572
90,90,0.00020865501506498908,0.00021018867769989332,-9.712987886163042,-9.689687682840425
91,91,0.0002084565051884112,0.00021007407600623801,-9.719547947430904,-9.69205624317398
92,92,0.0002080496871956749,0.00020890347169418084,-9.726803539320628,-9.716324288985458
93,93,0.00020762031613465052,0.00020866896221904377,-9.735814165181072,-9.721202301681792
94,94,0.00020741111120045876,0.00020855631507737073,-9.738256557513074,-9.723547415263429
95,95,0.00020681630736624955,0.00020779972653958554,-9.75166833292333,-9.739331146294498
96,96,0.00020627943770695938,0.00020761397670292738,-9.760559584653144,-9.743214991907763
97,97,0.00020594398710713482,0.0002072417371796052,-9.768746839299224,-9.751008622748563
98,98,0.00020553317438863871,0.00020681208575536547,-9.77927318649021,-9.76002171714964
99,99,0.00020538133235417844,0.00020659003271966388,-9.782792640560116,-9.764687218996858
100,100,0.00020520142807634837,0.00020669555325232642,-9.78681833537497,-9.762469528004765
101,101,0.00020478108820395026,0.00020601815930077513,-9.794101626917985,-9.776725837425035
102,102,0.00020446428310812558,0.00020563257643707881,-9.800870376235018,-9.784861693598975
103,103,0.00020384944638731823,0.00020523282383740144,-9.815422988366365,-9.793312656022795
104,104,0.00020362663136185482,0.00020478487759215854,-9.818213679649508,-9.802802034613968
105,105,0.00020321767408756021,0.00020425348300609345,-9.826666162808722,-9.81408615309798
106,106,0.00020303788082434113,0.00020414721802808344,-9.833245718692567,-9.816346202823357
107,107,0.00020254994175497674,0.00020417675228887484,-9.84141885399117,-9.815717948425203
108,108,0.00020228351163917904,0.0002033152291244876,-9.848787378143042,-9.834081760763521
109,109,0.0002013925781303095,0.00020307435203760274,-9.86622249263406,-9.83923010150605
110,110,0.00020145699900896624,0.00020271246198956904,-9.86680139247921,-9.84697638044619
111,111,0.00020119182515851002,0.0002026129858629582,-9.870307435272487,-9.849108096279206
112,112,0.00020083195809514944,0.0002022405219337854,-9.88142178015049,-9.85709908915292
113,113,0.00020049035203518326,0.00020198705514255715,-9.88676918700561,-9.862545488629138
114,114,0.0001999761547098781,0.0002013655275253481,-9.89770745398842,-9.875929621506405
115,115,0.00019985082596492445,0.00020126308280803067,-9.899388582817252,-9.878139657020492
116,116,0.00019925483547453528,0.00020052258562492696,-9.912347508323764,-9.894147903698963
117,117,0.00019914847492605216,0.00020049926426604783,-9.917466038308508,-9.894653030164559
118,118,0.00019828766478182384,0.00019960441721578767,-9.934059804023637,-9.914079383984758
119,119,0.00019796470557603525,0.0001998785630444457,-9.937948167569392,-9.90811867751183
120,120,0.00019801667466586858,0.0001994471761128424,-9.94090298870309,-9.917501946280634
121,121,0.00019743575530904394,0.0001995068022025455,-9.952964940711933,-9.916203787428445
122,122,0.0001969534418300831,0.00019833865639827164,-9.962987269790256,-9.941707194532222
123,123,0.0001966450537420502,0.0001981512147099956,-9.969598236265234,-9.945813473299642
124,124,0.00019634119820056156,0.00019818179900635426,-9.977833017060595,-9.945143199024821
125,125,0.00019618941392370297,0.00019744974806120522,-9.979834352338138,-9.961215023991215
126,126,0.00019605253830902547,0.00019705547847000785,-9.986415231186177,-9.969895728495592
127,127,0.00019551536996042376,0.0001964003987316238,-9.994608337461319,-9.984357211724067
128,128,0.00019506285205296212,0.0001959319603261783,-10.005109643949993,-9.99472802649753
129,129,0.00019506469219514967,0.00019601766651153172,-10.00702693141944,-9.992828714881517
130,130,0.00019465128038457797,0.00019581864685996582,-10.012839027786182,-9.997240411344986
131,131,0.00019409508593188425,0.00019534929015208036,-10.026233270608662,-10.00766248876064
132,132,0.00019392258632860924,0.00019507754845299612,-10.031284971447462,-10.013707971693826
133,133,0.0001938008285036368,0.00019507509990178637,-10.033023937542252,-10.013762483295043
134,134,0.0001933403834028496,0.0001946155764591439,-10.045788602071799,-10.02400489349636
135,135,0.00019290599163103195,0.00019409875906268624,-10.053716927158467,-10.03555327518325
136,136,0.000192753394547197,0.0001941220957393709,-10.056374531302904,-10.035031150222835
137,137,0.00019227456617692352,0.0001935192328681679,-10.069024661468124,-10.048539525624093
138,138,0.00019213342280055098,0.0001933801816592581,-10.07223773226307,-10.051661224601354
139,139,0.00019156485906989343,0.0001928259712018955,-10.083405467514401,-10.064125588872999
140,140,0.000191400495787468,0.00019310909020101748,-10.089595011491499,-10.057753685752797
141,141,0.00019095308800256745,0.00019249691180639754,-10.099560318104114,-10.071543197363209
142,142,0.00019032571653201791,0.0001920399449054936,-10.110603659633187,-10.081865136258346
143,143,0.00019041919458499083,0.00019192851169990669,-10.111224851472546,-10.084385907265096
144,144,0.0001902321502674352,0.00019101798457804282,-10.115506463927304,-10.10503827795824
145,145,0.00018983340528721623,0.0001911829328348272,-10.121427583420704,-10.101289667271827
146,146,0.00018918575714798355,0.00019086744348322483,-10.138760269652627,-10.108462298115157
147,147,0.00018925255673971105,0.0001907653962629602,-10.138667616662403,-10.11078487317134
148,148,0.0001889002499213807,0.0001896998338021436,-10.146837588123823,-10.135111359286205
149,149,0.00018832994431146834,0.00018991282022876762,-10.158089995310828,-10.130238031775814
150,150,0.00018808345587026406,0.00018957217061573543,-10.165212899335254,-10.138035035109747
151,151,0.00018767620867103839,0.00018944178468939898,-10.171825884877277,-10.14102309872941
152,152,0.00018756714896731,0.00018875636650543464,-10.176915392960131,-10.156764775945817
153,153,0.00018695514506934037,0.00018886736774890634,-10.189610322049663,-10.154211587438862
154,154,0.0001871671366202885,0.00018852985292477044,-10.186104886735086,-10.161979576005402
155,155,0.00018660268118033744,0.00018828110708119837,-10.198721683246081,-10.167713430612507
156,156,0.00018621104563581613,0.00018832049681805074,-10.208418723602213,-10.166804950922359
157,157,0.0001859620019083017,0.00018758847880618354,-10.213220449680483,-10.183719246971279
158,158,0.000185598379400674,0.0001870288749495031,-10.221599545781947,-10.19669424908173
159,159,0.00018505194568262464,0.00018685322414201342,-10.232884729005786,-10.200774903503662
