,epoch,train_loss,test_loss,train_dbs,test_dbs
0,0,0.0001957957501122344,0.00017583321268351652,-9.988823614074077,-10.464771750734377
1,1,0.00015292252091686097,0.00013449504178041885,-11.061125931907865,-11.628718121537108
2,2,0.00012091398011105731,0.00011224761271334596,-12.083727967020222,-12.414009731464473
3,3,0.00010285259231375338,9.874870432356961e-05,-12.782836958759392,-12.970466803464827
4,4,9.193045296286204e-05,8.952504791331624e-05,-13.271340354421534,-13.396335242118248
5,5,8.412068684227746e-05,8.276467844169881e-05,-13.660452632729783,-13.73733054261831
6,6,7.841479709520744e-05,7.825848412099539e-05,-13.962455042195728,-13.980466550333615
7,7,7.422050381962632e-05,7.443373646023439e-05,-14.202889924269952,-14.19808265867067
8,8,7.091591539120628e-05,7.139549224551669e-05,-14.399231130336254,-14.379072940852822
9,9,6.868009732738522e-05,6.978049790823686e-05,-14.539696391416385,-14.478440223618229
10,10,6.677975821712044e-05,6.803624809866673e-05,-14.661188442299576,-14.588377301670585
11,11,6.538128582178615e-05,6.638672264096768e-05,-14.75365925473281,-14.69496857266357
12,12,6.41514271432918e-05,6.507455902082209e-05,-14.835955320314751,-14.781668525427065
13,13,6.291969194282182e-05,6.417182540692585e-05,-14.921014148643309,-14.842336930881004
14,14,6.20519022049848e-05,6.330470683966077e-05,-14.980471843244024,-14.901420843911309
15,15,6.133957706588637e-05,6.288871851498506e-05,-15.028920242973914,-14.930053411388403
16,16,6.079498960332916e-05,6.17750650378998e-05,-15.069988855639316,-15.007648750204588
17,17,6.002034896267002e-05,6.11674764322264e-05,-15.121969209397097,-15.050575230144052
18,18,5.948148437832079e-05,6.105034174795851e-05,-15.163257968414747,-15.058899869439749
19,19,5.918430419039874e-05,6.0404845786060356e-05,-15.185105766748745,-15.105063064197925
20,20,5.8544452202244726e-05,5.952361358427688e-05,-15.231686496238977,-15.168887976597672
21,21,5.813589109259072e-05,5.933622512537496e-05,-15.261857695411273,-15.18258172580381
22,22,5.7680155224102e-05,5.8885529525516754e-05,-15.297823394748061,-15.215695015462323
23,23,5.735910625722663e-05,5.881106526909494e-05,-15.321728943910804,-15.221190402994043
24,24,5.7125529152828454e-05,5.830996623875475e-05,-15.338259948304147,-15.258352963615705
25,25,5.677695865124781e-05,5.832496505095869e-05,-15.366312917432502,-15.257235990966233
26,26,5.6276212058740564e-05,5.791936526197548e-05,-15.404022625713491,-15.287542925436725
27,27,5.598114058585386e-05,5.7193728073463334e-05,-15.427182429167159,-15.34229680129787
28,28,5.5259531437354546e-05,5.673345980252825e-05,-15.482135617247927,-15.37738817176528
29,29,5.494300087766251e-05,5.637202699098883e-05,-15.50866751485977,-15.405144351306223
30,30,5.4671657315188945e-05,5.563023660215549e-05,-15.530107226937051,-15.462671792759044
31,31,5.426574334143373e-05,5.5976206280511655e-05,-15.56191561725881,-15.435746249821067
32,32,5.3995455580417874e-05,5.53929852398333e-05,-15.583418986263505,-15.481233155438527
33,33,5.408792167520343e-05,5.547025610116849e-05,-15.574410935277536,-15.475179153459502
34,34,5.3888211040589575e-05,5.504649686228827e-05,-15.591625688519752,-15.50848400473077
35,35,5.3934433774124905e-05,5.488301394507289e-05,-15.589521985943442,-15.521401333417646
36,36,5.3423008438651016e-05,5.520632935497959e-05,-15.631049333725617,-15.495892142805143
37,37,5.340516351501832e-05,5.483560878354566e-05,-15.629870142040447,-15.525154169688115
38,38,5.3512058246307095e-05,5.4833976671369256e-05,-15.623188102929326,-15.525283433842652
39,39,5.28698202316198e-05,5.4619704123500635e-05,-15.675468942158993,-15.542287431034028
40,40,5.2644473735480714e-05,5.4057263792186094e-05,-15.694825265850163,-15.58724027022662
41,41,5.271561579873603e-05,5.39259258642376e-05,-15.688510431575143,-15.597804760066381
42,42,5.2601632784533593e-05,5.3989231099350086e-05,-15.696552832992126,-15.592709439221341
43,43,5.210706445516913e-05,5.323897877181145e-05,-15.740124986852933,-15.65348370066559
44,44,5.21090445657784e-05,5.377443832051205e-05,-15.738008708277697,-15.610022034947878
45,45,5.152554584447458e-05,5.3001068169434896e-05,-15.787522883723,-15.67293463983361
46,46,5.1343596647505544e-05,5.309681326157021e-05,-15.803369860384834,-15.665096297369011
47,47,5.108550661687557e-05,5.292506160147145e-05,-15.8228777908102,-15.679167141444205
48,48,5.083711806309083e-05,5.2479699278544436e-05,-15.84483497218426,-15.715867485662569
49,49,5.061027129449565e-05,5.292420265552784e-05,-15.86492141194503,-15.679237625728852
50,50,5.0425756122309654e-05,5.269066222306145e-05,-15.882700357540873,-15.698444294515213
51,51,5.0686540995117216e-05,5.2832982251665704e-05,-15.859125480545,-15.686729604244311
52,52,5.0339360951539606e-05,5.1805354910596324e-05,-15.887904772009943,-15.772034329933495
53,53,5.0360807811735756e-05,5.184596164709594e-05,-15.887596566909256,-15.76863152076951
54,54,5.04508038314261e-05,5.213706237172071e-05,-15.87796903958884,-15.744315288414041
55,55,5.013330369412457e-05,5.1938976340400254e-05,-15.907099831586752,-15.760847004126369
56,56,5.043770864542295e-05,5.1855553848374834e-05,-15.879138589283478,-15.767828091798062
57,57,5.021857101645455e-05,5.1986363694978586e-05,-15.898596791205817,-15.7568864555201
58,58,5.026689567663179e-05,5.1731085764722116e-05,-15.89239271894414,-15.778264925760572
59,59,5.025340410095841e-05,5.2162897191010416e-05,-15.893076678052688,-15.742163816882318
60,60,5.004356908383923e-05,5.210190705072723e-05,-15.914248785630566,-15.74724466551369
61,61,4.996090647932526e-05,5.164600109932699e-05,-15.921565172100799,-15.785413861785083
62,62,5.001173815695982e-05,5.146827472919157e-05,-15.915608165019409,-15.800384758424077
63,63,4.9833523063949245e-05,5.200344055897164e-05,-15.930371816191949,-15.755460087248657
64,64,4.998330041416921e-05,5.154128915532247e-05,-15.92055509394327,-15.794228093647977
65,65,4.998004239787031e-05,5.1860600682343114e-05,-15.918603622094247,-15.76740543591477
66,66,4.9753250611511526e-05,5.125551749523239e-05,-15.939099013859327,-15.8183746364873
67,67,4.98675964109614e-05,5.1464549630365676e-05,-15.930096336143851,-15.800699097387456
68,68,4.982833703139739e-05,5.1826093495995005e-05,-15.931857612830216,-15.770296121414782
69,69,4.9546882888235e-05,5.1589340153824246e-05,-15.955884610768607,-15.790181132013181
70,70,4.993860165620962e-05,5.121432408678198e-05,-15.922381364162032,-15.821866409416451
71,71,4.969532903825106e-05,5.177730015834401e-05,-15.945269029233271,-15.774386852058782
72,72,4.9646130663081136e-05,5.119293372875913e-05,-15.947209677953149,-15.82368067820726
73,73,4.959813529624335e-05,5.135351028385278e-05,-15.952668436702364,-15.810079510566412
74,74,4.95487633482289e-05,5.165703547199404e-05,-15.956417103752976,-15.784486073534545
75,75,4.942701060517533e-05,5.101735108550393e-05,-15.969122682382137,-15.8386018083523
76,76,4.9394826100510306e-05,5.1090858170554333e-05,-15.9703966696231,-15.83234888761937
77,77,4.93844459343404e-05,5.049438244130119e-05,-15.970649361803106,-15.88335021287376
78,78,4.930746157716038e-05,5.071441295225859e-05,-15.977336889148091,-15.864466836792444
79,79,4.9711104214477074e-05,5.143936677517271e-05,-15.942557339386095,-15.802824725963942
80,80,4.952718574582532e-05,5.141836434057424e-05,-15.959866114415181,-15.804598290572159
81,81,4.946272788730152e-05,5.125119825702553e-05,-15.9624376412504,-15.81874062642398
82,82,4.9256698946113285e-05,5.13117669661848e-05,-15.979911548004539,-15.813611160994709
83,83,4.9653930714673164e-05,5.094193903986659e-05,-15.948221984556694,-15.845026145206987
84,84,4.896290586648038e-05,5.158871537883227e-05,-16.008745838591118,-15.790233727757508
85,85,4.925551784066387e-05,5.102221123371763e-05,-15.98140040761618,-15.838188099099915
86,86,4.911045422333475e-05,5.08713138084491e-05,-15.993867469572598,-15.851051324120206
87,87,4.93287074859086e-05,5.07192547191057e-05,-15.976275578372183,-15.86405223034584
88,88,4.916599850871207e-05,5.089024182923726e-05,-15.994168755510696,-15.849435716924553
89,89,4.9127088112578986e-05,5.124040839482883e-05,-15.992503539359982,-15.81965503840032
90,90,4.926783059868894e-05,5.0970636565532336e-05,-15.981641766571652,-15.842580288589922
91,91,4.908116149926707e-05,5.1283781909947525e-05,-16.00055415509113,-15.815980416958377
92,92,4.8928044878304025e-05,5.070028189373644e-05,-16.012895590157505,-15.865677123090432
93,93,4.9151876362547104e-05,5.068351138585345e-05,-15.9931116292186,-15.867113908766548
94,94,4.894075470108817e-05,5.092094273239031e-05,-16.009870117791614,-15.846816508968109
95,95,4.874967669014406e-05,5.021110183933113e-05,-16.027798731898592,-15.907783346310467
96,96,4.902849149843438e-05,5.050387775746027e-05,-16.000633662251996,-15.882533611990565
97,97,4.874840133479009e-05,5.022078690480588e-05,-16.026634225002333,-15.906945729780858
98,98,4.8975791362385484e-05,5.0388145418286224e-05,-16.008277863114916,-15.892497122830008
99,99,4.882192267369018e-05,5.103026954824791e-05,-16.02225352426048,-15.83750223991954
100,100,4.8932591376684546e-05,5.018323817670247e-05,-16.01263996635416,-15.910194047000171
101,101,4.877694349132296e-05,5.065862493019698e-05,-16.02485426551728,-15.869246891349288
102,102,4.8646629740275234e-05,5.014937721027405e-05,-16.036517342221014,-15.913125423078302
103,103,4.87963415318668e-05,5.002502975433967e-05,-16.024645728440742,-15.92390730705934
104,104,4.872332095887425e-05,5.000585645719088e-05,-16.02919062717455,-15.925572164298726
105,105,4.8572584119872624e-05,4.988271221487881e-05,-16.042368835768734,-15.93628027489023
106,106,4.8720665946938864e-05,4.9733780064056386e-05,-16.031884278683798,-15.949266168689844
107,107,4.873821503163517e-05,5.031255702641303e-05,-16.028043883162656,-15.899016963676187
108,108,4.8571107813070727e-05,4.964967229170725e-05,-16.04461213183367,-15.956617000095095
109,109,4.8556453021802486e-05,4.9213362600360265e-05,-16.044187561850606,-15.994950462503079
110,110,4.8395260631709276e-05,5.006156597549929e-05,-16.06059666386588,-15.920736556804854
111,111,4.827688010748519e-05,4.971502896392179e-05,-16.06901877924297,-15.950903895575498
112,112,4.838645625418441e-05,4.97651235491503e-05,-16.06251184383879,-15.946529997219434
113,113,4.8518038928489554e-05,4.937486167029036e-05,-16.04867158496061,-15.980721944207101
114,114,4.851611770063005e-05,4.986850073787776e-05,-16.04862917600524,-15.937517746776596
115,115,4.854240427279758e-05,4.968280374764857e-05,-16.04523522936689,-15.953719899448853
116,116,4.827531395760874e-05,4.966933384390646e-05,-16.06918513509043,-15.954897509723704
117,117,4.8386918108720695e-05,4.9909845026712374e-05,-16.061956271519367,-15.933918649720189
118,118,4.841497187597495e-05,4.9380238794439814e-05,-16.057219946423576,-15.98024900552587
119,119,4.81338855062165e-05,4.990345080027749e-05,-16.079316645028896,-15.934475084058422
120,120,4.832754357548109e-05,4.951491102570129e-05,-16.065973408207622,-15.968420833332978
121,121,4.829573145732716e-05,4.917949416650165e-05,-16.068135515751145,-15.997940288187536
122,122,4.814353106320192e-05,4.962867560128583e-05,-16.0812436141932,-15.95845400627373
123,123,4.818532978947822e-05,4.9486047110373254e-05,-16.077280148780165,-15.970953220846042
124,124,4.818036297327819e-05,4.973766351069667e-05,-16.079246712267626,-15.948927064443058
125,125,4.819163635700759e-05,4.948282960532723e-05,-16.076873319429303,-15.971235601475964
126,126,4.803873660833786e-05,4.9656792199177866e-05,-16.094224154578644,-15.955994253822272
127,127,4.7939643316323745e-05,4.92886568903678e-05,-16.099469393702794,-15.988311024812973
128,128,4.79427177834651e-05,4.9455667498190645e-05,-16.099628844860774,-15.973620184603462
129,129,4.815398470154176e-05,4.9484912443930575e-05,-16.08249129460693,-15.971052801445664
130,130,4.7798117164572815e-05,4.9345629936157676e-05,-16.111303780856478,-15.983293888692938
131,131,4.8021440231901375e-05,4.9205292988948425e-05,-16.09202686159651,-15.995662642057685
132,132,4.7884083016338694e-05,4.952273650958791e-05,-16.10565716752328,-15.967734515642313
133,133,4.8153195597685046e-05,4.874377957189848e-05,-16.08032909527012,-16.036588851644385
134,134,4.8008830209752336e-05,4.9849174837091646e-05,-16.09580311676188,-15.93920112580161
135,135,4.7926486847254915e-05,4.914589034773311e-05,-16.101418145974225,-16.000908789903004
136,136,4.7834293300840405e-05,4.8863171909225024e-05,-16.10900126084835,-16.025964309364188
137,137,4.7819343383229556e-05,4.906469985144213e-05,-16.11220697851802,-16.008089398935773
138,138,4.805751690507828e-05,4.9432449343026075e-05,-16.090653654926633,-15.975659563484427
139,139,4.7902882965665654e-05,4.952367663990069e-05,-16.10294739617208,-15.967652070777499
140,140,4.760178531215228e-05,4.8772944865049794e-05,-16.132793182445717,-16.0339910764772
141,141,4.8043484658245286e-05,4.8553077105775867e-05,-16.092482179471133,-16.053613273112138
142,142,4.780647600220862e-05,4.948866262566298e-05,-16.110711080773946,-15.97072368668303
143,143,4.76015830480316e-05,4.9113582606782746e-05,-16.132118130918798,-16.003764712838727
144,144,4.770172955366284e-05,4.86543008025221e-05,-16.12300437492838,-16.044568505159287
145,145,4.774566531120128e-05,4.869069801459677e-05,-16.11581447262948,-16.041320858276677
146,146,4.765446272020987e-05,4.874257233735223e-05,-16.126608869350093,-16.036696414455292
147,147,4.7959071585846123e-05,4.839451043823685e-05,-16.100377498210538,-16.06781985460191
148,148,4.7798445107734564e-05,4.8805702758009396e-05,-16.115025221587644,-16.03107515726083
149,149,4.7820531464597096e-05,4.918560846004096e-05,-16.1111397907614,-15.997400380460633
150,150,4.769206606931792e-05,4.917814045544028e-05,-16.124257489831948,-15.998059833405625
151,151,4.77040923271357e-05,4.895453553456862e-05,-16.12036173097695,-16.01785151855999
152,152,4.774774263460506e-05,4.894713665156527e-05,-16.11895472147538,-16.018507951488044
153,153,4.747404845025794e-05,4.918496070834073e-05,-16.142421851104608,-15.997457575410595
154,154,4.742721322361025e-05,4.891060464280216e-05,-16.148124783275573,-16.02175054637034
155,155,4.7515212105450304e-05,4.871185975437249e-05,-16.1395737561981,-16.039433756507037
156,156,4.781318664792013e-05,4.833011936218674e-05,-16.11299621706953,-16.073602185989728
157,157,4.7719117142104056e-05,4.925626356117917e-05,-16.1205385761706,-15.991166219085663
158,158,4.752318861776694e-05,4.907207077945044e-05,-16.138285619344643,-16.00743701281262
159,159,4.746645321312226e-05,4.886402932338809e-05,-16.141953470453466,-16.025888103305885
