,epoch,train_loss,test_loss,train_dbs,test_dbs
0,0,0.0012256279983797792,0.0012218052288517356,-2.0232694882992917,-2.0457610691622325
1,1,0.001213146766081222,0.001213368500190738,-2.066706970673437,-2.0758537013133136
2,2,0.0012073855806314915,0.0012084070997508732,-2.090033287987977,-2.093648181099593
3,3,0.00120247181111313,0.001205078663157397,-2.1042403383664263,-2.1056268932556605
4,4,0.0012002071466527342,0.0012028636410832405,-2.11337226983465,-2.1136168864854876
5,5,0.001199142161286292,0.0012012449718129478,-2.1207740045778136,-2.119465035230259
6,6,0.0011968531048155784,0.001199935544527283,-2.126026764861794,-2.124201681201849
7,7,0.0011959551742358,0.0011985059092311484,-2.1309798839933194,-2.129379066647761
8,8,0.0011943913912208577,0.0011972978122924503,-2.1352016174977315,-2.1337589736813554
9,9,0.00119365362652107,0.0011964002440340426,-2.139222192346092,-2.137015933839695
10,10,0.0011926606746352057,0.0011957724345847964,-2.1424678696024846,-2.139295486550844
11,11,0.0011918108019804985,0.0011946373484342505,-2.146120655230428,-2.1434199817919546
12,12,0.0011909786868629227,0.0011936947213191736,-2.148978647289436,-2.14684812966981
13,13,0.001190137703778203,0.0011928695266282088,-2.152907885589989,-2.1498514220837643
14,14,0.0011891045598025173,0.0011920479591935873,-2.1558223920495703,-2.1528435777420003
15,15,0.0011877805791488012,0.001190896274668998,-2.15896581459069,-2.1570414961469595
16,16,0.0011875137756338593,0.0011900444760134345,-2.1622801777626948,-2.160148935687235
17,17,0.0011854673058908317,0.001189057090270676,-2.166058560226642,-2.1637537940109617
18,18,0.0011852707812255343,0.0011882770647245802,-2.168900162796188,-2.1666037156499347
19,19,0.0011844687132625696,0.001187389158937884,-2.1719352911183663,-2.1698500690115865
20,20,0.0011834540169148409,0.001186444283168959,-2.175030082178698,-2.173307382797135
21,21,0.001182588601014433,0.0011857558703540188,-2.1779641463885477,-2.1758280292505874
22,22,0.0011822273246655912,0.0011847998248413205,-2.1810776700498162,-2.179331050200198
23,23,0.001181190551412244,0.0011840951567711798,-2.1845530583453137,-2.1819148157604067
24,24,0.0011801382709179342,0.0011833126926304477,-2.1872333638287027,-2.184785633909185
25,25,0.001179463120859078,0.0011825080421802245,-2.191190508475315,-2.1877398329211886
26,26,0.0011785386943920831,0.0011813621416589932,-2.1938327396232817,-2.191950371347236
27,27,0.0011777990238414598,0.0011806115998249304,-2.1968879561421466,-2.194710403622082
28,28,0.0011766919705383095,0.0011798468185588717,-2.1995796986053326,-2.1975246052428146
29,29,0.0011762201896455791,0.0011790015575426974,-2.202904977904356,-2.200637074993085
30,30,0.0011753471515419864,0.0011781637042172644,-2.2060680283100584,-2.2037244706637025
31,31,0.0011743330204686553,0.0011772230316541698,-2.209260453955204,-2.2071933610919947
32,32,0.0011734674389464494,0.001176310041429181,-2.212280650431658,-2.210562819895599
33,33,0.0011722342466417048,0.0011756819807679246,-2.215269824769402,-2.212882243459906
34,34,0.001171666929575125,0.0011748518537435877,-2.2185216306489224,-2.2159497985458505
35,35,0.001171258910674333,0.001174083610653485,-2.2216541436169446,-2.2187906066629344
36,36,0.0011706023654641257,0.0011729872785508633,-2.2242387703738995,-2.2228478425932234
37,37,0.0011690137091755252,0.0011722891297387449,-2.22750659104291,-2.22543348396611
38,38,0.0011685993174359818,0.0011716314260602782,-2.2310483764615023,-2.227870743070951
39,39,0.001167727891144525,0.0011708180689694065,-2.234130744896906,-2.230886701462608
40,40,0.001167132579193441,0.001169835027356289,-2.237151231002363,-2.2345346540261923
41,41,0.0011662574312121597,0.0011690188395349604,-2.2399590324190037,-2.23756576158196
42,42,0.0011650128698110888,0.0011680020313513907,-2.2432378540177726,-2.2413448823989315
43,43,0.001164925265481177,0.00116726530005077,-2.246110412199385,-2.2440851112782325
44,44,0.0011635922776419938,0.0011664478439151456,-2.2491315083123684,-2.2471276163464964
45,45,0.0011628988851821913,0.0011658392184855121,-2.2523293543789737,-2.249394255611421
46,46,0.0011622424743896753,0.0011650463933811377,-2.255265312358393,-2.2523486655530327
47,47,0.0011608834971299337,0.0011641464968162932,-2.2579684633165633,-2.2557045072567092
48,48,0.0011602401440559897,0.0011634982779229943,-2.2611653192312016,-2.25812341497629
49,49,0.0011596185210420145,0.0011624960706716305,-2.264156633834797,-2.261865927129759
50,50,0.0011592739472914603,0.001161476493028826,-2.2673637888582507,-2.265676617320063
51,51,0.0011582521988155762,0.0011607462748591054,-2.2700206936610505,-2.2684078775293135
52,52,0.0011571714493743691,0.0011600623654789831,-2.273004653037648,-2.2709674860497593
53,53,0.001156702781691379,0.0011593638429124105,-2.2763056448200074,-2.273583344266946
54,54,0.0011553602862008608,0.001158318721297148,-2.2794755895813528,-2.2775001065380205
55,55,0.0011550054967057767,0.00115779458275555,-2.2825225688281545,-2.2794657312754323
56,56,0.0011537235815884527,0.0011567957576756414,-2.2856743803830026,-2.283213990653691
57,57,0.0011531231893687364,0.001156075796308486,-2.288483237902873,-2.2859177746878694
58,58,0.0011518177319529285,0.0011554660741239786,-2.291375772038065,-2.2882088773475613
59,59,0.0011510038652370886,0.0011544137776486184,-2.2939637138806006,-2.2921658501211875
60,60,0.001150825119711766,0.001153570373150471,-2.2976382145403793,-2.295339926821284
61,61,0.0011501194460355898,0.0011529860478874884,-2.30043880230962,-2.2975403433423294
62,62,0.001148964289201366,0.0011521655281907634,-2.3032623455604377,-2.300632089632061
63,63,0.0011479667287089467,0.0011513983083300684,-2.306294718737734,-2.30352499287133
64,64,0.001148017887842179,0.0011506469883514863,-2.309317836678504,-2.306359812263439
65,65,0.0011466153364474933,0.0011496168291686398,-2.3123923606706462,-2.310249735454813
66,66,0.0011460148566162464,0.001149052821442877,-2.315411141350691,-2.3123809285812356
67,67,0.0011453895383159217,0.0011480652825220634,-2.3187485753179917,-2.316115022441324
68,68,0.0011443201483697775,0.0011475921645270365,-2.321146098187361,-2.3179051199813765
69,69,0.0011431441939983172,0.0011467096015909,-2.3250378334622006,-2.321246373844864
70,70,0.001142594018787837,0.0011459084129647205,-2.327825675083446,-2.3242817841161694
71,71,0.001142265332728317,0.001145123902365173,-2.3307547704211444,-2.3272560646220795
72,72,0.00114099114422792,0.0011440378822092164,-2.333241000891459,-2.331376809599838
73,73,0.0011405306664228287,0.0011433839896007587,-2.336252256080672,-2.3338597967815704
74,74,0.0011396914691731487,0.0011427024943067839,-2.3388723258744024,-2.3364491096222446
75,75,0.0011393276676919656,0.0011418545741195742,-2.3422796891691027,-2.339672903681917
76,76,0.0011380939917235646,0.001141107420584089,-2.3454299715342506,-2.342515567466365
77,77,0.0011371900231491045,0.001140474507242049,-2.34822080911249,-2.3449250428892645
78,78,0.0011364488884057734,0.0011396964301208133,-2.3509642570318605,-2.3478889839502317
