,epoch,train_loss,test_loss,train_dbs,test_dbs
0,0,0.0010535562682186359,0.0010410293471068144,-2.680278869863212,-2.741151136790915
1,1,0.00102373477210742,0.0010140811699736667,-2.8039658715548432,-2.855053677597347
2,2,0.0010026232897515227,0.0009974810435730767,-2.8971152518494176,-2.9267343535236923
3,3,0.0009878215448421992,0.0009860123513805632,-2.958204439833894,-2.9769573112009184
4,4,0.0009780907229347557,0.0009772859048098326,-3.0021429573648337,-3.0155645125085813
5,5,0.0009712792660551357,0.000970849565132276,-3.036039553703148,-3.044261459094656
6,6,0.000964681545306074,0.0009655734328062911,-3.0625955684206247,-3.067927784352909
7,7,0.0009599454315696104,0.000960684301772792,-3.085663443831214,-3.0899739223195812
8,8,0.0009553829242820976,0.0009566721855662763,-3.104893514274663,-3.108149389260041
9,9,0.0009520723227622736,0.0009532131983800546,-3.1213060090091878,-3.123880392837976
10,10,0.0009487475029711333,0.0009508636675922102,-3.1361304066789404,-3.1345983296224453
11,11,0.0009459214112193314,0.0009470625173937725,-3.1496432689214866,-3.151994377755099
12,12,0.0009436322059290311,0.0009456643203616535,-3.159990995448238,-3.158410827863027
13,13,0.000941435946871709,0.0009432254071151348,-3.1709722553470194,-3.1696259574497025
14,14,0.0009389593315157155,0.0009412724481846549,-3.1815550130560757,-3.178627396089078
15,15,0.0009366462490828612,0.0009389887073714482,-3.190572032360857,-3.189177170178265
16,16,0.0009353500646875077,0.0009373808279633522,-3.1989249347709467,-3.1966201957899014
17,17,0.0009325284363231478,0.000935207160900494,-3.208333530896515,-3.206702627595515
18,18,0.000931366054538023,0.0009339844262668569,-3.215871896047057,-3.212384516852999
19,19,0.0009299184366119737,0.0009322266621319087,-3.2227226465900656,-3.2205656652213572
20,20,0.0009282676385446769,0.0009305429534594479,-3.229811860516707,-3.228416615533152
21,21,0.0009269784036639732,0.000929185036128681,-3.2356048689233248,-3.2347587915044795
22,22,0.0009259324612038344,0.0009278259546446957,-3.2422945012925712,-3.2411156918919017
23,23,0.0009245674177456993,0.0009267885348220405,-3.2483668552996656,-3.245974337760858
24,24,0.0009231323702740915,0.0009257367622156284,-3.253922507194618,-3.250905758551621
25,25,0.000922035955771151,0.0009243917577949009,-3.2605555971811495,-3.2572202182731296
26,26,0.000920819683293284,0.0009231150095154973,-3.2655252590797517,-3.2632227383245223
27,27,0.0009197553760160875,0.0009223442757502198,-3.2708765067171264,-3.266850295360433
28,28,0.000918311868030962,0.0009208213795270575,-3.2763056273815296,-3.274026921887084
29,29,0.0009175038736880056,0.000920060924009273,-3.2817122100799705,-3.2776150019425905
30,30,0.0009165043917426974,0.0009188730527009619,-3.286384116033382,-3.2832257093708845
31,31,0.0009153536070839109,0.0009173523040341312,-3.2912842087431216,-3.2904193024987234
32,32,0.000913977590581575,0.00091714647868158,-3.2976356087331844,-3.2913938337010986
33,33,0.0009127465837644701,0.0009158378479218012,-3.30191171410015,-3.2975949910828843
34,34,0.000911840192671174,0.0009148588471457755,-3.3073760375584866,-3.3022399404781924
35,35,0.0009113428220104848,0.0009135799574371623,-3.311365449818942,-3.308315230858105
36,36,0.0009102583406781106,0.0009126477403027055,-3.316686073502037,-3.312749034957077
37,37,0.0009086660689136647,0.0009115947300176087,-3.3216595223910166,-3.3177628049403696
38,38,0.0009079726812544942,0.0009105815368361379,-3.326976841283315,-3.3225924612273836
39,39,0.0009071524819051943,0.0009100965934952623,-3.3307443482545924,-3.3249059752796466
40,40,0.0009061862905413757,0.0009090722734598737,-3.3361782760739285,-3.329796742642332
41,41,0.000905230481143964,0.0009081533766890827,-3.3403115806283012,-3.3341888425554442
42,42,0.000904061157645216,0.0009068912232147628,-3.344566979235518,-3.3402288746030866
43,43,0.0009037338211633189,0.0009060229303462332,-3.348685702442737,-3.3443889704308094
44,44,0.0009023838198849375,0.0009052108048069242,-3.353226815246912,-3.3482835717417925
45,45,0.0009014359081269617,0.00090421625033119,-3.358400356946118,-3.35305778535858
46,46,0.0009007339693423476,0.0009035920712018484,-3.362267324273959,-3.356056748900624
47,47,0.0008994787313360913,0.0009026531234236532,-3.365945850602907,-3.3605719706081745
48,48,0.0008985072994825536,0.0009012362080332087,-3.3714281013686787,-3.3673945472620384
49,49,0.0008981382821148895,0.0009006996743233973,-3.3738759844086843,-3.3699808061705143
50,50,0.0008973542537261761,0.0008995225407967442,-3.3795852899281185,-3.375660356879919
51,51,0.0008962473894479041,0.0008990534023675872,-3.383772990200197,-3.3779259741470318
52,52,0.0008953198677735384,0.0008984814783999402,-3.387199532659111,-3.3806895748343546
53,53,0.0008948578471653932,0.0008975602594498349,-3.3909829362406887,-3.3851447089585673
54,54,0.0008932315341206556,0.000896328894764577,-3.3970094744335104,-3.391106894200086
55,55,0.0008928555366343137,0.0008955943110202881,-3.4005511188979383,-3.3946676013049624
56,56,0.000891680121733855,0.0008945885959914641,-3.4046012253923887,-3.399547287415532
57,57,0.00089090029449807,0.0008941204409654203,-3.408949272050945,-3.4018206269573783
58,58,0.0008897626587698601,0.0008929881150834262,-3.412471618224333,-3.4073240749310263
59,59,0.0008887322421531318,0.000891814170723879,-3.417022173003458,-3.4130371741912677
60,60,0.0008884781717140343,0.0008907611665659045,-3.421263919172854,-3.418168109628961
61,61,0.0008877569121865498,0.0008905049885231021,-3.4249276426590844,-3.4194172964596103
62,62,0.0008867929795200063,0.0008897739248105177,-3.4281051893395444,-3.4229841190710975
63,63,0.000885447829880166,0.0008886347059160471,-3.433957951699302,-3.4285481558022997
64,64,0.0008854093816198562,0.0008876667125150561,-3.437363193782938,-3.43328152177073
65,65,0.0008842832542062958,0.0008869949501546982,-3.4406558161166565,-3.436569390172068
66,66,0.0008836164278429501,0.0008861873004781572,-3.44467580371564,-3.4405256425196633
67,67,0.0008829520864066543,0.0008854756903785624,-3.44890932467334,-3.4440144364690255
68,68,0.00088182096213544,0.0008850156262173856,-3.452817361630518,-3.4462714747176144
69,69,0.000880628481588912,0.0008840144881488461,-3.458120708110037,-3.451187035868053
70,70,0.0008800987576700977,0.0008833978790789843,-3.461431058579368,-3.4542173408762418
71,71,0.0008794987987074041,0.0008820178305828257,-3.4660722278375418,-3.4610072155266436
72,72,0.0008784592794926511,0.0008817770683794821,-3.4688473894469625,-3.4621928601509016
73,73,0.0008775461711152696,0.0008810567026222614,-3.4746221696476605,-3.4657422690160287
74,74,0.0008769793713167694,0.0008791321643481129,-3.4768515226383756,-3.475239166779898
75,75,0.0008762421700911424,0.0008787462965732342,-3.4825246269918697,-3.4771457860575223
76,76,0.0008755918579012847,0.0008782368202350641,-3.484194133297171,-3.4796644530431333
77,77,0.0008745827686915308,0.0008776390581930938,-3.4885420528804505,-3.482621436159507
78,78,0.000873765359109402,0.0008766493992879987,-3.4925151100339598,-3.4875214677958253
79,79,0.0008729893327738667,0.0008753581450467831,-3.4970020699896316,-3.493923091978837
80,80,0.0008724580648518407,0.0008750788156727427,-3.500857009209382,-3.4953091596811454
81,81,0.0008708704659024004,0.0008742163374431824,-3.5056826586937366,-3.499591679592598
82,82,0.0008701069632151461,0.0008734522730504212,-3.5088381380615186,-3.503389069655496
83,83,0.0008697155959059283,0.0008726289440681668,-3.5139857436104416,-3.5074847240475027
84,84,0.000868910027682282,0.0008713652036691967,-3.51766959171484,-3.513778731153019
85,85,0.0008680438532820452,0.0008710818365216255,-3.5205326394184047,-3.5151912824304943
86,86,0.0008673757385491326,0.0008701660768374017,-3.52353427614101,-3.519759378808093
87,87,0.0008667846445531882,0.000869555769512724,-3.5281608502499657,-3.5228064534286907
88,88,0.0008665258538928459,0.0008688863415859247,-3.533002142266288,-3.526151159210432
89,89,0.0008649914003380565,0.0008680740077244608,-3.535595873235275,-3.5302133375941587
90,90,0.0008644784480266119,0.0008676534114209445,-3.5397344562476816,-3.5323180765674147
91,91,0.0008641398744657636,0.0008668007090148565,-3.5438620172893307,-3.5365882844113883
92,92,0.0008630449325566363,0.0008655037994398491,-3.5481401419528744,-3.543091076206195
93,93,0.0008624296175728831,0.0008650079038680384,-3.5512760185962438,-3.5455801055022222
94,94,0.0008614548600816465,0.00086388143857843,-3.5542514846609903,-3.551239435067738
95,95,0.0008603799314065309,0.000863249585228531,-3.5606134117725685,-3.5544170797477648
96,96,0.000859303975396204,0.000862527537576266,-3.5636507639407613,-3.558051168126891
97,97,0.0008587820963098754,0.0008617187360007512,-3.567408186368966,-3.5621255059096795
98,98,0.0008584045008132138,0.000861024303288248,-3.5711726239738932,-3.565626762969496
99,99,0.0008574929136360429,0.000860216531069263,-3.5760969125263102,-3.5697030204703815
100,100,0.0008571007416209148,0.0008593033049500695,-3.578303415283677,-3.5743160420043827
101,101,0.0008558235539257834,0.00085861595212727,-3.583157742555321,-3.577791334021303
102,102,0.0008551353335466966,0.0008580582829094247,-3.5866964023235064,-3.580612983785877
103,103,0.0008546990347238853,0.0008569220509870272,-3.5903862169507716,-3.5863676774871145
104,104,0.0008535545502942939,0.0008566917293999148,-3.594246627546104,-3.5875351213544935
105,105,0.0008529974279694797,0.0008553367775962933,-3.5968037100534147,-3.5944094019171544
