,epoch,train_loss,test_loss,train_dbs,test_dbs
0,0,0.0002797950514035357,0.0002556622716120297,-8.438455932299474,-8.839114429305475
1,1,0.0002323104143346727,0.00021393428170612375,-9.245153625160805,-9.612977030520288
2,2,0.00019891906533265466,0.0001884487535694222,-9.921729037939137,-10.163848170267794
3,3,0.00017777726308625076,0.00017109534344758446,-10.406227222030786,-10.583398964392337
4,4,0.00016262499554341986,0.0001572247320406237,-10.794061377664866,-10.95057223098225
5,5,0.0001492396832057323,0.00014479852842142512,-11.170637548164368,-11.308139381525212
6,6,0.00013935867300648338,0.00013676175991636947,-11.465095249729396,-11.556134054562277
7,7,0.00013105002095077916,0.00013001296687626133,-11.733757957915136,-11.77591417390471
8,8,0.00012484731419088761,0.00012577529828137668,-11.942876223076055,-11.919827303813374
9,9,0.00012067643187150417,0.00012001755998139025,-12.091780804852647,-12.12333293237808
10,10,0.0001164360892852125,0.00011661864884540831,-12.246760760909755,-12.248100809902422
11,11,0.00011259225848522133,0.00011294370549302058,-12.393108521369093,-12.387160542217359
12,12,0.00010935293914709414,0.00011018776268955614,-12.519713940384182,-12.494447213175771
13,13,0.00010639686136237662,0.00010764817201753,-12.639591857530363,-12.595714268960844
14,14,0.00010428084426597913,0.00010529048334941955,-12.725977450949461,-12.691889669525251
15,15,0.00010202958684513039,0.00010333712041181953,-12.819066734700153,-12.773217309827537
16,16,9.963662969968617e-05,0.00010040265701000432,-12.924476453877055,-12.898328803962038
17,17,9.75806614565279e-05,9.88893998989002e-05,-13.011316793774203,-12.964283449039659
18,18,9.603169904217681e-05,9.803723897723677e-05,-13.08292982083,-13.001870146110939
19,19,9.434912675546395e-05,9.533893324643079e-05,-13.159792378768758,-13.123077980590574
20,20,9.286598254117596e-05,9.445537158937536e-05,-13.227977382885378,-13.163514254433274
21,21,9.192011555231934e-05,9.365265845860306e-05,-13.272195415224473,-13.20057976399682
22,22,9.07936747475124e-05,9.167975919186382e-05,-13.327531660071806,-13.293046224307897
23,23,8.96665001961345e-05,9.153191288197904e-05,-13.381450511368492,-13.300055477568185
24,24,8.839801702163538e-05,8.985531282010733e-05,-13.44213707928277,-13.380343258595772
25,25,8.757106348339315e-05,8.972391515271738e-05,-13.484427929633885,-13.386698703232716
26,26,8.664069728464964e-05,8.870137351454775e-05,-13.530051812029368,-13.436477415223964
27,27,8.53033313442492e-05,8.730997643923681e-05,-13.59793993688476,-13.50514215303134
28,28,8.476730577105215e-05,8.600403854966556e-05,-13.623923799655506,-13.57059241146455
29,29,8.37611009159183e-05,8.570213302798373e-05,-13.677367506533656,-13.585864551776496
30,30,8.317893812044033e-05,8.503151107824554e-05,-13.707595902054111,-13.619981894209836
31,31,8.251636001622285e-05,8.451359348040761e-05,-13.74177256143672,-13.646515182216103
32,32,8.134793472319084e-05,8.29314322848069e-05,-13.803525769983697,-13.728589203062448
33,33,8.103836751747012e-05,8.279071373276805e-05,-13.818507037861814,-13.735964596974277
34,34,8.037054232266473e-05,8.243756249277412e-05,-13.855594362907427,-13.754529442152005
35,35,7.994196329088209e-05,8.217672132703133e-05,-13.880435124122002,-13.768292764643505
36,36,7.959893459367767e-05,8.207435358168655e-05,-13.89926019522051,-13.773706154200804
37,37,7.86821596212229e-05,8.131225216570066e-05,-13.946939916556659,-13.814220961206784
38,38,7.868073023309614e-05,8.030157646556433e-05,-13.949020840167332,-13.868540149772613
39,39,7.788491801847224e-05,7.985221064269641e-05,-13.993013608306802,-13.89291142601824
40,40,7.780530497782201e-05,7.958274363772944e-05,-13.998261057900113,-13.90759178833568
41,41,7.731160923830215e-05,7.907920065152116e-05,-14.025456140742971,-13.935158156000849
42,42,7.712503133213253e-05,7.827452224630274e-05,-14.034591549353998,-13.97957660775766
43,43,7.64608676317292e-05,7.773761784559803e-05,-14.074698839611441,-14.009468581412165
44,44,7.580623236039567e-05,7.813123106882956e-05,-14.110090688141153,-13.987534190362352
45,45,7.550303476800201e-05,7.797487648387782e-05,-14.128104816122459,-13.996233908424141
46,46,7.561423840390077e-05,7.765100829266502e-05,-14.122196917622219,-14.014309869445764
47,47,7.482631403992443e-05,7.669718118114887e-05,-14.165311314222016,-14.067986835257948
48,48,7.455780982614745e-05,7.598409176448753e-05,-14.18171277898587,-14.108554096007282
49,49,7.435486829130354e-05,7.558831873067997e-05,-14.194213978562967,-14.131234006518039
50,50,7.387615262336319e-05,7.609470163802861e-05,-14.224181849814201,-14.102236677895444
51,51,7.426023021065535e-05,7.693435786916923e-05,-14.200489114746532,-14.054577530201025
52,52,7.359302275965336e-05,7.553466045800106e-05,-14.238615336608156,-14.13431805010126
53,53,7.36787050741019e-05,7.543859867023697e-05,-14.235103600795435,-14.139844738763703
54,54,7.384803539775697e-05,7.573757006627459e-05,-14.223260480597833,-14.122667190489565
55,55,7.347570904458575e-05,7.55585776795143e-05,-14.246925222061261,-14.132943121938961
56,56,7.362534462614705e-05,7.55216204101759e-05,-14.236418668928053,-14.13506786610305
57,57,7.289476020888128e-05,7.491381984436885e-05,-14.280277180389188,-14.170161440821612
58,58,7.315892952712752e-05,7.482677526575954e-05,-14.262539951204909,-14.17521057053822
59,59,7.283504346185172e-05,7.435343209899177e-05,-14.28132769731306,-14.20277066297704
60,60,7.355018342141849e-05,7.484785103435187e-05,-14.24189394247329,-14.17398750550866
61,61,7.244226397927275e-05,7.39740927728187e-05,-14.307948122169503,-14.2249843870235
62,62,7.28549559576048e-05,7.469925989617447e-05,-14.281736652195471,-14.182617873852825
63,63,7.229673623835869e-05,7.357052872018692e-05,-14.314400810873597,-14.248742091838988
64,64,7.233833480079073e-05,7.456786261172965e-05,-14.315119314852009,-14.190263915305565
65,65,7.260825583854086e-05,7.480218176313333e-05,-14.296709779460956,-14.176638211656556
66,66,7.222951610378211e-05,7.531752137430503e-05,-14.32016656528419,-14.146820669531524
67,67,7.238418987343692e-05,7.365913150256107e-05,-14.311843514731784,-14.243514924425376
68,68,7.188741812907333e-05,7.482803285759139e-05,-14.340092685740268,-14.175137580542119
69,69,7.184575532068565e-05,7.372069108226385e-05,-14.342036833468054,-14.23988688540903
70,70,7.168623257534022e-05,7.400911463743174e-05,-14.352387568952281,-14.222928775025688
71,71,7.161746513711759e-05,7.410191756207496e-05,-14.358235280612284,-14.217486398080109
72,72,7.146517488116533e-05,7.311220964000218e-05,-14.365119129531243,-14.275881767230427
73,73,7.13003673152662e-05,7.359342194640224e-05,-14.376404254294116,-14.247390891106274
74,74,7.131013195042393e-05,7.275767941456779e-05,-14.375232900339196,-14.29699247414147
75,75,7.139088559119252e-05,7.38665778618796e-05,-14.37233843592967,-14.231301071136777
76,76,7.129359377377677e-05,7.336576374272179e-05,-14.376706205354603,-14.26084643391492
77,77,7.096230704697406e-05,7.404191963264326e-05,-14.396273954243492,-14.221004164542197
78,78,7.084099028005082e-05,7.207201767749594e-05,-14.403617103580942,-14.338114058954892
79,79,7.06444693277422e-05,7.207226735772565e-05,-14.416309768961607,-14.338099013648588
80,80,7.055493960692307e-05,7.293441472268712e-05,-14.423028380112136,-14.286455841089703
81,81,7.066812136566948e-05,7.301018692822636e-05,-14.412982820815499,-14.281946259600309
82,82,7.059116521220145e-05,7.267839981451336e-05,-14.417061073780976,-14.301727295985405
83,83,7.031082646584033e-05,7.158830799438108e-05,-14.437536294942658,-14.36735988435623
84,84,7.010873719316562e-05,7.315216422093247e-05,-14.44969623792849,-14.273509069901834
85,85,7.032970776337381e-05,7.138891133332723e-05,-14.434561172624667,-14.379473272230781
86,86,7.026049840448847e-05,7.148912386343766e-05,-14.438494716968698,-14.37338111734899
87,87,7.051805331468938e-05,7.206352778379561e-05,-14.42426979153959,-14.338625676540747
88,88,7.015107036478213e-05,7.365881136042605e-05,-14.450474373154481,-14.24353380005722
89,89,7.010518191274274e-05,7.181593288183457e-05,-14.44821256519237,-14.353572800378242
90,90,7.001698290456337e-05,7.105030549849432e-05,-14.455242234559275,-14.40012136703005
91,91,6.935240143667619e-05,7.115012474394844e-05,-14.499087434042575,-14.394024204801363
92,92,6.979888746276086e-05,7.189042011496464e-05,-14.4699892071727,-14.349070647683796
93,93,6.982019236677365e-05,7.128401729890979e-05,-14.468702234703787,-14.38585919406987
94,94,6.981299261918973e-05,7.184054189373886e-05,-14.467214190061908,-14.352084867697677
95,95,6.916317800732003e-05,7.166553941236711e-05,-14.508766723389527,-14.362677122599015
96,96,6.930326464461144e-05,7.140416556993794e-05,-14.49758204115154,-14.37854537979306
97,97,6.957175021843515e-05,7.122409806470387e-05,-14.48190871371458,-14.38951128002197
98,98,6.917717117400956e-05,7.070895969120197e-05,-14.508464498039608,-14.421036386142656
99,99,6.94918255492704e-05,7.085567822765657e-05,-14.48906510211954,-14.412034268872937
100,100,6.932804531858245e-05,7.089016167140614e-05,-14.499532568301587,-14.40992119526971
101,101,6.923467610493427e-05,7.109299239298133e-05,-14.503763443758437,-14.397512917168875
102,102,6.937420890683347e-05,7.016294425978374e-05,-14.495064479779085,-14.454702812129154
103,103,6.928211377337143e-05,7.140800919028391e-05,-14.502307057868382,-14.378311609372576
104,104,6.96615170079557e-05,7.095241648800623e-05,-14.476630168726603,-14.406108951385226
105,105,6.895511093538629e-05,7.103928778394077e-05,-14.520616311510564,-14.400794876262196
106,106,6.92384513518077e-05,7.183259520771619e-05,-14.505542982647558,-14.352565291799525
107,107,6.924794820172127e-05,7.173348211309578e-05,-14.502670981363458,-14.358561732981126
108,108,6.902331658717024e-05,7.117167249242285e-05,-14.518433987744615,-14.392709147162535
109,109,6.895408686310456e-05,7.0957613627941e-05,-14.521056992100355,-14.405790849952293
110,110,6.873095762128606e-05,7.078116361394917e-05,-14.537101045404789,-14.416603883405305
111,111,6.929686611497861e-05,7.068301017984355e-05,-14.499274794833044,-14.422630497848978
112,112,6.869014467475168e-05,7.08018625645261e-05,-14.5408056954588,-14.415334036260003
113,113,6.880376152826243e-05,7.277524012974219e-05,-14.531582151777405,-14.295944392132341
114,114,6.880237459572339e-05,7.038111921007697e-05,-14.531455311643544,-14.441219175641837
115,115,6.908467830069959e-05,7.037830111680945e-05,-14.512630661816537,-14.441393072685871
116,116,6.896405139957199e-05,7.008593246083412e-05,-14.520208535304608,-14.459472305257204
117,117,6.943580112570042e-05,7.094541529352825e-05,-14.49340138169417,-14.40653751045379
118,118,6.884587282067664e-05,7.018774091480544e-05,-14.528237683082159,-14.453168220325168
119,119,6.909737435917217e-05,7.070364537005509e-05,-14.509210402290718,-14.421362804052748
120,120,6.910521521613472e-05,7.335010492457321e-05,-14.512812380670855,-14.261773469061511
121,121,6.869864790639168e-05,7.16761845213018e-05,-14.537741100149868,-14.362032074953259
122,122,6.843936120576379e-05,7.051257470218269e-05,-14.553563543356926,-14.433115134954411
123,123,6.893743523402552e-05,7.029993273470992e-05,-14.521877288318867,-14.446231768550955
124,124,6.858469920920583e-05,7.205949173351798e-05,-14.54567500418852,-14.338868917956393
125,125,6.928082960435746e-05,7.127587818295548e-05,-14.500459255473462,-14.386355094145893
126,126,6.86760258290211e-05,7.235555485270819e-05,-14.54208837345147,-14.321062081046897
127,127,6.849115597265388e-05,7.065320134738853e-05,-14.550072416532911,-14.424462415019994
128,128,6.856606668191386e-05,7.151807987707128e-05,-14.545762975132677,-14.371622403552491
129,129,6.891394731769885e-05,7.043271647202538e-05,-14.52574233355861,-14.438036476010108
130,130,6.862030223254402e-05,7.034513270666234e-05,-14.540885410218017,-14.443440330541332
131,131,6.851108497057888e-05,7.138044671400597e-05,-14.548770219453644,-14.379988247925457
132,132,6.826554499170503e-05,7.044806127516112e-05,-14.565553300911658,-14.437090404663731
133,133,6.854097471697275e-05,7.09186401524532e-05,-14.547077468804716,-14.408176868094117
134,134,6.842204551428517e-05,7.306124921581756e-05,-14.557053821777872,-14.278909927347689
135,135,6.845202797288123e-05,6.966299961756082e-05,-14.553310905383443,-14.485759155265264
136,136,6.84377906115524e-05,7.19889174338038e-05,-14.553435075115749,-14.343124436161641
137,137,6.839210528624724e-05,7.044247889241792e-05,-14.558183336414265,-14.437434558078092
138,138,6.814910596675844e-05,7.078746765680415e-05,-14.573665300849438,-14.416217101248435
139,139,6.780883215713439e-05,7.065133640456847e-05,-14.593701264319641,-14.42457705173142
140,140,6.787342150796435e-05,6.983076481877728e-05,-14.592028169663518,-14.475312876671147
141,141,6.775455760137062e-05,7.043972207037241e-05,-14.599442038494622,-14.437604525979491
142,142,6.771614155780102e-05,7.131828112362295e-05,-14.598656352560557,-14.383772188397057
143,143,6.78480215149826e-05,7.009768964244838e-05,-14.592960211207808,-14.458743820854652
144,144,6.815417070834676e-05,6.892791076863527e-05,-14.57342125602176,-14.531829712661978
145,145,6.752185867505254e-05,6.973258036611553e-05,-14.610710080394275,-14.481423503064912
146,146,6.769394302367444e-05,6.901297666971866e-05,-14.6021465286156,-14.526473265156394
147,147,6.77898593475567e-05,6.89023966658983e-05,-14.597437842303009,-14.533437578792757
148,148,6.734065470116492e-05,6.963110660619445e-05,-14.626389569384452,-14.487747891108466
149,149,6.740787674849325e-05,6.955065978936066e-05,-14.620177298149422,-14.492768320642174
150,150,6.774838578907686e-05,6.953130631652464e-05,-14.599729339813571,-14.493976975760868
151,151,6.723764330597555e-05,7.032767557814766e-05,-14.629793270573849,-14.444518226790816
152,152,6.75824057063587e-05,6.931000710832642e-05,-14.610146693175308,-14.507821429401982
153,153,6.681704858753629e-05,6.964604184950555e-05,-14.658111655256345,-14.48681646856677
154,154,6.720376689738315e-05,7.035165483677319e-05,-14.634464682549723,-14.443037688068983
155,155,6.715237467097282e-05,6.994915709487701e-05,-14.637286729096052,-14.467956008273799
156,156,6.712273140701935e-05,7.123573691627059e-05,-14.639776903701925,-14.38880164996757
157,157,6.703984864853016e-05,6.989324480711825e-05,-14.644132326030801,-14.471428831824865
158,158,6.71438934172254e-05,6.9123527378236e-05,-14.637276136093067,-14.51952194215012
159,159,6.670757524186706e-05,6.912834119008806e-05,-14.664069738967612,-14.519219506899624
