,epoch,train_loss,test_loss,train_dbs,test_dbs
0,0,0.0001554366065544489,0.00015514236752335963,-28.07658708039949,-28.095933982181904
1,1,0.00015201242163551723,0.00015036098499733366,-28.181671889038462,-28.231886507892547
2,2,0.00014568078325648514,0.00014592066106974686,-28.353944513028257,-28.36207024363924
3,3,0.0001435413832575822,0.00014187368306968557,-28.423865597023983,-28.48421969598445
4,4,0.00014056153611949712,0.00013810118865589365,-28.52269534261112,-28.601263962260557
5,5,0.00013660769029004384,0.00013359232290991043,-28.65060352208223,-28.74542311402568
6,6,0.00013083911434262415,0.00013003899527431808,-28.832293969026775,-28.862502075234275
7,7,0.00012925426142959922,0.00012725785582963573,-28.88608178373531,-28.95639211328278
8,8,0.00012532530530096636,0.0001241091212202599,-29.02038747763871,-29.06520112336889
9,9,0.00012156691022046852,0.00012018332812371419,-29.153459661357687,-29.204795865012127
10,10,0.00011822742254883723,0.00011749207700823287,-29.264568589476653,-29.303152315867024
11,11,0.000116358068966686,0.00011428607218764036,-29.339457669742785,-29.423305058226802
12,12,0.00011473013855908162,0.00011172484090294395,-29.403849091174145,-29.521740679589495
13,13,0.00010987104111130244,0.00010953273732938167,-29.586060218572584,-29.607798716075187
14,14,0.00010818217455867928,0.00010653934556390403,-29.656453710575907,-29.72813788123915
15,15,0.00010549898336451865,0.00010369314565507106,-29.770722999791424,-29.845737633353725
16,16,0.00010260085933229685,0.00010154065737304719,-29.89445943885391,-29.936838421578486
17,17,0.00010129697644871842,9.888654810646058e-05,-29.951942424254277,-30.051865958814872
18,18,0.0001004534249509608,9.664243215842074e-05,-29.98572747509494,-30.151559617364523
19,19,9.795604768742029e-05,9.443449150574834e-05,-30.092977529213925,-30.251931667041497
20,20,9.639516687944782e-05,9.239682013254711e-05,-30.162640353751712,-30.346667877654987
21,21,9.310434343768572e-05,9.01976255638721e-05,-30.310713984739763,-30.45128707884032
22,22,9.118091058797327e-05,8.858466792030652e-05,-30.399464457934258,-30.52965251392672
23,23,8.886200206332658e-05,8.661258317787495e-05,-30.50934298194335,-30.62742821439246
24,24,8.652175135476053e-05,8.470040828749341e-05,-30.632189280310733,-30.72438309056214
25,25,8.502175658521214e-05,8.321885979967192e-05,-30.70318520772789,-30.801020517217644
26,26,8.281965058335324e-05,8.136676325720098e-05,-30.81560827378595,-30.89876772603937
27,27,8.119665335002115e-05,7.991196846552684e-05,-30.896386647289166,-30.977119841113133
28,28,8.048811872230516e-05,7.83106060177823e-05,-30.94225870567029,-31.065032280228202
29,29,7.794150670380667e-05,7.64312809271934e-05,-31.08260032363559,-31.170526747785694
30,30,7.731218602671528e-05,7.498960009175597e-05,-31.117315287574733,-31.253227752738653
31,31,7.627146087824512e-05,7.357438995600923e-05,-31.17250862068144,-31.335971430305634
32,32,7.402952523426796e-05,7.217122267894937e-05,-31.308134769319782,-31.419597499520414
33,33,7.152710314426024e-05,7.088380439917703e-05,-31.451774638934815,-31.49776794362981
34,34,6.989152041700735e-05,6.919321381964867e-05,-31.55090602289406,-31.602603100898918
35,35,7.042002790072242e-05,6.82913824244966e-05,-31.52214953327887,-31.659579086094404
36,36,6.791993164182545e-05,6.671430501706996e-05,-31.679248048766915,-31.76104846644541
37,37,6.728123090519166e-05,6.549042231391038e-05,-31.72569431296769,-31.841460218743638
38,38,6.561208126007954e-05,6.419298408314047e-05,-31.823745712597237,-31.92836248031508
39,39,6.440889159158669e-05,6.304308408289216e-05,-31.9135567386818,-32.00686362060928
40,40,6.241251760433649e-05,6.170420486964041e-05,-32.04667049252345,-32.100090525562635
41,41,6.164431963662002e-05,6.055101766833104e-05,-32.100171639202124,-32.18202366215784
42,42,6.099247979570286e-05,5.937354523523123e-05,-32.15164455214776,-32.26730831130433
43,43,6.0039104731182195e-05,5.8527478885432506e-05,-32.21403744095477,-32.32963995892882
44,44,5.8316810816567216e-05,5.747444677246293e-05,-32.34258433646198,-32.40849013247894
45,45,5.745361663356721e-05,5.66571164343163e-05,-32.40930061668777,-32.470693455371524
46,46,5.722578941093105e-05,5.539119860929388e-05,-32.41813762882624,-32.56883049913043
47,47,5.605678046608257e-05,5.4393767449686204e-05,-32.5116296374464,-32.64774672663597
48,48,5.522147026549084e-05,5.3579259417203596e-05,-32.57320812157169,-32.713271064409334
49,49,5.340290691801971e-05,5.2361982517667406e-05,-32.723596477261104,-32.81307731502493
50,50,5.2313319438607577e-05,5.151306322659366e-05,-32.818753362112666,-32.88406436863888
51,51,5.077664877951731e-05,5.0693000766362895e-05,-32.94466773273361,-32.95375812856673
52,52,5.016946865392119e-05,4.980261445253793e-05,-32.987293029519115,-33.03071670645372
53,53,4.943938744038382e-05,4.9135978387264336e-05,-33.06088377373092,-33.08924204780841
54,54,4.95392213423722e-05,4.815876098674428e-05,-33.05118883157118,-33.17648507849547
55,55,4.749741732591725e-05,4.755457599745377e-05,-33.23875330671846,-33.23131499049115
56,56,4.785834172843792e-05,4.677598400648046e-05,-33.20317373418113,-33.3030088051657
57,57,4.679633380386729e-05,4.6018443275610674e-05,-33.29252981174164,-33.373918897035104
58,58,4.679067412147673e-05,4.509832548424847e-05,-33.30203919286519,-33.4616339617354
59,59,4.571262447309882e-05,4.452692213051609e-05,-33.40147639735238,-33.517011367635774
60,60,4.47870440542285e-05,4.380994237420198e-05,-33.48311869677161,-33.58751130927578
61,61,4.4116075383199224e-05,4.3145803302698036e-05,-33.55908840065739,-33.65385253615641
62,62,4.324650652370579e-05,4.24136547065389e-05,-33.63298665731838,-33.72818116424971
63,63,4.26276497238018e-05,4.1859733181282586e-05,-33.70782471573301,-33.78527357084124
64,64,4.202597783566405e-05,4.12090538654746e-05,-33.76547927051197,-33.853311693480926
65,65,4.24970400588078e-05,4.048528334303563e-05,-33.71757469620893,-33.93026629747516
66,66,4.1482501663117596e-05,4.0083572744869776e-05,-33.82511697787756,-33.973573885609355
67,67,4.090522966133407e-05,3.953973837748268e-05,-33.89438827720072,-34.03290021461387
68,68,3.9789072691268506e-05,3.899826544128653e-05,-33.998752500809154,-34.09278521878574
69,69,3.889258852685782e-05,3.8485460735453094e-05,-34.09858956954585,-34.1502712269372
70,70,3.8755360909602026e-05,3.79292878757329e-05,-34.11878327390834,-34.213491239741856
71,71,3.771150758692193e-05,3.734093709346397e-05,-34.23096130431688,-34.28138600219768
72,72,3.749955987924417e-05,3.692918758851623e-05,-34.26242860540387,-34.32954059215177
73,73,3.757781379726552e-05,3.6479884760123436e-05,-34.2436607998517,-34.38270355129791
74,74,3.65438378683337e-05,3.5866205029091556e-05,-34.36859438786246,-34.45638386054808
75,75,3.598983389143616e-05,3.5450084205398237e-05,-34.4331521855604,-34.507065417430574
76,76,3.649165231876133e-05,3.503741208987776e-05,-34.37892473696583,-34.55791791743719
77,77,3.672686544473201e-05,3.454597591419435e-05,-34.35228855143062,-34.61926346961694
78,78,3.546756102203046e-05,3.4144509635026275e-05,-34.50092114023743,-34.6700293285618
79,79,3.458546388239633e-05,3.369532484947214e-05,-34.61493716876327,-34.72754165184226
80,80,3.460720033695701e-05,3.333086370778466e-05,-34.60967384620607,-34.77477245107132
81,81,3.4200590571626234e-05,3.293226540048827e-05,-34.65474610511096,-34.82702206128619
82,82,3.256536620403832e-05,3.2439299263243905e-05,-34.87041745630937,-34.892523486145535
83,83,3.339270504924214e-05,3.218680735459968e-05,-34.758271134942405,-34.92645912186176
84,84,3.156040309983565e-05,3.1748995465214215e-05,-35.0049025038691,-34.985938240381195
85,85,3.3883842408294625e-05,3.143925325850049e-05,-34.705954627017505,-35.0285159067534
86,86,3.23183315784488e-05,3.117156388486221e-05,-34.90162121740537,-35.06565221370905
87,87,3.162231037891878e-05,3.074137614595728e-05,-35.002499074362625,-35.12600507945035
88,88,3.1148811985142095e-05,3.055125173551986e-05,-35.06393726361825,-35.15294804143757
89,89,3.044923989326674e-05,3.018995869895566e-05,-35.16248752547129,-35.204612939613476
90,90,3.0452464267637907e-05,2.9854192019372834e-05,-35.16190191102909,-35.2531849102057
91,91,3.087815575688098e-05,2.9629724801787616e-05,-35.10253426472967,-35.2859619504222
92,92,3.0308075476625033e-05,2.935400746202121e-05,-35.192118691044016,-35.32656412556116
93,93,2.9531667715889045e-05,2.9033346436335705e-05,-35.29762757811771,-35.37426716564083
94,94,3.080714679864408e-05,2.8815312314116837e-05,-35.10701606183088,-35.40700481819119
95,95,2.871369212801621e-05,2.849801546146505e-05,-35.40850843963392,-35.45509195095158
96,96,2.9164585565425667e-05,2.826688997677258e-05,-35.353352808713026,-35.49045784350267
97,97,2.8176042684845952e-05,2.7938518063532875e-05,-35.49871494917285,-35.541204466474696
98,98,2.8383616698136523e-05,2.7709825046354365e-05,-35.46762204393792,-35.57690029100473
99,99,2.7832670329911537e-05,2.7488707928569056e-05,-35.56290560168759,-35.61169485984456
100,100,2.798040827421817e-05,2.7315559380344655e-05,-35.52988828062191,-35.63913714233074
101,101,2.8264429236458584e-05,2.707673258172642e-05,-35.491357266068334,-35.67727557099188
102,102,2.8174831125388383e-05,2.6886518466390524e-05,-35.50192470933985,-35.707892437545176
103,103,2.7359102383230756e-05,2.6647587028013443e-05,-35.62901448935203,-35.74665923612879
104,104,2.660182680929867e-05,2.6496091729648852e-05,-35.750381843367876,-35.7714199421519
105,105,2.6828442547487132e-05,2.6258407447848615e-05,-35.70694263508077,-35.81055429926083
106,106,2.633834778815484e-05,2.614632371420923e-05,-35.791493916452595,-35.829131790329455
107,107,2.6403241247759614e-05,2.589978124122258e-05,-35.78715694926082,-35.87027716962153
108,108,2.607255773159757e-05,2.5731096205785625e-05,-35.83247001043325,-35.898655242725695
109,109,2.603642538234294e-05,2.551154399330507e-05,-35.842839013634055,-35.93587069355695
110,110,2.6496014883021643e-05,2.5399170465932814e-05,-35.771665109228906,-35.95504280010671
111,111,2.6404179921301714e-05,2.5164883003239275e-05,-35.78862391171887,-35.99528897240289
112,112,2.569740997584172e-05,2.510618335356029e-05,-35.90174678530785,-36.0054311664635
113,113,2.577316623388732e-05,2.486509047709038e-05,-35.88081233459219,-36.04733769006081
114,114,2.512620904809344e-05,2.474656139384024e-05,-36.00132596402819,-36.06808951863414
115,115,2.5610741619116714e-05,2.457103906444421e-05,-35.923349321927844,-36.09900290462764
116,116,2.5439165706161803e-05,2.4420917581760716e-05,-35.94681965734313,-36.12561834930934
117,117,2.4650158049609542e-05,2.440364886225373e-05,-36.084337290079475,-36.12869045437872
118,118,2.474619251404068e-05,2.413801475516888e-05,-36.066965310643354,-36.17622264420999
119,119,2.5082287429915933e-05,2.4098517793677993e-05,-36.003764266294496,-36.18333481225135
120,120,2.424917663129517e-05,2.3949426720623467e-05,-36.15471985342652,-36.2102869072037
121,121,2.4037772351389838e-05,2.374446299463192e-05,-36.175008287929835,-36.24761460838759
122,122,2.430354219278652e-05,2.365022096216164e-05,-36.15583313962448,-36.264886101809076
123,123,2.4307136609610268e-05,2.3555741599442338e-05,-36.14360699196035,-36.28227031280431
124,124,2.3814654154775032e-05,2.3486719280634516e-05,-36.23448576568696,-36.295014558379975
125,125,2.3789888032719244e-05,2.3447984092758577e-05,-36.236105522912595,-36.30218302050301
126,126,2.447431988818523e-05,2.3237418262349246e-05,-36.11732409802778,-36.3413593770181
127,127,2.3622408033841885e-05,2.3253835216133955e-05,-36.26553686345707,-36.33829222257452
128,128,2.332569862663093e-05,2.3213891261931214e-05,-36.3258804088641,-36.34575867057328
129,129,2.4079869748225204e-05,2.306736237905601e-05,-36.18282722371458,-36.37325874582885
130,130,2.339674553986322e-05,2.2930786240306733e-05,-36.30821615675763,-36.39904866977297
131,131,2.418296952379661e-05,2.2860924122812177e-05,-36.176697952506,-36.41230030655257
132,132,2.3493560200728735e-05,2.2846340997555098e-05,-36.29915944530309,-36.41507158198385
133,133,2.3064997389830995e-05,2.2849745667037113e-05,-36.37744734539957,-36.41442442408504
134,134,2.338208067851962e-05,2.2686428277857456e-05,-36.31611604974676,-36.44557686351895
135,135,2.304161409352373e-05,2.2701852254900395e-05,-36.37370390424728,-36.44262519921355
136,136,2.304777600451435e-05,2.255588907772969e-05,-36.368734122645066,-36.470638626455276
137,137,2.2622393593450134e-05,2.2496098130144865e-05,-36.450469226200504,-36.48216615074829
138,138,2.3430684037877428e-05,2.2416978984103097e-05,-36.30182498035435,-36.497467281862136
139,139,2.3285107296764292e-05,2.243613524019326e-05,-36.33474981241899,-36.49375763674001
140,140,2.2508278205575536e-05,2.2326174362924096e-05,-36.471935962010456,-36.51509500682178
141,141,2.2470033184514795e-05,2.2190981709220642e-05,-36.48084016336574,-36.54147297395835
142,142,2.312416105156707e-05,2.2194896461625928e-05,-36.36388886100143,-36.54070689454656
143,143,2.2461121036555887e-05,2.2242881785036605e-05,-36.48404994574999,-36.53132759157876
144,144,2.24611101601244e-05,2.214369755835689e-05,-36.48461687242633,-36.55073671689143
145,145,2.2480385747051694e-05,2.207034298120753e-05,-36.485212604504916,-36.565147305437186
146,146,2.2667840387361346e-05,2.1992149509299596e-05,-36.45040968684679,-36.58056133542015
147,147,2.1723122062184367e-05,2.2072013483633973e-05,-36.61961286676372,-36.564818600744346
148,148,2.291120322344383e-05,2.18556225790005e-05,-36.3959471052519,-36.60760630543774
149,149,2.2111221997621805e-05,2.187112448537894e-05,-36.556091986737705,-36.60452700357645
150,150,2.2238333502210697e-05,2.1726596395111348e-05,-36.52374049619458,-36.633321161044
151,151,2.2794690191881975e-05,2.1747235031829116e-05,-36.416614465992815,-36.62919764746368
152,152,2.2517822255451262e-05,2.1695947955442152e-05,-36.474674551267796,-36.639451824567615
153,153,2.2096589221751085e-05,2.169752750839842e-05,-36.556311475914605,-36.63913565208972
154,154,2.2303291901612422e-05,2.1545199304359574e-05,-36.516643866644614,-36.669732969589944
155,155,2.2237721796702e-05,2.1521974734863952e-05,-36.52839683892585,-36.67441695621282
156,156,2.195224944968977e-05,2.1619594534920333e-05,-36.593039818161905,-36.6547626814312
157,157,2.115275108116828e-05,2.1499320179205633e-05,-36.75406987357942,-36.67899085360082
158,158,2.194787046710658e-05,2.1549310124675302e-05,-36.59013573118766,-36.668904415508095
159,159,2.1325944019445534e-05,2.146385036451791e-05,-36.713905896809024,-36.68616180867601
160,160,2.2028317776932884e-05,2.1481069588365865e-05,-36.57093810084085,-36.682679108366514
161,161,2.1328995749219346e-05,2.1340981938441185e-05,-36.70795758534204,-36.71109414604509
162,162,2.152459197982212e-05,2.137129195034504e-05,-36.67917301772368,-36.70493035661063
163,163,2.201310747192654e-05,2.145381002169176e-05,-36.575124091833786,-36.68819382324816
164,164,2.159185151333414e-05,2.130725519428348e-05,-36.65572742068783,-36.71796305454796
165,165,2.1897146653668407e-05,2.1317739466260383e-05,-36.60210154954094,-36.715826626569765
166,166,2.210602647632111e-05,2.1352034213793414e-05,-36.558748733795156,-36.70884556173891
167,167,2.098977656902376e-05,2.1269213807260568e-05,-36.77869606133378,-36.72572375864193
168,168,2.1347697332475008e-05,2.120510773812911e-05,-36.702209335247595,-36.73883329504298
169,169,2.0981668245609006e-05,2.1151294755614608e-05,-36.78743983207033,-36.749868554205335
170,170,2.038029921920694e-05,2.1087736585238753e-05,-36.90751678396743,-36.76293844839124
171,171,2.1022986074217678e-05,2.1010113222904404e-05,-36.773322699092795,-36.77895420040107
172,172,2.0823174391929588e-05,2.1011520354812474e-05,-36.81461438655457,-36.77866334563356
173,173,2.072484952917613e-05,2.0985572470970893e-05,-36.837845155193875,-36.784029919100995
174,174,2.1559656526039464e-05,2.1107569026705613e-05,-36.661203577547276,-36.75885594660529
175,175,2.0613271865925328e-05,2.0855974071309902e-05,-36.855341491966264,-36.810933346186154
176,176,2.0965470463762386e-05,2.123289969428075e-05,-36.78907645556033,-36.73314504733594
177,177,2.1254845086866798e-05,2.1031083490111325e-05,-36.73156336839375,-36.77462165385179
178,178,2.1153433042798627e-05,2.064861981029696e-05,-36.75325511680387,-36.85432784889859
179,179,2.0939218508650922e-05,2.0921119645017345e-05,-36.7899368457877,-36.79738889701711
180,180,2.0774723358869976e-05,2.0862500318080972e-05,-36.81998931932756,-36.80957456544222
181,181,2.0810821419236726e-05,2.0640771924119787e-05,-36.823561018297276,-36.85597877837913
182,182,2.047914379723694e-05,2.0829592597836284e-05,-36.88614765364077,-36.81643037107951
183,183,2.0049481079076566e-05,2.0937461062873664e-05,-36.98272326181533,-36.793997961231895
184,184,2.007061361040279e-05,2.114788960745117e-05,-36.979041702144656,-36.75056778142823
185,185,2.050021282333002e-05,2.0731894676971836e-05,-36.8855451773384,-36.83684819000692
186,186,2.054600365939682e-05,2.079926276852156e-05,-36.873874517803614,-36.822758712189646
187,187,1.9893641834154476e-05,2.0505426092361296e-05,-37.00884682202463,-36.8845501471653
188,188,2.0738686187767072e-05,2.0527722690052253e-05,-36.82905767387615,-36.87983040686616
189,189,2.0322669303082483e-05,2.0864963804151077e-05,-36.91749096512336,-36.809061772043314
190,190,2.0235112604439694e-05,2.0770968867030827e-05,-36.94673009990546,-36.82867058070852
191,191,2.0052797996877698e-05,2.0828988214672888e-05,-36.98023389492795,-36.81655638606501
192,192,1.8988127306226123e-05,2.121683744342973e-05,-37.2141839245559,-36.73643163882734
193,193,2.0211512829640942e-05,2.096733394290296e-05,-36.94867517949156,-36.78780600675452
194,194,2.0259205484762788e-05,2.0993011084532266e-05,-36.93497375857334,-36.782490777670816
195,195,1.9529270062288486e-05,2.151250239541313e-05,-37.10260454412769,-36.67632881158785
196,196,1.9501522260303392e-05,2.1217095165507328e-05,-37.0983285632196,-36.73637888516098
197,197,1.9421107279732057e-05,2.1194569183678953e-05,-37.11523543428028,-36.740992196464624
198,198,1.9964649695371992e-05,2.102385836846416e-05,-36.996954924080505,-36.77611390677364
199,199,1.989821818646418e-05,2.125672912562119e-05,-37.01918810909609,-36.72827374489791
200,200,1.9930975344623128e-05,2.0955848652336402e-05,-37.00655453470648,-36.790185596342965
201,201,1.9282976928039227e-05,2.0307852920316355e-05,-37.15598290382708,-36.926598034880996
202,202,1.9918012654183184e-05,2.0511735687920774e-05,-37.00742908109406,-36.88321401251473
203,203,1.937046334243166e-05,2.0952003787418728e-05,-37.12369293825993,-36.790982489299715
204,204,1.9149099514215403e-05,2.14918101463761e-05,-37.181057558742445,-36.68050817395284
205,205,1.9747674347864003e-05,2.099705096426126e-05,-37.040784099731475,-36.78165510494557
206,206,1.9142337542998764e-05,2.0963033373271556e-05,-37.18583273777112,-36.78869687119767
207,207,1.946178939967289e-05,2.0667999514874903e-05,-37.10345331184939,-36.85025370173272
208,208,1.900680538326305e-05,2.088405448088643e-05,-37.21536627647568,-36.80508995355253
209,209,1.869162068820496e-05,2.1020574230964196e-05,-37.281532840477794,-36.77679237129736
210,210,1.9026755515219566e-05,2.0948721516776315e-05,-37.20611035323222,-36.7916628937656
211,211,1.9058304498741433e-05,2.0320148235585196e-05,-37.192714873372566,-36.92396941049112
212,212,1.9548586529596186e-05,2.0760388906637672e-05,-37.09299610731581,-36.83088327914325
213,213,1.9369287337653566e-05,2.0017717552515312e-05,-37.13536459589916,-36.98909255736575
214,214,1.9200363858169684e-05,1.9946186320770432e-05,-37.16967213433104,-37.004639413100556
215,215,1.863677445407561e-05,2.0036250996207328e-05,-37.29877382312764,-36.9850734934916
216,216,1.7793892016250294e-05,2.0080842468336125e-05,-37.48174998944097,-36.97541883679114
217,217,1.8283421294907703e-05,1.9945943342080635e-05,-37.381150589406076,-37.00469231792419
218,218,1.8560310984201388e-05,2.0230045935788537e-05,-37.31787540150831,-36.94326943940992
219,219,1.860654109683291e-05,2.002274586151256e-05,-37.30106391525627,-36.9880017773517
220,220,1.9258049909807333e-05,1.9629796521545167e-05,-37.145704316031136,-37.07408015037426
221,221,1.8516544261410202e-05,1.9028957802603192e-05,-37.32253321821684,-37.20908809798418
222,222,1.8959907092065214e-05,1.981896218096249e-05,-37.21858983126828,-37.03242903918789
223,223,1.8706815972484374e-05,1.970454607209448e-05,-37.2710636812565,-37.05757378252013
224,224,1.8764005599410836e-05,1.889064103459915e-05,-37.26623651416589,-37.24077117341689
225,225,1.8916102967476447e-05,1.9341436056588702e-05,-37.238045778986844,-37.13835096554918
226,226,1.8249304095248946e-05,1.909020982949235e-05,-37.3878212501013,-37.19513110897804
227,227,1.790311222235293e-05,1.9024311242039977e-05,-37.46356842789175,-37.210148703642055
228,228,1.955129543612483e-05,1.9697094773475425e-05,-37.09067118671187,-37.059216383103454
229,229,1.8798898110486034e-05,1.9359587273165264e-05,-37.25436018751931,-37.13427718501378
230,230,1.9017214156323013e-05,1.922243896651229e-05,-37.20710502891671,-37.165153222105594
231,231,1.8665721804562465e-05,2.037752538423152e-05,-37.28482480198921,-36.911723700435545
232,232,1.83235319427601e-05,1.9748516694418965e-05,-37.36795402235015,-37.04789331402977
233,233,1.8919581419037603e-05,1.897058178943361e-05,-37.2336868864183,-37.222431628253844
234,234,1.908703657089476e-05,1.9976290356058407e-05,-37.19103561396933,-36.99808970978809
235,235,1.8770937852413854e-05,1.9438096626943564e-05,-37.25996091627781,-37.11670076176621
236,236,1.8121965742053718e-05,1.961421558486396e-05,-37.413917518769914,-37.07752868420955
237,237,1.9131223995931033e-05,1.9020362359649306e-05,-37.19162118588811,-37.21105026366387
238,238,1.8221721136834493e-05,1.9776313006571544e-05,-37.39320340831222,-37.041784856603584
239,239,1.8667005879814094e-05,1.8989832872313472e-05,-37.29198935066175,-37.21802670283002
240,240,1.8352757551744533e-05,1.9517067956162226e-05,-37.359864728216166,-37.099092385645385
241,241,1.848844345358978e-05,1.9573651259538327e-05,-37.33505573509528,-37.08651966553194
242,242,1.8447643043080313e-05,1.952660329008818e-05,-37.34234236875365,-37.09697109793996
243,243,1.8417335866747026e-05,1.970656931486079e-05,-37.353332742233036,-37.057127876251755
244,244,1.888834696128657e-05,1.971668284807636e-05,-37.239809262808365,-37.054899621846836
245,245,1.84215636200514e-05,1.9971423793513648e-05,-37.349409962988844,-36.99914785357152
246,246,1.8845834394184195e-05,1.9446156712595103e-05,-37.2478336337288,-37.11490031532755
247,247,1.8673923665287992e-05,1.8755923232866305e-05,-37.28665582352458,-37.27185366329963
248,248,1.8552541077201803e-05,1.9730034565375382e-05,-37.31402073394522,-37.05195966752437
249,249,1.804653719276401e-05,1.975379027977684e-05,-37.43143598335028,-37.046733741736496
250,250,1.850273729735246e-05,1.962408743182957e-05,-37.3302014288962,-37.075343427241634
251,251,1.8426266298362308e-05,1.992069931140194e-05,-37.34508937416138,-37.01019232693439
252,252,1.8783340040959186e-05,1.9967796345697837e-05,-37.26653659734434,-36.99993674257268
253,253,1.8414132588902446e-05,1.978059404600093e-05,-37.34721609838771,-37.04084482769497
254,254,1.823262152459758e-05,2.0131458576973894e-05,-37.38999843686859,-36.964485710501506
255,255,1.8469270264514428e-05,2.002255271355879e-05,-37.335840642282896,-36.98804367145337
256,256,1.8095442560620213e-05,1.966785600272583e-05,-37.40756489727808,-37.06566792889684
257,257,1.8128380726977282e-05,1.9621492308368416e-05,-37.41430312452505,-37.07591778379753
258,258,1.9006668818414273e-05,1.9450727641493647e-05,-37.21113260652976,-37.113879601591776
259,259,1.8436418772064817e-05,1.9617671425389983e-05,-37.34457706875013,-37.076763565532346
260,260,1.828031010105762e-05,1.9419894574399988e-05,-37.382314915848674,-37.120769449473826
261,261,1.8881170560525414e-05,1.9696158137537024e-05,-37.242561554524194,-37.05942290365691
262,262,1.835059654545195e-05,1.923157010184552e-05,-37.367148460164586,-37.163090705421716
263,263,1.8751589374643145e-05,1.9915874442009035e-05,-37.264276690306545,-37.01124433214772
264,264,1.8873999401079082e-05,2.0050001263658296e-05,-37.239818995796355,-36.982094085252506
265,265,1.854274577238254e-05,1.9915910582456393e-05,-37.31753379937281,-37.011236451206976
266,266,1.8102497857942525e-05,1.9762101433834207e-05,-37.41741744166824,-37.04490688765726
267,267,1.8047066331155763e-05,1.9871508045884855e-05,-37.42999015478358,-37.02092985946816
268,268,1.820684714796689e-05,1.9932799755463892e-05,-37.39801817334396,-37.00755508986902
269,269,1.8822236944691485e-05,1.9917734885223725e-05,-37.252345998000465,-37.010838654512035
270,270,1.8752148216944332e-05,1.9354616597411223e-05,-37.27110805654776,-37.135392402090375
271,271,1.8819469436700094e-05,1.965107333633473e-05,-37.26156336341864,-37.06937536446055
272,272,1.831130720882019e-05,1.932395193044182e-05,-37.37507908641838,-37.142278643723046
273,273,1.7797551635405546e-05,1.981689657489034e-05,-37.4925922827476,-37.0328817006656
274,274,1.8462698133908377e-05,1.9440250071056653e-05,-37.33563486415725,-37.116219656484844
275,275,1.7951364385488578e-05,1.927179063817388e-05,-37.45675183959023,-37.15401743856691
276,276,1.8137964832124818e-05,1.8583009621483814e-05,-37.41441612409569,-37.31207761098816
277,277,1.812970694840091e-05,1.908172807337618e-05,-37.410391238385,-37.1970611026546
278,278,1.8962733539063773e-05,1.92507685776371e-05,-37.22822565936775,-37.15875739664939
279,279,1.8652185438619088e-05,1.9395852560640043e-05,-37.29551673311903,-37.126149387264896
280,280,1.7931874607870903e-05,1.9549310644307344e-05,-37.449175221640004,-37.09192365118663
281,281,1.8232835574644453e-05,1.9589096777245257e-05,-37.39854326434465,-37.0830940103906
282,282,1.837432791569544e-05,1.974977792422961e-05,-37.344699868366696,-37.047615962740224
283,283,1.8992325224353782e-05,1.9620673571664253e-05,-37.21894582244178,-37.076099003577234
284,284,1.859319423395569e-05,1.9535327354740156e-05,-37.310234354493986,-37.09503119730598
285,285,1.8199804564817933e-05,1.947949864475767e-05,-37.404183552745785,-37.107460378575006
286,286,1.862479571501194e-05,1.9845821761440386e-05,-37.2996268992624,-37.02654726285566
287,287,1.8359755400880887e-05,1.949911414780409e-05,-37.36506648439841,-37.10308931206359
288,288,1.8485859954191404e-05,1.920405013247785e-05,-37.33113847742184,-37.169309818217634
289,289,1.8590363727047796e-05,1.9869270784654776e-05,-37.31002175620929,-37.021418843447044
290,290,1.85842827235807e-05,1.9074412193731405e-05,-37.310016399421784,-37.198726494477086
291,291,1.7770093896596682e-05,1.944343789785451e-05,-37.499264799391476,-37.11550755551758
292,292,1.9212963847748303e-05,1.8507915946860233e-05,-37.16713471729962,-37.32966294355912
293,293,1.808156151493733e-05,1.951395461219363e-05,-37.42679547006462,-37.09978522330103
294,294,1.8096236333841478e-05,1.97601134698887e-05,-37.43136987695998,-37.0453437871451
295,295,1.782218976249047e-05,1.8374766496938383e-05,-37.49201172961625,-37.361019839939516
296,296,1.832198991793383e-05,1.9266890903006578e-05,-37.361226256720684,-37.15512174617284
297,297,1.8614045300112303e-05,1.9623588358579008e-05,-37.30239042147421,-37.075453876971174
298,298,1.8202017946753858e-05,1.834031517271222e-05,-37.39490157335413,-37.369170182369146
299,299,1.8502749899011008e-05,1.9654076152762985e-05,-37.32970613293127,-37.06871178392495
300,300,1.838454739196639e-05,1.9627704157181525e-05,-37.35463006200095,-37.074543094923655
301,301,1.8091567297458297e-05,1.9306418069295194e-05,-37.42672340814857,-37.1462210650177
302,302,1.8051400392201667e-05,1.9642239557900832e-05,-37.42782480204336,-37.0713280943325
303,303,1.8815882436477475e-05,1.9196762303564403e-05,-37.260447337026775,-37.17095825413312
304,304,1.824159410238487e-05,1.92197903743363e-05,-37.38588542410393,-37.16575166240855
305,305,1.8083258669555772e-05,1.9634925162168465e-05,-37.418700953635884,-37.07294562541673
306,306,1.7758003749120163e-05,1.9887985217792448e-05,-37.49551199801565,-37.01733024354798
307,307,1.8465659251756433e-05,1.9636000089169675e-05,-37.33370747968991,-37.072707874529925
308,308,1.7826216170545092e-05,1.9795811998559848e-05,-37.490166936975356,-37.03750492202466
309,309,1.7981356726635305e-05,1.9593530276707544e-05,-37.45193527135434,-37.08211120525221
310,310,1.9032420917112888e-05,1.95595200095436e-05,-37.20575359099224,-37.08965619853595
311,311,1.831232372385728e-05,1.91687308152292e-05,-37.366729999541164,-37.17730454184125
312,312,1.7889777342302812e-05,1.9560223575497633e-05,-37.4711858906107,-37.089499983395704
313,313,1.7766154631261218e-05,2.013718781917736e-05,-37.50326703493161,-36.963249921115015
314,314,1.839194007431812e-05,1.974940795135856e-05,-37.35260477992799,-37.04769731994939
315,315,1.7968746010644946e-05,1.9238497483648214e-05,-37.45550518404271,-37.161526619932765
316,316,1.7994191769025045e-05,1.949437041491221e-05,-37.44269965790318,-37.10414598963516
317,317,1.849036469082552e-05,1.8965188773060953e-05,-37.32335632251125,-37.22366642972618
318,318,1.79063893474168e-05,1.9898793604960175e-05,-37.46928647961455,-37.01497065417705
319,319,1.8389726983045455e-05,1.9235250635431027e-05,-37.355018667998436,-37.1622596331361
320,320,1.8507219381005137e-05,1.9648980732630373e-05,-37.327804154150016,-37.06983786063975
321,321,1.8255742633272413e-05,1.8903278080535146e-05,-37.38377611302155,-37.23786689693507
322,322,1.8467378965593974e-05,1.914070459238964e-05,-37.33739897771292,-37.183658922149775
323,323,1.8150251224179772e-05,1.92233331912767e-05,-37.41231954164081,-37.16495119371129
324,324,1.784022530496118e-05,1.9451127196876577e-05,-37.48752970938224,-37.11379039006253
325,325,1.835086827809063e-05,1.9641728948428e-05,-37.36668995375745,-37.071440992741145
326,326,1.8463484471776047e-05,1.947826627943677e-05,-37.33938576846576,-37.10773514251989
327,327,1.7877514831515955e-05,1.851321916259813e-05,-37.4813070164089,-37.328418704375075
328,328,1.8160320324409205e-05,1.934944190763513e-05,-37.40928142266039,-37.13655369592648
329,329,1.8607195417325313e-05,1.95035306540759e-05,-37.29930748752664,-37.1021057560401
330,330,1.805706832567818e-05,1.910297367813703e-05,-37.44072846170685,-37.19222835579985
331,331,1.8169167448185053e-05,1.9335558901825845e-05,-37.41582920101035,-37.13967082812133
332,332,1.8141270507821337e-05,1.893293474016613e-05,-37.41684450788773,-37.23105874923377
333,333,1.7884450469339463e-05,1.914906313590779e-05,-37.47496507532866,-37.181762817994695
334,334,1.8071114533723658e-05,1.9104466541887776e-05,-37.425629044213494,-37.1918889755714
335,335,1.8124347811816235e-05,1.881354393462013e-05,-37.41619917942687,-37.258532009135685
336,336,1.806392141513721e-05,1.976745443243999e-05,-37.42953895675562,-37.043730665097
337,337,1.832504410428096e-05,1.933376647924122e-05,-37.364593378378416,-37.14007344142302
338,338,1.802470595385344e-05,1.844990148176868e-05,-37.43665395924409,-37.34329761384409
339,339,1.828733456932241e-05,1.908924969029613e-05,-37.37153230224603,-37.195349542219425
340,340,1.7849016049441752e-05,1.8860584484508236e-05,-37.48073082213346,-37.24768665572412
341,341,1.7971148642488713e-05,1.8936409967289747e-05,-37.44720883710507,-37.230261654919595
342,342,1.828129778417504e-05,1.929484470134699e-05,-37.37937126298605,-37.1488252544285
343,343,1.7943845039591213e-05,1.9644631576834638e-05,-37.45971809086944,-37.070799245587445
344,344,1.8004287769669936e-05,1.9153272420992023e-05,-37.44505354929177,-37.18080827082903
345,345,1.7669952866686125e-05,1.886509926407598e-05,-37.527353859683366,-37.246647181462656
346,346,1.7489593475832024e-05,1.8868768692252496e-05,-37.56259145539791,-37.24580252253944
347,347,1.7966714808936397e-05,1.8161575577610883e-05,-37.45815707949133,-37.4117029053027
348,348,1.7507272233845086e-05,1.88776223359654e-05,-37.56712820178344,-37.243765194691655
349,349,1.724626756335918e-05,1.8855342970805634e-05,-37.631683950210174,-37.24889376404471
350,350,1.763782757293906e-05,1.9041279062405108e-05,-37.53464799304737,-37.206276949029224
351,351,1.759673291745298e-05,1.8723068598391318e-05,-37.54183991893794,-37.279467843625824
352,352,1.7762520806125806e-05,1.8389108701835778e-05,-37.50009008414531,-37.35763132840336
353,353,1.8024625402626813e-05,1.747747156562247e-05,-37.450537180094585,-37.578452086120194
354,354,1.725182730447112e-05,1.8689137170057573e-05,-37.63152401547228,-37.287345612833136
355,355,1.7001083450072047e-05,1.8123707377526443e-05,-37.69103978640466,-37.42076771338333
356,356,1.7898750960852077e-05,1.8184572486222206e-05,-37.46664502677474,-37.406207174736714
357,357,1.6784491824942098e-05,1.7379455896030106e-05,-37.74078533130691,-37.60287637118424
358,358,1.6933875298322557e-05,1.8162216627771206e-05,-37.711312231502305,-37.41154961483913
359,359,1.7281012558144248e-05,1.774059972759508e-05,-37.62402007231408,-37.513555156220924
360,360,1.7329693055779497e-05,1.764915956109211e-05,-37.61654525733286,-37.535997833937834
361,361,1.6717108112586465e-05,1.7669064905739535e-05,-37.76536659312274,-37.53110246765792
362,362,1.6622143392073058e-05,1.7851181358932272e-05,-37.79870549278389,-37.486568506295384
363,363,1.6934071167851632e-05,1.7609545370520974e-05,-37.71675316329186,-37.545756690165
364,364,1.6820268655530675e-05,1.7360883152593343e-05,-37.74137579016022,-37.60751998778542
365,365,1.6581762858700085e-05,1.7464648408349603e-05,-37.80395743515795,-37.581639658424535
366,366,1.6597928545697587e-05,1.737369372054481e-05,-37.8018238646272,-37.60431651751202
367,367,1.679093369152865e-05,1.7111082773848657e-05,-37.75581722942596,-37.67046320680175
368,368,1.638280964564813e-05,1.7116510781833266e-05,-37.85715062138085,-37.66908574862236
369,369,1.6458409695634644e-05,1.7041296000809924e-05,-37.83225166124438,-37.68821192809811
370,370,1.672287475905494e-05,1.7020492506210422e-05,-37.774607091617526,-37.69351690145875
371,371,1.585544001481486e-05,1.7089461739248546e-05,-37.991846164661766,-37.67595428737047
372,372,1.6597450282751732e-05,1.6563617607875802e-05,-37.804063085585675,-37.81168617145978
373,373,1.6145801158383675e-05,1.728063187712044e-05,-37.923314537249325,-37.627641941702436
374,374,1.6167422500919053e-05,1.7283879395491614e-05,-37.91777615165434,-37.62682585649786
375,375,1.604341665820216e-05,1.6593717717976114e-05,-37.94493165293294,-37.803801149829596
376,376,1.617831415940825e-05,1.703455501755295e-05,-37.91199348916721,-37.68993019589293
377,377,1.6294413642791586e-05,1.6956742959002058e-05,-37.8849309623857,-37.70981375944915
378,378,1.6090212335894676e-05,1.6997703871885805e-05,-37.92722766421076,-37.699335540111875
379,379,1.586730910819768e-05,1.667275936549566e-05,-37.99192770673854,-37.78316330719293
380,380,1.686704891869443e-05,1.683461912187723e-05,-37.73035236044266,-37.7412051779794
381,381,1.5864804219145488e-05,1.648202659883904e-05,-37.99140883516039,-37.8331320218
382,382,1.557626743756232e-05,1.6512563074923636e-05,-38.07445205820867,-37.82509323303014
383,383,1.6144076822062753e-05,1.68121938067519e-05,-37.92126885180744,-37.746994250529376
384,384,1.635500211705221e-05,1.682851631669205e-05,-37.86744516746614,-37.74277984689278
385,385,1.6089217986274852e-05,1.7018782943379944e-05,-37.93507037601585,-37.69395313501224
386,386,1.6244209947808015e-05,1.6802399218967796e-05,-37.889414668624866,-37.749525136769336
387,387,1.674256763527813e-05,1.6421024300047737e-05,-37.75068694682213,-37.84923569083962
388,388,1.5636415538238842e-05,1.6899633584743195e-05,-38.055279849179136,-37.72446524443437
389,389,1.6127861722311864e-05,1.6670065681529722e-05,-37.919146633227655,-37.78386501863057
390,390,1.596285148911399e-05,1.6737786657023734e-05,-37.967581658112756,-37.76625784894335
391,391,1.6509173545592164e-05,1.6469696291958252e-05,-37.81852411003166,-37.83638222180088
392,392,1.615907866525771e-05,1.666514445356657e-05,-37.914217570354545,-37.785147303731186
393,393,1.6436318622526387e-05,1.676779361571933e-05,-37.843031751850035,-37.75847892975541
394,394,1.6348474607943946e-05,1.6705115070324512e-05,-37.869223249042705,-37.77474341305392
395,395,1.642185840686692e-05,1.6301799357614455e-05,-37.84210861951014,-37.8808826931078
396,396,1.6343548484599653e-05,1.674437877035847e-05,-37.867865555017715,-37.76454773345601
397,397,1.6585717810475096e-05,1.6953590698233855e-05,-37.80908457212825,-37.710621188520726
398,398,1.6648012824964436e-05,1.6536375034392175e-05,-37.78117903605675,-37.8188349960146
399,399,1.6338097423416463e-05,1.664012128649598e-05,-37.86664622593399,-37.79167325401676
400,400,1.624445614896141e-05,1.639770466442171e-05,-37.89546246098822,-37.85540752692005
401,401,1.6479561560755456e-05,1.670769267404562e-05,-37.83000920249171,-37.774073347201686
402,402,1.6629904663561094e-05,1.6460354776140057e-05,-37.79540428438171,-37.838846213656154
403,403,1.623565750969178e-05,1.6956014214405225e-05,-37.89169860250372,-37.71000040883041
404,404,1.6864065316637146e-05,1.6752158970982572e-05,-37.732043381478846,-37.76253027225688
405,405,1.609042561709036e-05,1.633113142337319e-05,-37.93032421095213,-37.87307539083513
406,406,1.6097913683870972e-05,1.639538980893313e-05,-37.93032226120583,-37.856020661473465
407,407,1.6178808605734057e-05,1.6560590282958737e-05,-37.91225363614364,-37.812480002071155
408,408,1.6460045032742067e-05,1.6734467240702972e-05,-37.840540149888994,-37.76711922158971
409,409,1.664512091309982e-05,1.6459683473313864e-05,-37.785724349155046,-37.839023335633314
410,410,1.640678136627497e-05,1.6499961020599585e-05,-37.849851652904036,-37.828408946123496
411,411,1.6022845510136548e-05,1.6563264101645664e-05,-37.951395669790934,-37.81177886102013
412,412,1.6032658723562826e-05,1.6647397004769454e-05,-37.94945658546361,-37.789774762023015
413,413,1.592802785585404e-05,1.6513368839361264e-05,-37.97143421650932,-37.82488131528625
414,414,1.614588597579679e-05,1.6889276306947547e-05,-37.91768849175934,-37.727127720820555
415,415,1.6490487995696705e-05,1.6239114158547874e-05,-37.82710408311043,-37.89761478006195
416,416,1.644894990059799e-05,1.677100461069801e-05,-37.837220799535416,-37.75764734515568
417,417,1.5932795736496456e-05,1.6703145487745612e-05,-37.97428507486597,-37.775255489308336
418,418,1.5762067828900492e-05,1.6780082947470394e-05,-38.020343306804385,-37.75529709546289
419,419,1.645318530490934e-05,1.6264499926795618e-05,-37.840146452072375,-37.89083097978572
420,420,1.6048828723627987e-05,1.665818600533959e-05,-37.94854297929204,-37.786961057440614
421,421,1.657533129659474e-05,1.661032882494558e-05,-37.80688260066042,-37.799455828431704
422,422,1.6183145273373027e-05,1.663662767800576e-05,-37.91367343504712,-37.792585154933775
423,423,1.5855238791456152e-05,1.6719588481799675e-05,-37.997887915827675,-37.77098228881775
424,424,1.61667826010746e-05,1.6477137298926736e-05,-37.91077766264942,-37.83442052292487
425,425,1.549486674288271e-05,1.6221769855244355e-05,-38.0968175805523,-37.90225577254435
426,426,1.6313443994317587e-05,1.6404108177276182e-05,-37.89059417160874,-37.853711882629746
427,427,1.6282015439145718e-05,1.6242997030770456e-05,-37.88384280344532,-37.8965764793318
428,428,1.5709966712315644e-05,1.6461991818735106e-05,-38.041866154477816,-37.838414313357546
429,429,1.5747899345386913e-05,1.6618074656243582e-05,-38.02353697510974,-37.7974310715978
430,430,1.6306694793531708e-05,1.6165438864845783e-05,-37.87591946281874,-37.917363133707276
431,431,1.6445173012883614e-05,1.6569962290783512e-05,-37.84230092846173,-37.810022927814906
432,432,1.676803141478005e-05,1.6529508540866356e-05,-37.76198758291837,-37.820638716326116
433,433,1.653307752292807e-05,1.6396174559256332e-05,-37.819938691416844,-37.8558127953703
434,434,1.567237751194475e-05,1.637476079371194e-05,-38.0419558117343,-37.86148848416963
435,435,1.6300881584684997e-05,1.642199501810338e-05,-37.87802728321548,-37.84897896809979
436,436,1.5870127125961835e-05,1.62126434588572e-05,-37.9968829543748,-37.90469980854822
437,437,1.615804927665128e-05,1.6523314068188866e-05,-37.91675115251118,-37.82226655027267
438,438,1.6115807823356142e-05,1.6234198626893647e-05,-37.92597740639729,-37.898929575570165
439,439,1.6277367639932637e-05,1.6500555399321265e-05,-37.886937275983634,-37.828252502875316
440,440,1.604593170171582e-05,1.6588261802864606e-05,-37.94983053595202,-37.80522931890343
441,441,1.680967712091683e-05,1.638187093608155e-05,-37.7503165816005,-37.85960312814729
442,442,1.5916234850610447e-05,1.6431705166484645e-05,-37.98249962701623,-37.84641179060713
443,443,1.587775772087607e-05,1.653633224027305e-05,-37.99660213725608,-37.818846235039956
444,444,1.555122889840277e-05,1.6419377061538398e-05,-38.07492860001015,-37.849671365536594
445,445,1.6295629234029792e-05,1.6053832998869966e-05,-37.88441896927599,-37.9474507196774
446,446,1.585356248958221e-05,1.6184589903308445e-05,-37.99864298983839,-37.91222113438587
447,447,1.605301638415561e-05,1.6289043646553947e-05,-37.94669391940603,-37.88428225856764
448,448,1.6098266811597343e-05,1.638592512838506e-05,-37.938596010733974,-37.858528467311686
449,449,1.5447270597337828e-05,1.6031476039451693e-05,-38.11754841899521,-37.95350302583864
450,450,1.672756383245026e-05,1.6346615139857596e-05,-37.76240084838624,-37.868959750168926
451,451,1.5933863895830636e-05,1.6585953696784073e-05,-37.97793559322954,-37.80583364230396
452,452,1.606380000029998e-05,1.6101724692194502e-05,-37.94650325408477,-37.934514160642216
453,453,1.598048852288558e-05,1.6533702077331807e-05,-37.95484920814848,-37.81953705092683
454,454,1.5873395634266625e-05,1.6343914658615465e-05,-37.99070911957264,-37.86967726934762
455,455,1.5824343293941864e-05,1.6337016380643227e-05,-38.00406038704122,-37.871510683517414
456,456,1.5800555075591398e-05,1.6518165370813987e-05,-38.01801429031767,-37.82362003136067
457,457,1.6135219993884675e-05,1.632427412053068e-05,-37.921367317968034,-37.874899339292924
458,458,1.5770903260512494e-05,1.6564787361666706e-05,-38.01399698156344,-37.81137947536786
459,459,1.557621886867e-05,1.63671826923842e-05,-38.072967463233205,-37.863498827660756
