,epoch,train_loss,test_loss,train_dbs,test_dbs
0,0,9.995105338208473e-05,9.290001961696697e-05,-12.908982468035104,-13.235622806276561
1,1,8.017643368784963e-05,7.238066456537988e-05,-13.86537307333536,-14.319555200487386
2,2,6.219133550628838e-05,5.847596031870987e-05,-14.971194307055345,-15.246007236073883
3,3,5.5125299358101965e-05,5.618660323211531e-05,-15.491479771548287,-15.419453087647156
4,4,5.4243165819927304e-05,5.504114041717625e-05,-15.562484068986679,-15.508906627036795
5,5,5.265062390742631e-05,5.3859094278825646e-05,-15.695445513787616,-15.603190405018212
6,6,5.204523344237367e-05,5.239234432290112e-05,-15.742625663910255,-15.72310254710967
7,7,5.00754906226444e-05,5.131911817251852e-05,-15.911876774479305,-15.812989011366511
8,8,4.9008469338247976e-05,4.9906573526401954e-05,-16.003956876465672,-15.934203331249234
9,9,4.818756313341641e-05,4.994547098727995e-05,-16.078655766841933,-15.930819734337195
10,10,4.7320624457590625e-05,4.871973980794122e-05,-16.157132194660264,-16.03873126084755
11,11,4.7543304802828283e-05,4.7977503288022584e-05,-16.13730015989494,-16.105404424552702
12,12,4.6895116967564334e-05,4.8244479809287246e-05,-16.19674230941895,-16.081304582960566
13,13,4.6641375052955086e-05,4.792215278078067e-05,-16.22116656950373,-16.110417669338013
14,14,4.6659660453310465e-05,4.779863344370633e-05,-16.21860709620124,-16.121626059571916
15,15,4.5870589488425975e-05,4.715719191345239e-05,-16.290984801716824,-16.18030150227152
16,16,4.5562741734008254e-05,4.671340923921793e-05,-16.32256824265815,-16.221365221925193
17,17,4.5256816107568516e-05,4.6312521781625326e-05,-16.348114397026922,-16.25879656747777
18,18,4.506847393169721e-05,4.6535509777880323e-05,-16.368347421468183,-16.237936105307337
19,19,4.5085753543427234e-05,4.6387110878161987e-05,-16.366777901229717,-16.25180762068317
20,20,4.51411620984406e-05,4.621057738213016e-05,-16.360816610939185,-16.268366914445902
21,21,4.5642624285129696e-05,4.674583090634673e-05,-16.312594963329705,-16.218352025654596
22,22,4.4836362051392294e-05,4.6090963511041515e-05,-16.39178392512332,-16.279622993759407
23,23,4.453082193819129e-05,4.6311090524173584e-05,-16.42114558831548,-16.258930785351172
24,24,4.4573533328336465e-05,4.551842606528417e-05,-16.41579168967707,-16.333908497022627
25,25,4.437105389181092e-05,4.572486795950681e-05,-16.437036727674503,-16.314256262972926
26,26,4.4654715069198796e-05,4.575143573578986e-05,-16.408597974533354,-16.311733590216267
27,27,4.449441704056562e-05,4.573559731637177e-05,-16.424544645750927,-16.313237308938927
28,28,4.421860467118677e-05,4.512605435018869e-05,-16.450157256127397,-16.371507241981988
29,29,4.409308495109819e-05,4.5360077485001006e-05,-16.46408642430892,-16.349042985717656
30,30,4.384894426263984e-05,4.511543298385253e-05,-16.488138205212742,-16.372529565737423
31,31,4.397929731886066e-05,4.584484390522304e-05,-16.474690320316007,-16.302875879669287
32,32,4.359246411264188e-05,4.5360456600687225e-05,-16.5128768976907,-16.349006687904335
33,33,4.395543544081558e-05,4.5685951159899365e-05,-16.475288008403915,-16.317954151802013
34,34,4.375837981813712e-05,4.495956454775296e-05,-16.495951015582705,-16.387559900707664
35,35,4.357937901546655e-05,4.4742453419051965e-05,-16.515372848114346,-16.408582917004093
36,36,4.351222787122002e-05,4.543553165460349e-05,-16.52221954215516,-16.341824721013197
37,37,4.3304698676328155e-05,4.4721315421874784e-05,-16.54035242293913,-16.41063517029552
38,38,4.401831518538829e-05,4.5088903885028375e-05,-16.471370501745962,-16.375084086276303
39,39,4.370841840504112e-05,4.487398281956925e-05,-16.501896361618684,-16.39583468994518
40,40,4.313676468019863e-05,4.4463532073055636e-05,-16.55987745897994,-16.4357412731466
41,41,4.3331842930128166e-05,4.448381131576178e-05,-16.53983167022034,-16.433760963668767
42,42,4.307969985094723e-05,4.4634153087635674e-05,-16.563818396314133,-16.41910787676274
43,43,4.29346760638603e-05,4.3463828708474084e-05,-16.58100915227662,-16.534501058591413
44,44,4.279484406633293e-05,4.427447646249723e-05,-16.593225328985223,-16.45424651887381
45,45,4.2608424262221684e-05,4.374191887204928e-05,-16.612794161291216,-16.50680255562607
46,46,4.260608281030502e-05,4.436715492997073e-05,-16.613516668701486,-16.44516506108718
47,47,4.235701204173161e-05,4.3945554161358525e-05,-16.636601673211313,-16.486631409534024
48,48,4.205304182890068e-05,4.3742026288160365e-05,-16.66867004651859,-16.506791890760827
49,49,4.380405876760313e-05,4.415933787975902e-05,-16.492164535887696,-16.465555333214546
50,50,4.256884023993031e-05,4.442688230866272e-05,-16.61830636560316,-16.43932248973818
51,51,4.261288508057556e-05,4.472288722019201e-05,-16.612642638518942,-16.41048253360902
52,52,4.226674857434154e-05,4.396714843766715e-05,-16.646993347285214,-16.48449786683703
53,53,4.2404554630227666e-05,4.419508848896887e-05,-16.63439838248211,-16.46204078532148
54,54,4.224731456656393e-05,4.341663033732115e-05,-16.648658857800807,-16.539219724765182
55,55,4.227235629364306e-05,4.415411852900625e-05,-16.647798515242744,-16.466068671798688
56,56,4.2206088315633116e-05,4.3496094708404454e-05,-16.65294104183138,-16.531278207002927
57,57,4.395163184021043e-05,4.4815905934420265e-05,-16.47749025467409,-16.401459064023896
58,58,4.317048137402042e-05,4.439333956964363e-05,-16.55334446007075,-16.442602694819495
59,59,4.285818457779878e-05,4.400150110565224e-05,-16.58439382550975,-16.481105936875526
60,60,4.259766081435673e-05,4.429129885944636e-05,-16.61387403229743,-16.452596700029297
61,61,4.280774372035143e-05,4.409545880135786e-05,-16.592644887664303,-16.471842206482993
62,62,4.2476103078218695e-05,4.4113188395337934e-05,-16.62488099160376,-16.47009637652633
63,63,4.246721609607195e-05,4.3228269197769755e-05,-16.625049809465935,-16.55810239017797
64,64,4.241965409877144e-05,4.326515160133376e-05,-16.633133159011678,-16.55439856503843
65,65,4.2116235471036544e-05,4.3799623725997085e-05,-16.6620743725727,-16.501077067467072
66,66,4.220000527752323e-05,4.3538886146914015e-05,-16.654188566007473,-16.527007720140702
67,67,4.217729729509639e-05,4.3121997709692406e-05,-16.657493227240906,-16.568792141538378
68,68,4.181265028388019e-05,4.385905489662515e-05,-16.693544585073106,-16.495188173448337
69,69,4.19235246826969e-05,4.3833737436216325e-05,-16.681470098337144,-16.497695844458544
70,70,4.1735520520062694e-05,4.38685504042568e-05,-16.701686794727443,-16.494248025459743
71,71,4.182352911568122e-05,4.3286433011464974e-05,-16.694217971051522,-16.552262867762707
72,72,4.157792824754352e-05,4.365248988554078e-05,-16.717435283241628,-16.515690659446662
73,73,4.146745550784057e-05,4.293118629567815e-05,-16.73024805266592,-16.588051970436524
74,74,4.338444770987688e-05,4.430880538788379e-05,-16.53340456896624,-16.450880451755957
75,75,4.2481534411805473e-05,4.461736056040727e-05,-16.626764180740118,-16.420742112799864
76,76,4.219201207551001e-05,4.399605600874087e-05,-16.654908910088015,-16.48164340078307
77,77,4.1995753226447706e-05,4.371582977718821e-05,-16.674497466980725,-16.509393601118802
78,78,4.2011762789772225e-05,4.3274064457938566e-05,-16.67275429212612,-16.55350398691965
79,79,4.21588718513094e-05,4.320450381400358e-05,-16.658201631346763,-16.560490645218373
80,80,4.1901516954933014e-05,4.372274155397654e-05,-16.686005165097978,-16.508707005608404
81,81,4.193745397848015e-05,4.3565573785025136e-05,-16.679197673830746,-16.524346479984132
82,82,4.1774061923881404e-05,4.345569323049858e-05,-16.695497518283975,-16.535314038949313
83,83,4.171000377421469e-05,4.297577968253264e-05,-16.705356032131505,-16.583543217657464
84,84,4.1519267039437126e-05,4.2919449218683634e-05,-16.724920903232807,-16.589239462590456
85,85,4.3619567673586154e-05,4.420208681135831e-05,-16.50913573239807,-16.46135313149265
86,86,4.237199886419964e-05,4.382356698777968e-05,-16.63481745934414,-16.49870362576858
87,87,4.252520733475133e-05,4.373428907312796e-05,-16.620808543111853,-16.50756015124111
88,88,4.2275484374090646e-05,4.360247495290088e-05,-16.649931469386996,-16.52066945043636
89,89,4.20156529705225e-05,4.3258681360289063e-05,-16.6716025973891,-16.555048094744027
90,90,4.212682776512535e-05,4.33114056297774e-05,-16.661688590341836,-16.54975807761954
91,91,4.181784993072386e-05,4.379766649339887e-05,-16.696085474498826,-16.50127114089451
92,92,4.2014462132542155e-05,4.314472684391627e-05,-16.674486130020718,-16.566503625809663
93,93,4.201215021576272e-05,4.283109247856038e-05,-16.674763548580255,-16.59818934383791
94,94,4.186660349735097e-05,4.32164875076667e-05,-16.687899445666826,-16.559286203569535
95,95,4.147216610906924e-05,4.327266134695444e-05,-16.729948936311832,-16.55364480411459
96,96,4.175314002027663e-05,4.305923146986108e-05,-16.698227554586193,-16.575118121496594
97,97,4.1445310830802314e-05,4.267031315401638e-05,-16.73148399326363,-16.614522562043753
98,98,4.144701299232973e-05,4.261007109705947e-05,-16.733160112337234,-16.62065827484486
99,99,4.1644607092129046e-05,4.299549503852368e-05,-16.712814619855905,-16.581551326646533
100,100,4.130317349861179e-05,4.315544643568022e-05,-16.748787907797254,-16.565424726568015
101,101,4.3144768721138406e-05,4.3900716838451394e-05,-16.55771863912774,-16.491064745950293
102,102,4.225046614385402e-05,4.379324098791633e-05,-16.648729869313396,-16.501709992978043
103,103,4.2123129272103774e-05,4.359658027839798e-05,-16.663312082928083,-16.521256618406547
104,104,4.205881652017796e-05,4.3238302934792284e-05,-16.6679889661456,-16.55709446386984
105,105,4.180384301847524e-05,4.30493551232901e-05,-16.694118844426775,-16.576114361942675
106,106,4.205830045225646e-05,4.35189270463429e-05,-16.670499246079842,-16.528999069814148
107,107,4.163027330560936e-05,4.411637162679414e-05,-16.712647459642312,-16.469782998593516
108,108,4.168628737781696e-05,4.337812462931891e-05,-16.708460040365107,-16.543073141394032
109,109,4.172911863373809e-05,4.2864482422469575e-05,-16.702264988142378,-16.594805022269053
110,110,4.135015615716351e-05,4.3566320719516004e-05,-16.743853454846473,-16.524272020561533
111,111,4.154366013739791e-05,4.307711232717051e-05,-16.721363172813717,-16.573315036426944
112,112,4.145017814640671e-05,4.331145502970015e-05,-16.734485992112766,-16.549753124166447
113,113,4.1316599459399365e-05,4.2748573162641966e-05,-16.746458271660277,-16.606564626539026
114,114,4.1528611600557436e-05,4.288170729475831e-05,-16.72401546722596,-16.59306018273466
115,115,4.154528952059672e-05,4.292631733972628e-05,-16.721230159558335,-16.58854454490358
116,116,4.125740331838858e-05,4.249702894747699e-05,-16.75141729768401,-16.632195176144727
117,117,4.2027076674036e-05,4.305617250410203e-05,-16.673944064402427,-16.575426659084236
118,118,4.1660551809418957e-05,4.2399772370883605e-05,-16.709766605112463,-16.64214561299621
119,119,4.182421028033168e-05,4.291320300054442e-05,-16.689548356837363,-16.58987155259473
120,120,4.160358586193173e-05,4.2850879062347015e-05,-16.71661297320428,-16.596183506634944
121,121,4.165692746365616e-05,4.292803886959231e-05,-16.71035065532676,-16.588370377638377
122,122,4.151064917395976e-05,4.268675509497131e-05,-16.725027763909512,-16.612849438900394
123,123,4.136196496136146e-05,4.273169906809926e-05,-16.74041688223283,-16.60827925052207
124,124,4.1271426845323916e-05,4.2894417818292584e-05,-16.751452550512656,-16.59177308559285
125,125,4.165899319803467e-05,4.268651575426032e-05,-16.70950235213025,-16.61287378946095
126,126,4.1472456022225724e-05,4.333617567011204e-05,-16.73254237349491,-16.547275032630743
127,127,4.130479352432903e-05,4.232964190458389e-05,-16.74641282274428,-16.649334918326126
128,128,4.1220336046085464e-05,4.239462635412469e-05,-16.755740062127483,-16.642672743730913
129,129,4.151509887210007e-05,4.192207358612091e-05,-16.726752833360806,-16.69135330368939
130,130,4.1125249050103955e-05,4.240490460161757e-05,-16.764326265540504,-16.641619958145583
131,131,4.08627921322327e-05,4.2523894080659375e-05,-16.793098287760035,-16.629450585973398
132,132,4.083794040516014e-05,4.190374765082532e-05,-16.796930607830255,-16.693252206100112
133,133,4.122487575607254e-05,4.234118999815301e-05,-16.7549866765563,-16.64815026636701
134,134,4.0989563467050664e-05,4.2368063556128423e-05,-16.78228142523357,-16.6453947142072
135,135,4.349709444195656e-05,4.27678554076824e-05,-16.52257162160344,-16.604606132036462
136,136,4.140689488099504e-05,4.290518259758277e-05,-16.73566824393887,-16.59068331728472
137,137,4.14149617239504e-05,4.2915168849408235e-05,-16.73667041973319,-16.5896726073519
138,138,4.130189482407097e-05,4.229472745608195e-05,-16.748567164579235,-16.65291855582866
139,139,4.1291694700347075e-05,4.2282632133911215e-05,-16.747936835788494,-16.654160716079787
140,140,4.102132287201683e-05,4.273350599473097e-05,-16.778928979904762,-16.608095611282007
141,141,4.123217322276761e-05,4.281965946000511e-05,-16.756464920311767,-16.599348772514755
142,142,4.0977610887679964e-05,4.288668845363549e-05,-16.780112052608086,-16.59255573356142
143,143,4.0892517588253745e-05,4.259521761253525e-05,-16.791893598927384,-16.622172449969185
144,144,4.1271358023766075e-05,4.2367536815091676e-05,-16.751858038608994,-16.64544870821318
145,145,4.0868592289361635e-05,4.2255198327199506e-05,-16.79125717870183,-16.656979418955352
146,146,4.0991547084371465e-05,4.2063551901312744e-05,-16.78070154825295,-16.676721440353276
147,147,4.0908889149222046e-05,4.258286418534178e-05,-16.7909083034195,-16.623432169649906
148,148,4.226546453659485e-05,4.2722307147127334e-05,-16.64930644684362,-16.609233883230274
149,149,4.1522129584936734e-05,4.2807796777005457e-05,-16.72448758029826,-16.600552100985944
150,150,4.142674069297164e-05,4.252570713441329e-05,-16.735911199940865,-16.629265423614118
151,151,4.1218133024888154e-05,4.345476286528681e-05,-16.75503493453031,-16.535407020276484
152,152,4.1254433565028973e-05,4.2497268288187974e-05,-16.75377687947781,-16.632170717009593
153,153,4.1007460278762535e-05,4.283819591939008e-05,-16.77835580897341,-16.597469135880164
154,154,4.1232254364696984e-05,4.26094530236074e-05,-16.75603004604126,-16.62072127118107
155,155,4.1076328436491204e-05,4.282482979378026e-05,-16.77198430178847,-16.59882440779487
156,156,4.11110641581808e-05,4.282266021810325e-05,-16.768885925570384,-16.599044434031402
157,157,4.098667644958021e-05,4.275433399781928e-05,-16.78103554316527,-16.60597940692123
158,158,4.086377823076657e-05,4.226055477231153e-05,-16.793956156676416,-16.656428924054087
159,159,4.0720723677857436e-05,4.2573453883003245e-05,-16.807666410737845,-16.624392014436058
160,160,4.096345976895182e-05,4.250136522674247e-05,-16.78290502669604,-16.631752056677136
161,161,4.074019704706554e-05,4.227301887064976e-05,-16.80693599949341,-16.655148228364517
162,162,4.090183259548437e-05,4.2319647419437965e-05,-16.79120022042984,-16.650360455528663
163,163,4.073096657596101e-05,4.193064543008069e-05,-16.81067982352038,-16.690465388643076
164,164,4.075020463919968e-05,4.209025437854794e-05,-16.806703612299742,-16.67396535850309
165,165,4.071322715371372e-05,4.281061946561462e-05,-16.810820122199534,-16.60026574248007
166,166,4.041796444315756e-05,4.1615499771739306e-05,-16.841414467414605,-16.723229717682333
167,167,4.04482989043319e-05,4.241479798924717e-05,-16.837838185700953,-16.640606834179543
168,168,4.0697815737863475e-05,4.2149441517387076e-05,-16.811859566420775,-16.667862617567522
169,169,4.259916352463368e-05,4.342156209627559e-05,-16.613707546416375,-16.538726431286296
170,170,4.167334292415222e-05,4.268806878826581e-05,-16.709815085658345,-16.612715785974906
171,171,4.135053353183111e-05,4.262188591191692e-05,-16.744372841063438,-16.619454240792322
172,172,4.133042017839244e-05,4.301371269608162e-05,-16.746244030159396,-16.579711563561318
173,173,4.114126686451443e-05,4.277113207775217e-05,-16.765103183542447,-16.604273408965298
174,174,4.114226592100374e-05,4.270485882635081e-05,-16.76648772887555,-16.611007958128052
175,175,4.1199144838286624e-05,4.294168483236143e-05,-16.75701872154981,-16.5869900619403
176,176,4.108964763947801e-05,4.239423134621527e-05,-16.770532900755043,-16.6427132088958
177,177,4.1155115618447286e-05,4.249971128669322e-05,-16.761809569430014,-16.63192106560416
178,178,4.093120010439474e-05,4.317444147186746e-05,-16.787909820630656,-16.563513583224093
179,179,4.085067479367747e-05,4.240366022139298e-05,-16.79421584489492,-16.64174740458123
180,180,4.098172652935393e-05,4.246466165855772e-05,-16.779358556421784,-16.635504181780462
181,181,4.103252452755582e-05,4.2561615517019834e-05,-16.77409998318933,-16.62559982153382
182,182,4.0780542175778786e-05,4.192043190031607e-05,-16.80426947934985,-16.691523378541522
183,183,4.064700159378657e-05,4.192188067750785e-05,-16.816494382759476,-16.69137328823017
184,184,4.080040201460151e-05,4.230137078832884e-05,-16.800834995690042,-16.652236452847063
185,185,4.0842036675534584e-05,4.211727584908275e-05,-16.795197810380888,-16.671178131299715
186,186,4.064418409171529e-05,4.1865664618518694e-05,-16.81711998975496,-16.69720096292585
187,187,4.079127530090285e-05,4.1936073677406007e-05,-16.802800593207305,-16.689903197135365
188,188,4.056266038084508e-05,4.223128799869875e-05,-16.826888245041527,-16.659437592908887
189,189,4.051055481054907e-05,4.242757399639997e-05,-16.830618354587862,-16.639298867577644
190,190,4.0536860641501316e-05,4.281721761033527e-05,-16.8269006299848,-16.59959644194732
191,191,4.160500992435756e-05,4.568299999319654e-05,-16.715557366240954,-16.31823470124435
192,192,4.383478980597238e-05,4.281921083977642e-05,-16.490361968331392,-16.599394273649718
193,193,4.116199936819162e-05,4.292169576633329e-05,-16.760535832237935,-16.589012144269393
194,194,4.146746516536163e-05,4.319731114695682e-05,-16.72918418269113,-16.56121371697727
195,195,4.126903046742826e-05,4.283092762067865e-05,-16.751391615792762,-16.598206059966774
196,196,4.1325371282639644e-05,4.276410599184026e-05,-16.744886819986583,-16.60498689043017
197,197,4.122483075014916e-05,4.2786977581655315e-05,-16.753716853442896,-16.602664767770637
198,198,4.114219619932743e-05,4.3214666029119765e-05,-16.765411106740444,-16.559469252863593
199,199,4.118696488524048e-05,4.263586092029551e-05,-16.759039611989866,-16.61803049472742
200,200,4.110356050809922e-05,4.269488482876975e-05,-16.768672955517435,-16.612022399611426
201,201,4.1009695085393235e-05,4.228096613109014e-05,-16.778674082206976,-16.654331838370457
202,202,4.0930301148580034e-05,4.2814153474816854e-05,-16.787988908210195,-16.599907247936095
203,203,4.0889428156642865e-05,4.256616107580301e-05,-16.791707261086113,-16.625136022013244
204,204,4.096064029787139e-05,4.260451877550957e-05,-16.78251547871396,-16.621224220797988
205,205,4.0577891210427736e-05,4.268159203715377e-05,-16.8229268320298,-16.613374759490043
206,206,4.079297172417504e-05,4.230739690875022e-05,-16.8010602918429,-16.651617814632147
207,207,4.065104963281312e-05,4.182237247924173e-05,-16.817251447393723,-16.701694207008735
208,208,4.061399514969323e-05,4.2031436973239146e-05,-16.81993531759192,-16.68003848383322
209,209,4.075628199531173e-05,4.22137662481921e-05,-16.805454830771687,-16.66123985349961
210,210,4.103734023636807e-05,4.242800337363549e-05,-16.77504834113943,-16.639254916155753
211,211,4.035821330410155e-05,4.1860371838035794e-05,-16.847385749232785,-16.697750045495145
212,212,4.0555859160712755e-05,4.201013239492711e-05,-16.82626164701334,-16.682240361087043
213,213,4.053985616075206e-05,4.1689611527161964e-05,-16.828064419464393,-16.715502380328402
214,214,4.037055287815597e-05,4.171413791865282e-05,-16.848014615182787,-16.712948136217488
215,215,4.053261189480893e-05,4.190348236558126e-05,-16.829679455400964,-16.693279700605682
216,216,4.0354129335346164e-05,4.147327203291321e-05,-16.846259292262168,-16.738097859582613
217,217,4.026823076743575e-05,4.209092941508923e-05,-16.859212195442105,-16.673895707630592
218,218,4.039966467841163e-05,4.2474313216332936e-05,-16.844277427070747,-16.634517210061585
219,219,4.105123665907478e-05,4.252025093209293e-05,-16.774033017158608,-16.629822674920824
220,220,4.0565912583878876e-05,4.171472056967966e-05,-16.82537786749469,-16.712887475642617
221,221,4.064255260824005e-05,4.2196979177931914e-05,-16.81713888679738,-16.66296724781194
222,222,4.072534899286129e-05,4.1767919786874894e-05,-16.80919304266098,-16.707352401644428
223,223,4.054321980970364e-05,4.173640014701768e-05,-16.828026769518736,-16.710630988027148
224,224,4.033001611797144e-05,4.1506043520425204e-05,-16.850369656110885,-16.734667492186766
225,225,4.016562526941794e-05,4.151932214307109e-05,-16.8672444773837,-16.73327831851786
226,226,4.033394082201544e-05,4.1306674431421254e-05,-16.8506852871927,-16.755578546584672
227,227,4.009022452066216e-05,4.2072135808044355e-05,-16.879060479498527,-16.675835266259703
228,228,3.9836855611395444e-05,4.155857612587217e-05,-16.90347701403433,-16.72917426924673
229,229,4.018365218575333e-05,4.1338758628147555e-05,-16.865487927756927,-16.752206553776674
230,230,4.262502882260584e-05,4.283485740368058e-05,-16.612069259933985,-16.597807608455817
231,231,4.1261887933624444e-05,4.272527880139502e-05,-16.75089722773816,-16.60893180961713
232,232,4.0881411532797013e-05,4.235006896411314e-05,-16.79271452439069,-16.647239644424943
233,233,4.0838992624896454e-05,4.2690841119589384e-05,-16.793120704289265,-16.61243374719096
234,234,4.0816481243344935e-05,4.2324739345196194e-05,-16.798355289967475,-16.64983794119635
235,235,4.087759606187957e-05,4.1654738245262324e-05,-16.790234795951836,-16.719136765819464
236,236,4.0762221914585246e-05,4.209674673467433e-05,-16.804288595470936,-16.673295517694285
237,237,4.093682691370876e-05,4.2466147868636704e-05,-16.785591486095342,-16.635352186800098
238,238,4.060157812794565e-05,4.223442699999156e-05,-16.82323923289684,-16.65911479899403
239,239,4.061538806426958e-05,4.174880871831096e-05,-16.82116661575663,-16.70933998710521
240,240,4.051506352270641e-05,4.230010295271457e-05,-16.82986269087594,-16.65236661937654
241,241,4.042866915829249e-05,4.201704809690311e-05,-16.841857451332107,-16.681525484972944
242,242,4.0353260327222965e-05,4.214770332940756e-05,-16.848653547221197,-16.668041718638975
243,243,4.089833496014837e-05,4.1769276082815944e-05,-16.793383268547608,-16.707211378992916
244,244,4.020693828801855e-05,4.1744275988189895e-05,-16.863080109962432,-16.70981153266815
245,245,4.0182889091569846e-05,4.189835798522261e-05,-16.86482925986043,-16.693810832167088
246,246,4.039262432680638e-05,4.130179551889581e-05,-16.84653523075997,-16.75609154114594
247,247,4.039750278137682e-05,4.179028856972429e-05,-16.84434006377144,-16.70502716289613
248,248,4.016267068680501e-05,4.150495672212472e-05,-16.870107848545445,-16.734781209767206
249,249,4.0531509062161276e-05,4.164558173981373e-05,-16.828563431320774,-16.720091532813534
250,250,4.0007628768696883e-05,4.2010769232690924e-05,-16.885826651976622,-16.682174526248016
251,251,4.03349732766504e-05,4.185129824020949e-05,-16.850986177084344,-16.698691518405365
252,252,3.9908716606771926e-05,4.097286000614986e-05,-16.896155114994006,-16.790818064963236
253,253,3.9876919209305436e-05,4.1094463277228276e-05,-16.899361406670643,-16.777947737005977
254,254,4.041032828813654e-05,4.165138134818622e-05,-16.842990642639613,-16.719486771769656
255,255,4.0077464178729006e-05,4.143769853582949e-05,-16.87877269208941,-16.741824597872494
256,256,4.024941786015334e-05,4.105100359945362e-05,-16.85978886363407,-16.782543072749128
257,257,3.9641726054713254e-05,4.170157243558941e-05,-16.925392440316067,-16.714256551616696
258,258,3.988301852455761e-05,4.0715827612745526e-05,-16.89878812407267,-16.818148193960923
259,259,4.0475911294745e-05,6.43886650275243e-05,-16.834043284253713,-14.82768665385291
260,260,4.242997821381426e-05,4.22760147461974e-05,-16.633011503346818,-16.65484045613728
261,261,4.079214198372001e-05,4.209860870966957e-05,-16.800956809127506,-16.673103429790686
262,262,4.070635686824146e-05,4.174830437956476e-05,-16.809566163381533,-16.709392451562092
263,263,4.093208548342257e-05,4.181147175442771e-05,-16.788016510150946,-16.702826314400347
264,264,4.062919417509003e-05,4.217259035948174e-05,-16.817357039338972,-16.66547808901361
265,265,4.061218433636577e-05,4.216729384528375e-05,-16.82092021151647,-16.666023559739404
266,266,4.1213983309979685e-05,4.1936616119193404e-05,-16.75732132171557,-16.689847021644727
267,267,4.1098783973192786e-05,4.194291633259701e-05,-16.76886170925131,-16.689194622223518
