,epoch,train_loss,test_loss,train_dbs,test_dbs
0,0,0.0001598532346422909,0.00014940987028622707,-10.869641936240262,-11.171987976219107
1,1,0.0001385588267609266,0.00013275458140445776,-11.489498445856386,-11.685285686697
2,2,0.00012587974144724322,0.0001233807813964392,-11.908934715097521,-12.003305699328909
3,3,0.00011833020857686523,0.00011847453654474138,-12.174033080412205,-12.17953067850324
4,4,0.00011446377572713939,0.00011478567237071202,-12.319253678932991,-12.31690403829191
5,5,0.00011157770855676325,0.00011222943392471949,-12.433706351302403,-12.414713139471987
6,6,0.00010930736554899377,0.0001104214836806549,-12.519940998796262,-12.485245080773325
7,7,0.00010743352397616243,0.00010878035123153638,-12.596730690470114,-12.55027629590279
8,8,0.00010587290330242711,0.00010732600065622184,-12.6588200353208,-12.608731400037813
9,9,0.00010474278453855113,0.00010634327573873299,-12.706764258376877,-12.648680523795605
10,10,0.00010369337362191669,0.00010546689123944624,-12.750126822415972,-12.684619414688957
11,11,0.00010298249193529609,0.00010431213204834708,-12.780559863304351,-12.732432642365145
12,12,0.00010217379940044826,0.00010410096384523633,-12.814623111629551,-12.7412333577285
13,13,0.00010135790396760189,0.00010281437732230283,-12.850303815301158,-12.79524236696349
14,14,0.00010080377596188049,0.00010274638234956288,-12.873254832382838,-12.798115468092544
15,15,0.00010026807278111461,0.00010204580872883333,-12.894701339162717,-12.827829144469643
16,16,9.984802477212968e-05,0.00010155078742077182,-12.915271961624475,-12.848947910718172
17,17,9.915529517456889e-05,0.00010102156834603336,-12.941795253353101,-12.87163979736752
18,18,9.881045813936279e-05,0.0001007207576644999,-12.959046818497768,-12.884591022674321
19,19,9.858306316111582e-05,0.00010017919818270265,-12.969148144269571,-12.908005349797676
20,20,9.81273382815734e-05,9.983022602299523e-05,-12.988643776033161,-12.923160319389055
21,21,9.78304624837132e-05,9.943501400381425e-05,-13.001559965383102,-12.940387470912873
22,22,9.728045634548515e-05,9.922212675998085e-05,-13.027831607037932,-12.9496955471593
23,23,9.712273796261816e-05,9.844264614481577e-05,-13.034543531400002,-12.983948072759013
24,24,9.665193617375106e-05,9.846048066576354e-05,-13.054456723612894,-12.983161347410196
25,25,9.641740123078842e-05,9.82151499269285e-05,-13.066479952504896,-12.99399602388304
26,26,9.609110491079057e-05,9.798213125721209e-05,-13.080439328579192,-13.004312045533318
27,27,9.594406620851362e-05,9.777846150284044e-05,-13.087418652870895,-13.013348867615013
28,28,9.561237555354852e-05,9.732796177942011e-05,-13.101066511388595,-13.033404577559274
29,29,9.525082511863355e-05,9.697031284878521e-05,-13.119103810429557,-13.049392895804274
30,30,9.51688730076301e-05,9.660285554434124e-05,-13.122780355614674,-13.065881221398934
31,31,9.48692925037941e-05,9.64320455463358e-05,-13.135916563498508,-13.073567070800227
32,32,9.443488873039689e-05,9.6442923102969e-05,-13.155666355202687,-13.073077213266046
33,33,9.429632861901689e-05,9.586478699930012e-05,-13.160466035284797,-13.099189746757052
34,34,9.402812571989699e-05,9.565481856330542e-05,-13.173985558295287,-13.108712340477169
35,35,9.378686756706921e-05,9.559955957995139e-05,-13.186762913944643,-13.111221948094734
36,36,9.347847452838473e-05,9.516156646177958e-05,-13.201216578625175,-13.131165039493098
37,37,9.318128653943596e-05,9.493909563293288e-05,-13.212415609342417,-13.141329959109447
38,38,9.325545285072312e-05,9.485546539317032e-05,-13.210962305811698,-13.145157271525925
39,39,9.260183295052614e-05,9.49434164029203e-05,-13.241351447876342,-13.141132311991415
40,40,9.234290539716687e-05,9.403555189859809e-05,-13.254317804756957,-13.182860085332106
41,41,9.249196659063095e-05,9.406250357738157e-05,-13.246863136248601,-13.18161552536851
42,42,9.21274187612184e-05,9.396976115807008e-05,-13.26265605199132,-13.185899633127159
43,43,9.189412718189919e-05,9.366782729844807e-05,-13.276213486301746,-13.199876397952329
44,44,9.167341753353183e-05,9.395879897056147e-05,-13.284705592478044,-13.18640629561068
45,45,9.134703307693402e-05,9.313479294130382e-05,-13.300804434503624,-13.22466132955257
46,46,9.134394342029352e-05,9.344049230046374e-05,-13.301435173548938,-13.210429684301307
47,47,9.099838756548106e-05,9.30145542952232e-05,-13.315517867713403,-13.230271769615005
48,48,9.077826261906837e-05,9.281906463193561e-05,-13.326825531688051,-13.239408987502975
49,49,9.052274283921807e-05,9.298388958038566e-05,-13.339731019237231,-13.231703772623874
50,50,9.023238382405438e-05,9.237454919218037e-05,-13.35560023807556,-13.260257543709988
51,51,9.028179042662984e-05,9.242235721199234e-05,-13.352050394847922,-13.258010454182108
52,52,9.007211413040047e-05,9.206755701023595e-05,-13.361078187441082,-13.274714669197236
53,53,8.975968998616811e-05,9.130725007516478e-05,-13.37771000536729,-13.310728231130877
54,54,8.966913709318572e-05,9.149908567594953e-05,-13.380220037273617,-13.301613320195948
55,55,8.930649533963849e-05,9.133872318718779e-05,-13.399532612809788,-13.309231499637589
56,56,8.927978169876295e-05,9.103148400562962e-05,-13.399160878564816,-13.323864636208064
57,57,8.906535795270513e-05,9.128816140889142e-05,-13.410152120337077,-13.3116362607897
58,58,8.886048078810623e-05,9.068365417126762e-05,-13.418126786038114,-13.340490742729989
59,59,8.87480482654694e-05,9.100412410732947e-05,-13.423143425545423,-13.325170122872992
60,60,8.841840290469262e-05,9.049705687701996e-05,-13.442304883570044,-13.349436309110978
61,61,8.821508624547728e-05,9.00119703146629e-05,-13.452439636682127,-13.372778180450169
62,62,8.808569976647105e-05,9.010191876625054e-05,-13.45727356416847,-13.368440467281339
63,63,8.78557401256799e-05,9.031999376786284e-05,-13.467886313089078,-13.357941873775436
64,64,8.783567070927394e-05,8.960799000066657e-05,-13.47209516843816,-13.392313505665003
65,65,8.754543688558714e-05,8.952934532365027e-05,-13.484234680508525,-13.396126775678393
66,66,8.721873513722946e-05,8.916316322651447e-05,-13.5012157771372,-13.41392618854211
67,67,8.720525533810604e-05,8.924278211596079e-05,-13.502854115498199,-13.410049855096942
68,68,8.683935830612023e-05,8.923274665568514e-05,-13.519455489691321,-13.410538252027957
69,69,8.658887776450167e-05,8.887770098609555e-05,-13.531426872585293,-13.427852742155475
70,70,8.657492577823206e-05,8.861912340906106e-05,-13.53282385913337,-13.44050636507809
71,71,8.646184907081181e-05,8.862214216558066e-05,-13.540179542748971,-13.440358427824926
72,72,8.62575010258522e-05,8.807743257708161e-05,-13.54809501749459,-13.46713439694968
73,73,8.592972446103417e-05,8.791458132787069e-05,-13.565887734220027,-13.475171741090486
74,74,8.583060266526857e-05,8.803776788562046e-05,-13.57032368126647,-13.469090634329984
75,75,8.555092389326898e-05,8.791031608492823e-05,-13.586519089355345,-13.475382447480937
76,76,8.541041693815808e-05,8.712247271384848e-05,-13.592102858379107,-13.514478932401502
77,77,8.522837705425343e-05,8.711782069631706e-05,-13.600709032245899,-13.514710835769495
78,78,8.512382649398918e-05,8.684895951055775e-05,-13.605951960485939,-13.528134665560273
79,79,8.512760534133646e-05,8.716323913847048e-05,-13.606387272455178,-13.512447253109496
80,80,8.475668444814276e-05,8.69176227225628e-05,-13.626563030297298,-13.52470246873021
81,81,8.477951212757334e-05,8.677326887233281e-05,-13.622309152611823,-13.531921280776709
82,82,8.44270186846807e-05,8.662674219139215e-05,-13.639750044185073,-13.539261043183915
83,83,8.457358257446591e-05,8.627497070272894e-05,-13.635411044692171,-13.556932658421136
84,84,8.39708462212302e-05,8.639946118867221e-05,-13.666132385752917,-13.550670522229955
85,85,8.393743202347097e-05,8.647291695907418e-05,-13.666392517824013,-13.546979772092625
86,86,8.373715078875845e-05,8.605498633666062e-05,-13.676425182504417,-13.568020463446313
87,87,8.370316419066362e-05,8.551816388621534e-05,-13.679854183053239,-13.595197185266377
88,88,8.359538243012983e-05,8.53468545277505e-05,-13.68899450277743,-13.603905665761566
89,89,8.330334784443846e-05,8.556182767374833e-05,-13.699089216533222,-13.592980334280657
90,90,8.331380035763021e-05,8.536578733535287e-05,-13.700106708867567,-13.602942361133083
91,91,8.29484344330453e-05,8.517532765644749e-05,-13.7216205363471,-13.612642734203382
92,92,8.276152985888178e-05,8.47153913989467e-05,-13.730189110320056,-13.636157646350327
93,93,8.268990338187108e-05,8.48127245645676e-05,-13.733987800237806,-13.631170714107279
94,94,8.265124561898795e-05,8.491943720544346e-05,-13.73408270860282,-13.62570979064943
95,95,8.215875420047297e-05,8.408806714118997e-05,-13.760977676824421,-13.66843716480365
96,96,8.22417454982474e-05,8.437674612076463e-05,-13.754195781547146,-13.653553129596979
97,97,8.191610348936574e-05,8.427397245357402e-05,-13.772545144262418,-13.658846204236465
98,98,8.183606187981007e-05,8.388101827892426e-05,-13.778645264074257,-13.67914392357234
99,99,8.166112070519131e-05,8.412143927815028e-05,-13.78824895129764,-13.66671391676258
100,100,8.173407324422967e-05,8.32498163187043e-05,-13.784590697461452,-13.711948023700568
101,101,8.146236104573862e-05,8.374629281828867e-05,-13.797430159879191,-13.686124950272767
102,102,8.131452566360786e-05,8.302754691899999e-05,-13.80536358807241,-13.723558796135702
103,103,8.116803055787554e-05,8.310653969314636e-05,-13.81466826697833,-13.719428863596647
104,104,8.099904254177279e-05,8.285538091226236e-05,-13.821760593782626,-13.732573680852582
105,105,8.076058600767582e-05,8.262704183212726e-05,-13.834286310816541,-13.744558816650951
106,106,8.080624459196151e-05,8.228212544437204e-05,-13.834567200308266,-13.762725848214558
107,107,8.061245628680612e-05,8.260525684914013e-05,-13.842718535901211,-13.74570400412701
108,108,8.047902137497152e-05,8.206679730823165e-05,-13.851565354645468,-13.774106011013034
109,109,8.01105362023515e-05,8.176113815831119e-05,-13.86976072229978,-13.79031157886126
110,110,7.991543732470708e-05,8.228136797888989e-05,-13.882318190642913,-13.76276582829426
111,111,7.986333644252808e-05,8.164318186525059e-05,-13.882936242693653,-13.796581642721597
112,112,7.972908107271015e-05,8.179178717239808e-05,-13.893582420236344,-13.788683885828855
113,113,7.975864823914814e-05,8.127928212113482e-05,-13.889926122279839,-13.815982271681172
114,114,7.932146437485347e-05,8.141912411175374e-05,-13.913582353519228,-13.808516602996868
115,115,7.93711248858467e-05,8.128483520857499e-05,-13.909822704003414,-13.815685567184097
116,116,7.903814331097913e-05,8.092004894646571e-05,-13.92806890730001,-13.835219495354012
117,117,7.894220125871067e-05,8.114820804238614e-05,-13.936143564880908,-13.8229915237998
118,118,7.897595772651726e-05,8.0420835537983e-05,-13.932067773358837,-13.862095054041607
119,119,7.862472782492369e-05,8.093943707583668e-05,-13.948234300403117,-13.834179067283042
120,120,7.867194953993846e-05,8.060032919992839e-05,-13.949721495215414,-13.852412707086208
121,121,7.855642387270207e-05,8.002574721008147e-05,-13.955405947609954,-13.883483484326495
122,122,7.822009336957036e-05,8.020590834540168e-05,-13.973439716140321,-13.87371724685936
123,123,7.815164161039535e-05,8.002330440304879e-05,-13.977047455993613,-13.883616055885533
124,124,7.803642453377365e-05,8.018306911445076e-05,-13.984973760067207,-13.874954108917718
125,125,7.791274281809125e-05,7.97267294776822e-05,-13.990505116559158,-13.899741373471093
126,126,7.78026149737812e-05,7.948598795337602e-05,-14.000197986109166,-13.912875097578102
127,127,7.763404843815093e-05,7.954089232953265e-05,-14.005895035953086,-13.909876275177488
128,128,7.751272210746898e-05,7.962683823854222e-05,-14.013125454293574,-13.90518614891641
129,129,7.743263759226634e-05,7.932878705967021e-05,-14.019573069968809,-13.921472723709307
130,130,7.716627577295738e-05,7.925694961541969e-05,-14.03113626884416,-13.925407328222942
131,131,7.69832894144839e-05,7.887669122091641e-05,-14.042414030920582,-13.946294021259078
132,132,7.689812095516562e-05,7.880997298726518e-05,-14.048411640934086,-13.94996907679933
133,133,7.696460528039978e-05,7.849930797850615e-05,-14.043669766931075,-13.967122581487331
134,134,7.671316982560176e-05,7.889289056612669e-05,-14.060315073141592,-13.94540217808116
135,135,7.655246286189722e-05,7.857589585718845e-05,-14.067582422181493,-13.96288745144566
136,136,7.630480006613202e-05,7.798016112677655e-05,-14.080876294568236,-13.995939581124965
137,137,7.633853268079921e-05,7.800918568758981e-05,-14.080804982633621,-13.994323418610826
138,138,7.624678581817431e-05,7.793393198976686e-05,-14.086051521495673,-13.998514981371795
139,139,7.599458338743191e-05,7.812486996714909e-05,-14.098737527219946,-13.98788778824965
140,140,7.566771354195037e-05,7.763939663020305e-05,-14.119919484999635,-14.014959346912818
141,141,7.58757064291204e-05,7.701151671905169e-05,-14.107799702461897,-14.05022409551113
142,142,7.55605410115995e-05,7.76871207850299e-05,-14.122627806507264,-14.01229060263246
143,143,7.54045585822074e-05,7.724245101838421e-05,-14.134356071049663,-14.037220401890345
144,144,7.54394403481184e-05,7.68256730608348e-05,-14.132361054229744,-14.060717125790587
145,145,7.525554314476543e-05,7.694334405976788e-05,-14.139769021059927,-14.054070289327807
146,146,7.48945142159877e-05,7.664373620891159e-05,-14.163144562159836,-14.071014188669297
147,147,7.509993767748663e-05,7.670213419355844e-05,-14.15268940453156,-14.067706382121145
148,148,7.477692907769713e-05,7.666376155899151e-05,-14.171486656456247,-14.069879619360687
149,149,7.462507200375746e-05,7.678577324105917e-05,-14.178436143385545,-14.06297324307408
150,150,7.441482409479616e-05,7.620309540805848e-05,-14.19212426420209,-14.096054733696871
151,151,7.449975627301664e-05,7.630475776845982e-05,-14.184369580253051,-14.090264683183449
152,152,7.421287411545432e-05,7.588411168207561e-05,-14.203690651875435,-14.114272317910121
153,153,7.397613695765049e-05,7.61373843201191e-05,-14.216068051280086,-14.099801336663166
154,154,7.389827337225218e-05,7.59695229996731e-05,-14.222057937580422,-14.109386867797049
155,155,7.377429397989151e-05,7.567534339614213e-05,-14.228849858999526,-14.12623685972969
156,156,7.371531821788558e-05,7.528660851101832e-05,-14.232895665173299,-14.148603527165509
157,157,7.36706046454762e-05,7.561696877114867e-05,-14.234520234422021,-14.129588223511858
158,158,7.349529307210799e-05,7.522161927466329e-05,-14.244746082786317,-14.152354082055629
159,159,7.316843245284075e-05,7.515754336246143e-05,-14.262583777497081,-14.156055102368326
160,160,7.338784270519006e-05,7.4942529624279e-05,-14.250630111961005,-14.1684973806482
161,161,7.314101675706531e-05,7.540696587009159e-05,-14.265557318466922,-14.141666197789498
162,162,7.303890668050165e-05,7.525848616894923e-05,-14.273085253122112,-14.150226081277529
163,163,7.289476789739318e-05,7.484145048932221e-05,-14.282963412198402,-14.174358904314177
164,164,7.284139072223682e-05,7.474587810544395e-05,-14.28421926292161,-14.179908380326387
165,165,7.284741056452928e-05,7.463446557889448e-05,-14.28403421586408,-14.186386589342877
166,166,7.232522847582154e-05,7.478108799611953e-05,-14.3142606997827,-14.177863068780232
167,167,7.216454101468379e-05,7.433748013634038e-05,-14.323602264513696,-14.203702508679976
168,168,7.230546348698236e-05,7.408394824443876e-05,-14.315859434543423,-14.218539666620767
169,169,7.203581090956523e-05,7.417432904108672e-05,-14.332233766365775,-14.21324459819891
170,170,7.218999715255497e-05,7.376363837944442e-05,-14.323628236795736,-14.237357562494052
171,171,7.191873351310034e-05,7.399981098531403e-05,-14.34076370705892,-14.223474758960723
172,172,7.192874489323303e-05,7.379070877122056e-05,-14.339917412689115,-14.23576404496912
173,173,7.18511538937107e-05,7.374807051076602e-05,-14.343542320853865,-14.238274240842907
174,174,7.164173593148157e-05,7.362965315175978e-05,-14.35770879210234,-14.245253316834493
175,175,7.168738945260087e-05,7.354250364618278e-05,-14.351473081945239,-14.250396756275768
176,176,7.153627591402049e-05,7.335446418054696e-05,-14.36259379508134,-14.261515372012905
177,177,7.14020331458611e-05,7.324628371095873e-05,-14.368942047240832,-14.26792491496482
178,178,7.137015398763379e-05,7.311572507636523e-05,-14.373288266382808,-14.275672951504866
179,179,7.09118634329139e-05,7.269165316278017e-05,-14.399019213477278,-14.30093540578284
180,180,7.098376489611649e-05,7.293801325814504e-05,-14.39367076497713,-14.286241568370139
181,181,7.07481073178999e-05,7.253958105330209e-05,-14.40823410162188,-14.310030433101403
182,182,7.093310709136596e-05,7.224202655427354e-05,-14.40030959626065,-14.327881658968092
183,183,7.038772253640063e-05,7.228798150256472e-05,-14.431810393909817,-14.32511988217171
184,184,7.030323970482022e-05,7.221639488737932e-05,-14.437726032879779,-14.329422820985489
185,185,7.019793469526027e-05,7.189311758051382e-05,-14.443028371465335,-14.348907695175871
186,186,7.017881407872918e-05,7.216592693064166e-05,-14.445043837559613,-14.332458920660402
187,187,7.016908042264872e-05,7.203617745912389e-05,-14.447015575936542,-14.340274270506406
188,188,6.996732434382681e-05,7.176578142925312e-05,-14.459199896577935,-14.356606682527627
189,189,6.993509646470313e-05,7.167327222353044e-05,-14.4593484828487,-14.362208538105708
190,190,6.984051846696265e-05,7.184440581017713e-05,-14.464327201905958,-14.351851290330682
191,191,6.949673910846108e-05,7.138378369793492e-05,-14.487369392478943,-14.379785223161814
192,192,6.953511700951062e-05,7.16173266195447e-05,-14.486509354304928,-14.365599809902815
193,193,6.935459221251185e-05,7.134862665368833e-05,-14.494748223469372,-14.381924682670341
194,194,6.933918252188866e-05,7.128645244703971e-05,-14.496471895598848,-14.385710836363337
195,195,6.925319634244738e-05,7.143053708683797e-05,-14.50323604886903,-14.376941707270037
