,epoch,train_loss,test_loss,train_dbs,test_dbs
0,0,6.558188371067463e-05,6.019810519463039e-05,-14.739017355346666,-15.119952647787908
1,1,5.1993702185165e-05,4.670679596816435e-05,-15.746332996577145,-16.221980101142023
2,2,4.024756029692296e-05,3.696875663942927e-05,-16.86109754032799,-17.237432420224124
3,3,3.37337320142416e-05,3.438472288651514e-05,-17.62434547566314,-17.55212557703397
4,4,3.2766182615437316e-05,3.3797119325945936e-05,-17.751675880596935,-17.626984012620685
5,5,3.238346897015833e-05,3.325983695839042e-05,-17.806247040555355,-17.696579703753553
6,6,3.2212497674279184e-05,3.2504721036131835e-05,-17.826191270379177,-17.796316431632043
7,7,3.210853421628552e-05,3.297776483553829e-05,-17.84192410422223,-17.733568696005545
8,8,3.164073760419023e-05,3.2673630190210566e-05,-17.904202270743554,-17.773806970623614
9,9,3.165661653782212e-05,3.259375223837866e-05,-17.903360455035486,-17.78443726396024
10,10,3.120295045424502e-05,3.2082788541294194e-05,-17.965680250443025,-17.853059774805487
11,11,3.143396861560177e-05,3.1441525846419515e-05,-17.93420167636693,-17.940744722874467
12,12,3.109472512283132e-05,3.113951482335228e-05,-17.981151323662836,-17.982662446719416
13,13,3.0720460008242954e-05,3.13057285223438e-05,-18.034602879638747,-17.95954271528801
14,14,3.0533356076591295e-05,3.105422164432974e-05,-18.06027741248523,-17.99457437943806
15,15,3.0868282394913345e-05,3.124814391316919e-05,-18.01120336820846,-17.96753860238429
16,16,3.0479102973651006e-05,3.063532408544377e-05,-18.06864492898151,-18.053556073143536
17,17,3.011381642826348e-05,3.073606335659095e-05,-18.11729638410831,-18.03929843593249
18,18,3.0347181029693395e-05,3.11365228729923e-05,-18.085892394011992,-17.98307974607902
19,19,3.000208914844612e-05,3.118309733077982e-05,-18.13565625613314,-17.9765883606327
20,20,3.036589164226244e-05,3.09001121709834e-05,-18.082683583488,-18.016180303609314
21,21,3.0081313656710243e-05,3.08881773985616e-05,-18.123333050957775,-18.017858034424048
22,22,2.9818014865537107e-05,3.062106454882795e-05,-18.163300330029813,-18.055578013488596
23,23,2.9706086427994678e-05,2.988973220022959e-05,-18.179298298604834,-18.160560623720038
24,24,2.9517006698801404e-05,3.0479968891564856e-05,-18.20583916937504,-18.075635669092676
25,25,2.9579729616483576e-05,3.0314195770954127e-05,-18.198092170129257,-18.099320353425526
26,26,2.9262334136706394e-05,2.980026874865871e-05,-18.244181549723763,-18.173579056229737
27,27,2.916227224221112e-05,2.9692254477260194e-05,-18.259386256866648,-18.189349123134303
28,28,2.9353599773495478e-05,3.0140950433346198e-05,-18.229593913274563,-18.12421143543351
29,29,2.926336930107299e-05,2.9419720081741136e-05,-18.244547994219694,-18.229395500754897
30,30,2.9117395823368967e-05,2.8710045291135383e-05,-18.266204316552535,-18.335442087155524
31,31,2.885791420021164e-05,2.9428026161775434e-05,-18.304523803098853,-18.22816952865593
32,32,2.883159771785752e-05,2.9166149416644322e-05,-18.308303987526912,-18.266989899962628
33,33,2.864199206632077e-05,2.8901933163931398e-05,-18.335381674471694,-18.30651193939842
34,34,2.9557306484046833e-05,2.9882356676879634e-05,-18.199914802737915,-18.16163241129463
35,35,2.9413615359856323e-05,2.920515515525997e-05,-18.222699134072773,-18.26118568513857
36,36,2.8937930615826453e-05,2.919175609636831e-05,-18.2936580340222,-18.26317864583349
37,37,2.886826442806626e-05,2.9437131161103025e-05,-18.301495886211224,-18.22682603407371
38,38,2.9258299280664904e-05,2.9468103668094908e-05,-18.245213879960847,-18.222258973045637
39,39,2.8655328737231592e-05,2.960978925234246e-05,-18.335493328333325,-18.201427700182794
40,40,2.860970736721881e-05,2.9314313858202168e-05,-18.34321899499755,-18.2449835294721
41,41,2.8808536223278707e-05,2.91362969284436e-05,-18.312691351502963,-18.271437319528154
42,42,2.854340492217254e-05,2.8936535512146195e-05,-18.351487298651985,-18.301315532568356
43,43,2.8389072672466354e-05,2.8325683256537703e-05,-18.377578992318707,-18.39397691853672
44,44,2.8312081001823788e-05,2.8669818627684818e-05,-18.38742188991636,-18.34153140826259
45,45,2.809631761695143e-05,2.806204620834538e-05,-18.421254858504035,-18.434587509044707
46,46,2.7966313619171414e-05,2.8556756086273755e-05,-18.441880504111307,-18.35869214240718
47,47,2.761250988507677e-05,2.83285867465709e-05,-18.494795993802224,-18.393531773024925
48,48,2.7813069612692715e-05,2.843732851799455e-05,-18.464154970259223,-18.37689291189556
49,49,2.7939167415114725e-05,2.854577743212423e-05,-18.445173464978662,-18.36036210998334
50,50,2.7546301858707274e-05,2.852276386539942e-05,-18.50859152556457,-18.363864798277813
51,51,2.7589775630442147e-05,2.8432897747016366e-05,-18.500570340415855,-18.377569631337938
52,52,2.762032604503887e-05,2.7810119335251665e-05,-18.494693742475665,-18.47375233870385
53,53,2.7357224211037956e-05,2.7632706022766223e-05,-18.537803146952733,-18.50154669626686
54,54,2.7326270421476646e-05,2.7452122594695538e-05,-18.540846323806033,-18.53002156648316
55,55,2.7074178677177077e-05,2.8223965752036556e-05,-18.58281017205206,-18.409600498641787
56,56,2.7483674616117232e-05,2.7344826824111423e-05,-18.515944093287562,-18.54702909012922
57,57,2.722087204337814e-05,2.7607222555640253e-05,-18.558219956250785,-18.50555369997686
58,58,2.7349833929002135e-05,2.7475189486530755e-05,-18.535666437099344,-18.526373900486767
59,59,2.7262320726709057e-05,2.73988596171349e-05,-18.54910330708791,-18.538455991385746
60,60,2.6822337193940238e-05,2.730958476604428e-05,-18.62276536474267,-18.552629894538395
61,61,2.7012496952779984e-05,2.7450918327974106e-05,-18.59222095824476,-18.530212086491947
62,62,2.7552058585120133e-05,2.6953291461196433e-05,-18.504787119744776,-18.609662787290205
63,63,2.7784681592071212e-05,2.8447446120002208e-05,-18.467533488418212,-18.37534802794504
64,64,2.7591197461324273e-05,2.776872851858283e-05,-18.50109889421023,-18.480220917056254
65,65,2.7389381149574902e-05,2.7570428420930465e-05,-18.530747627288335,-18.511345716040083
66,66,2.7232475029862698e-05,2.7960516825643073e-05,-18.556442477858905,-18.450328916272326
67,67,2.7438095110989435e-05,2.6990532205672935e-05,-18.524741123980565,-18.603666381660005
68,68,2.7428835479797046e-05,2.8213960735899347e-05,-18.524547850074505,-18.41114028708394
69,69,2.7219700961122915e-05,2.782391809313068e-05,-18.55721448580389,-18.471598001250065
70,70,2.732178188697495e-05,2.7754409816943255e-05,-18.541654938197205,-18.482460896075583
71,71,2.703302074148747e-05,2.732773330200488e-05,-18.589478957537096,-18.549744756837324
72,72,2.724867022386872e-05,2.7965942392352428e-05,-18.552610608502718,-18.449486276232744
73,73,2.7193636568197164e-05,2.7411520836482706e-05,-18.562649035404654,-18.536449547442384
74,74,2.7112782864258914e-05,2.6864285533328686e-05,-18.575004341041055,-18.624027915090934
75,75,2.7156580228582936e-05,2.8119379701246017e-05,-18.570015336756903,-18.4257235018268
76,76,2.716270052784689e-05,2.74962068559896e-05,-18.567481822480655,-18.52305299957023
77,77,2.7008060700159288e-05,2.724943317987613e-05,-18.59161720756712,-18.562206134550994
78,78,2.6983957909156817e-05,2.7702129572341954e-05,-18.59540683134639,-18.490649300443813
79,79,2.7277604381994287e-05,2.80273750257421e-05,-18.549029176634185,-18.43995661604285
80,80,2.682599002470205e-05,2.6977134104144123e-05,-18.622745037064703,-18.605822754940288
81,81,2.7090287966126835e-05,2.7445597592496167e-05,-18.57708206758503,-18.531053949049607
82,82,2.6996933698195715e-05,2.7856363790066863e-05,-18.591420180570214,-18.46653660850592
83,83,2.7245568021827078e-05,2.7442640681616276e-05,-18.554799657519084,-18.531521870819457
84,84,2.6543598558175253e-05,2.7607221119595987e-05,-18.667819678933586,-18.505553925883728
85,85,2.6985569927570188e-05,2.756790816324371e-05,-18.594633354088202,-18.51174272983299
86,86,2.6759488184662707e-05,2.673705057532061e-05,-18.63082895261646,-18.64464588768797
87,87,2.6893686031284814e-05,2.7263966809474177e-05,-18.610769636105925,-18.559890419410408
88,88,2.6739047975705446e-05,2.6864327082876116e-05,-18.639357987309822,-18.62402119809666
89,89,2.683480080619476e-05,2.6596189089009147e-05,-18.618730012135288,-18.667586743653462
90,90,2.673592101102971e-05,2.7180683805215123e-05,-18.63632466678488,-18.573177079160786
91,91,2.6562058750285585e-05,2.7512746926636044e-05,-18.66708514266411,-18.520441329602136
92,92,2.6409210270863585e-05,2.6938004482776467e-05,-18.690920066419842,-18.612126654760658
93,93,2.7725856759304604e-05,2.75402013166489e-05,-18.479662893038817,-18.516109757377404
94,94,2.6968480034559706e-05,2.7516711940590637e-05,-18.598012040220866,-18.519815488927133
95,95,2.70110429332864e-05,2.6917641949502897e-05,-18.592102597604118,-18.615410743559334
96,96,2.6721448315602737e-05,2.7403438396408763e-05,-18.636519039515264,-18.537730277811974
97,97,2.6718022220932455e-05,2.6946059829481927e-05,-18.63819493714295,-18.610828165979342
98,98,2.6664942291147583e-05,2.6732699361194757e-05,-18.648686003573292,-18.64535272035162
99,99,2.675199209182576e-05,2.7479277808819652e-05,-18.634841035742763,-18.525727716145084
100,100,2.697919401341387e-05,2.6744913587830715e-05,-18.59833241158549,-18.643368872895298
101,101,2.6801592744940882e-05,2.7325067620902127e-05,-18.62539405472994,-18.550168409632718
102,102,2.676991485695345e-05,2.6840503012767602e-05,-18.63057501863652,-18.62787435724264
103,103,2.659082012317028e-05,2.6612920727960666e-05,-18.66120102975859,-18.66485545995624
104,104,2.662722175786651e-05,2.678221253996813e-05,-18.653300894562847,-18.637316341071635
105,105,2.6567799968407345e-05,2.7091426952545972e-05,-18.662724998965686,-18.58746205647015
106,106,2.668599958757188e-05,2.693205677037201e-05,-18.646181687869866,-18.613085650769797
107,107,2.6860840023932114e-05,2.6973429397146804e-05,-18.615544177181903,-18.60641920239296
108,108,2.675275219499059e-05,2.6553092634697494e-05,-18.634707553954996,-18.67462975751635
109,109,2.6475770018524346e-05,2.682715287511727e-05,-18.678171108928655,-18.63003502222338
110,110,2.6516577601852857e-05,2.6751816269672035e-05,-18.67345028929751,-18.642248132745895
111,111,2.6303565719740383e-05,2.665529848998535e-05,-18.70626448404591,-18.65794536145635
112,112,2.6436649163442032e-05,2.7154511515522916e-05,-18.687685930119812,-18.57736091683877
113,113,2.6252214401839156e-05,2.6431872308756666e-05,-18.71604454627176,-18.694501587405497
114,114,2.633041847580036e-05,2.672464908851237e-05,-18.702911970765815,-18.646660749698977
115,115,2.651351013875833e-05,2.6590004620773373e-05,-18.671775777463026,-18.66859673525206
116,116,2.6217807101499237e-05,2.6467203401568296e-05,-18.720472565941694,-18.68870031366933
117,117,2.6248304999809107e-05,2.653323616342325e-05,-18.718223249545808,-18.67787863778435
118,118,2.632051360968635e-05,2.62706497252159e-05,-18.704073188504733,-18.7210727244599
119,119,2.6091575997157897e-05,2.6625310151997072e-05,-18.738822727225806,-18.662834108569776
120,120,2.6509158966085304e-05,2.651324307647117e-05,-18.673961124580693,-18.681152328281836
121,121,2.6137378675408288e-05,2.5855313077428083e-05,-18.73460269663915,-18.790282853926115
122,122,2.63215769683887e-05,2.7059357211998614e-05,-18.703503966295052,-18.592606104963252
123,123,2.6442492695029623e-05,2.6514332938332747e-05,-18.683404575536986,-18.680973809470245
124,124,2.655509732781847e-05,2.6627254268724326e-05,-18.666468412148674,-18.662517008660547
125,125,2.646449084028232e-05,2.6932920694602408e-05,-18.679954621914906,-18.612946340389016
126,126,2.6352089343603927e-05,2.690356440756372e-05,-18.70198938387522,-18.617682635750604
127,127,2.6422440830933784e-05,2.707686029392981e-05,-18.68668803776545,-18.589797821520456
128,128,2.623515953843904e-05,2.7372844813630525e-05,-18.718018247002245,-18.542581510785503
129,129,2.6547419514189614e-05,2.644175028284448e-05,-18.668590471178625,-18.692878869128084
130,130,2.6176068898813665e-05,2.6225440371107605e-05,-18.726367424486913,-18.72855296835523
131,131,2.6112667582470075e-05,2.6266696582560573e-05,-18.737866270349357,-18.721726289272468
132,132,2.6100158476727994e-05,2.6488764744595084e-05,-18.741137474919295,-18.685163800923288
133,133,2.6254552403301693e-05,2.612238916442852e-05,-18.714534044097537,-18.7456519115681
134,134,2.6249089537439843e-05,2.67467151532305e-05,-18.71787191404932,-18.643076337434845
135,135,2.622780643317119e-05,2.6277210437049353e-05,-18.71955439870373,-18.719988272703873
136,136,2.6177407112440632e-05,2.621817685921039e-05,-18.72712860985416,-18.729755975822282
137,137,2.5940308538319533e-05,2.5916943789190172e-05,-18.768491689407337,-18.779942995361978
138,138,2.626971842435467e-05,2.6494892536950493e-05,-18.713712751135557,-18.684159239685123
139,139,2.6261014072494534e-05,2.6124678601933593e-05,-18.71344898787512,-18.745271300705802
140,140,2.567629120882706e-05,2.62612318597109e-05,-18.813702669398655,-18.72262992246635
141,141,2.5836492465348728e-05,2.5869117196539026e-05,-18.78649163811137,-18.78796477990655
142,142,2.5954742631790968e-05,2.6227083301484144e-05,-18.763411126936525,-18.728280906861535
143,143,2.583576529151784e-05,2.6038221748374207e-05,-18.78611878556666,-18.759667650814404
144,144,2.558595557256359e-05,2.6323731378253894e-05,-18.82832921882634,-18.71230635955611
145,145,2.5905721917503618e-05,2.5899021956751024e-05,-18.771196973290127,-18.782947225093967
146,146,3.007292260233428e-05,2.6445777908329066e-05,-18.125888278360154,-18.692217399179935
147,147,2.6226561503696674e-05,2.6078133343712818e-05,-18.721671619513764,-18.753015846797247
148,148,2.6243456342910447e-05,2.648658894605959e-05,-18.718952589479095,-18.685520546931535
149,149,2.5866916366419563e-05,2.6385945028251673e-05,-18.77983718604434,-18.70205433022027
150,150,2.627983092717147e-05,2.662725618345001e-05,-18.71249319070107,-18.662516696365948
151,151,2.5964745254521067e-05,2.656048902855745e-05,-18.762077439764077,-18.67342019380043
152,152,2.6125982819309882e-05,2.6436153635394905e-05,-18.73775679537382,-18.6937981919202
153,153,2.592660931656713e-05,2.6334844829091852e-05,-18.76952730365815,-18.71047322588896
154,154,2.6077758166044903e-05,2.6100037518374035e-05,-18.745698314636552,-18.749369546979658
155,155,2.5824414497600226e-05,2.630140117712711e-05,-18.787595641037843,-18.71599200678977
156,156,2.5948575873287353e-05,2.6019974029622972e-05,-18.767337835727155,-18.762712275687438
157,157,2.5952735892677027e-05,2.6548327744086764e-05,-18.765631105748422,-18.67540915877903
158,158,2.5897860404697474e-05,2.6220455382779045e-05,-18.774702487310456,-18.7293785631511
159,159,2.5913423574895635e-05,2.6278098582559706e-05,-18.770573346606344,-18.71984148764961
160,160,2.6237171115689746e-05,2.6116849097123025e-05,-18.71770124926329,-18.74657306614433
161,161,2.5861575804154518e-05,2.669970097868875e-05,-18.780617412664213,-18.65071688784732
162,162,2.6214150548372515e-05,2.6250944995952425e-05,-18.723269996704246,-18.72433144332915
163,163,2.5862800565349616e-05,2.6368578753470884e-05,-18.783171478194888,-18.70491364048991
164,164,2.5789510331866115e-05,2.6296691047671055e-05,-18.79357059028174,-18.716769823303927
165,165,2.582933482643188e-05,2.610335056823188e-05,-18.78704318438928,-18.748818303343487
166,166,2.566855710966527e-05,2.6034490618162397e-05,-18.813144276022108,-18.760290014886248
167,167,2.5838729466018195e-05,2.6686662175435278e-05,-18.78412925337487,-18.65283828368013
168,168,2.5549695865922012e-05,2.5448817866976913e-05,-18.833713229758107,-18.859104727699172
169,169,2.580927365173564e-05,2.6620894603088107e-05,-18.789960436380852,-18.663554403486174
170,170,2.579379933073123e-05,2.5987256728847952e-05,-18.79324531550709,-18.768176494741812
171,171,2.5978597102611154e-05,2.6434385099013237e-05,-18.76302707004878,-18.694088737698735
172,172,2.595192779257015e-05,2.6059356873462858e-05,-18.767245993258854,-18.75614392900364
173,173,2.5650039910051982e-05,2.665761913751914e-05,-18.816999339778018,-18.657567275069837
174,174,2.5732636749660405e-05,2.5967092465419372e-05,-18.804526903831974,-18.77154761916708
175,175,2.58311844667445e-05,2.613119843437361e-05,-18.78445752895502,-18.74418758441324
176,176,2.603857788439125e-05,2.6246872182941604e-05,-18.751684458614605,-18.72500530000168
177,177,2.5679084942145056e-05,2.634694781016534e-05,-18.810252391822946,-18.708477751656236
178,178,2.5688452643810978e-05,2.6318804789058814e-05,-18.81107515307205,-18.713119234719066
179,179,2.578870894514281e-05,2.598512822403695e-05,-18.791912186433755,-18.768532221305247
180,180,2.605154650998734e-05,2.6168617439811658e-05,-18.746925969683502,-18.737973080564092
181,181,2.5552282206319303e-05,2.6084541356172658e-05,-18.831085408048867,-18.751948813911646
182,182,2.5561735625516805e-05,2.5931418158028175e-05,-18.832896045389734,-18.777518178668604
183,183,2.536714238942164e-05,2.5537084806465398e-05,-18.864064061291657,-18.844067675870846
184,184,2.538890459112098e-05,2.5942074372371854e-05,-18.861039783072233,-18.775733862661802
185,185,2.5393037513194285e-05,2.6136193187803176e-05,-18.859125177627813,-18.743357547255382
186,186,2.548182807735542e-05,2.550710910566666e-05,-18.84479827488985,-18.84916846479387
187,187,2.5257014601368975e-05,2.5905299959336653e-05,-18.884653273493008,-18.781894609484763
188,188,2.5289693064795636e-05,2.537505899549854e-05,-18.878716973665945,-18.87171025696652
189,189,2.5441925047453343e-05,2.58204136595228e-05,-18.850800577025705,-18.796148906666655
190,190,2.5420059088348127e-05,2.605341107578409e-05,-18.85363619194898,-18.757134944156057
191,191,2.5180024262151644e-05,2.530459603708311e-05,-18.896452223302497,-18.883786777107574
192,192,2.5186767443395267e-05,2.620861088967343e-05,-18.896826930019735,-18.731340832727863
193,193,2.5049350820013715e-05,2.5453028253028415e-05,-18.917535697240925,-18.858386267536172
194,194,2.514694591171946e-05,2.5708591477412386e-05,-18.901406590985935,-18.814998031639732
195,195,2.4956225425955483e-05,2.5783108771735753e-05,-18.935845278093343,-18.802428055442906
196,196,2.520113284657613e-05,2.5387161976572027e-05,-18.892853824078184,-18.869639323940447
197,197,2.5266949855857504e-05,2.5212781972521426e-05,-18.879777481903442,-18.899573180549677
198,198,2.509620219253642e-05,2.5813327929905715e-05,-18.912205769124665,-18.797340876567553
199,199,2.5240237537030964e-05,2.5191390944344578e-05,-18.88570312918654,-18.903259385686894
200,200,2.5128699403982873e-05,2.5570927965944928e-05,-18.90576727665498,-18.838315975202736
201,201,2.482375128744662e-05,2.534264671052561e-05,-18.958865371188384,-18.8772611698992
202,202,2.910087570534856e-05,2.6596588213578798e-05,-18.26937772842053,-18.667521570294603
203,203,2.5648952801348808e-05,2.5919514021217382e-05,-18.81712124666722,-18.779512318716737
204,204,2.5396798836360158e-05,2.5727895454589377e-05,-18.858393057867048,-18.81173824013358
205,205,2.530583519869323e-05,2.614790441600091e-05,-18.873614812467274,-18.74141197600112
206,206,2.53454440117474e-05,2.573396283734933e-05,-18.867914697677836,-18.810714168733163
207,207,2.5190596950535072e-05,2.5613789579150953e-05,-18.895584492895424,-18.83104248915275
208,208,2.5113252152166133e-05,2.602756409798626e-05,-18.90766287126356,-18.761445616418087
209,209,2.5317193249815993e-05,2.5910343442534978e-05,-18.87324484917295,-18.781049167148925
210,210,2.568322826246191e-05,2.6088998454629053e-05,-18.810344274640617,-18.75120679285015
211,211,2.5323109728504408e-05,2.58279294365294e-05,-18.871534694393763,-18.794884951113172
212,212,2.5149097147976173e-05,2.5970196714440947e-05,-18.901573723922947,-18.771028470692674
213,213,2.5330414433652157e-05,2.552521417735414e-05,-18.87046350000523,-18.846086914689
214,214,2.521261181361306e-05,2.517698004866313e-05,-18.892483214224946,-18.905744505821268
215,215,2.5346134111948896e-05,2.5333061019314062e-05,-18.868608073471357,-18.878904171263972
216,216,2.517577415590532e-05,2.538749494736916e-05,-18.895310768061947,-18.869582363484742
217,217,2.5383776372428217e-05,2.52821659830117e-05,-18.863275352920578,-18.88763808087219
218,218,2.5150402479150364e-05,2.5686186601983774e-05,-18.902605637266177,-18.818784530870346
219,219,2.5408063237657337e-05,2.5398927582979302e-05,-18.857579847340663,-18.867627065042527
220,220,2.5168182050431815e-05,2.6092982998785662e-05,-18.898471905048876,-18.750543550291983
221,221,2.5392615517028897e-05,2.5350498330417875e-05,-18.85987428403427,-18.87591585379473
222,222,2.5273006443611165e-05,2.5604811143191336e-05,-18.881272108234896,-18.832565094291635
223,223,2.514327722574589e-05,2.5768846171558835e-05,-18.90299029060621,-18.804831133548976
224,224,2.5476055261324947e-05,2.6038060049789858e-05,-18.845331789219056,-18.75969462079017
225,225,2.5101956396742325e-05,2.567012090462652e-05,-18.908714090214527,-18.821501721523855
226,226,2.5225368667587147e-05,2.5359918397857417e-05,-18.889016633323003,-18.874302345715265
227,227,2.4894178103440747e-05,2.5883770209283714e-05,-18.94846744073693,-18.785505507364547
228,228,2.4879984932302943e-05,2.4915155862752153e-05,-18.94782639925854,-18.951144779786624
229,229,2.5143013603549652e-05,2.562413685250488e-05,-18.90180868508448,-18.82928841200935
230,230,2.5194288814559186e-05,2.5416403858750863e-05,-18.895695080775404,-18.86463983649724
231,231,2.485643021968498e-05,2.595326967773297e-05,-18.952000608057983,-18.773860068584135
232,232,2.5055283885260145e-05,2.558800760629023e-05,-18.918980071088317,-18.835416151839535
233,233,2.5268834000711386e-05,2.582603136895494e-05,-18.87801888840263,-18.795204121322534
234,234,2.534409622498548e-05,2.5779618992696907e-05,-18.867942819893308,-18.803015918749466
235,235,2.5108328241613073e-05,2.5498874540636806e-05,-18.906910298379916,-18.85057074191069
236,236,2.5116115288368483e-05,2.5553140355776505e-05,-18.907342406593457,-18.841338059128255
237,237,2.5138059510899222e-05,2.5513797242494645e-05,-18.903415752714487,-18.84802986450503
238,238,2.5106493115710747e-05,2.589256243817018e-05,-18.91080783094349,-18.784030541359623
239,239,2.4893285092158415e-05,2.535000749048777e-05,-18.94725055750487,-18.875999943319954
240,240,2.512855330350408e-05,2.62701183888375e-05,-18.904353070629007,-18.721160563471575
241,241,2.4917904569913835e-05,2.574115770633063e-05,-18.943636722361706,-18.809500109636677
242,242,2.552525705882029e-05,2.554691768876326e-05,-18.837738594071038,-18.84239577611072
243,243,2.6023412575932055e-05,2.5527319896929457e-05,-18.756797072692567,-18.84572865533553
244,244,2.5095852215224685e-05,2.548821679451258e-05,-18.91007066115987,-18.85238633886964
245,245,2.535101589508242e-05,2.6068115786122354e-05,-18.86528717099224,-18.754684450046685
246,246,2.5327290966311713e-05,2.544027436095731e-05,-18.87366853788722,-18.860562956719512
247,247,2.493906632696156e-05,2.5698146840257225e-05,-18.939083356432896,-18.81676279964207
248,248,2.5118723287866404e-05,2.5251886893927706e-05,-18.908358074281054,-18.892842509225467
249,249,2.517522749333215e-05,2.5570509406909542e-05,-18.896757130516757,-18.83838706349777
250,250,2.4804931835552854e-05,2.5540977635261553e-05,-18.961874390079224,-18.84340569536978
251,251,2.5046905629443647e-05,2.5871261785045806e-05,-18.920263117899538,-18.78760475820848
252,252,2.4771705781305856e-05,2.6257039280608296e-05,-18.967273602087364,-18.72332332456567
253,253,2.4808663642333975e-05,2.548809731562965e-05,-18.96054368153743,-18.852406696959655
254,254,2.5283207851879122e-05,2.6392735985849102e-05,-18.879592678820227,-18.700936729184775
255,255,2.4992750358129324e-05,2.5644394363074464e-05,-18.929634525941637,-18.825856394236766
256,256,2.511648418692051e-05,2.5153038222924806e-05,-18.90779643130314,-18.909876355538877
257,257,2.502448782270784e-05,2.5616528977192693e-05,-18.92326602511376,-18.83057803549018
258,258,2.5179567705187585e-05,2.5369765353389084e-05,-18.89618562971059,-18.87261635905482
259,259,2.505735839579372e-05,2.579825482634509e-05,-18.916656791315482,-18.79987758074831
260,260,2.4992921474400535e-05,2.5441214778478943e-05,-18.93156934431604,-18.860402419696214
261,261,2.4837979385056222e-05,2.5116530148232797e-05,-18.95555929214724,-18.91618444955477
262,262,2.517034341302129e-05,2.580838506554229e-05,-18.89729711120361,-18.798172564862977
263,263,2.480895281476797e-05,2.5518726129360547e-05,-18.96257090360066,-18.847190953068555
264,264,2.498345564106916e-05,2.558978724808089e-05,-18.92921404124423,-18.835114111233075
265,265,2.5273192055540196e-05,2.5908148879687743e-05,-18.880882722456384,-18.781417022905668
266,266,2.4927153999763588e-05,2.5778644014376607e-05,-18.941040262949862,-18.803180170871176
267,267,2.5100891190921868e-05,2.523732368181778e-05,-18.910260020288558,-18.895347885230123
268,268,2.4939384715740818e-05,2.5004900491790306e-05,-18.9391530932095,-18.935529557366092
269,269,2.472974180828086e-05,2.4926894567263508e-05,-18.973407802040935,-18.949099095612617
270,270,2.4920036716158046e-05,2.5579281531176285e-05,-18.941167020095293,-18.836897444427546
271,271,2.499350292280199e-05,2.567418012308496e-05,-18.929867644466917,-18.8208150255729
272,272,2.4995962824683263e-05,2.516045596597618e-05,-18.926916474098277,-18.908595790572893
273,273,2.4920463400440455e-05,2.5275984291128178e-05,-18.942452239604044,-18.888700095472274
274,274,2.5025808765311705e-05,2.5110714456164523e-05,-18.922790550907468,-18.917190167867563
275,275,2.4921062166746178e-05,2.474137593373215e-05,-18.941483986884286,-18.981542380917077
276,276,2.4868797941193988e-05,0.0001098037777601827,-18.949866251353498,-12.509608042085246
277,277,4.261745683853058e-05,2.539558313162017e-05,-16.610600626749946,-18.8681989680895
278,278,2.4952703337401115e-05,2.593650424387306e-05,-18.93773921060749,-18.77666645416463
279,279,2.4857601489464887e-05,2.574350870226657e-05,-18.95181716878121,-18.809103477150195
280,280,2.5184613863080042e-05,2.5866619053933965e-05,-18.894259684159486,-18.788384191952403
281,281,2.482352762675986e-05,2.5397236880196845e-05,-18.958750928292915,-18.867916166748135
282,282,2.4877046561198665e-05,2.5134377114897544e-05,-18.949156209001682,-18.913099594021116
283,283,2.492734473111641e-05,2.4641606662618487e-05,-18.939640649977246,-18.999090653857383
284,284,2.4746424032011567e-05,2.526503177298429e-05,-18.971664197997693,-18.890582375900216
285,285,2.4637295431715493e-05,2.5480805465792256e-05,-18.9898352674835,-18.85364934100182
