,epoch,train_loss,test_loss,train_dbs,test_dbs
0,0,0.001002480500958591,0.0009970228083578771,-19.98651648314568,-20.01678671396055
1,1,0.0009979811639851438,0.0009924962313992804,-20.00609969678175,-20.03654898562437
2,2,0.0009973777971739315,0.0009947181464859138,-20.016644340403573,-20.026837241645048
3,3,0.0009945519190502458,0.0009899835996819955,-20.030687086426674,-20.047557649188654
4,4,0.0009911845950649801,0.0009856965441844966,-20.036121011919555,-20.06640531007289
5,5,0.0009887394862556735,0.0009884463200394652,-20.04681170738758,-20.054306760629004
6,6,0.000987266154345317,0.0009797029595478978,-20.05434429677385,-20.09289344949316
7,7,0.0009855132990459114,0.0009837563940029788,-20.065037100187922,-20.0749619683624
8,8,0.0009810128513262752,0.0009771586475452703,-20.082062249984425,-20.10418685196619
9,9,0.0009795200300508553,0.0009773545898497105,-20.08424217032834,-20.10331608107299
10,10,0.0009806365730029713,0.0009767501461809796,-20.090709860099075,-20.106002800504996
11,11,0.0009739271745556178,0.0009729483373169052,-20.10889360795535,-20.12293984710537
12,12,0.0009740043171086185,0.0009670017140084191,-20.117767435551567,-20.14956521074383
13,13,0.000968513396429378,0.0009691322185589295,-20.135429805453885,-20.14000733122063
14,14,0.0009695981976038479,0.0009666605098908277,-20.131149610705496,-20.151097878292266
15,15,0.0009675862029982135,0.0009669965488444033,-20.148098250638636,-20.149588408305824
16,16,0.0009656455607835165,0.0009635692572613296,-20.15186479947911,-20.16500829589914
17,17,0.0009636038790706583,0.0009598963262856399,-20.160650741927522,-20.18159435397681
18,18,0.0009590825029965682,0.0009548485119778075,-20.184276530303997,-20.204492893087213
19,19,0.0009579243559687946,0.0009550105712964738,-20.176516357314963,-20.203755859987513
20,20,0.000953811233426377,0.000953438682604189,-20.200297502691818,-20.21090996941119
21,21,0.0009517515079387147,0.0009497392303800504,-20.205448382284743,-20.22779387395436
22,22,0.0009504912550724351,0.0009441059021475283,-20.222994476836643,-20.253630522787994
23,23,0.0009499175813692363,0.0009521737719248785,-20.224155744911005,-20.216675504869368
24,24,0.0009512739554863692,0.0009457507372931822,-20.22327496643188,-20.24607076409664
25,25,0.0009434533535896503,0.0009390346393430311,-20.246160676435228,-20.27702152019758
26,26,0.000943438828677976,0.0009390433551743627,-20.24759172973436,-20.276981210503692
27,27,0.0009402872894929012,0.0009385916790434797,-20.26821126209118,-20.2790706522904
28,28,0.0009385924060233706,0.0009333905488203623,-20.278441221527853,-20.303203658836388
29,29,0.0009350303408075316,0.0009321773908787259,-20.290412346902123,-20.308851996404638
30,30,0.0009353538877906796,0.0009329282605138264,-20.28920100475226,-20.30535515903752
31,31,0.0009299652109681101,0.0009323601751882387,-20.304666867404862,-20.30800050144204
32,32,0.000931818706113077,0.0009294968668224388,-20.308821603087132,-20.32135834767333
33,33,0.0009303910192102194,0.0009273546533414015,-20.315255226280485,-20.331379094044596
34,34,0.0009273996081001596,0.000924179459137744,-20.32555004827107,-20.346274533065912
35,35,0.0009244101106419621,0.0009218370787015086,-20.343076765867902,-20.357295923428218
36,36,0.0009240528500216446,0.0009190240525640547,-20.34189173983603,-20.37056887117114
37,37,0.0009225027560083599,0.0009157809361472333,-20.35722101502287,-20.385921663859886
38,38,0.0009184616507443878,0.000914937225292976,-20.368173605289627,-20.389924672099884
39,39,0.0009188581859337684,0.0009137985272038924,-20.37572709417296,-20.395333111890928
40,40,0.0009107136386014598,0.0009110338900140242,-20.3969666532525,-20.408492321287994
41,41,0.0009105359726182194,0.0009105169998579903,-20.40953597236953,-20.410957062183115
42,42,0.0009114137477452684,0.0009083434982274316,-20.39525146623376,-20.42133653015069
43,43,0.000910218438426436,0.0009083775834082381,-20.410337200277723,-20.421173566159236
44,44,0.000906797083329947,0.000905115858921291,-20.421448093066328,-20.43679590523783
45,45,0.0009072170798071497,0.0009064304360531663,-20.422040971607615,-20.43049285136384
46,46,0.0009089220272012285,0.000900488003696266,-20.423386672956706,-20.45905833422311
47,47,0.0009038806586891182,0.0009013305013803275,-20.43227897425336,-20.454996969320504
48,48,0.0009029481695609686,0.0008968996668332501,-20.44594948606224,-20.476399022543145
49,49,0.0009014647491228258,0.0008959055596374368,-20.446186385835464,-20.481215332842066
50,50,0.0008981845710071322,0.0008885499065447794,-20.46891121894802,-20.517019394112957
51,51,0.0008961135292300935,0.0008953511377943581,-20.478936338353787,-20.48390375103617
52,52,0.0008956467848002296,0.0008883305678242131,-20.47401966306999,-20.518091583242928
53,53,0.0008919299586157593,0.0008920049999448422,-20.493592065768844,-20.500164762155293
54,54,0.0008918210646838488,0.0008894651576778607,-20.49475893826444,-20.512548244686165
55,55,0.0008937874952926464,0.0008885768321832936,-20.49552563533471,-20.516887792286546
56,56,0.0008899009343687945,0.0008849402963134803,-20.50923213805913,-20.534697935188596
57,57,0.0008922940403338253,0.0008853612633078898,-20.499687273906183,-20.532632483173515
58,58,0.0008855081852237435,0.0008831602631528911,-20.525080458638083,-20.54344244732945
59,59,0.0008883239478160886,0.0008794436243509775,-20.523312444075373,-20.561757601705178
60,60,0.0008855180595233345,0.0008805187719285881,-20.531254371723165,-20.556451457445966
61,61,0.0008857061458780363,0.0008812765590846539,-20.531322109770915,-20.552715463884866
62,62,0.0008808074731466159,0.0008779917567919352,-20.54340158223816,-20.568933264828352
63,63,0.0008805861016111352,0.0008739889599382877,-20.55024651074365,-20.58877818200029
64,64,0.0008801022975359918,0.0008768784219252044,-20.554992253375485,-20.574443817801065
65,65,0.0008814127284063737,0.0008750870627792258,-20.551655449240457,-20.583325016319147
66,66,0.0008777970731373608,0.0008746044753168366,-20.569996708741762,-20.585720696617106
67,67,0.0008749229618655422,0.0008725442519215377,-20.572035212297326,-20.595963030916742
68,68,0.0008787847557297149,0.0008716602766837337,-20.565539327394653,-20.600365101826323
69,69,0.0008716311494186136,0.0008687182409247678,-20.590738598951752,-20.615048242302223
70,70,0.0008717902627600761,0.0008680143755076355,-20.592360336030758,-20.618568471962302
71,71,0.0008732147986482176,0.0008670030112721418,-20.59194147609956,-20.62363159075021
72,72,0.0008677039817503663,0.000863745067219593,-20.61582680267857,-20.63998184776508
73,73,0.0008681887765559032,0.0008638894804263193,-20.610630423789402,-20.639255793067612
74,74,0.0008668937185087923,0.0008621916671185509,-20.61031469382231,-20.64779943760847
75,75,0.0008678564210134299,0.0008593170664665338,-20.61796615959605,-20.662303277604295
76,76,0.0008675569672012682,0.000862248857677179,-20.618359014653663,-20.647511372654286
77,77,0.0008661813641533486,0.0008597945163369571,-20.631634723991404,-20.659890940307335
78,78,0.0008641031826366239,0.0008594230687441794,-20.63582753713892,-20.66176758051588
79,79,0.0008653148879133857,0.000860930974962876,-20.63510813242271,-20.654154316024073
80,80,0.0008652869470359892,0.0008609575452283025,-20.631742354209813,-20.654020285051416
81,81,0.000857451037124529,0.000861183550257824,-20.6626354190145,-20.652880393110806
82,82,0.0008624234205572722,0.0008551674300657684,-20.642640820637904,-20.68332612981987
83,83,0.0008639525718142077,0.0008561795816364649,-20.644431351617392,-20.67818898474934
84,84,0.0008635445133082031,0.0008546668135463015,-20.643088543886854,-20.6858692418084
85,85,0.0008590282787108006,0.0008551006903871894,-20.6614239091102,-20.683665078710973
86,86,0.0008504824111593369,0.0008496463415212929,-20.69515088703142,-20.711455732145566
87,87,0.0008546526018126877,0.0008495631076297478,-20.677167243733336,-20.71188120082281
88,88,0.0008562945661173423,0.0008488013899247898,-20.680989312615317,-20.715776828866012
89,89,0.0008545187685984312,0.0008471934400547884,-20.683221195581133,-20.72401180638608
90,90,0.0008512343989310728,0.0008464134512714258,-20.703025736083486,-20.728012083548933
91,91,0.0008508185051938461,0.0008461290026867861,-20.69955979201068,-20.72947183366118
92,92,0.0008470476755017857,0.0008418173130944764,-20.72321151891674,-20.75165911595663
93,93,0.0008490421640033805,0.0008393732867644806,-20.720517711283442,-20.764286213640464
94,94,0.0008456166449588599,0.0008444971080232216,-20.723572434206154,-20.737855982741284
95,95,0.0008472263172134449,0.0008394634718761632,-20.726673348709596,-20.763819617990947
96,96,0.0008439633811670403,0.0008390306611545384,-20.73814702208004,-20.76605933165544
97,97,0.000840297076831927,0.0008355153412067969,-20.74554504522048,-20.784293363995452
98,98,0.0008415511740880451,0.0008336615283042192,-20.750915814845627,-20.7939400474572
99,99,0.0008410841446206665,0.000834742738669248,-20.75602286168591,-20.788311150788235
100,100,0.0008384365889666238,0.0008296000428105655,-20.77047592192614,-20.81514999151827
101,101,0.000838850540848276,0.0008270730613730848,-20.77037795554316,-20.828398893097333
102,102,0.0008364781232061076,0.0008282889428205396,-20.766466338034164,-20.822019011272054
103,103,0.0008343803965169744,0.0008287858156683413,-20.778450617527238,-20.81941455252486
104,104,0.0008321965524936383,0.0008249591429423736,-20.79589969193035,-20.839513247990837
105,105,0.0008267899801157723,0.0008269492291698331,-20.819455634420198,-20.829049182310023
106,106,0.000827692810940489,0.0008262473918301495,-20.813303879380605,-20.832736633618087
107,107,0.0008333834439045606,0.0008227928069812295,-20.796246543951604,-20.850932785937545
108,108,0.0008249287571537203,0.0008243504041609796,-20.83559579481331,-20.842719097446434
109,109,0.0008250997004521646,0.0008201042533312973,-20.831450070465294,-20.865147006475013
110,110,0.0008261427283287048,0.0008201304957956859,-20.824435810433176,-20.865008039080465
111,111,0.0008201109144606234,0.0008207447306056949,-20.85799707190223,-20.861756618171093
112,112,0.0008248331831748953,0.0008223928069989933,-20.83699129858511,-20.85304461802498
113,113,0.0008242796415213457,0.0008194073667063525,-20.835673511219845,-20.868839008779283
114,114,0.0008250755358717798,0.0008210574466686108,-20.838961127884996,-20.86010220615911
115,115,0.0008227714978292892,0.0008198599649691268,-20.84630510533946,-20.866440852856346
116,116,0.0008262898190878332,0.0008191376569141683,-20.827245234924774,-20.87026873422265
117,117,0.0008223018088118778,0.0008207076308807652,-20.850879337482088,-20.861952934630807
118,118,0.0008268548402522412,0.0008126796793045574,-20.836835583102733,-20.90464364396659
119,119,0.0008204977571743435,0.000814508971464085,-20.855630026953015,-20.894878927073044
120,120,0.0008203457709709086,0.0008148475133470799,-20.859476994278747,-20.893074203856685
121,121,0.0008201504224604092,0.0008174554984036245,-20.858511478137554,-20.879196455980598
122,122,0.000820945040442856,0.0008135000090604942,-20.858843262680796,-20.900262028341782
123,123,0.0008184317674622247,0.0008154061751587218,-20.87103273424031,-20.890097688566406
124,124,0.0008175500378147075,0.0008154513167315408,-20.868437210115115,-20.88985726613732
125,125,0.0008169284676076825,0.0008118241492315734,-20.881475756186877,-20.90921798866954
126,126,0.0008228510238959925,0.0008133240993820915,-20.857625899225184,-20.901201239932572
127,127,0.0008182055478886768,0.0008124965580033237,-20.87467399953058,-20.90562235100347
128,128,0.0008163054002036062,0.0008106770416672685,-20.8830079524922,-20.915358909503702
129,129,0.0008218811840519847,0.0008146207761264554,-20.86392179695281,-20.894282827860362
130,130,0.0008163368083373404,0.0008101558257629605,-20.886000834175753,-20.918152056205898
131,131,0.0008166252573011155,0.0008116580950292317,-20.879904341040472,-20.91010640521096
132,132,0.0008127380806962316,0.0008088578868314231,-20.898651226587432,-20.925115404720984
133,133,0.0008115953286946512,0.0008090072476893271,-20.907178217551767,-20.92431352581031
134,134,0.0008125033484022949,0.0008085216518099371,-20.90368364584841,-20.926921103545148
135,135,0.0008132733229413321,0.0008050151028376268,-20.90042577170955,-20.94579736728371
136,136,0.0008116009874394183,0.0008080205635020608,-20.904997528783284,-20.929613515682185
137,137,0.0008115842416354446,0.0008064525900408626,-20.906511710126438,-20.938049238934383
138,138,0.0008145642110396215,0.0008065405019902085,-20.894817311066298,-20.93757583734673
139,139,0.0008122829681972868,0.0008075941004790366,-20.912823988558102,-20.931906272068545
140,140,0.0008106407890643579,0.0008033115514799169,-20.914914775259636,-20.954997528569205
141,141,0.0008072508991091061,0.0008037499011200117,-20.93338614233785,-20.95262832440155
142,142,0.000807855759516896,0.0008008777850160474,-20.92535568546981,-20.968175177022466
143,143,0.0008047466885212079,0.0008056914850481247,-20.945305946026682,-20.94214991117777
144,144,0.000806404037050634,0.0008031370326582538,-20.93802343855327,-20.955941132519975
145,145,0.0008041339730795895,0.0008001528331078589,-20.94838441921795,-20.972108176570693
146,146,0.0008036241021736996,0.0008014565284707045,-20.949676224219868,-20.965037940334597
147,147,0.0008038854035644879,0.00079897777054851,-20.947521830377845,-20.978490685617786
148,148,0.0008042585782793149,0.0008003411747172082,-20.94259540217321,-20.971086045633236
149,149,0.0008047016087881068,0.0007977294735610485,-20.94193056850914,-20.98528126799763
150,150,0.0008016829756952668,0.0007969431278884018,-20.951208335228117,-20.989564349225315
151,151,0.0008065321923175961,0.0008007998051317898,-20.93539433698399,-20.968598061548885
152,152,0.0008027402650488099,0.0007993017727705208,-20.954668288242036,-20.976729887518864
153,153,0.0008023808777485927,0.0008001590153741601,-20.9641961863136,-20.97207462155899
154,154,0.0008038067710153835,0.0007982080875846901,-20.94612878561318,-20.982676411257355
155,155,0.0008037353592166273,0.0007969182701536307,-20.950961831853885,-20.989699813664796
156,156,0.0008034686631158225,0.000799039219457068,-20.95294172586229,-20.978156685139872
157,157,0.0008016586316912675,0.0007995822295350464,-20.961987486114914,-20.975206314497687
158,158,0.0008014654074603519,0.0007977199918394419,-20.955850436647015,-20.98533288805157
159,159,0.0007998990351046176,0.0007980871320653119,-20.96568996209259,-20.983334564136292
160,160,0.000800729513806819,0.0007961890292599013,-20.96809479669991,-20.99367575826516
161,161,0.0008011469809511273,0.0007970936651537685,-20.961687015832673,-20.98874407325491
162,162,0.0008026490278407624,0.0007951837553838758,-20.96088483580639,-20.999162655608696
163,163,0.0008021840890485447,0.0007985235057084969,-20.957652442853284,-20.980960601875008
164,164,0.0007999450947666905,0.0007977363083658642,-20.975101183711764,-20.985244058575155
165,165,0.0008007901439865687,0.0007970855467168516,-20.960285258634954,-20.98878830657985
166,166,0.0008002823523543391,0.0007967434511029799,-20.970269265574633,-20.990652625021447
167,167,0.0007965190260498257,0.0007950076373833182,-20.987485383395544,-21.000124641398163
168,168,0.0007987074582770313,0.0007972298833345505,-20.967007651481623,-20.988001955327235
169,169,0.0007995264394660049,0.0007958074994875412,-20.974318469148713,-20.99575737433652
170,170,0.0008034844037875073,0.0007947636706950633,-20.960185391403478,-21.00145758012678
171,171,0.0007956221288060481,0.0007940559298731387,-20.984729938299015,-21.0053267161042
172,172,0.0008013080913554301,0.0007925197377947992,-20.96574269930834,-21.013736777658135
173,173,0.0007996230491811467,0.0007952109628700112,-20.970528053884777,-20.99901406279761
174,174,0.0007980771581210272,0.0007935762650480396,-20.984780383547378,-21.007950948514058
175,175,0.0007978603615876787,0.0007927348059111912,-20.97566191839295,-21.012558381455122
176,176,0.0007950889334303432,0.0007975075798305241,-20.99274443972551,-20.98648945487058
177,177,0.0007949651029325791,0.0007957745141251699,-20.98605059147689,-20.995937388445014
178,178,0.0008007662770453572,0.0007927542870962306,-20.96486893012718,-21.01245165639216
179,179,0.0007972199975071263,0.0007942615959205126,-20.98229080663087,-21.004202008625526
180,180,0.0007970716123776414,0.0007935931483332656,-20.982957625735395,-21.007858553618483
181,181,0.0007944917774365581,0.0007956418680566314,-20.994169579799014,-20.996661365606375
182,182,0.0007983983990006609,0.0007965896940348964,-20.970956070484515,-20.991490815661408
183,183,0.0008005048886431169,0.0007943109682712116,-20.964056435079566,-21.003932053825128
184,184,0.0007986711637001753,0.0007957814408368186,-20.972591765904735,-20.995899586033637
185,185,0.0007981090121134424,0.0007957881714805568,-20.978058122104134,-20.995862853974764
186,186,0.0007954363077494901,0.0007905726946008048,-20.99175020119683,-21.02441954670227
187,187,0.0007998890389889939,0.0007910875505522677,-20.974050704835786,-21.021592149259888
188,188,0.0008005585795095594,0.0007915933628713614,-20.97517528279721,-21.018816207442725
189,189,0.0008036570321077231,0.0007965385693272477,-20.956577555764724,-20.99176955252069
190,190,0.0007998516936738466,0.0007935300665466409,-20.966861301637,-21.008203782918855
191,191,0.0007962019653203562,0.0007925972857169415,-20.991251688720347,-21.013311842032603
192,192,0.0007969841928720551,0.0007943554419877106,-20.988810167124505,-21.00368889781018
193,193,0.0008017877452843583,0.0007943929246577777,-20.966556819558043,-21.003483975279686
194,194,0.000798594903263273,0.0007944599369932947,-20.97934105165752,-21.003117634402514
195,195,0.0007995754167120712,0.0007975977404337181,-20.96738269282261,-20.985998499796995
196,196,0.0007975397399895508,0.0007930372222816866,-20.982745856461005,-21.01090192945319
197,197,0.0007994547858354204,0.0007925995741970837,-20.97252035585266,-21.01329930258942
198,198,0.0007970175374606528,0.0007932696699802028,-20.978663614037288,-21.009629152363058
199,199,0.0007981846916738936,0.0007963402129366601,-20.98210161573236,-20.99285118016602
200,200,0.000801166601133408,0.0007929964799826083,-20.968388019800848,-21.01112505403936
201,201,0.0007973465313606886,0.0007933708165135039,-20.981716098738556,-21.009075436739266
202,202,0.0007960551313950305,0.0007907465670110756,-20.987464286644144,-21.0234644982124
203,203,0.0007977135690678027,0.0007949468134412248,-20.976863629597258,-21.00045692138792
204,204,0.0007967311587693534,0.0007946481652508833,-20.988944936555818,-21.002088799499774
205,205,0.0007950979706197593,0.0007956806466130441,-20.99806646186712,-20.99644970124652
206,206,0.0007991783540532685,0.0007930379207736175,-20.968093769687002,-21.010898104272613
207,207,0.0007956427025138257,0.0007949385387626918,-20.98970950179236,-21.000502127757315
208,208,0.0007991936830707739,0.0007926826089571573,-20.97698821576875,-21.012844348404958
209,209,0.0007963304188265705,0.0007944167928623134,-20.98175041198808,-21.003353489804816
210,210,0.0007959374109014254,0.0007944354959028331,-20.994510851862863,-21.00325124458856
211,211,0.000798607933378212,0.0007955156370850378,-20.978520177364842,-20.997350441506732
212,212,0.0007943202010547915,0.0007917186135034028,-20.994781446580795,-21.01812909512026
213,213,0.0007995657662419391,0.0007956197552726065,-20.971034297985742,-20.996782068072157
214,214,0.0007955285014834293,0.0007969308093092159,-20.996584730386818,-20.98963147989156
215,215,0.00079564232986478,0.0007949325127380067,-20.993165202983263,-21.000535049537557
216,216,0.0007955565359731464,0.0007918175573362724,-20.993410979411596,-21.017586376090772
217,217,0.0007982901969598126,0.0007917879112555008,-20.977323818749724,-21.0177489813551
218,218,0.0007957933721439817,0.0007919929308914824,-20.990608944024103,-21.016624597289876
219,219,0.0007975869878080011,0.0007923715686621634,-20.989648370330155,-21.014548808573032
220,220,0.0007993173905523474,0.0007927808359167294,-20.97273518445618,-21.01230621645737
221,221,0.0007968101093603164,0.0007954505057760367,-20.988791881435773,-20.997706026297035
222,222,0.0007951790370892003,0.000790769212854732,-20.992055894743366,-21.023340124303978
223,223,0.000800419440997054,0.0007942089700679246,-20.973555090463968,-21.004489771180047
224,224,0.0007962021579457082,0.0007901944642837503,-20.99320030837662,-21.02649782042901
225,225,0.0007984912636228981,0.0007910197049281315,-20.98530562275255,-21.02196462691714
226,226,0.0007986882587501145,0.0007943900387832208,-20.972430819394894,-21.003499752379824
227,227,0.0007968398420735425,0.0007933626582502926,-20.98613115970796,-21.009120095640725
228,228,0.000800433752880691,0.0007905557316629903,-20.96896566832318,-21.024512732178767
229,229,0.0007974324572696974,0.0007917562953049415,-20.984959467890455,-21.017922397832052
230,230,0.0007943332701748641,0.0007949437988971017,-21.001051174163177,-21.00047339044394
231,231,0.0007973673727036905,0.0007904862163980541,-20.986161022237223,-21.02489463344364
232,232,0.000795767642557621,0.000793418001481577,-20.987727671318858,-21.008817151943752
233,233,0.0007988009343797475,0.0007923747945920025,-20.98069776901127,-21.014531127465684
234,234,0.0007971677756340234,0.0007909668646262665,-20.982878750638694,-21.022254746340046
235,235,0.0007982000152906883,0.0007973556149456846,-20.97969263544998,-20.98731708085561
236,236,0.0007974401826864665,0.000792663406556178,-20.97502478195576,-21.01294955568089
237,237,0.0007927941810099658,0.0007934366371237525,-21.00073464306498,-21.00871514692871
238,238,0.0007934574351031525,0.0007921142754831204,-20.993499952325287,-21.0159592472877
239,239,0.0007918512463070376,0.0007923580675483926,-20.99867796538055,-21.01462280806261
240,240,0.000791980424108579,0.0007922406933319412,-21.01159513227012,-21.01526618827815
241,241,0.0007950611161692164,0.000791278474743625,-20.991479315496324,-21.02054413227968
242,242,0.0007944309750341417,0.0007922414990485107,-20.991750676902903,-21.01526177146284
243,243,0.0007979793062423999,0.0007961947428013541,-20.9754730446583,-20.99364459291961
244,244,0.0007967726830345069,0.0007919863319808716,-20.991932836828077,-21.016660782996752
245,245,0.0007973670222575671,0.0007954594146117176,-20.97987119076776,-20.997657386733888
246,246,0.0008002246973661648,0.0007964052952286837,-20.97817927650061,-20.992496259933425
247,247,0.0007989052587102369,0.000790670955259549,-20.972003097053857,-21.02387979355367
248,248,0.0007972477025534842,0.0007931930748255629,-20.99124718038344,-21.010048511130044
249,249,0.0008011772261318011,0.0007933072323028586,-20.967803894093,-21.009423513299026
250,250,0.0007952587701831513,0.0007883107755333185,-20.993045963060382,-21.036863019069195
251,251,0.0007937366158471049,0.0007930483123728711,-21.001432233655986,-21.01084119672094
252,252,0.000797818060220248,0.0007906751952281123,-20.990410379112305,-21.023856504598882
253,253,0.0007982130256030209,0.0007938552206676258,-20.978746897176222,-21.006424597441654
254,254,0.0007973889179393341,0.0007897706604317614,-20.980941442989423,-21.02882769057441
255,255,0.0007955810425985489,0.0007915908630055032,-20.992066812531398,-21.01882992256103
256,256,0.0007968362794046473,0.0007948605956411676,-20.98791094394389,-21.000927971083993
257,257,0.0007922826442848315,0.0007947357677805581,-20.99848529180576,-21.00161005683116
258,258,0.0007993769345891461,0.0007952996345825101,-20.97941356231098,-20.998529820372053
259,259,0.0007984655310361425,0.0007973456981984016,-20.983936281643917,-20.98737109458957
260,260,0.0007942960544767761,0.0007944469720027165,-20.99836127336586,-21.003188508584437
261,261,0.0007997515668958118,0.0007931172976417369,-20.974281818977477,-21.01046343135481
262,262,0.0008003704733522513,0.0007942410516797712,-20.974801186330893,-21.004314343979864
263,263,0.0007978831117819111,0.0007926820391347926,-20.987404307362016,-21.012847470345505
264,264,0.0007947425804456178,0.0007942241530767397,-20.995849828791794,-21.004406747263573
265,265,0.0007942813951474105,0.0007932733278721571,-20.993568101604865,-21.00960912640356
266,266,0.000798004938615966,0.0007909271792557679,-20.98087373423102,-21.022472651420227
267,267,0.0007977475317377481,0.0007924330420792103,-20.985823081247958,-21.014211889237487
268,268,0.0007932944008456447,0.0007902495746843909,-21.00413111003284,-21.026194941715012
269,269,0.0007987870341502898,0.0007930249220838672,-20.975121438716855,-21.010969290092977
270,270,0.0007958946258703381,0.0007914632718127809,-20.984384648046174,-21.019529988968614
271,271,0.0007972383737256846,0.0007930090405831212,-20.987038875228386,-21.011056264877894
272,272,0.0007968618577711054,0.0007948577097666107,-20.98429422261784,-21.000943738901366
273,273,0.0007962843453626811,0.0007929731540283875,-20.98552519091992,-21.011252803436157
274,274,0.0007940862752670018,0.0007922034220475899,-20.998601280941497,-21.015470508682675
275,275,0.0008023864236785119,0.0007908719371219999,-20.9601594617217,-21.022775994033402
276,276,0.0007962128915583965,0.0007928385350265001,-20.993131348590097,-21.011990145583685
277,277,0.000796409439026695,0.0007923363836629218,-20.985473419777435,-21.014741659893
278,278,0.0007938177063197051,0.0007937026737061771,-21.00000605035003,-21.007259216500614
279,279,0.0007979034538592029,0.0007880058562334039,-20.984950819382732,-21.038543198905675
280,280,0.000797644681801309,0.0007924920278846434,-20.981293179160478,-21.013888628405695
281,281,0.0007959025535137229,0.000790492420109283,-20.991479822091975,-21.02486055028158
282,282,0.0007934367143760253,0.0007902790093794465,-21.00498999870801,-21.02603318158274
283,283,0.0007934844206548152,0.0007934829704218397,-20.999407035159834,-21.008461544974363
284,284,0.0007978573881963402,0.0007939162376140686,-20.98254192909728,-21.00609080477877
285,285,0.0007985570718841531,0.0007926130324209991,-20.97398719546772,-21.013225560652742
286,286,0.0007963844061320283,0.0007946379544017347,-20.99047927620596,-21.002144604623666
287,287,0.0007938179721546926,0.0007949539147758562,-21.00154775840572,-21.000418125626776
288,288,0.0007997828226094854,0.0007932938445408485,-20.97317224566058,-21.009496804956914
289,289,0.0007970865531440478,0.0007924409858931444,-20.98168367957104,-21.014168353227735
290,290,0.0007967694120039952,0.0007912637053155585,-20.983216487572736,-21.020625195283138
291,291,0.0007949774837620633,0.0007935760934886179,-21.00122576550008,-21.00795188739443
292,292,0.0007954812146598454,0.0007953610896181903,-20.990999162033198,-20.99819424179784
293,293,0.0007943426086039273,0.000790927062840446,-20.994578456920618,-21.022473290651465
294,294,0.0007966185575495138,0.0007919891106307899,-20.986611349299274,-21.016645545988723
295,295,0.0007952315397992654,0.0007944973461378954,-20.994725995959165,-21.00291314073553
296,296,0.0007947020829155965,0.0007920793141238391,-20.989449204197616,-21.01615093503998
297,297,0.000797482823698599,0.0007925457872548385,-20.98745584787735,-21.01359403104515
298,298,0.0008008507711659233,0.000793546646539318,-20.96908473144549,-21.008113042512036
299,299,0.0007929302081129677,0.0007927147487766648,-21.002205084016097,-21.012668264520432
300,300,0.0007971473111406199,0.0007932489786885286,-20.990228941048123,-21.009742433272876
301,301,0.000798655355219566,0.0007895411445612186,-20.979262744919758,-21.030089980598106
302,302,0.0007953516378057833,0.0007926785160395268,-20.996219137112796,-21.01286677271591
303,303,0.0007961390140351176,0.0007919652485533765,-20.995689452953318,-21.016776397846773
304,304,0.0007952354847184699,0.0007919091578131836,-20.99676482001994,-21.01708399671779
305,305,0.0007973807382627784,0.0007901513140256467,-20.99102290944534,-21.026734982691202
306,306,0.0007953419873356511,0.0007922985578740114,-20.992985389331757,-21.01494899510908
307,307,0.0007988389187790069,0.0007936402536487501,-20.979666574426027,-21.007600777055014
308,308,0.0007951612555489098,0.0007907457092139674,-20.995100797466467,-21.023469209415314
309,309,0.0007940247485692584,0.0007920210206832149,-20.997714299877572,-21.01647056781891
310,310,0.0007935094937547734,0.000791373533981019,-20.999499175505377,-21.0200224294407
311,311,0.0007953636519870116,0.0007899702545010337,-20.99336884381519,-21.02773026247658
312,312,0.0007991757041044994,0.0007898472862220124,-20.979771427110173,-21.028406346185733
313,313,0.0007958072513706752,0.0007932936300915715,-20.994711664972083,-21.009497978975226
314,314,0.0007982023447972828,0.0007925178200055502,-20.979540640652235,-21.013747287002648
315,315,0.0007955100046489964,0.000795320895696549,-20.98880732469556,-20.998413719965562
316,316,0.000792948724149928,0.0007922839814502942,-21.00479706834485,-21.01502889577982
317,317,0.000797231223784656,0.0007921463233957949,-20.983229547898347,-21.01578354094693
318,318,0.0007939556050690409,0.0007900837625033761,-21.0035695598239,-21.02710628508564
319,319,0.0007954263728419223,0.0007920172555666221,-20.993841818554237,-21.0164912133978
320,320,0.0007985818977515722,0.0007915031593783121,-20.978348944284267,-21.019311122045487
321,321,0.0007963171882852528,0.0007946920967170675,-20.991861435577487,-21.001848710026078
322,322,0.0007964148127339473,0.0007921759909214942,-20.988184709611595,-21.01562089168563
323,323,0.0007961759344943482,0.0007937341364786813,-20.987381317963152,-21.00708706339948
324,324,0.0007973585473421539,0.0007929943140449101,-20.98596362257693,-21.011136916085395
325,325,0.000790997701168982,0.0007930462873589836,-21.00571784742497,-21.01085228625314
326,326,0.0007961135664858769,0.0007949272709849634,-20.993830678331467,-21.000563686835584
327,327,0.0007977749223427213,0.0007908732942795675,-20.986965395416487,-21.022768541429393
328,328,0.000794533794966632,0.0007945069871646794,-21.000801916889916,-21.00286044050502
329,329,0.0007919383609725028,0.0007911786669865251,-21.004708835444635,-21.021091963333987
330,330,0.0007942806378477397,0.0007887963040143644,-21.005635338429613,-21.034188979373077
331,331,0.0007918641648072865,0.0007925027074586404,-21.00932835692158,-21.01383010354183
332,332,0.000800188816243725,0.000794734183919469,-20.97442640874378,-21.001618712070353
333,333,0.0007896529001750282,0.0007880308702097912,-21.017544739267834,-21.038405341307133
334,334,0.0007934610025726797,0.0007930313463714954,-20.998755328058188,-21.01093410807929
335,335,0.0007920574418451521,0.000789619182653137,-21.01067248743252,-21.029660745996125
336,336,0.0007988543456093859,0.0007887476669183295,-20.98262078661969,-21.034456773143898
337,337,0.00079492895117452,0.0007907220217595367,-20.995949062336415,-21.023599307937705
338,338,0.0007976270970869233,0.0007915714247103192,-20.983343657121722,-21.01893656916829
339,339,0.0007943239155436683,0.0007885707707732523,-20.999849526312964,-21.035430895022692
340,340,0.0007924722968456671,0.0007927373578575881,-21.005884234073278,-21.01254440080931
341,341,0.0007965337555884317,0.0007928868412579361,-20.99198415031365,-21.01172554579769
342,342,0.0007980693366916216,0.0007957055257927431,-20.986473246112894,-20.996313909059232
343,343,0.000797041607828638,0.0007914941371908705,-20.988579622744435,-21.01936062669378
344,344,0.000794623117922738,0.0007920900580326194,-20.996682486927824,-21.016092026941145
345,345,0.0007945638151176888,0.0007908352387235745,-21.002059153017324,-21.022977522004915
346,346,0.000792573341744539,0.0007908820284922656,-21.008954413310054,-21.022720579265787
347,347,0.0007965497134887066,0.0007920912589485708,-20.993809136535283,-21.0160854424528
348,348,0.0007935832152575178,0.0007937459189346747,-20.99837911632546,-21.00702259574707
349,349,0.0007925782173862393,0.000792561861759934,-21.00706265037057,-21.01350594783053
350,350,0.0007970414872127633,0.0007943566704757119,-20.981115288996513,-21.003682181356567
351,351,0.0007942251071391493,0.0007911435708305554,-20.992671171453505,-21.02128461773158
352,352,0.0007965982088713532,0.0007922878231559144,-20.987606585460025,-21.015007837326714
353,353,0.0007943638988060051,0.0007892092383515678,-21.001461670516445,-21.031916045554855
354,354,0.0007907232238440631,0.000788192549646881,-21.014351995039867,-21.037514395433252
355,355,0.0007944391097047741,0.0007941664233313579,-21.008119951633624,-21.00472243422677
356,356,0.0007953399176632544,0.0007896906248980054,-20.993262701244674,-21.02926782786703
357,357,0.0007967277173164118,0.0007930342077375634,-20.989170816962847,-21.010918438165888
358,358,0.0007951925472673221,0.0007878238500684107,-20.996207347818935,-21.03954640722399
359,359,0.0007942871469044194,0.0007923491801576395,-20.996448830727694,-21.01467152046382
360,360,0.0007931383473068936,0.0007901381284586693,-21.00452422632113,-21.026807455730957
361,361,0.0007948520888584023,0.0007913040064618384,-20.995890781416907,-21.020404003288412
362,362,0.0007980169822010643,0.0007917285792676634,-20.983318680071015,-21.018074428612323
363,363,0.0007966240428714562,0.0007865358523926453,-20.98525350508547,-21.04665241237911
364,364,0.0007952901477128575,0.000789527560731298,-20.99693649318748,-21.030164700366257
365,365,0.0007957981301702021,0.000793716116612287,-20.99068574264546,-21.007185660864508
366,366,0.000794831787586481,0.0007922631492348094,-20.99356555848376,-21.01514309012666
367,367,0.0007934426305546742,0.0007917928956694117,-21.00006885930217,-21.017721642005604
368,368,0.0007946717603247344,0.0007892208400574562,-20.99142044572455,-21.031852202918845
369,369,0.0007930516833007412,0.0007905596591483214,-21.012856901873327,-21.02449115645802
370,370,0.0007932348178037125,0.0007914185346300272,-21.005041241455828,-21.01977547933349
371,371,0.0007943643926710044,0.0007916174976057128,-20.998712768664838,-21.018683798270793
372,372,0.0007918384028166609,0.0007891279804569326,-21.01288375209171,-21.032363223190433
373,373,0.0007934951572678983,0.0007905544633486945,-21.002061588320252,-21.02451969971211
374,374,0.0007937162881717086,0.0007954860124491939,-20.996011891545557,-20.997512173782503
375,375,0.000795250768730052,0.0007910383497609904,-20.99849124345774,-21.021862262177706
376,376,0.0007922046508198392,0.0007890940607084255,-21.003328932653286,-21.03254990363491
377,377,0.0007966030515087096,0.0007932478696794102,-20.987643877836643,-21.009748504971547
378,378,0.00078976413141456,0.0007907035883123937,-21.01469675928373,-21.023700552590956
379,379,0.0007927989138328691,0.0007901276755881937,-21.009671885843694,-21.026864909659984
380,380,0.0007927089919979425,0.0007917967159301043,-21.002255597289377,-21.017700688115454
381,381,0.0007966237008264384,0.0007898875720504867,-20.994288010467272,-21.028184841761526
382,382,0.0007943712557742814,0.0007900476951985375,-20.996841716887126,-21.027304544937945
383,383,0.0007926171073046772,0.0007898100271919056,-21.008286863664416,-21.02861121835696
384,384,0.0007980973813826814,0.0007919868313413309,-20.982087583495257,-21.0166580446992
385,385,0.00079733310159315,0.0007902167057373413,-20.99075421247646,-21.026375582105867
386,386,0.0007939917202222824,0.0007907961201118795,-21.004332748888896,-21.023192350790488
387,387,0.000796043709491754,0.0007897042301728538,-20.992772839132098,-21.02919300559225
388,388,0.0007936026824196589,0.0007917376474085215,-21.001194606802315,-21.01802468655317
389,389,0.0007953675032938955,0.0007920085887522682,-20.997882268978554,-21.016538737239195
390,390,0.0007933847451361722,0.0007906112433901351,-20.99953500760414,-21.02420778732259
391,391,0.0007938545589700111,0.0007877613840575673,-20.998835958382166,-21.039890769981934
392,392,0.0007927241331907277,0.0007898406597393516,-21.0116772646742,-21.028442781797736
393,393,0.0007948678247294552,0.0007891559415790988,-20.997333566623155,-21.032209342625645
394,394,0.0007950916019815606,0.0007866037286523925,-21.00264133541977,-21.046277642264187
395,395,0.0007923399182228544,0.0007908719371219999,-21.004859965566432,-21.022775994033402
396,396,0.0007898532113386798,0.0007872849819250405,-21.02049538845098,-21.042517979289563
397,397,0.0007938443888314837,0.00078989807393794,-20.999708047078222,-21.0281271008676
398,398,0.0007951599827813963,0.0007905036664420837,-20.99678173511558,-21.024798763660876
399,399,0.0007936317994518532,0.0007907374774252897,-21.005748455330583,-21.02351442039737
400,400,0.0007968915094736695,0.0007890164208794502,-20.99302026701619,-21.032977231755726
401,401,0.0007927348536016784,0.000790170179434905,-20.999238860541524,-21.026631293116974
402,402,0.000793453263354094,0.0007928000352541474,-20.999162497320967,-21.01220104154704
403,403,0.0007943415908699797,0.0007912864583838535,-20.999104033113113,-21.020500314161083
404,404,0.0007929665752993801,0.0007914653795428182,-21.006721914151957,-21.01951842337438
405,405,0.0007892888436602793,0.0007921510872333066,-21.020744576208806,-21.015757423270664
406,406,0.0007915066305509547,0.0007891192002908179,-21.016639583231502,-21.032411544869575
407,407,0.0007897642934358842,0.0007894578739069402,-21.02130961330238,-21.030548042766206
408,408,0.0007925314292282865,0.0007918662924662625,-21.006103240944817,-21.017319082867587
409,409,0.0007915450254042354,0.0007883164676298437,-21.005220590351502,-21.036831660406303
410,410,0.0007939631174577726,0.0007880963048113412,-21.00481249889342,-21.038044737329923
411,411,0.0007951457063024191,0.0007856847062755964,-21.00022117272138,-21.051354654644058
412,412,0.0007920149160481836,0.0007837377120985797,-21.007920574983693,-21.062130201765914
413,413,0.0007879012270312104,0.0007879131773829853,-21.024840661362884,-21.03905401085114
414,414,0.0007908518345709698,0.0007884645234107187,-21.014856376554334,-21.036016077148993
415,415,0.0007890440162376875,0.0007888223136481093,-21.02367627324209,-21.03404577821804
416,416,0.000787776538420507,0.0007849066352814828,-21.039212477592155,-21.055657644963375
417,417,0.0007919271184928408,0.0007860306068323553,-21.01815948703647,-21.04944307811032
418,418,0.0007895655328763131,0.0007847235966963988,-21.024604251859596,-21.056670528714186
419,419,0.0007869678845907533,0.0007864978244087022,-21.03796562293762,-21.046862393180305
420,420,0.0007892916892347953,0.0007845374240883087,-21.02595464554042,-21.05770099765063
421,421,0.0007866613270436443,0.0007829090709013766,-21.03693312206272,-21.066724400495175
422,422,0.0007863132836364364,0.0007841909567727462,-21.04977506585932,-21.05961935200172
423,423,0.0007850464521043156,0.0007836461116216684,-21.050447037611164,-21.062637819378214
424,424,0.0007866708827012977,0.000781171945977564,-21.04344153669512,-21.076371267516055
425,425,0.0007833763452957279,0.0007841376446824716,-21.055149306746802,-21.05991461087301
426,426,0.0007855318793930958,0.0007843048201481763,-21.04632225077478,-21.05898880856699
427,427,0.0007846371964407489,0.0007864616406885417,-21.053554982287032,-21.047062199854942
428,428,0.0007862771420797199,0.0007838983254164065,-21.042943750096413,-21.061240282470525
429,429,0.0007832055706194765,0.0007836464363591451,-21.058291598744976,-21.062636019692576
430,430,0.0007847679890548215,0.0007783233120694364,-21.056794580856582,-21.092237264630675
431,431,0.0007853370037448314,0.0007795759133602443,-21.047359588142704,-21.08525352733922
432,432,0.0007890093922807076,0.0007791636867056552,-21.02695771141997,-21.087550611028473
433,433,0.0007840848045385222,0.0007833833499860607,-21.053965383418245,-21.064094281203158
434,434,0.0007866048830148485,0.0007847583497335252,-21.04570185524151,-21.05647819706883
435,435,0.0007860140116482051,0.0007813943942126475,-21.053682392643687,-21.07513473708309
436,436,0.0007838509063543656,0.0007812228010918357,-21.05427258250871,-21.076088546448872
437,437,0.0007867586856573512,0.0007797236413400816,-21.042576439720367,-21.08443062648653
438,438,0.0007869167656628127,0.0007806838747408045,-21.042405914832486,-21.079085559693198
439,439,0.0007818896604279421,0.0007826325845120376,-21.066017042934334,-21.068258393717834
440,440,0.0007872765460147609,0.0007807208764317789,-21.045254899437367,-21.078879724144123
441,441,0.0007851071944988342,0.0007777978500694429,-21.050203956222763,-21.095170265752607
442,442,0.0007843175877759367,0.000781957911768634,-21.05831696719049,-21.0720038679286
443,443,0.0007871826036506784,0.0007785626926067236,-21.041085838988653,-21.090901757124982
444,444,0.0007843590448322447,0.000779024116989029,-21.054623342570736,-21.088328621968998
445,445,0.0007841813368434759,0.000780718416392215,-21.05638846801762,-21.078893408718514
446,446,0.0007820666729251749,0.0007828838761748844,-21.06138453785124,-21.066864162661176
447,447,0.0007845904592895093,0.0007846841901099603,-21.052828914899216,-21.056888624523175
448,448,0.0007831906916612049,0.0007781958801818913,-21.06354830202121,-21.092948376526742
449,449,0.0007829472474206585,0.0007804569812785638,-21.05715926725783,-21.080347951602867
450,450,0.0007806186469454203,0.0007780393138282785,-21.073534641810557,-21.093822227779
451,451,0.0007798499343724749,0.0007788877640115587,-21.071970687350046,-21.08908883628638
452,452,0.0007797667808283466,0.0007828222863425157,-21.077877767862923,-21.06720583755514
453,453,0.0007851511934896951,0.0007794838962390235,-21.05243853561951,-21.085766176408704
454,454,0.0007876207537171383,0.0007816403797876678,-21.03774368510726,-21.073767778644058
455,455,0.0007838264105303847,0.0007748799337270228,-21.057974647319252,-21.11149350385422
456,456,0.0007845075085720758,0.000781594028108214,-21.056035521540704,-21.074025325158104
457,457,0.0007831830958614952,0.00077816912916636,-21.057284826433687,-21.093097670790772
458,458,0.0007862394649208975,0.000779885305459366,-21.045261067127466,-21.083530274698695
459,459,0.000782836675667924,0.0007841442405295215,-21.062806084659236,-21.059878079940603
460,460,0.0007822003873237936,0.000779073853903499,-21.065246927366413,-21.088051354840587
461,461,0.0007848462795589081,0.000779287188044308,-21.05351957260377,-21.086862287118286
462,462,0.000783731189397999,0.0007799778495130962,-21.055738785545827,-21.08301495549538
463,463,0.0007818712560056718,0.0007813843886220926,-21.068819315152542,-21.075190347932352
464,464,0.0007828304900538138,0.0007812265171914509,-21.06839319228967,-21.07606788809486
465,465,0.0007837864926766566,0.0007803388411718371,-21.052335326985315,-21.081005405906666
466,466,0.0007856092097708168,0.000781673938035965,-21.044759003159555,-21.073581326541703
467,467,0.0007859720703281616,0.0007808511482404643,-21.048334443436648,-21.07815511680105
468,468,0.0007869637524469074,0.0007797143710041908,-21.044894360687675,-21.08448226118686
469,469,0.0007856878831252916,0.0007793773762195519,-21.049180791329153,-21.086359700124483
470,470,0.0007840133411329739,0.0007805755410931612,-21.055057793549476,-21.07968826165258
471,471,0.0007801455722824123,0.0007798598288852526,-21.073636164667167,-21.083672148333214
472,472,0.0007833715836690335,0.0007837615067776488,-21.05157366589873,-21.061998349734417
473,473,0.0007839493121058901,0.0007811603166996257,-21.054823148008616,-21.07643592125659
474,474,0.0007839095280697742,0.0007762207410690424,-21.057497080540706,-21.10398521784243
475,475,0.0007825089533352437,0.0007786346740383459,-21.057752842643982,-21.090500251969047
476,476,0.0007857690714107654,0.000778666620853504,-21.051513681030993,-21.090322067752737
477,477,0.0007823759398288717,0.000781457926342754,-21.06675681958361,-21.074781643535083
478,478,0.0007842398091392188,0.0007838492226590844,-21.05411517356897,-21.061512329543213
479,479,0.0007817466208019975,0.0007784038775992629,-21.069639948456658,-21.09178774251404
480,480,0.0007816887179812052,0.0007794171136705891,-21.070044074225294,-21.08613827573755
481,481,0.0007852814244298437,0.0007761250354202563,-21.055906638947445,-21.104520722700137
482,482,0.000781917726121766,0.0007804831257089972,-21.06922404295547,-21.080202470276326
483,483,0.0007834344179388712,0.0007825615374665512,-21.058067771450144,-21.068652662254856
484,484,0.0007849080012823196,0.0007808826079494075,-21.04570577385322,-21.07798014743839
485,485,0.0007811553113776998,0.0007749385549686849,-21.065566576692703,-21.111164963680338
486,486,0.0007793871516640269,0.0007743848346810984,-21.083301969118633,-21.114269256525358
487,487,0.0007816563785248964,0.000781803591005308,-21.07034229743431,-21.072861040279427
488,488,0.0007795602582471887,0.0007796324789524078,-21.081134336014728,-21.084938417124647
489,489,0.0007796668622777174,0.0007797898816582011,-21.07243748590642,-21.084061693428467
490,490,0.0007847644473886905,0.0007778600281055429,-21.0531905500153,-21.094823099728934
491,491,0.0007803416822931354,0.0007823299690100708,-21.068202397854566,-21.069937976963896
492,492,0.0007824925003698115,0.0007808529220423416,-21.064347034995304,-21.07814525126529
493,493,0.0007811602980340111,0.0007762275850645414,-21.066260642559584,-21.1039469259466
494,494,0.0007879101382040409,0.0007799097588040718,-21.040363794004477,-21.083394103570654
495,495,0.0007819628886657662,0.0007787774727483722,-21.068993251776757,-21.08970384503092
496,496,0.0007822497252173261,0.0007760822405352405,-21.065071088928157,-21.10476019564565
497,497,0.0007832341931865925,0.0007793689789985748,-21.063437992944625,-21.086406492429358
498,498,0.0007836679140701122,0.0007781237302544085,-21.061123829530718,-21.093351048512467
499,499,0.0007858843657850605,0.0007798275389512511,-21.046430339536283,-21.083851970782877
500,500,0.0007821496284432402,0.0007796753197908401,-21.067011913594946,-21.084699778675574
501,501,0.0007826646582281083,0.000778765815898384,-21.069328319582276,-21.08976885132209
502,502,0.0007852520607651893,0.0007801607226658808,-21.06126631646893,-21.081996830529782
503,503,0.0007855540397096925,0.0007826471517450715,-21.04695583158425,-21.06817755872359
504,504,0.0007840677010874773,0.0007793391613583816,-21.062094508960048,-21.086572651009856
505,505,0.0007832807545146914,0.0007802128767300593,-21.06178332095853,-21.081706512591836
506,506,0.0007787195217949291,0.0007808314219705368,-21.080854201239603,-21.078264831929356
507,507,0.0007825688100131901,0.0007783267187493804,-21.066020981489228,-21.092218255832655
508,508,0.0007822622422647384,0.0007778289574688595,-21.06072896907646,-21.094996576640934
509,509,0.0007820105259354735,0.0007777957331487222,-21.070390608299615,-21.095182085896344
510,510,0.0007841296070351352,0.0007783476888251148,-21.062469561252087,-21.09210124757283
511,511,0.0007838533552766768,0.0007800591686789534,-21.057479185790015,-21.082562191046527
512,512,0.0007809642804354506,0.0007799157327482183,-21.068757675727348,-21.083360837657356
513,513,0.0007831137309321346,0.0007791916907176768,-21.057492424039815,-21.087394523552277
514,514,0.0007833493915482511,0.0007818355990916883,-21.063037616754553,-21.0726832379401
515,515,0.0007813622714164331,0.0007792744834564234,-21.065203863073204,-21.086933089993963
516,516,0.000781741168484399,0.0007767735085891266,-21.065249289485884,-21.10089359153488
517,517,0.0007831278051844961,0.000778492524803273,-21.069902958220883,-21.091293181777434
518,518,0.0007803159713092231,0.000778991474745501,-21.07440188765098,-21.088510601486
519,519,0.0007802412338727681,0.0007803620292658085,-21.08388253592271,-21.08087635540828
520,520,0.000784723118149205,0.0007794711211892335,-21.055516574390893,-21.085837354006106
521,521,0.0007845997599135969,0.0007803932316356191,-21.05830002302912,-21.08070270849037
522,522,0.0007848943302830317,0.0007796678661466821,-21.05639925019353,-21.084741297137413
523,523,0.0007817368797199397,0.0007782238811303518,-21.06839379718384,-21.092792112031674
524,524,0.0007856412089823448,0.0007792492580943202,-21.04746014331649,-21.087073674770114
525,525,0.0007817313169878092,0.0007809510754764472,-21.06986808315268,-21.077599376175513
526,526,0.0007853738245909515,0.0007775345798826924,-21.055657105872065,-21.096640521091537
527,527,0.0007797284273805155,0.0007783279441738207,-21.075520387100084,-21.09221141815587
528,528,0.000783867130689707,0.0007787874109405829,-21.05868691576576,-21.089648423878554
529,529,0.0007827544852505563,0.0007809068652262029,-21.063117400226254,-21.077845240632573
530,530,0.0007814524074795551,0.0007793973843371006,-21.06960282050915,-21.08624820980189
531,531,0.000783934362338299,0.0007815630248698749,-21.057195875622053,-21.07419759876693
532,532,0.0007822361652326491,0.0007817119200664916,-21.06852641221907,-21.073370305235773
533,533,0.0007812359271878281,0.0007762585055867308,-21.072647220101594,-21.103773931003236
534,534,0.0007810955687147594,0.0007781248331364049,-21.069043279534554,-21.093344892997514
535,535,0.0007826356402089455,0.0007772148176292447,-21.06116505442259,-21.0984269309705
536,536,0.0007822534181033597,0.0007786261757198526,-21.06318859116545,-21.090547652798882
537,537,0.0007824810142580842,0.0007785881661172761,-21.065162701214035,-21.090759664212058
538,538,0.0007821566859721063,0.0007764361277957888,-21.066024816595448,-21.102780299107625
539,539,0.0007826149194818182,0.0007808644042693471,-21.06258954263549,-21.07808138992823
540,540,0.0007800783562358737,0.0007773032932738332,-21.07626775762924,-21.097932572184973
541,541,0.0007840815881151974,0.0007786152357431618,-21.05717137688222,-21.090608673158012
542,542,0.000785796391206419,0.0007772561818312265,-21.053993681871432,-21.098195800963193
543,543,0.0007814012849511406,0.0007798064953500503,-21.078772278285378,-21.083969166479818
544,544,0.0007816177472404982,0.0007798999462178663,-21.06542369825214,-21.083448745518687
545,545,0.0007785592425000115,0.0007800056850292572,-21.079812848609873,-21.082859969102216
546,546,0.0007817682584498039,0.0007764761317766419,-21.068130107805327,-21.102556545215087
547,547,0.0007858374612117858,0.0007772971477702652,-21.04523265926486,-21.097966908445503
548,548,0.0007820004446086349,0.0007811987766456839,-21.069071826263635,-21.076222104312436
549,549,0.0007822386825639639,0.0007792856562637576,-21.060536796276942,-21.0868708236951
550,550,0.000782155575225917,0.00077867927336085,-21.06169962344293,-21.09025150007547
551,551,0.0007804890418876462,0.0007776782670254377,-21.0708709508277,-21.095838026005204
552,552,0.0007854980595419471,0.0007768168549151405,-21.052539952356526,-21.100651248757202
553,553,0.0007852909194795203,0.0007802048685813421,-21.05891576790674,-21.08175108904976
554,554,0.0007817159027590887,0.0007778176345470312,-21.06903860976468,-21.09505979771562
555,555,0.0007826454484998488,0.0007790009503399855,-21.05803141118331,-21.088457774548832
556,556,0.0007858533206991083,0.000774080681271459,-21.05625409762089,-21.11597536037845
557,557,0.0007811579271219671,0.0007809828047787672,-21.06771437542902,-21.07742293002644
558,558,0.0007823913804610673,0.0007784558325319698,-21.065307478636193,-21.091497880294035
559,559,0.0007855733358493247,0.0007766504208312222,-21.049955270625524,-21.10158183037487
560,560,0.0007811636830795288,0.0007774142064399234,-21.070522423457913,-21.097312922942024
561,561,0.0007825116452895413,0.0007806688694185332,-21.067500952406895,-21.079169035111374
562,562,0.0007814254279286822,0.0007802919503056297,-21.068177986365804,-21.081266383000838
563,563,0.0007801076598926304,0.0007791437766220616,-21.07613160252082,-21.087661588350247
564,564,0.0007804602020919399,0.0007793093192096995,-21.080650145081332,-21.08673895252895
565,565,0.0007833969160031105,0.0007766488676057442,-21.056534056384653,-21.101590515851765
566,566,0.0007815518843720562,0.0007769650883825594,-21.074900727018214,-21.099822599957328
567,567,0.0007816251036086955,0.0007736507472337076,-21.065913118506366,-21.11838815605529
568,568,0.0007846861682861045,0.0007784234568182575,-21.058456973211527,-21.091678505650297
569,569,0.0007817533806916902,0.0007782032204742887,-21.066351562756424,-21.092907412117516
570,570,0.0007845263096465508,0.0007787123996470319,-21.04928863033085,-21.090066748050063
571,571,0.0007813338132709572,0.0007807256065701184,-21.06751420718982,-21.078853411708806
572,572,0.0007813012157806877,0.0007781622943615442,-21.07565734957497,-21.093135815853856
573,573,0.0007799188018363622,0.0007772783681407178,-21.071195806320993,-21.098071835988765
574,574,0.0007811199427227077,0.0007783211461317382,-21.071767240569002,-21.092249350303618
575,575,0.0007823789642269234,0.0007796275986995744,-21.07035556741416,-21.084965602671257
576,576,0.0007813420625566744,0.0007791082086776825,-21.068305795383402,-21.087859848479226
577,577,0.0007806554005826948,0.0007782244877154497,-21.069249332941745,-21.09278872693306
578,578,0.0007809773729586033,0.0007780033323031507,-21.070706899210148,-21.094023078030183
579,579,0.000785738087532869,0.000775773160919351,-21.052333431112203,-21.10649014514092
580,580,0.0007825157144250944,0.0007808156660757959,-21.070289759607338,-21.078352466302018
581,581,0.0007759918651985216,0.000779358032894762,-21.09512317669293,-21.086467488773785
582,582,0.0007818890555483318,0.0007799589136419328,-21.06648777787166,-21.083120392389375
583,583,0.0007789048807906735,0.0007767257384808832,-21.085753760423994,-21.101160682677097
584,584,0.0007823849038086524,0.0007765002818287988,-21.066733908728935,-21.102421472534026
585,585,0.0007844328065402806,0.000775829315994327,-21.05672458269283,-21.10617578834443
586,586,0.0007809842594649605,0.000780078046342456,-21.07454757449066,-21.08245709176408
587,587,0.0007809738414938149,0.0007774457090387219,-21.070373597139604,-21.097136940466825
588,588,0.0007845232030376792,0.0007795563678404218,-21.052733444141253,-21.085362414975087
589,589,0.0007844289900379774,0.0007779081934131682,-21.060486759062943,-21.094554191712454
590,590,0.0007778737110748273,0.0007777336102567221,-21.088301401097734,-21.095528972688605
591,591,0.0007786173763512106,0.0007765838435213817,-21.082557218291992,-21.101954139420126
592,592,0.0007830026971185868,0.0007766254497446904,-21.05737621790046,-21.101721468224067
593,593,0.0007805078837674918,0.0007784044137224555,-21.074031404812658,-21.091784751325648
594,594,0.0007808407259740166,0.0007819721052472136,-21.072144219422455,-21.071925038961076
595,595,0.0007806985588629067,0.0007786099939901186,-21.07251929839604,-21.090637910603935
596,596,0.000784654851964454,0.0007769653947386695,-21.055183064493058,-21.09982088754137
597,597,0.0007803861571466262,0.0007774573903971989,-21.076609143729943,-21.097071686888906
598,598,0.0007853627687358518,0.0007798098836486277,-21.05135447780949,-21.0839502962064
599,599,0.0007808970103818039,0.0007756182274438048,-21.07171278942005,-21.10735758264535
600,600,0.0007795963229937959,0.0007779806435696388,-21.077715005856803,-21.09414973218497
601,601,0.0007835486171690305,0.0007763240320951139,-21.066236621168777,-21.103407344360203
602,602,0.0007780708592221833,0.0007792898441517824,-21.07484795863225,-21.086847484733863
603,603,0.0007847751281944286,0.0007762972351261659,-21.064301808351754,-21.103557255687488
604,604,0.0007819279820715874,0.0007781234575974706,-21.070295574341152,-21.093352570293895
605,605,0.0007810482986933869,0.0007796349359284106,-21.076605812766726,-21.08492473055479
606,606,0.0007793136023839494,0.0007778751651609415,-21.078855208722658,-21.094738587407548
607,607,0.0007807584539459078,0.0007790661429202086,-21.073996973420414,-21.088094339906114
608,608,0.0007790567133738899,0.0007739425636827946,-21.078912531047102,-21.116750332032982
609,609,0.0007845112614660073,0.0007773667273699845,-21.05454168814664,-21.097578168001803
610,610,0.0007848803658451232,0.000778587161269235,-21.05654479113296,-21.09076526923227
611,611,0.0007823223845802785,0.0007758387425718339,-21.063655406601146,-21.106123020478623
612,612,0.0007809035290397473,0.0007766305689552897,-21.079126742204398,-21.101692841328198
613,613,0.0007828991474900587,0.000776127342281765,-21.062685117472743,-21.104507814267997
614,614,0.0007835179351308604,0.0007764501221428969,-21.056937503117584,-21.102702023345607
615,615,0.0007808615859194668,0.0007769934814668408,-21.077152300774436,-21.099663896114535
616,616,0.0007812897458710929,0.0007789041785719363,-21.073377266340326,-21.088997312472443
617,617,0.0007822946303274444,0.0007760757611035124,-21.066428124902835,-21.10479645460179
618,618,0.0007808853982534912,0.0007810992047827887,-21.074412904638212,-21.076775692823475
619,619,0.000780952498484787,0.0007775886609268032,-21.07453752829312,-21.096338460156097
