,epoch,train_loss,test_loss,train_dbs,test_dbs
0,0,9.526549817480569e-05,8.559803628534275e-05,-13.117499794321159,-13.59114284737413
1,1,7.249381305132608e-05,6.370124672110633e-05,-14.302830984059236,-14.87430154168357
2,2,5.4969429255993654e-05,5.1051940988001755e-05,-15.507280859877863,-15.835658277726335
3,3,4.677117219225974e-05,4.6946983753801565e-05,-16.205206836193632,-16.19970391347872
4,4,4.425642211722287e-05,4.525964648468959e-05,-16.446171346901846,-16.35866928895367
5,5,4.2845674675076807e-05,4.3960423729578524e-05,-16.59041087403933,-16.485162164405818
6,6,4.230586517261361e-05,4.354453784272712e-05,-16.64242946260298,-16.52644400773804
7,7,4.1399767705462584e-05,4.29511838822356e-05,-16.73814986207402,-16.586029473471843
8,8,4.056796485398531e-05,4.198540639328329e-05,-16.82483604937261,-16.68479725078346
9,9,4.01886660894007e-05,4.1878546701474606e-05,-16.86696949404495,-16.695864842494572
10,10,3.978617042804151e-05,4.138646698648747e-05,-16.910315479004893,-16.74719732499288
11,11,3.974040416708413e-05,4.050254191449647e-05,-16.91587103209352,-16.840958062046166
12,12,3.9314737281079175e-05,4.009806606949209e-05,-16.962464765132786,-16.884546592339053
13,13,3.8658556956395786e-05,4.020694388217587e-05,-17.036423638141816,-16.872770225646136
14,14,3.875663448347153e-05,3.9891922776740485e-05,-17.02456226576492,-16.90693116671231
15,15,3.8478371260277254e-05,3.936551298753138e-05,-17.05416120879071,-16.964621710502016
16,16,3.790930640741525e-05,3.913586423502573e-05,-17.12120835489323,-16.990031575661448
17,17,3.7484683958872356e-05,3.912800265855989e-05,-17.16641583484642,-16.990904070064083
18,18,3.743914542788731e-05,3.9144474947916984e-05,-17.17381667642276,-16.989076141602773
19,19,3.716792722566284e-05,3.809514601016417e-05,-17.205487806875496,-17.107084438621406
20,20,3.6784678647479466e-05,3.737457489861347e-05,-17.24987429926297,-17.190018246672494
21,21,3.631391035052036e-05,3.738737369100196e-05,-17.305570860705956,-17.18853127500616
22,22,3.563036674320981e-05,3.673525545883948e-05,-17.389884673602005,-17.264950220309927
23,23,3.5457897781467633e-05,3.722759567225646e-05,-17.41062286439044,-17.20713097920108
24,24,3.545382060110569e-05,3.6894315742660854e-05,-17.40993187982124,-17.2461862617846
25,25,3.538892192831479e-05,3.643721327917822e-05,-17.41936084182849,-17.30032931631581
26,26,3.4981395073532675e-05,3.626738218468075e-05,-17.46889994693485,-17.320618774190052
27,27,3.4853526738084634e-05,3.612246023533915e-05,-17.485132558640878,-17.338007646685213
28,28,3.47331158653893e-05,3.561723908780167e-05,-17.498770147179936,-17.39917834743712
29,29,3.4388060157652944e-05,3.541599835443776e-05,-17.54371449709679,-17.423785975360445
30,30,3.428584456095141e-05,3.44528362850389e-05,-17.55658110095837,-17.54353105882832
31,31,3.457357601779297e-05,3.5935598613210264e-05,-17.519730162940874,-17.360532026214244
32,32,3.436244582396106e-05,3.526375525995574e-05,-17.546150403196897,-17.442495276034503
33,33,3.436902490235654e-05,3.6241588244784474e-05,-17.54374176787932,-17.323708644634955
34,34,3.4232238099367845e-05,3.507158305039507e-05,-17.5622104096768,-17.466227169523563
35,35,3.4019285990747374e-05,3.4338985738270966e-05,-17.59093128044507,-17.55790622957166
36,36,3.36285885196892e-05,3.4928772564805845e-05,-17.64124635190181,-17.4839476200421
37,37,3.364921334669469e-05,3.5144468041069464e-05,-17.63595347607246,-17.457211122582738
38,38,3.464012412017106e-05,3.5014661989407614e-05,-17.511910264716054,-17.4732814804264
39,39,3.3870182454210377e-05,3.520106158822799e-05,-17.60937191793909,-17.45022325265712
40,40,3.372146364330847e-05,3.469093855145682e-05,-17.629288987315018,-17.51362036638444
41,41,3.3805932466795224e-05,3.461541937691723e-05,-17.617974077093443,-17.523084887314756
42,42,3.349512538539015e-05,3.454424854441497e-05,-17.6567290054464,-17.532023365959372
43,43,3.326946360400527e-05,3.41835007259904e-05,-17.688633068893857,-17.57761549647985
44,44,3.333614362999629e-05,3.428262320276668e-05,-17.677986225271706,-17.5650404090343
45,45,3.3163178252919153e-05,3.410931276448537e-05,-17.701187443523516,-17.587051170113003
46,46,3.3406101849941856e-05,3.474630227030598e-05,-17.6699747313439,-17.506694929139414
47,47,3.344381340079072e-05,3.470303818176035e-05,-17.662696921052547,-17.512105882570562
48,48,3.3539094259787216e-05,3.463016132867013e-05,-17.65113089722863,-17.52123571561881
49,49,3.345758802621726e-05,3.4317907289062676e-05,-17.66236177274552,-17.560572896839055
50,50,3.316646186633698e-05,3.4673415077697045e-05,-17.702233105313525,-17.5158146773587
51,51,3.324467282245396e-05,3.4535302658792045e-05,-17.690831395048146,-17.53314819920331
52,52,3.313379712971695e-05,3.4193689268584804e-05,-17.70426966327186,-17.576321255561066
53,53,3.3577973414308476e-05,3.440722991255921e-05,-17.647978635600346,-17.5492837686055
54,54,3.3254563736731724e-05,3.418700141896567e-05,-17.688137394482922,-17.57717076327017
55,55,3.316706552703687e-05,3.4721919100296584e-05,-17.701292591419605,-17.509743654560136
56,56,3.330706725315282e-05,3.3979358417318985e-05,-17.681328135733686,-17.603629118668923
57,57,3.3479161034266165e-05,3.453716348495187e-05,-17.65949463378032,-17.53291419958572
58,58,3.347036160739288e-05,3.4385024072865856e-05,-17.658609328889938,-17.552087536012756
59,59,3.3459017001789726e-05,3.4430214949871264e-05,-17.659599758422626,-17.54638352288549
60,60,3.315941031950828e-05,3.409448359697739e-05,-17.701663555670365,-17.588939694231893
61,61,3.333390132237835e-05,3.4022157131786167e-05,-17.679006812714462,-17.598162402867136
62,62,3.309249159335111e-05,3.380133411586652e-05,-17.70903298002566,-17.626442444015467
63,63,3.3190060553492585e-05,3.440002087460782e-05,-17.695507282912494,-17.550193802178345
64,64,3.307847432974011e-05,3.372056926309597e-05,-17.7133496825669,-17.63683188651119
65,65,3.314452507915983e-05,3.400329057369259e-05,-17.702451819252822,-17.600571396136274
66,66,3.296828962794683e-05,3.416538052796999e-05,-17.72634945044826,-17.579918241470335
67,67,3.310738907906121e-05,3.3680382521676e-05,-17.709031369046087,-17.642010710148057
68,68,3.319422285130713e-05,3.444281489799706e-05,-17.69599649245124,-17.54479448635945
69,69,3.29724389865584e-05,3.3813535322367804e-05,-17.72453724967997,-17.62487506194179
70,70,3.368388812286304e-05,3.420008062293116e-05,-17.63252297583309,-17.5755095646901
71,71,3.331877312505349e-05,3.411098939403402e-05,-17.681534720888198,-17.586837699653834
72,72,3.315017191610976e-05,3.4301955709356424e-05,-17.70120588766617,-17.562592044900896
73,73,3.315851089488187e-05,3.398499335928232e-05,-17.70137173902534,-17.602908969313514
74,74,3.3046188374222784e-05,3.3748557478630624e-05,-17.715531559354616,-17.633228719003547
75,75,3.305810354241967e-05,3.46739798260387e-05,-17.7159867732745,-17.515743941583032
76,76,3.317673977529846e-05,3.363791017220233e-05,-17.698874213879336,-17.6474907984626
77,77,3.2955220920428603e-05,3.342985799367613e-05,-17.727308944265804,-17.674435545660973
78,78,3.2898820509873663e-05,3.350097894757422e-05,-17.734660060013915,-17.66520588386008
79,79,3.320916573674245e-05,3.4122528584128687e-05,-17.694511783913185,-17.585368800854532
80,80,3.304646709215582e-05,3.3883363932162815e-05,-17.7170522540252,-17.615915658777897
81,81,3.317489848921037e-05,3.3958823845942356e-05,-17.697122256533,-17.60625446159439
82,82,3.287451232308834e-05,3.4217887667565315e-05,-17.735971390048228,-17.57324890083484
83,83,3.315605098362436e-05,3.36959306686798e-05,-17.702130335834315,-17.640006304074852
84,84,3.248659141746364e-05,3.384510254315836e-05,-17.79037622048178,-17.62082252076578
85,85,3.291876514735704e-05,3.393678544901042e-05,-17.731513945435832,-17.609073835221952
86,86,3.256259198266336e-05,3.3630589984424754e-05,-17.778417304652475,-17.648436000797552
87,87,3.284498787477262e-05,3.382496728782395e-05,-17.742581881580037,-17.623407010648343
88,88,3.281452336523216e-05,3.3416885918612884e-05,-17.75015638733139,-17.676121102910226
89,89,3.280345427089001e-05,3.3719182523016477e-05,-17.74651798877794,-17.637010491428466
90,90,3.3162078570686136e-05,3.3726877135402324e-05,-17.700858722065632,-17.63601955801264
91,91,3.26837484909944e-05,3.37504468342032e-05,-17.766383873646713,-17.63298559343211
92,92,3.251516395299479e-05,3.360983502812145e-05,-17.787614728800563,-17.651117055618148
93,93,3.2866399311556565e-05,3.347384699736722e-05,-17.740991370842938,-17.668724596073666
94,94,3.2754053369064856e-05,3.3645567160228417e-05,-17.75392621650524,-17.646502327654037
95,95,3.248791309141376e-05,3.3281519120608115e-05,-17.790297982750488,-17.693749450721448
96,96,3.386135127940863e-05,3.423503748260708e-05,-17.60807612185768,-17.57107278632175
97,97,3.291120700260322e-05,3.364610529388301e-05,-17.732799902981952,-17.646432866317085
98,98,3.288994972985934e-05,3.406916996601993e-05,-17.737460387752044,-17.592165334341388
99,99,3.277519687058491e-05,3.399610001284409e-05,-17.752949219070345,-17.601489881105916
100,100,3.3166700810285225e-05,3.367733341675423e-05,-17.701599392987607,-17.642403897305524
101,101,3.2885130158038665e-05,3.398047125588882e-05,-17.737004440762707,-17.60348688769145
102,102,3.2656549086185774e-05,3.353322149211492e-05,-17.767342021104678,-17.661028087999302
103,103,3.254889752403785e-05,3.337553263056754e-05,-17.78315552171533,-17.68149881118656
104,104,3.261545957825219e-05,3.319876199575925e-05,-17.772324421980745,-17.70456197456204
105,105,3.2643205448733064e-05,3.3227786269363656e-05,-17.768352942764245,-17.70076678032148
106,106,3.259083880657647e-05,3.337789875283641e-05,-17.778061055024224,-17.681190933726477
107,107,3.294777832838308e-05,3.37729020669174e-05,-17.72847872631678,-17.630097056599787
108,108,3.2850396030308854e-05,3.334821342018825e-05,-17.742986125912342,-17.685055141183877
109,109,3.264779271497919e-05,3.321005791995527e-05,-17.768118864486965,-17.703084532981276
110,110,3.250582569270375e-05,3.353846812770873e-05,-17.789012972784697,-17.660348640409858
111,111,3.2407225553095146e-05,3.320685190326338e-05,-17.799992221722718,-17.70350381034994
112,112,3.25195285899399e-05,3.371390831537275e-05,-17.788307592898704,-17.637689849070917
113,113,3.2592610108453696e-05,3.284157786478509e-05,-17.776512557206544,-17.75154071817498
114,114,3.254830623996689e-05,3.320806258431587e-05,-17.78220565060688,-17.703345474799992
115,115,3.254505407443803e-05,3.3216058000107296e-05,-17.78159808310496,-17.702299961530127
116,116,3.247326786390424e-05,3.358802907888802e-05,-17.791176254608857,-17.65393565822792
117,117,3.230333470465788e-05,3.354338140956028e-05,-17.81676231485796,-17.659712459024075
118,118,3.25045062690498e-05,3.2998421757886385e-05,-17.78758104892695,-17.730849173054846
119,119,3.238806034319496e-05,3.299561658901726e-05,-17.799976453474766,-17.73121837893826
120,120,3.239955279325644e-05,3.326945644451036e-05,-17.802530461732687,-17.695323808927057
121,121,3.2396240413552584e-05,3.3037639169426834e-05,-17.80227686365025,-17.725690807401378
122,122,3.24396346185654e-05,3.292328552848439e-05,-17.79586347715266,-17.740749178771917
123,123,3.2514301545740364e-05,3.3263305101028985e-05,-17.78568421431344,-17.696126870298873
124,124,3.253074781654148e-05,3.3467156562868406e-05,-17.785006917633115,-17.669592709379266
125,125,3.241781360912617e-05,3.313029686212662e-05,-17.798752841621734,-17.713527589576458
126,126,3.2369477528695874e-05,3.350047001348637e-05,-17.808783030677574,-17.665271860721607
127,127,3.247285872255572e-05,3.3493985890680434e-05,-17.79121214731823,-17.666112532901234
128,128,3.211290057845769e-05,3.340242169782103e-05,-17.840059995012034,-17.67800131735636
129,129,3.2426004499657866e-05,3.3131553688068185e-05,-17.799879212783516,-17.713362839402212
130,130,3.2311979873728764e-05,3.3041632138376466e-05,-17.811775979093603,-17.725165945565276
131,131,3.2204685114790954e-05,3.335965361896486e-05,-17.827188100448964,-17.683565537192685
132,132,3.216969987276111e-05,3.2747133062864455e-05,-17.83309882646987,-17.764048018314767
133,133,3.250412814428348e-05,3.3161921237478964e-05,-17.78719501608856,-17.709384028493503
134,134,3.252786951896869e-05,3.374197331140749e-05,-17.786458165053283,-17.634076087506514
135,135,3.244918770713074e-05,3.2995310807324896e-05,-17.795135800093526,-17.73125862668349
136,136,3.22877044287527e-05,3.3012325442733094e-05,-17.816023192925876,-17.729019684993457
137,137,3.225874163560838e-05,3.30067896835604e-05,-17.821768840729938,-17.729748004257623
138,138,3.261762818867057e-05,3.3856670549874635e-05,-17.773743150222877,-17.619338387839015
139,139,3.262551585179346e-05,3.3239351116782545e-05,-17.770990040423904,-17.69925549228764
140,140,3.221526086920292e-05,3.33737313523766e-05,-17.82840907071916,-17.681733206334076
141,141,3.237247666717296e-05,3.26864262062468e-05,-17.807067912619992,-17.7721064704918
142,142,3.237853228917451e-05,3.342601178845047e-05,-17.803006810468215,-17.674935243208264
143,143,3.2261786136305746e-05,3.302358900806499e-05,-17.821448011111503,-17.727538156537822
144,144,3.214087920457235e-05,3.3050040560498784e-05,-17.837768107339414,-17.72406089520119
145,145,3.23602930198906e-05,3.279853980960692e-05,-17.805029511910526,-17.757235769682012
146,146,3.206556983659351e-05,3.30090679199202e-05,-17.84725502236107,-17.729448250375498
147,147,3.237646475455906e-05,3.253946296784929e-05,-17.806790914565273,-17.791677052753993
148,148,3.210602269823586e-05,3.3066286529279556e-05,-17.84329782926358,-17.721926616106384
149,149,3.19436230805052e-05,3.303388745591388e-05,-17.863442047663728,-17.7261840148574
150,150,3.2480021133975694e-05,3.322117778512429e-05,-17.79255582753602,-17.701630609664555
151,151,3.2227150327766065e-05,3.324206667648947e-05,-17.82369905072608,-17.698900700637342
152,152,3.217202234718008e-05,3.330799987260865e-05,-17.83369954756343,-17.69029532002623
153,153,3.223116840034863e-05,3.385599809821303e-05,-17.824224045430856,-17.61942464704333
154,154,3.2205983366908445e-05,3.3164508702037365e-05,-17.829035207133145,-17.709045182702642
155,155,3.218468093822144e-05,3.329431695563375e-05,-17.83140839770737,-17.69207976708607
156,156,3.227821624247938e-05,3.283033660600746e-05,-17.819377844289164,-17.75302750799793
157,157,3.2169451083767124e-05,3.327156254703081e-05,-17.833026072697923,-17.695048890172544
158,158,3.197950007740202e-05,3.2959650094486084e-05,-17.85862464011972,-17.735954938258555
159,159,3.1948484320309944e-05,3.338379294865789e-05,-17.861318691766378,-17.680424081760346
160,160,3.222995085885374e-05,3.279330868329118e-05,-17.82427489304738,-17.75792849274138
161,161,3.206466392361314e-05,3.3348830536277474e-05,-17.84690032812886,-17.68497477476991
162,162,3.1995228728754735e-05,3.30764545843091e-05,-17.857775697146387,-17.720591343285378
163,163,3.1935719646556666e-05,3.2917799073498156e-05,-17.867159915975776,-17.741472963061213
164,164,3.199008537682023e-05,3.285361938316399e-05,-17.857847560959986,-17.74994864896343
165,165,3.214418743998076e-05,3.2747585799753374e-05,-17.83715088646411,-17.763987976486654
166,166,3.1802211825126184e-05,3.2597156812124395e-05,-17.88258558278666,-17.78398364623535
167,167,3.166411911901303e-05,3.305036931889941e-05,-17.9011666953015,-17.724017694876256
168,168,3.179249075195181e-05,3.239713681212283e-05,-17.884325041683407,-17.810714564188256
169,169,3.1805932239782946e-05,3.296627983218059e-05,-17.882636966617113,-17.73508145539374
170,170,3.169321889893665e-05,3.269622175139375e-05,-17.898734981262496,-17.770805161545383
171,171,3.173271806630997e-05,3.2685522455722094e-05,-17.89411128392419,-17.77222655070172
172,172,3.187195952986511e-05,3.242556254247718e-05,-17.87485458209175,-17.806905670467017
173,173,3.1895525306439236e-05,3.274122747442514e-05,-17.87058219964142,-17.764831291695714
174,174,3.190096183445967e-05,3.3087356745167394e-05,-17.871332022748202,-17.71916012333317
175,175,3.282948310913629e-05,3.287111959300666e-05,-17.74326028785095,-17.74763589888946
176,176,3.233990342384468e-05,3.332253867196605e-05,-17.810469884552653,-17.68840005681133
177,177,3.21779668420558e-05,3.2952605818680146e-05,-17.830461832212162,-17.736883229994525
178,178,3.198971887858412e-05,3.2990334913943354e-05,-17.858350368478348,-17.7319136185438
179,179,3.191467806470062e-05,3.26614884359419e-05,-17.866303514327985,-17.775421139864015
180,180,3.202619713586491e-05,3.3200853546364475e-05,-17.850207339910764,-17.704288373915603
181,181,3.190841128990851e-05,3.309685119969991e-05,-17.86633054749899,-17.717914089160224
182,182,3.2154400240373075e-05,3.3007809849406934e-05,-17.836395300234567,-17.7296137756473
183,183,3.2071895662907595e-05,3.3229125524246084e-05,-17.84553322411769,-17.70059174028736
184,184,3.219684061984959e-05,3.298977456947078e-05,-17.829346841096488,-17.731987384566416
185,185,3.195555107539025e-05,3.2849463088113175e-05,-17.860808606329396,-17.750498107509433
186,186,3.202874709647413e-05,3.323192188537704e-05,-17.851704585197876,-17.700226279838983
187,187,3.203471266912397e-05,3.307898020322778e-05,-17.852265096573593,-17.720259741697742
188,188,3.160148199387231e-05,3.245940062793364e-05,-17.91107805892412,-17.802375901347606
189,189,3.1993828875765194e-05,3.2770955122511e-05,-17.855638089638294,-17.7608898707575
190,190,3.207471354002824e-05,3.289213150549729e-05,-17.84377388550967,-17.74486068391544
191,191,3.177409825625124e-05,3.240911849532399e-05,-17.886281323716315,-17.809108676320555
192,192,3.167612097986983e-05,3.2965433714899085e-05,-17.90123132237475,-17.73519292347083
193,193,3.17322732390147e-05,3.287239125807231e-05,-17.890488596437443,-17.74746788926729
194,194,3.1712179294380494e-05,3.2738345716528495e-05,-17.89399818544628,-17.765213557948382
195,195,3.1644667746449975e-05,3.285975847240096e-05,-17.904628875496478,-17.749137193922067
196,196,3.191149040766195e-05,3.256030293797314e-05,-17.867583579850045,-17.78889649457193
197,197,3.2111264969439474e-05,3.27543908305846e-05,-17.838731524483492,-17.763085595367226
198,198,3.181751383907767e-05,3.2964235288091004e-05,-17.88162339916862,-17.735350809945203
199,199,3.186551773828843e-05,3.2443546603501184e-05,-17.87342771557605,-17.804497627943277
200,200,3.1723661524346865e-05,3.309390434112988e-05,-17.893634313640483,-17.71830079102102
201,201,3.170936994963282e-05,3.258109925235132e-05,-17.895663355766846,-17.786123534647363
202,202,3.2206614987538247e-05,3.320507216573644e-05,-17.828987492838042,-17.70373657884692
203,203,3.198143433822684e-05,3.321073984950903e-05,-17.85883825487811,-17.70299535662321
204,204,3.1834977862578766e-05,3.2837548516047386e-05,-17.87713732595612,-17.75207358882082
205,205,3.17809375813987e-05,3.2774890171008576e-05,-17.884154513221,-17.760368412885402
206,206,3.191690797693715e-05,3.256316018738098e-05,-17.866705620896802,-17.788515406837192
207,207,3.195538545359219e-05,3.309978484666269e-05,-17.862528480590914,-17.717529155192363
208,208,3.1844472274671494e-05,3.280846517315551e-05,-17.87635188204262,-17.75592172382546
209,209,3.201014089764734e-05,3.264468336726024e-05,-17.854524558038747,-17.77765625748185
210,210,3.196816938613018e-05,3.287852776242959e-05,-17.859662713913515,-17.746657239004758
211,211,3.1721380080328054e-05,3.277952581763537e-05,-17.893184326815273,-17.759754194690316
212,212,3.1703974639537226e-05,3.260420127940291e-05,-17.895660589740267,-17.783045207721656
213,213,3.169025244601143e-05,3.318893179407736e-05,-17.897629465742853,-17.705848117259258
