,epoch,train_loss,test_loss,train_dbs,test_dbs
0,0,0.0003135131489600717,0.0003038653368620496,-7.944298621402233,-8.088969251361707
1,1,0.0002911019678462834,0.00028534433467460697,-8.265389006354498,-8.362088319905656
2,2,0.00027666611839373856,0.0002750719163726133,-8.488933367154756,-8.521318332227724
3,3,0.000270065895015297,0.00027125308023594126,-8.590291948418216,-8.582034077777188
4,4,0.0002662694506520002,0.00026803377151832377,-8.652720931577086,-8.633885689407597
5,5,0.0002638373071491027,0.0002655329077051168,-8.6961186759605,-8.674597351133064
6,6,0.0002617911285943995,0.00026372615952583914,-8.726886018628072,-8.704248758584853
7,7,0.0002597826860062586,0.0002615974195865228,-8.762026876567411,-8.739446305627146
8,8,0.0002583249019922151,0.0002600205181423869,-8.785005529355425,-8.765704669553905
9,9,0.0002573731206249465,0.0002591011909412612,-8.802373527171207,-8.781086771319643
10,10,0.0002560827727477575,0.00025838531789639473,-8.823833230393896,-8.793102540084332
11,11,0.00025515921954569627,0.00025648582576602504,-8.840081177529193,-8.825147167306755
12,12,0.0002543977803800293,0.0002564836230655936,-8.852885365977034,-8.825184464679719
13,13,0.0002535000938823754,0.0002557907803413017,-8.869098779906938,-8.836931995044479
14,14,0.00025249922740484403,0.000254695319821813,-8.885422300821498,-8.855571217106748
15,15,0.00025166247322670537,0.0002536747580100047,-8.89814341168522,-8.873008315710901
16,16,0.00025099032071236637,0.00025320409545920004,-8.912097005878625,-8.881073604132412
17,17,0.00024981045847657837,0.0002526608150219545,-8.928848206171704,-8.8904019359398
18,18,0.0002493812234834624,0.0002523654210993922,-8.938438434862846,-8.895482383489282
19,19,0.0002488532902003199,0.0002512371720513329,-8.94773735682363,-8.9149419002686
20,20,0.000248094081528216,0.00025022997425893615,-8.960379923335324,-8.932387550889558
21,21,0.0002479501729879106,0.00024984249734858935,-8.96265687530084,-8.939117740102521
22,22,0.00024735578695869015,0.0002497156751097033,-8.97486684663977,-8.941322816618158
23,23,0.0002468799663342766,0.00024932240653709555,-8.982894206333752,-8.948167761428056
24,24,0.00024615025769477496,0.0002482394790460699,-8.994559360175021,-8.967072351586737
25,25,0.000245506251284843,0.0002484877538671227,-9.00740861908503,-8.962730959103569
26,26,0.0002455685333320007,0.00024720035664933294,-9.005544036427949,-8.985289933304767
27,27,0.0002448779939477015,0.0002470943045888194,-9.018102268126459,-8.987153511004225
28,28,0.00024441003360780743,0.000245841033909911,-9.025017290554258,-9.009237126053073
29,29,0.0002440066014106875,0.0002466988639513913,-9.033775515205592,-8.994109367602071
30,30,0.00024375628581577816,0.0002465146489588446,-9.038171381805302,-8.99735354305035
31,31,0.00024314134393112983,0.0002450401524057318,-9.048585052803151,-9.023408324144738
32,32,0.0002427434704156074,0.0002456086628004222,-9.055515518602743,-9.013344056988256
33,33,0.0002424555070657456,0.0002450482945852472,-9.05909334548329,-9.02326401943173
34,34,0.00024180685139390802,0.0002442011885393999,-9.071877330834939,-9.03830312980885
35,35,0.0002414133030976428,0.00024397210692864304,-9.080571240350462,-9.042379095769444
36,36,0.0002409855684519928,0.00024339059784420227,-9.088422390064274,-9.05274288864581
37,37,0.00024044681319453244,0.00024244841264781396,-9.095512378765111,-9.069587412689831
38,38,0.00024031344234112881,0.00024260719855144424,-9.09992401470717,-9.06674403380206
39,39,0.0002398601596330091,0.00024209631910229005,-9.107966095532245,-9.075898999663275
40,40,0.00023916063466608602,0.00024211949723968772,-9.121456179241626,-9.075483228974234
41,41,0.00023920008505828985,0.00024107802815514763,-9.120289975133813,-9.094204557339138
42,42,0.00023874619161978977,0.00024096391356770734,-9.127180557837466,-9.096260782421075
43,43,0.000238377793833671,0.00024042800099490896,-9.136433096846076,-9.105930407616587
44,44,0.00023781874585541483,0.00024106624723093487,-9.144678966380726,-9.094416792167571
45,45,0.00023755604178001433,0.00024001176413883897,-9.150088092803443,-9.113455572188823
46,46,0.00023750250753418534,0.0002399770915201914,-9.151550747749384,-9.114083008713669
47,47,0.00023659395300615194,0.00023955685365332387,-9.165818432291506,-9.121694859145741
48,48,0.00023601593263087236,0.00023914108399032173,-9.177230981096473,-9.129238928237742
49,49,0.00023633332760433293,0.00023905660476118915,-9.17205836593518,-9.130773392510255
50,50,0.00023588706356996537,0.00023773408075181864,-9.182183307076839,-9.154866411521123
51,51,0.00023534691342891952,0.00023799655671035382,-9.19096695788181,-9.150074125171903
52,52,0.0002348876453830486,0.00023740595804012723,-9.19838000800304,-9.160864723348945
53,53,0.00023487751289947708,0.00023773175167949185,-9.200109049280027,-9.154908959405345
54,54,0.0002342145966507552,0.0002370438589040484,-9.21051036642118,-9.16749377795567
55,55,0.00023383249711130083,0.000237148149416929,-9.219314403946887,-9.165583463391341
56,56,0.0002339104268179016,0.00023635685226365335,-9.216196261409996,-9.180098887976417
57,57,0.00023298628358818475,0.00023685931534457363,-9.233936757887198,-9.170876167353205
58,58,0.00023290677702404828,0.00023551901042657462,-9.233392116688892,-9.195521184292057
59,59,0.00023266681219143888,0.00023549969773739576,-9.237387139045927,-9.195877322772352
60,60,0.00023252822485147524,0.00023427350817272733,-9.242974782026726,-9.218549053061725
61,61,0.00023222020866238926,0.0002343428112860573,-9.248868157629852,-9.217264507105147
62,62,0.00023199433878486612,0.00023376487201618912,-9.25155378008819,-9.227988362844497
63,63,0.00023126212421555034,0.0002334374715390272,-9.264542625906062,-9.23407515782061
64,64,0.0002312618601807998,0.00023387809587323941,-9.267764241250134,-9.225885369720515
65,65,0.0002309984081069526,0.00023325789401209667,-9.270479953871828,-9.237417360834634
66,66,0.00023062090787282885,0.0002334044540092643,-9.278326844057368,-9.234689469870204
67,67,0.00023024112673850788,0.00023274424816726853,-9.286451676778862,-9.246991293064127
68,68,0.00022985257680009397,0.0002323722146684304,-9.292127777288004,-9.25393889191286
69,69,0.00022959570819271977,0.000232371091873287,-9.296410326800986,-9.253959876560868
70,70,0.00022905923428551592,0.00023202395134017264,-9.307267092121618,-9.260452678250298
71,71,0.00022901787954267383,0.000231408467363125,-9.309730841269229,-9.271988403473802
72,72,0.00022844819816491885,0.00023051131421724627,-9.318186367527852,-9.288858395456845
73,73,0.0002277822317147493,0.00023000126499315038,-9.332123489535636,-9.298478617101189
74,74,0.00022819579264494715,0.00023046956860190747,-9.323668972290054,-9.289644974298206
75,75,0.00022772245199693193,0.00023039740182483862,-9.334707615086984,-9.291005090571451
76,76,0.00022746003940989524,0.0002298592942105116,-9.338160176985976,-9.301160174726274
77,77,0.00022677982483448018,0.0002298259320301249,-9.35050706264491,-9.301790563089638
78,78,0.00022665801855313025,0.0002292987919645384,-9.352752460422998,-9.311763196245975
79,79,0.0002264113143835332,0.00022872221904292114,-9.358110180842058,-9.322697304704914
80,80,0.00022602491182774383,0.000229271272761061,-9.366739539676031,-9.312284444323437
81,81,0.00022538188114623088,0.00022828640220196625,-9.376028289074295,-9.33098042662971
82,82,0.0002256194819677045,0.00022845927818898896,-9.370798602789996,-9.3276928600899
83,83,0.00022508941870422785,0.00022752337482463765,-9.384207527557596,-9.345520653968258
84,84,0.00022441482656880175,0.00022676396627885928,-9.396902220473706,-9.36004041792849
85,85,0.00022427907745238663,0.00022722672560791435,-9.398061690760112,-9.351186760959147
86,86,0.00022431051138951683,0.0002264061140043563,-9.39711072419232,-9.36689935708704
87,87,0.00022404436616121418,0.0002269981556118613,-9.403932664551935,-9.35555757816875
88,88,0.00022394778720011992,0.0002260736777986351,-9.409349636012122,-9.37328086796651
89,89,0.00022343724660608995,0.0002260674970641144,-9.41415806135245,-9.373399603398976
90,90,0.00022310398734467506,0.00022512720514848632,-9.42220284021157,-9.391501065119122
91,91,0.0002227952594619206,0.00022505583259963284,-9.430643013319237,-9.392878136300713
92,92,0.0002223149568476167,0.00022520870353266793,-9.438787390637247,-9.38992915853836
93,93,0.00022215982818059123,0.00022492348676008222,-9.441857336499922,-9.395432790126083
94,94,0.00022213666183158718,0.00022426018901904556,-9.440374327737137,-9.408259024635804
95,95,0.00022138897347571233,0.00022414289981641464,-9.455956264139454,-9.410531000718013
96,96,0.00022117076045593496,0.00022361804976275094,-9.45784186180865,-9.420712307807936
97,97,0.00022073740427041446,0.00022324959603505894,-9.467478692031325,-9.427874046123083
98,98,0.00022071582693054543,0.00022310551982005373,-9.469757721154053,-9.430677710967544
99,99,0.00022024916156108694,0.0002236551249791917,-9.479259671251048,-9.41999231998565
100,100,0.0002204349848679411,0.00022281831020097199,-9.475816906104784,-9.436272100034342
101,101,0.00021973556926541184,0.00022218211655088358,-9.487996460145855,-9.448689866997466
102,102,0.00021959825169256668,0.00022213046184716453,-9.490756135537083,-9.449699667483939
103,103,0.0002191266056675867,0.00022170427607641998,-9.501567237321835,-9.458040167655401
104,104,0.00021890539195287741,0.00022152210907446906,-9.503994856669477,-9.461610087264763
105,105,0.00021858928879943783,0.00022094820987580247,-9.509992155941875,-9.472875990727264
106,106,0.00021800445647761417,0.0002205621353105495,-9.524362721598731,-9.480471287093781
107,107,0.00021791172192249563,0.00022153037762587987,-9.523934155599543,-9.461447985195178
108,108,0.00021792881787255328,0.00022042670063551908,-9.525245591021896,-9.483138861829415
109,109,0.000217230951973986,0.0002198582928701255,-9.537440054126556,-9.494352348401353
110,110,0.00021694919329074203,0.000219396837852209,-9.54504459894686,-9.503477224931475
111,111,0.0002166874790456165,0.0002187850967809362,-9.548072569805376,-9.515603509618973
112,112,0.0002165226205480141,0.00021929491547205928,-9.55471725965314,-9.505495239983844
113,113,0.00021646355267388497,0.00021801465099040223,-9.553856151507036,-9.53092406344889
114,114,0.0002159693520804195,0.00021767890230924087,-9.563568332072068,-9.53761747570131
115,115,0.00021589758383475013,0.0002184967758550652,-9.563970237199037,-9.521330534364532
116,116,0.0002153858246303346,0.00021821818173568892,-9.574265030837779,-9.526871535562021
117,117,0.0002150432912983269,0.00021785341730145248,-9.583976903485125,-9.534137095542572
118,118,0.00021470870016161928,0.0002174580126608673,-9.588520358129948,-9.542026716119121
119,119,0.00021427133439838426,0.00021714827284756067,-9.59418510862994,-9.548217069043384
120,120,0.00021397387779908275,0.00021730565487431655,-9.604313045448707,-9.5450705835636
121,121,0.00021391882145292481,0.00021703752128431866,-9.60473302326849,-9.550432654835062
122,122,0.0002138206129773645,0.00021603681441200408,-9.606127313976122,-9.570503215952469
123,123,0.0002134284865682388,0.00021610978460797158,-9.613904658140797,-9.569036558395744
124,124,0.00021310427319738514,0.0002158266648429593,-9.622025803809834,-9.574729866725146
125,125,0.00021257952003278914,0.00021589978515342074,-9.631375828964293,-9.573258761693136
126,126,0.0002128047727290829,0.0002155407380900885,-9.63032628665284,-9.580487206215418
127,127,0.00021183596112040476,0.0002142882256425525,-9.646420502647983,-9.60579777530315
128,128,0.00021221447068737033,0.00021552923441815533,-9.639105395567588,-9.580719000660032
129,129,0.00021211715032869817,0.00021452451657846962,-9.643055759192135,-9.60101154346463
130,130,0.00021149574199297763,0.00021471812138579,-9.652395393371778,-9.597093875565202
131,131,0.0002111917580345876,0.00021438072527464675,-9.65960901766148,-9.603923504711162
132,132,0.00021126151571563954,0.00021380782556278924,-9.65936500465501,-9.61554489587278
133,133,0.0002110916827133252,0.00021322307982604558,-9.661869012155883,-9.627438742538434
134,134,0.0002104941086145118,0.00021334808001196697,-9.67661490540538,-9.624893474707529
135,135,0.0002101564071184389,0.0002127724338175827,-9.681747746457866,-9.636627249999437
136,136,0.00021000128355208478,0.00021272211559239383,-9.684175390067395,-9.637654427793882
137,137,0.00020973718864363187,0.00021185709843657126,-9.691488639467456,-9.655350663732614
138,138,0.0002094901407787999,0.00021219799926161374,-9.696631042688992,-9.648368015492355
139,139,0.00020900547153978927,0.0002114753396630189,-9.70498735577928,-9.663183551496177
140,140,0.0002089254973641088,0.00021200540849301768,-9.709111148369834,-9.652311459240543
141,141,0.0002090487847903974,0.0002113335611188392,-9.706350704592351,-9.666096150619964
142,142,0.00020827627161724166,0.00021072008147664172,-9.719180447425838,-9.67872160786608
143,143,0.00020787265309559893,0.00021082271460296683,-9.730358500148263,-9.676606852177274
144,144,0.00020811951658616476,0.00020980397867357455,-9.72521754866451,-9.697643665332631
145,145,0.00020737371922917088,0.0002101108203580799,-9.737616798776282,-9.691296679019016
146,146,0.00020754835256327366,0.00020913574170615328,-9.736451739259946,-9.711498253931426
147,147,0.0002073134667991382,0.00020958721181255226,-9.742810028679143,-9.70213306149164
148,148,0.00020641022867081476,0.00020916196272561423,-9.76185076344196,-9.71095377836027
149,149,0.00020648825499013104,0.00020935938702773695,-9.758330234021415,-9.706856482419902
150,150,0.0002062717337430138,0.00020949912064488192,-9.764321670016503,-9.703958819366527
151,151,0.00020632589117086195,0.00020922913360041812,-9.760380803683628,-9.709559296461457
152,152,0.00020588378808413123,0.00020880819647572935,-9.772261661590168,-9.718305440363606
153,153,0.00020539380229539093,0.00020736767404933314,-9.781111190560575,-9.748370299170187
154,154,0.0002053305197665564,0.00020849518248149636,-9.783865785008114,-9.724820617704768
155,155,0.00020500688697211444,0.0002081253271746008,-9.790215969652786,-9.732531527626922
156,156,0.00020503314987866726,0.0002077150826440438,-9.790232274608211,-9.741100535806332
157,157,0.00020444235622225156,0.00020754532383044104,-9.80175380141102,-9.7446513352064
158,158,0.00020439180976965647,0.00020716613232109107,-9.802706452260395,-9.752593282483023
159,159,0.00020379427017538435,0.00020641470205430922,-9.813901593011593,-9.76837459294854
160,160,0.00020393782631930962,0.00020721845794469118,-9.811893466032062,-9.751496488333515
161,161,0.00020337863267188143,0.00020554273597601997,-9.824114019422828,-9.786759532108851
162,162,0.00020321083663765954,0.00020606891331753055,-9.829159250525489,-9.775656054314261
163,163,0.00020294625506515508,0.00020569367839734216,-9.83611656929076,-9.783571416401292
164,164,0.00020307571520385593,0.00020453783279088768,-9.831421638169562,-9.808044363186543
165,165,0.00020237139485579597,0.00020542027318458023,-9.846684154332308,-9.7893478388396
166,166,0.00020199638779980813,0.00020493950624337517,-9.853722809938283,-9.799524007930415
167,167,0.0002016502553441072,0.00020472474371720302,-9.860853039131376,-9.804077502094943
168,168,0.00020161482743131593,0.00020475532801356167,-9.862345893749833,-9.80342874812213
169,169,0.00020151537184161854,0.00020393387699426202,-9.864636457795111,-9.820887106252766
170,170,0.00020134504137383103,0.00020400852448993216,-9.86898909877416,-9.819297715412228
171,171,0.00020084644190141373,0.00020310222201882616,-9.880542592001433,-9.838634115432596
172,172,0.00020099884726001508,0.00020470873278100044,-9.877006567742562,-9.8044171646602
173,173,0.00020056511887550814,0.0002036427521440936,-9.885325738953478,-9.827091286200107
174,174,0.0002001364229033346,0.00020340325289381375,-9.896108465403739,-9.832201923009317
175,175,0.00020017605151899506,0.00020310787122549586,-9.891779552037859,-9.838513319848008
176,176,0.0002000125706527075,0.00020254358854512438,-9.897284154689705,-9.850595860486557
177,177,0.00019951367969192642,0.0002018965636747644,-9.906321045230541,-9.864491591117496
178,178,0.00019950546011011857,0.00020226041593368312,-9.908906743722062,-9.856671903276363
179,179,0.00019899375476279134,0.00020141454986419136,-9.917813726417709,-9.874872462398995
180,180,0.00019912677652024924,0.0002011340188083092,-9.913964431850065,-9.880925551083262
181,181,0.0001987889373060508,0.00020136713895848706,-9.92146024041435,-9.875894867110823
182,182,0.00019856836087521666,0.00020118877766531353,-9.929698924978787,-9.879743342678092
183,183,0.00019795589791682847,0.00020032975743034562,-9.941095071068332,-9.898326211685559
184,184,0.00019784321613638595,0.00020112731497073057,-9.944267785759326,-9.88107030472592
185,185,0.00019770904702792118,0.00020051444344541155,-9.946006292358433,-9.894324251685726
186,186,0.00019771308450930818,0.000199961368803327,-9.946749971834267,-9.906319853442414
187,187,0.00019732672575928424,0.0002003040687046259,-9.956614329581509,-9.898883152768148
188,188,0.0001969490873569757,0.0001997364789100462,-9.964612831392724,-9.911206967573895
189,189,0.00019692563297006195,0.00019944303111467314,-9.963277764656661,-9.9175922041912
190,190,0.00019638980654807588,0.00019973646665580178,-9.974212325848562,-9.911207234022513
191,191,0.0001963800437131551,0.00019907073721314142,-9.976040142023908,-9.925706615635319
192,192,0.00019598796426020947,0.00019835196067824175,-9.98625723337174,-9.941415885631525
193,193,0.00019542366469077306,0.00019872647336390066,-9.995728917288451,-9.933223607881361
194,194,0.00019541188018977373,0.00019805865533845988,-9.996749433765814,-9.947842601197578
195,195,0.00019519746356965378,0.00019846511943461863,-10.00289257636213,-9.938938964789726
196,196,0.00019511216324298,0.0001972827341983487,-10.004211020774726,-9.964890080219321
197,197,0.00019483303005528665,0.00019779785438195656,-10.00867981900919,-9.95356510063315
198,198,0.00019489121671343587,0.0001974107305470266,-10.0103631466329,-9.962073306451908
199,199,0.0001940998591100989,0.00019745915395967466,-10.026385305250415,-9.961008144390249
200,200,0.0001943133466579404,0.00019745946874057777,-10.02244107198795,-9.96100122105965
201,201,0.000193938766408126,0.00019716400741967127,-10.030893196074832,-9.967504495852692
202,202,0.00019358798394042076,0.00019648401556830657,-10.039654338103405,-9.982508610456515
203,203,0.00019353811632717008,0.00019660702903485415,-10.04015253225165,-9.979790457896243
204,204,0.00019319121307002132,0.00019624018750619143,-10.046309153144799,-9.987901361638489
205,205,0.00019289635706299282,0.0001960421903181429,-10.052581307984113,-9.992285402236018
206,206,0.00019265543810480763,0.00019552417966463653,-10.059101011434562,-10.003776138768659
207,207,0.00019254254299628826,0.00019555713132783574,-10.062702051000855,-10.003044284541488
208,208,0.00019237290441956293,0.00019473725880839323,-10.065253424200248,-10.021290338996803
209,209,0.00019184445956909127,0.0001950709120137617,-10.07790780192625,-10.013855718986527
210,210,0.00019190578028972538,0.00019474692051421458,-10.075959830099073,-10.021074873221934
211,211,0.0001915183705013706,0.00019416340862670424,-10.084600683265093,-10.034106987004465
212,212,0.00019115069521034194,0.00019505412140125898,-10.093038890257425,-10.014229551462662
213,213,0.00019122223407582177,0.00019410329772845695,-10.091502575786773,-10.035451724072688
214,214,0.00019107540240079243,0.0001936741931498737,-10.096613757961448,-10.045063309638497
215,215,0.0001909293448276453,0.00019378558729505656,-10.098998535517246,-10.042566128442216
216,216,0.00019063107137083432,0.00019316325932250997,-10.103202221380116,-10.056535615096848
217,217,0.00019076219777883866,0.00019316678931078824,-10.103914510121449,-10.05645625008572
218,218,0.00019030565559172754,0.00019363424201544963,-10.113538080978214,-10.045959265198066
219,219,0.00018968198240792246,0.00019273708733779036,-10.1270346648934,-10.066127947322023
220,220,0.00018988686797362703,0.0001920456408314701,-10.122041059765156,-10.081736325945593
221,221,0.00018947355682630399,0.00019221903838977021,-10.13146257404786,-10.077816860435043
222,222,0.0001898342516986154,0.00019233382083353048,-10.124095442205963,-10.075224271030013
223,223,0.00018884931266735088,0.00019251706927254992,-10.146055044077206,-10.071088446275853
224,224,0.00018851350892104746,0.0001920709818430049,-10.153228838868095,-10.081163298857376
225,225,0.00018862631746817418,0.00019135865793367359,-10.149766937312702,-10.097299698705244
226,226,0.00018848479994255858,0.00019096897525933425,-10.154628525162966,-10.106152686513068
227,227,0.0001881498846131828,0.00019136379016440754,-10.164405801072927,-10.097183222679401
228,228,0.00018799304437089098,0.0001905898572754507,-10.164909720019889,-10.11478301497278
229,229,0.0001879334848820587,0.00019061995829504572,-10.165940318281637,-10.114097161345565
230,230,0.00018744058841023325,0.00018972260525180516,-10.180079727387852,-10.134590066187702
231,231,0.00018684097689326815,0.0001904939770036818,-10.191666886476007,-10.116968375257612
232,232,0.00018715481789897858,0.00019003855490346293,-10.185963233524607,-10.127363670424794
233,233,0.0001869555462221375,0.0001896394885414721,-10.186487377785209,-10.136493109734737
234,234,0.00018697460113002045,0.00018930976282143476,-10.188884753829388,-10.14405074951771
235,235,0.00018633883080406826,0.00019002829273966583,-10.202054612425322,-10.127598197647476
236,236,0.0001862939246438117,0.00018853887664399256,-10.20488016496869,-10.161771711965885
237,237,0.00018608803799635126,0.00018899195971531108,-10.209548683413187,-10.151347579511722
238,238,0.00018598126264327426,0.00018880465435550402,-10.213976457794924,-10.15565390137012
239,239,0.0001854130573097866,0.00018924185592607645,-10.22666953554845,-10.14560887732872
240,240,0.00018539843293502158,0.00018838070498436297,-10.22496734266674,-10.165416684864674
241,241,0.00018504451940522636,0.00018809530363222095,-10.235989636667506,-10.172001341165224
242,242,0.00018492583413464353,0.00018799103226659723,-10.237463975387202,-10.174409537132409
243,243,0.00018538136758899183,0.00018824369640481708,-10.2297787266813,-10.168576441506861
244,244,0.000184690127162426,0.0001874703999706789,-10.241653340184847,-10.186453803665454
245,245,0.00018410667817266753,0.00018726178984108724,-10.25454542544284,-10.191289162888545
246,246,0.00018423514548069847,0.00018711584944915223,-10.255831118403655,-10.19467510817282
247,247,0.00018412486896682146,0.0001867142410973381,-10.256760751154918,-10.204006425399008
248,248,0.0001839629382545551,0.00018682604039847655,-10.261030316151057,-10.20140676890036
249,249,0.00018373006260497785,0.00018650825950317085,-10.264688937328652,-10.208800170613149
