,epoch,train_loss,test_loss,train_dbs,test_dbs
0,0,0.00046891159559216003,0.0003770018428392512,-6.196019904376662,-7.152346132229642
1,1,0.00024443803464312147,0.00013485929919529314,-9.026465144993542,-11.616971878195677
2,2,0.00010031131642256124,7.971539736517068e-05,-12.894934733108325,-13.900358710186024
3,3,7.071674389004966e-05,6.789519695877588e-05,-14.411361590128315,-14.597390338158387
4,4,6.546234021463777e-05,6.46367914573363e-05,-14.748543927273069,-14.810982962184838
5,5,6.275517065210038e-05,6.348617611557099e-05,-14.930518150980392,-14.888989167888544
6,6,6.143406587688867e-05,6.235171397412686e-05,-15.023506115598169,-14.967296901127467
7,7,6.0610395258222945e-05,6.137732941026211e-05,-15.081329496411527,-15.03570098413528
8,8,6.0309166262423156e-05,6.05000863479769e-05,-15.104203190187256,-15.098220918336864
9,9,6.001213553167169e-05,6.093815433192312e-05,-15.125870287642693,-15.066887899626984
10,10,6.003033877746442e-05,6.050303866351513e-05,-15.122092104488448,-15.098008994165944
11,11,6.0106341142901075e-05,6.448914868279214e-05,-15.11536523896828,-14.820914424468999
12,12,6.005668895800367e-05,6.161621039561731e-05,-15.119119993951323,-15.018831020983534
13,13,5.937516185984294e-05,6.0156103963412245e-05,-15.169751576034516,-15.12298385107017
14,14,5.952655383506934e-05,5.97306814023269e-05,-15.159665264264833,-15.153806171595164
15,15,5.959120664425127e-05,6.033261199359243e-05,-15.15640933446339,-15.110259585939477
16,16,5.972680101529983e-05,6.384495224521838e-05,-15.14577141280416,-14.864515198686997
17,17,5.902607769065671e-05,5.983048016021616e-05,-15.195753209083108,-15.146555981089868
18,18,5.9051687186211825e-05,6.000338659137733e-05,-15.194155901790253,-15.134023236701914
19,19,5.866290351703581e-05,5.9832527193449146e-05,-15.222391233756689,-15.146407394612375
20,20,5.9313698807976104e-05,5.949938751751018e-05,-15.175295629523795,-15.170655911730023
21,21,5.8705548804731004e-05,5.9971271280358595e-05,-15.21994431016749,-15.136348311503642
22,22,5.839413313072693e-05,5.894749943093446e-05,-15.245426782466367,-15.21112699396842
23,23,5.910262534036013e-05,6.394084055883516e-05,-15.189991518090448,-14.857997451700394
24,24,5.934328483939699e-05,5.913198171918722e-05,-15.17516802018518,-15.197556523602806
25,25,5.814451343990795e-05,5.883084285367084e-05,-15.261650106322524,-15.219730158755457
26,26,5.878883151585937e-05,6.1008895787189864e-05,-15.216335739337213,-15.061849216513227
27,27,5.8483783729955285e-05,5.927947705985341e-05,-15.237699155601739,-15.186737225141753
28,28,5.857358588663064e-05,5.89263851763558e-05,-15.229797851012385,-15.21268286096672
29,29,5.8578460703222276e-05,5.8673573412785406e-05,-15.228958007212132,-15.23135547349725
30,30,5.829485328916038e-05,5.896312512432862e-05,-15.252466193725278,-15.209975926796599
31,31,5.8405893666072046e-05,5.8943886917979016e-05,-15.242629814510432,-15.211393153268338
32,32,5.793693318204551e-05,5.932031854172237e-05,-15.278077478695817,-15.183746118652977
33,33,5.8230767254573626e-05,5.894094647374004e-05,-15.254085680166835,-15.211609808570103
34,34,5.756901624671318e-05,5.865645423335465e-05,-15.305330382489268,-15.232622798727355
35,35,5.798745469385806e-05,5.816789091209342e-05,-15.271750380399956,-15.268947691659937
36,36,5.742426557057134e-05,5.8395490333695256e-05,-15.318157297903452,-15.251987768663877
37,37,5.799823672541888e-05,5.9127038471878655e-05,-15.274441380310844,-15.197919595278282
38,38,5.747721582703945e-05,5.848363224159632e-05,-15.311077675855348,-15.245437488230714
39,39,5.711195274098949e-05,5.7881765410696206e-05,-15.342329013780462,-15.290363175707162
40,40,5.717845746890891e-05,5.797675495207506e-05,-15.333978032112459,-15.283241827570892
41,41,5.7097162219357304e-05,5.7721920855233055e-05,-15.340461818430972,-15.302373113258824
42,42,5.7270451376548266e-05,5.7779143006834934e-05,-15.328668455131707,-15.298069903247491
43,43,5.696227237853442e-05,5.7621427626336776e-05,-15.354370049152731,-15.3099407218632
44,44,5.678532937794837e-05,5.806022224868158e-05,-15.363995121275316,-15.276993923934988
45,45,5.739273888373402e-05,5.747239571830601e-05,-15.318727535598562,-15.321187853912244
46,46,5.711536756542646e-05,5.818152375899157e-05,-15.33942891363292,-15.267929952082246
47,47,5.692724584356987e-05,5.775242798814648e-05,-15.351945086025346,-15.300078390677758
48,48,5.677612780439715e-05,5.7762698385264035e-05,-15.365733524063963,-15.299306132195792
49,49,5.6755179009753155e-05,5.745149170060789e-05,-15.366091985750552,-15.322767769078693
50,50,5.620040899453464e-05,5.739756766400349e-05,-15.409072826870212,-15.326845976316907
51,51,5.645926296320917e-05,5.785097260071014e-05,-15.390456604508119,-15.292674215436215
52,52,5.6760115184420336e-05,5.751193633554258e-05,-15.363270498683114,-15.318200964786213
53,53,5.654905840650095e-05,5.7500398390019604e-05,-15.383508749710446,-15.319072326297462
54,54,5.644269073207997e-05,5.733417645770762e-05,-15.391208590925052,-15.331645076009444
55,55,5.603389536659473e-05,5.691178395002345e-05,-15.4227989297066,-15.363758871628965
56,56,5.6099699952366005e-05,5.748979349032437e-05,-15.415951198360363,-15.319873377127369
57,57,5.614890935398715e-05,5.6915232753932576e-05,-15.411611577181702,-15.363495700977442
58,58,5.652181043280001e-05,5.710697625641172e-05,-15.385203110162857,-15.348889209086757
59,59,5.5957861046952475e-05,5.776255305758432e-05,-15.428066879761214,-15.299317058812887
60,60,5.651031501984857e-05,5.683637037260556e-05,-15.386018685245169,-15.369517506663865
61,61,5.6093014359951846e-05,5.7201188419161265e-05,-15.419901632613795,-15.341730344837455
62,62,5.6317291327826585e-05,5.731918568735158e-05,-15.401038771737547,-15.332780744211476
63,63,5.604313437007224e-05,5.658759887170929e-05,-15.42276673124336,-15.388568200103212
64,64,5.583124790795522e-05,5.679497476912251e-05,-15.436688837664914,-15.372681753807225
65,65,5.588926478125846e-05,5.6600743846502155e-05,-15.434137481372316,-15.38755947607636
66,66,5.6009862128496365e-05,5.676318304674504e-05,-15.425792639812087,-15.375113454043476
67,67,5.5647856121121896e-05,5.6439639784481476e-05,-15.451041031217889,-15.399938530405748
68,68,5.567964230461248e-05,5.6882692182338555e-05,-15.450604978823609,-15.365979435381975
69,69,5.5920690767342205e-05,5.68971822519272e-05,-15.430063696680296,-15.364873271865791
70,70,5.595172400173453e-05,5.734470438543021e-05,-15.429347723322621,-15.330847680552665
71,71,5.584405858151269e-05,5.6339131046307124e-05,-15.436633219053963,-15.407679420221616
72,72,5.563868991472547e-05,5.6742536176706813e-05,-15.452320738091254,-15.376693431138273
73,73,5.5712058946079833e-05,5.6098983086964215e-05,-15.448770071532042,-15.426230975088256
74,74,5.552209010611759e-05,5.6323274245522426e-05,-15.459559140037646,-15.408901925831906
75,75,5.568223513336372e-05,5.6923695841473285e-05,-15.451720295165254,-15.362849968929378
76,76,5.577212670180687e-05,5.6873714416532926e-05,-15.442601338834512,-15.366664934207733
77,77,5.5586861205868154e-05,5.6848829492657005e-05,-15.4579098198863,-15.36856559258608
78,78,5.533009588708813e-05,5.6554515283910167e-05,-15.478037620285628,-15.391108018302553
79,79,5.560683202179696e-05,5.654259975448153e-05,-15.455903964589917,-15.392023134253511
80,80,5.542150981839477e-05,5.634369000817012e-05,-15.4687517124237,-15.407328003392882
81,81,5.538782806042102e-05,5.631117490242774e-05,-15.47415300114584,-15.40983497571152
82,82,5.54646679860919e-05,5.6108838371552626e-05,-15.468856097376884,-15.4254680878546
83,83,5.528824049085331e-05,5.6338799224345405e-05,-15.479282705808412,-15.407704999045544
84,84,5.526277850221209e-05,5.574974363155075e-05,-15.4831005040573,-15.45335211731587
85,85,5.5413024514114256e-05,5.656722255241077e-05,-15.468903174358426,-15.39013230899705
86,86,5.5404111316017134e-05,5.6497011093214446e-05,-15.472378710841038,-15.395526137307149
87,87,5.505275280999749e-05,5.6109552755706794e-05,-15.502658744514381,-15.42541279333594
88,88,5.525759768284637e-05,5.667459596512153e-05,-15.483796226153867,-15.381896536165335
89,89,5.517088544534606e-05,5.5895800247335024e-05,-15.488238361916746,-15.441989081002356
90,90,5.500032552235913e-05,5.6217368087106335e-05,-15.502284232669773,-15.417075768245365
91,91,5.5087004680505755e-05,5.596515199469746e-05,-15.497036280506876,-15.436603987375811
92,92,5.5163924754225195e-05,5.687281889932867e-05,-15.490834644689926,-15.366733317510315
93,93,5.505472466952081e-05,5.571047854334067e-05,-15.499997268772695,-15.456411973381785
94,94,5.493992881083708e-05,5.602922618364621e-05,-15.507834118947134,-15.431634618344683
95,95,5.492681779775087e-05,5.614709478227029e-05,-15.511894635326398,-15.422507968376095
96,96,5.470398664516493e-05,5.5782066115888916e-05,-15.525737025380568,-15.450834902359125
97,97,5.4991512162402064e-05,5.5658001656411216e-05,-15.505481591147657,-15.460504769488324
98,98,5.477531623310102e-05,5.6143768712277766e-05,-15.517755549313874,-15.422765245557809
99,99,5.482471289686839e-05,5.5789348775043e-05,-15.51720186966983,-15.450267943753861
100,100,5.469239218167711e-05,5.615186627868465e-05,-15.525905209198683,-15.42213891161104
101,101,5.474906532812777e-05,5.566478150859965e-05,-15.523700858621224,-15.459975775815424
102,102,5.5050731031404156e-05,5.5759650805205306e-05,-15.499128133776503,-15.452580409984398
103,103,5.4665404979797255e-05,5.57677292243553e-05,-15.526425415386917,-15.451951252756002
104,104,5.483029839449524e-05,5.659369995364135e-05,-15.517538415530534,-15.38809998384367
105,105,5.4845053211428205e-05,5.5195438203794e-05,-15.51528764848074,-15.496749007143716
106,106,5.461763059204329e-05,5.5483483217693375e-05,-15.531447900636095,-15.474143683401309
107,107,5.440160287238091e-05,5.601156379653778e-05,-15.548714970712542,-15.433003883470953
108,108,5.451330993703768e-05,5.610989032184558e-05,-15.543556609905258,-15.425386665401719
109,109,5.443986499569254e-05,5.508703696633395e-05,-15.549856141822184,-15.505286732534742
110,110,5.436965312986375e-05,5.5523030536469854e-05,-15.552422046418625,-15.471049237415306
111,111,5.434396074839973e-05,5.547925224834073e-05,-15.55654683242009,-15.474474873261784
112,112,5.430355330523507e-05,5.4887819140659354e-05,-15.559295322279674,-15.521021110389299
113,113,5.428480376254229e-05,5.559753002384432e-05,-15.559581845619554,-15.465225882861318
114,114,5.4277096873211684e-05,5.4821360926756536e-05,-15.561379277629797,-15.526282737372163
115,115,5.435190538152063e-05,5.518111892773672e-05,-15.554953107349387,-15.497875837473094
116,116,5.415195854081887e-05,5.475288401756092e-05,-15.571991047932364,-15.531710864700452
117,117,5.403988572802471e-05,5.5167099880667304e-05,-15.580414677994238,-15.49897932512016
118,118,5.390181685629848e-05,5.4097685949129394e-05,-15.59090424283336,-15.583993979499013
119,119,5.402440792843747e-05,5.4483688712169075e-05,-15.582162601134062,-15.553115833645883
120,120,5.393168316210726e-05,5.449437920010256e-05,-15.589274873411041,-15.5522637686346
121,121,5.37682058212837e-05,5.520886540915327e-05,-15.602607861044886,-15.495692642304151
122,122,5.366093870348384e-05,5.463144139196773e-05,-15.610720888408654,-15.541354272681602
123,123,5.3688314531512135e-05,5.4266198850727e-05,-15.607969397367365,-15.570486844272063
124,124,5.3904258465147143e-05,5.441163739305921e-05,-15.59314974969589,-15.558862911319242
125,125,5.369425797624965e-05,5.4345486684101876e-05,-15.608047999035401,-15.564146039511675
126,126,5.366287155787355e-05,5.438942255415512e-05,-15.612413293971672,-15.560636383395924
127,127,5.343018392054124e-05,5.40235198154972e-05,-15.627999905272995,-15.589952097965176
128,128,5.3502619491539627e-05,5.4135648449453966e-05,-15.623292526422432,-15.580947431006738
129,129,5.357439310041487e-05,5.357412393143597e-05,-15.616181770703403,-15.62623008337819
130,130,5.354626743619801e-05,5.406340546630274e-05,-15.620529304026945,-15.586746877945629
131,131,5.351997906379354e-05,5.3855108968778755e-05,-15.62161611443178,-15.603511773623397
132,132,5.333003156413996e-05,5.374765073372002e-05,-15.638837964659867,-15.612185999854125
133,133,5.3485184159314684e-05,5.3841933549847454e-05,-15.625726424056094,-15.604574386232501
134,134,5.3118982962296664e-05,5.3788883011101894e-05,-15.653642969998716,-15.60885560583877
135,135,5.3024595264602244e-05,5.412497442816139e-05,-15.662653764656074,-15.58180382152785
136,136,5.301466444507241e-05,5.3579012417589855e-05,-15.664257184265402,-15.625833820116972
137,137,5.290693747925034e-05,5.321293026913496e-05,-15.673110191033588,-15.65560911509957
138,138,5.2793772447705464e-05,5.3487157282162166e-05,-15.68024666853068,-15.633285695597346
139,139,5.285376185562087e-05,5.3440944994738524e-05,-15.67723314870631,-15.637039571752707
140,140,5.270328507584654e-05,5.3214829294072265e-05,-15.688898492590088,-15.655454129961345
141,141,5.278077574966466e-05,5.311261932212418e-05,-15.682853045813525,-15.663803665488224
