,epoch,train_loss,test_loss,train_dbs,test_dbs
0,0,0.0003408315821344359,0.0003168663840226241,-7.581457917498638,-7.907019184782297
1,1,0.0002935720753457551,0.0002789546400124795,-8.228692989089053,-8.460444966522505
2,2,0.0002615257007605156,0.0002522110995701759,-8.733349392603003,-8.898138907838783
3,3,0.0002406371120404279,0.0002361142159268064,-9.091363312326692,-9.184559505295018
4,4,0.00022611797237576743,0.00022481345513369888,-9.36258352994603,-9.397557860347149
5,5,0.00021746511044239952,0.00021661975571125942,-9.535584835393822,-9.558800245965656
6,6,0.00021076946580523298,0.00021170274167640231,-9.668358324311466,-9.658516039002167
7,7,0.00020603971050562548,0.00020621255144329838,-9.768619594970401,-9.772629905759556
8,8,0.0002005633640945553,0.00020230132596273171,-9.884152206960826,-9.855793570102911
9,9,0.0001982178502432887,0.00020047967662226016,-9.936577793560087,-9.895077332029311
10,10,0.0001958667990132283,0.00019725720094835482,-9.988028606939592,-9.965452200735145
11,11,0.00019315537845370235,0.00019460200258579694,-10.049125771849695,-10.02430781189534
12,12,0.00019114929807646027,0.0001928402167610138,-10.09429146796727,-10.063804753502277
13,13,0.00018964735515050821,0.0001916438586225635,-10.129412121513921,-10.090831798210642
14,14,0.00018846385538597235,0.00018938201461232414,-10.15574212496828,-10.142393541395354
15,15,0.00018663927564666288,0.00018754263720965306,-10.196297612323983,-10.184780675984438
16,16,0.000182300309780217,0.00018231004497992168,-10.300792674459721,-10.307674881108104
17,17,0.0001751492335521088,0.00017383358422911872,-10.470871958575598,-10.514444014628644
18,18,0.0001669181081749614,0.00016881336265023013,-10.682041409375246,-10.641712655099804
19,19,0.0001622216389562512,0.00016361707055598105,-10.806083379540908,-10.777494736581401
20,20,0.0001593456797412184,0.00016007418391956506,-10.883141031434347,-10.87256789919633
21,21,0.00015762166453755854,0.00015718157182594665,-10.930141936633621,-10.951764588957216
22,22,0.00015649066883326537,0.00015867537647289666,-10.963203132189403,-10.910685489343813
23,23,0.00015506723889068116,0.00015663927785537548,-11.002552161711067,-10.96677414065864
24,24,0.00015238312567517008,0.00015344870993622432,-11.077193532341482,-11.056148447163183
25,25,0.0001493818107866394,0.0001499190203551399,-11.165056972813044,-11.157213506693424
26,26,0.00014733509006057915,0.00014750879046531687,-11.224209271342072,-11.227601844080786
27,27,0.00014533020856612622,0.00014616543806991294,-11.284040888384862,-11.267333938017899
28,28,0.0001438488587004987,0.00014566233393883236,-11.32714339264189,-11.282308219794464
29,29,0.00014254215507067202,0.00014407733856626836,-11.368358069857782,-11.329824088418903
30,30,0.00014200431583377235,0.00014378244936539742,-11.384714181967695,-11.338722086880676
31,31,0.00014140849959131657,0.00014267695108796224,-11.40241803920569,-11.372242661480975
32,32,0.00014036032738771347,0.00014298692602958334,-11.434547359325403,-11.36281756644488
33,33,0.00013986769465059907,0.0001413937647349054,-11.448239708112336,-11.4114782821727
34,34,0.00013994812878681653,0.00014218699882468698,-11.446892391590673,-11.387181987725894
35,35,0.0001391441900776363,0.00014151824564722024,-11.473532450671557,-11.407656501914143
36,36,0.00013796002265022703,0.00014067775229800885,-11.510800174079872,-11.433526656392395
37,37,0.00013926732808425927,0.00014034007893458597,-11.467210198142006,-11.443963698651082
38,38,0.0001385931571292662,0.00013985418359209833,-11.490286779180723,-11.45902623959341
39,39,0.0001377871422218303,0.00013937309038163605,-11.51546035198141,-11.473991563743652
40,40,0.00013689152457146454,0.00013927623742921767,-11.544587548806867,-11.47701060597969
41,41,0.00013741420131277524,0.00013994558953287962,-11.527587092911551,-11.456188703546593
42,42,0.0001378594107083381,0.00013942542289824863,-11.512180906755704,-11.47236115881871
43,43,0.00013696501699405884,0.0001379771473645968,-11.542994500616249,-11.517709245303092
44,44,0.00013572427794606107,0.00013824715508809802,-11.580564412693885,-11.50921883365613
45,45,0.00013597092008249374,0.00013882169686870553,-11.57328853293757,-11.491207376877451
46,46,0.00013638941471203297,0.00014138851876946559,-11.560426083118385,-11.411639416301387
47,47,0.00013650921170393332,0.00013879809136453427,-11.554235249784394,-11.491945922230723
48,48,0.00013532385979563035,0.00013721081134127942,-11.59290043285191,-11.541897539594984
49,49,0.00013579920868295696,0.00013839818022556995,-11.578335672593422,-11.50447706634788
50,50,0.00013508998726485008,0.00013710159309036834,-11.60299294089993,-11.54535585102633
51,51,0.00013385591396915524,0.00013590720137519958,-11.641676389286133,-11.583356168311989
52,52,0.00013500229937394063,0.00013611218386550287,-11.603570096546477,-11.57681084205171
53,53,0.0001338877593354351,0.00013734981046965053,-11.641114709451234,-11.537500218580774
54,54,0.00013333132822659425,0.00013632857161083897,-11.65732788682071,-11.569912019344512
55,55,0.0001326604381284062,0.00013659655968168457,-11.680948806574342,-11.561383249770428
56,56,0.00013335483819582338,0.00013947602067338792,-11.656604307585344,-11.4707853810458
57,57,0.0001326596148950576,0.0001351684006390554,-11.679852974751384,-11.607029112317163
58,58,0.0001318744507068576,0.0001342581840856981,-11.703606736164552,-11.636373175061765
59,59,0.00013263800612605206,0.00013482083848334456,-11.678051686978542,-11.61821062534453
60,60,0.00013172137828546183,0.0001334237439502766,-11.71116888001438,-11.663449632766794
61,61,0.00013040414649498716,0.00013218219445613948,-11.754954257325112,-11.704051286838933
62,62,0.00013087973796424083,0.00013438310308725034,-11.737603483855734,-11.632334210125276
63,63,0.00013226213795673007,0.00013303548851246503,-11.691232344520701,-11.676105776221345
64,64,0.00013066327987543605,0.0001315436744143402,-11.747268832055667,-11.725081174713058
65,65,0.00013278548198586483,0.00013384724412677124,-11.675063880868432,-11.649686527014904
66,66,0.0001310881206402123,0.00013379881688467177,-11.731680246790928,-11.651258131257284
67,67,0.0001304740490951124,0.00013285009787834592,-11.753039292291781,-11.682162076115985
68,68,0.0001293947645967116,0.00013146635549339024,-11.787454497444836,-11.727634627271073
69,69,0.0001310810931903051,0.0001326028355642369,-11.730647436077655,-11.690252752550766
70,70,0.00012871407805917996,0.00013178912884445469,-11.810484634931203,-11.716984991168102
71,71,0.00012951300355855413,0.00013427262035149492,-11.785290980906602,-11.635906220025149
72,72,0.00012937310752134828,0.00013075908837460078,-11.78762363797382,-11.75106202220542
73,73,0.00012948593579607142,0.00013057925963566,-11.785095928394941,-11.757038844354224
74,74,0.0001293562399763518,0.00013134023595883168,-11.788871467323691,-11.73180294145384
75,75,0.0001294565082230058,0.00013150882870449046,-11.787527241365245,-11.726231766280506
76,76,0.00012884991448708648,0.00013059872703467446,-11.806369930930016,-11.756391425014453
77,77,0.0001279253671791875,0.00012983948238941498,-11.836984495884257,-11.781713108395437
78,78,0.00012893298289500964,0.00013096088476135934,-11.80282303597773,-11.744364858549599
79,79,0.00012758367875838152,0.00013081061632347932,-11.849140235302535,-11.749350944527139
80,80,0.00012823251902951486,0.0001300476977025698,-11.828320887314916,-11.774754182536402
81,81,0.00012712859116271427,0.00012966263641015088,-11.862785941366077,-11.787632385292754
82,82,0.00012972080723332126,0.0001305517829390929,-11.77446815450061,-11.75795278990634
83,83,0.00012842339447629878,0.0001304333885567949,-11.821316873898109,-11.76189309273296
84,84,0.00012758560703716903,0.00012962925776312324,-11.849400841277557,-11.788750519921978
85,85,0.00012683808835362535,0.00013027509243999558,-11.873452421688683,-11.767166963242888
86,86,0.00012801582450959256,0.0001297052727558797,-11.832970401901076,-11.78620455022211
87,87,0.0001284313299957202,0.00013042594103975907,-11.820563140368064,-11.762141074321995
88,88,0.00012763275366730164,0.00013005095733158094,-11.851195999843803,-11.774645328540792
89,89,0.00012704730003870564,0.00012915943960634699,-11.866059370735599,-11.804519342843708
90,90,0.00012786110442134158,0.00012839884201591638,-11.839891647400087,-11.830169793268432
91,91,0.00012711233907372008,0.00013216583465691656,-11.86782536688997,-11.704588833539052
92,92,0.0001267205967901505,0.00012934251725183507,-11.880002115380005,-11.7983677743639
93,93,0.00012584305546887352,0.00012856255144518065,-11.910220100955264,-11.824636035031308
94,94,0.0001266465885246643,0.00013123068722626684,-11.880641782682025,-11.735426831885864
95,95,0.00012555420040164967,0.00012899581289323243,-11.919203664101246,-11.810024726710648
96,96,0.000125741595015309,0.00012731982248001978,-11.910329323503587,-11.86682061908282
97,97,0.00012512326741005418,0.00012829883972268648,-11.93285723599435,-11.833553575001899
98,98,0.0001254094531009521,0.0001291125648238353,-11.924789745339373,-11.80609577848207
99,99,0.00012545414158255918,0.00012761925992028984,-11.923552278213357,-11.856618645610473
100,100,0.00012825961199531465,0.00013204965982463603,-11.827722906347336,-11.708407995768424
101,101,0.00012612621758682844,0.00012804491416318342,-11.89894637373965,-11.842157529941616
102,102,0.00012528755718280475,0.00012733638945256213,-11.927965501742497,-11.8662555478668
103,103,0.00012507019484998927,0.00012780820581706633,-11.936980087282251,-11.850193481027754
104,104,0.00012479811476557947,0.00012695802318998367,-11.944479198359833,-11.879179347452586
105,105,0.0001253980588763184,0.0001261471104379253,-11.923372788524238,-11.907007794349232
106,106,0.00012523441988922002,0.0001266925234966421,-11.931779353883165,-11.888270996998099
107,107,0.00012461854630694774,0.0001277494873073393,-11.950913271920891,-11.852189204568454
108,108,0.0001250527537795091,0.0001274782319485798,-11.937459624412469,-11.861420549047368
109,109,0.00012410881296916356,0.00012854289180770713,-11.968630889782009,-11.825300203940344
110,110,0.00012377685977964538,0.00012530243647664689,-11.982230390309908,-11.93618570496717
111,111,0.0001242822953517856,0.00012542705448332096,-11.962318084041764,-11.931868628671625
112,112,0.00012315610695519898,0.00012513704017405152,-12.005190485150532,-11.941922077918289
113,113,0.00012424658390167698,0.00012503089505786958,-11.964859402519355,-11.94560746157566
114,114,0.00012300152518515255,0.00012478652015009798,-12.008384619810833,-11.954104123645816
115,115,0.00012356211101581082,0.00012536543784479268,-11.987594863169743,-11.934002645236179
116,116,0.00012278838305777303,0.00012526064567378183,-12.014863400121056,-11.93763440324236
117,117,0.00012254435854085443,0.00012798693282284627,-12.026302659303404,-11.84412454903621
118,118,0.00012274987876508865,0.00012428804735751137,-12.01680606691371,-11.971487212926007
119,119,0.0001234215671933477,0.00012458115011931544,-11.98991528363367,-11.961257504128987
120,120,0.0001222667329015748,0.0001245032211667613,-12.03483754365508,-11.963974986161624
121,121,0.00012250139521130063,0.00012529524323518241,-12.025812645237103,-11.936435027712653
122,122,0.00012209864762928528,0.00012361081424291785,-12.03951447933866,-11.995216191302669
123,123,0.00012165792974986655,0.00012449076893972233,-12.055024287905923,-11.964409368814204
124,124,0.00012118597760959768,0.00012362364022441112,-12.073423680547336,-11.99476558638965
125,125,0.00012184731340030995,0.00012558517750891807,-12.048430471446514,-11.926397025473864
126,126,0.00012128085857221242,0.0001238247637765629,-12.072217298800696,-11.98770578186454
127,127,0.00012117120344011765,0.00012286981578462904,-12.072423166054797,-12.021328791794353
128,128,0.0001229664309162733,0.00012511845354885352,-12.008989663460941,-11.942567184137973
129,129,0.00012237465290530325,0.0001243344308214115,-12.031898868984142,-11.969866757462393
130,130,0.00012168126434601421,0.0001237433641922268,-12.053174538956226,-11.990561673846303
131,131,0.00012067619836577167,0.00012321229932192517,-12.090162469503628,-12.009240241079526
132,132,0.00012087037492202614,0.00012162128443474342,-12.084370225897858,-12.065685006702518
133,133,0.00012093614425315743,0.00012352929977504047,-12.081019049972426,-11.998081066963898
134,134,0.00012031992255006772,0.00012282996727950186,-12.10563891998478,-12.022737501710557
135,135,0.00012094130268207627,0.00012328364621345443,-12.081427675257183,-12.006726158173205
136,136,0.00012023979272890221,0.00012239758239287001,-12.105912692704003,-12.038052466539817
137,137,0.00011949620201233199,0.00012147813954231281,-12.134702041128484,-12.07079954322121
138,138,0.000119066464753111,0.00012138025263802295,-12.15037233859986,-12.074300492420793
139,139,0.00011929935690486017,0.00012124948223476837,-12.140182886342979,-12.078981935942855
140,140,0.0001191460734056837,0.00012098554648936873,-12.148228253008215,-12.088445958034868
141,141,0.00011921984013938105,0.00012084505847030271,-12.145341826274656,-12.093491901523103
142,142,0.00011927372250602744,0.00012115428858363118,-12.140130657510364,-12.08239294554776
143,143,0.00011990763161201798,0.00012150485647572695,-12.119863840594219,-12.069844495584787
144,144,0.00011948003160908876,0.00012091482915964566,-12.1353923449823,-12.090985197328415
145,145,0.00011936297060228097,0.00012124061207654641,-12.13645778043041,-12.079299661149905
146,146,0.00011979896541007977,0.00012077019767419092,-12.123113969160118,-12.09618309182469
147,147,0.00011829931523588476,0.00012076902930857614,-12.179262862896888,-12.096225106924736
148,148,0.00011847257311395897,0.00012144029345731006,-12.172984702904497,-12.072152783138687
149,149,0.00011895484563752951,0.00012055949857887371,-12.153462397526802,-12.103766532993296
150,150,0.00011933586285953631,0.00012129108003328408,-12.141009082773026,-12.077492230933277
151,151,0.0001195094607573617,0.00012121345054382753,-12.131895231676664,-12.080272720021487
152,152,0.00011941605328867864,0.0001214876224127549,-12.137856028433712,-12.070460535924497
153,153,0.00011865125060532741,0.00012075270588914129,-12.16426133673175,-12.096812148997065
154,154,0.00011855691991513595,0.00012158180968407051,-12.169131771138526,-12.06709482976455
155,155,0.00011841794087361909,0.00012102459731977433,-12.17372542869666,-12.08704440022914
156,156,0.0001182809435929287,0.000120219590730573,-12.179325307007002,-12.11602841182671
157,157,0.00011767180822249597,0.00011970841488188231,-12.200738305882254,-12.134534061944915
158,158,0.00011726561761233169,0.00012012866691771993,-12.215634390900746,-12.119314286454284
159,159,0.00011695907139171337,0.00011858346490618332,-12.22548217134108,-12.175539504247405
160,160,0.00011799422030627593,0.00011940660164997865,-12.188263978031914,-12.145497479691835
161,161,0.00011714912030471431,0.00011870749777268716,-12.219776934151454,-12.170999357096841
162,162,0.0001170404603285955,0.00011967545785745115,-12.225267677001685,-12.135729886356732
163,163,0.00011701384885116605,0.00011938407796582109,-12.227554341766266,-12.14631676726089
164,164,0.00011716685413872612,0.00011864620663752583,-12.219953857227935,-12.173242288375114
165,165,0.00011618561256909743,0.00011840974682280303,-12.256651884509242,-12.181906337962236
166,166,0.00011716761361368327,0.00011933504873396534,-12.219082996269758,-12.148100715236964
167,167,0.00011699225733443116,0.00012015060775937807,-12.225269595417,-12.118521143849726
168,168,0.00011703544794389805,0.00011939237408928181,-12.224396360957392,-12.146014982004377
169,169,0.00011697660629954381,0.00011927977251808013,-12.226728084892693,-12.15011284137757
170,170,0.00011678353463870848,0.00011910803540989658,-12.234582326379186,-12.156370249587605
171,171,0.00011591991762505825,0.00011846191352417104,-12.267603377394936,-12.17999342774948
172,172,0.00011598642917887606,0.0001193107198464292,-12.264870452840714,-12.148986203524249
173,173,0.00011532835706770805,0.00011799032845852995,-12.288518739179178,-12.197316762186343
174,174,0.0001184347701635807,0.00012043023085233902,-12.174577581990466,-12.108425674761627
175,175,0.00011775082437208729,0.00011989451894279275,-12.196261174233523,-12.127787568345983
176,176,0.0001168950842951482,0.00011897412370767837,-12.229894586281237,-12.161255715989967
177,177,0.00011704333140646809,0.00011968915963447408,-12.222581084223673,-12.135232686208926
178,178,0.00011739773115025564,0.00011929664622967768,-12.211857566871348,-12.149498517473578
179,179,0.00011654966683355015,0.00011808255696546679,-12.241097829365659,-12.193923375131092
180,180,0.00011646110132713467,0.00011845380083143122,-12.243452138483978,-12.180290858226073
181,181,0.000116518793295176,0.00011877059296239167,-12.241422578012264,-12.168691616346251
182,182,0.00011814730045368856,0.00012417365819840742,-12.184561404522142,-11.975486105551102
183,183,0.00011599782265341102,0.00011749141834259622,-12.262281154554323,-12.215719397419168
184,184,0.00011612420446196207,0.0001184458275307215,-12.258251901027826,-12.180583198110778
185,185,0.00011654332497387587,0.00011765618470044022,-12.24139767690743,-12.209633251458097
186,186,0.00011622891194287918,0.00011840423815699883,-12.253962364946036,-12.18210838541835
187,187,0.00011603930731335194,0.00011775529549738981,-12.262422150042081,-12.205976397109344
188,188,0.00011551252963230225,0.00011756564268388932,-12.281861611490887,-12.212976640168893
189,189,0.0001171667672022841,0.00011786290805933899,-12.21825579259159,-12.20200933986316
190,190,0.00011651500132110104,0.00011909743587143327,-12.24158330490513,-12.156756749615806
191,191,0.00011594649729830184,0.0001178428555201543,-12.264437332725564,-12.202748287185008
192,192,0.00011594660763782401,0.00011753422050356963,-12.26597078639234,-12.214137549360286
193,193,0.00011556785983950399,0.00011837531584253731,-12.277129740749317,-12.18316935554223
194,194,0.00011595236389542518,0.0001182027852720287,-12.263462998410702,-12.189503761614642
195,195,0.00011558142537491146,0.00011830307285938608,-12.27875381728257,-12.185820609852795
