,epoch,train_loss,test_loss,train_dbs,test_dbs
0,0,0.0002564109043343012,0.0002496524447403652,-8.81749131909849,-8.942422630544895
1,1,0.00023886175857996088,0.00023457895363926103,-9.124374165099905,-9.212890415848127
2,2,0.0002269682827880894,0.00022611619926082263,-9.348841418739678,-9.372464094421511
3,3,0.00022207722850936014,0.00022394060674981264,-9.439949091962845,-9.414452357663043
4,4,0.0002197120782736804,0.00022202817260557296,-9.487395033051609,-9.45170001828299
5,5,0.00021844122036163377,0.00022048259147835014,-9.516134791645728,-9.482037815188095
6,6,0.0002172293853177929,0.00021980265247341442,-9.537249539386767,-9.495451573504127
7,7,0.00021584345581077193,0.0002180029795884988,-9.566740047500401,-9.531156568975659
8,8,0.00021483585539696374,0.00021676297795860782,-9.58560060830735,-9.55592977471052
9,9,0.00021417997777462006,0.0002160025063571275,-9.60021671910608,-9.57119295867878
10,10,0.0002134579833004067,0.0002161314003292079,-9.614512845439695,-9.568602190325775
11,11,0.0002126337188660868,0.00021454676186151214,-9.631872479946553,-9.600561221843591
12,12,0.00021217135051217352,0.0002145282349757556,-9.641151136123305,-9.600936266966949
13,13,0.00021152352925015556,0.0002138784620910883,-9.655293184701595,-9.614110337149457
14,14,0.0002108211449069,0.0002128812599326729,-9.668881161615065,-9.63440654415361
15,15,0.00021018264422159564,0.00021250108042486797,-9.680359500934394,-9.642169438409864
16,16,0.00020993132799498968,0.00021230335436197683,-9.687894210256774,-9.646212303182987
17,17,0.00020890695882418682,0.00021176531414599404,-9.705425302078059,-9.657232594922412
18,18,0.00020859271366528438,0.00021159735900398932,-9.714084607248859,-9.660678434616491
19,19,0.00020831621782470148,0.0002107312205848039,-9.719940408632212,-9.678492036706345
20,20,0.00020757716340516914,0.00021051994975239627,-9.734748233950555,-9.68284828641463
21,21,0.0002075378138262337,0.00020993588948744888,-9.735328655265544,-9.694913967974788
22,22,0.00020713333539141475,0.00020962124338103947,-9.74558761410981,-9.701427936284652
23,23,0.00020683976100306458,0.00020912387959757134,-9.751412428434927,-9.711744591279803
24,24,0.00020615139285452933,0.00020881572747480517,-9.764699573470722,-9.718148807989134
25,25,0.00020582643358550543,0.00020889226289000362,-9.773022679120075,-9.71655731777925
26,26,0.00020585265883710235,0.00020778633418223378,-9.77170639227422,-9.739611051106007
27,27,0.00020531830560900847,0.00020790032086599814,-9.783323140704631,-9.737229267211388
28,28,0.00020508007755498257,0.00020674135195900147,-9.78697286798545,-9.76150734367057
29,29,0.00020471408683566625,0.00020756178740779623,-9.796313990524078,-9.744306843839816
30,30,0.00020452360676591927,0.0002073259751533011,-9.800295190878947,-9.749243695738667
31,31,0.00020399180342342473,0.00020612808600019075,-9.811046007244107,-9.77440915684641
32,32,0.00020364341842125832,0.00020644872136855205,-9.818287298327908,-9.76765888893365
33,33,0.00020348891908706157,0.00020638042923038532,-9.820006226921764,-9.769095749629688
34,34,0.00020298776267811694,0.0002055828893054767,-9.83186478329949,-9.785911208949399
35,35,0.00020253805179009694,0.00020548630671232546,-9.843116940922183,-9.787951998599008
36,36,0.000202311082117826,0.0002048809531659476,-9.84813601368924,-9.800765003981951
37,37,0.00020181946741469858,0.0002042649897415877,-9.856072075526807,-9.813841497736494
38,38,0.0002019713688569777,0.0002042666624459487,-9.854806570461777,-9.813805933967078
39,39,0.00020132800858208583,0.00020359710738136383,-9.868505301596553,-9.828064828853195
40,40,0.00020090260569332648,0.00020401115302535656,-9.878497456159852,-9.81924175936436
41,41,0.00020089753112544488,0.0002029782825909359,-9.878157276232928,-9.841285127273023
42,42,0.00020049886895612495,0.00020284939627775826,-9.88542581365879,-9.844043668368291
43,43,0.00020004380401343914,0.0002021307514759859,-9.89784001327896,-9.859456957201623
44,44,0.00019963964977128833,0.000203123032023493,-9.904671818440693,-9.838189156872627
45,45,0.00019949024855807308,0.00020191616969991868,-9.908532181723382,-9.864069871451942
46,46,0.00019957162901883965,0.00020215442437850135,-9.9072447170911,-9.858948355276107
47,47,0.00019868863770527016,0.0002015470435205651,-9.924124516669345,-9.872016544273373
48,48,0.00019829546700870216,0.0002010950985621955,-9.933516333677694,-9.881766009789224
49,49,0.00019874010632923544,0.00020171139668060563,-9.924452886902497,-9.868476498123044
50,50,0.00019818804417040737,0.00020038770392267523,-9.938450030037522,-9.897070172482533
51,51,0.0001976149823977468,0.00020043007833392998,-9.949853346880497,-9.896151901194926
52,52,0.0001971472536883384,0.00020012997418617537,-9.959074435456204,-9.902659469732145
53,53,0.0001974042106573422,0.00020054817861436228,-9.95495932486465,-9.89359364270099
54,54,0.00019684941633892506,0.00019980833320388277,-9.965308627509389,-9.90964489379871
55,55,0.00019645008868201798,0.00019994134689975334,-9.975840787381212,-9.906754729321225
56,56,0.000196512402833401,0.000199183597272311,-9.972792415730217,-9.923245148276775
57,57,0.00019589638710742067,0.00019953243808183623,-9.986976032720689,-9.915645771082879
58,58,0.00019573230871249028,0.00019884264360083952,-9.988588185601895,-9.930685579038226
59,59,0.00019577284134713184,0.00019828711734398415,-9.987207094453755,-9.94283587191465
60,60,0.0001955541170600648,0.0001974875210036867,-9.9950619064976,-9.960384280386094
61,61,0.0001951204384821131,0.00019727047842216531,-10.004840634540336,-9.965159884940173
62,62,0.00019490380772058227,0.00019707084452659873,-10.008124414526428,-9.969557086126382
63,63,0.00019432879539120213,0.00019705124539445693,-10.020216144812292,-9.96998902309028
64,64,0.0001941555063840309,0.00019676558057606024,-10.027307267948677,-9.976289550029785
65,65,0.00019420641813470415,0.00019683998911396454,-10.023934040348642,-9.974647539840308
66,66,0.00019392695490357264,0.00019689360143322694,-10.030931837800889,-9.97346483482755
67,67,0.00019358478896991954,0.00019634973202635976,-10.039568402088042,-9.985477734362314
68,68,0.00019305343853703402,0.00019567920581290595,-10.049846131841054,-10.000334092673569
69,69,0.00019296517171993007,0.00019567979018718593,-10.051258679846997,-10.000321122969142
70,70,0.00019239729868017675,0.00019585268378968497,-10.064755436982098,-9.996485592207694
71,71,0.00019250898327937676,0.00019524101318031746,-10.063914730563877,-10.010070336172989
72,72,0.00019200971561901694,0.00019432339008505406,-10.072831693593752,-10.030530079437668
73,73,0.0001914938673264222,0.00019407826537070307,-10.085773225651327,-10.036011844175757
74,74,0.0001919230852172873,0.0001944370321181946,-10.075473136685996,-10.027991029344488
75,75,0.0001913733833191014,0.00019453905942531206,-10.089950780344212,-10.025712745487764
76,76,0.00019124338190916197,0.0001939779751027297,-10.091347126877096,-10.038256648221996
77,77,0.00019065885622769632,0.0001938501977986705,-10.103981384338931,-10.041118378439176
78,78,0.00019057047764588263,0.00019341284075237222,-10.105907113930236,-10.050927826471847
79,79,0.00019034622873170012,0.0001928228976842212,-10.11164867308928,-10.064194813075309
80,80,0.0001900211462964659,0.00019357966390855022,-10.120283288339252,-10.047183548234056
81,81,0.00018938768222404777,0.00019250207697041333,-10.131700992381234,-10.071426667071146
82,82,0.0001895754337346796,0.00019266549574431817,-10.126743997158387,-10.067741420387232
83,83,0.00018921126425506298,0.00019219659627292698,-10.138288448039336,-10.078323941138297
84,84,0.0001885624818165412,0.00019138947965601752,-10.152864827726356,-10.096600246368261
85,85,0.00018847527578905147,0.00019165699287489253,-10.15340542610842,-10.090534166035273
86,86,0.0001885551620531616,0.0001910523362886651,-10.151222713687984,-10.104257334891344
87,87,0.00018841418324844892,0.00019143302051816136,-10.156137019761477,-10.095612344338505
88,88,0.0001881581100457607,0.0001911589773188002,-10.165587970472492,-10.101833879044534
89,89,0.0001878232187195441,0.0001904487703301895,-10.16822098332243,-10.117999134292795
90,90,0.0001875057401850858,0.00019002249648206328,-10.177130486534836,-10.127730668504743
91,91,0.00018717417614678517,0.00019015109788405855,-10.187243169647806,-10.1247924906718
92,92,0.00018679308068948156,0.00019001579800571658,-10.194866363223998,-10.127883764198362
93,93,0.00018667656800484036,0.00018976607871560477,-10.197614565999922,-10.133595028057837
94,94,0.00018669842033090128,0.0001893112233741895,-10.195170306079726,-10.144017243186838
95,95,0.00018613132829393845,0.000188936007601258,-10.209321363510222,-10.152633522689422
96,96,0.00018607535877759502,0.00018863936910699857,-10.208230323256632,-10.159457510461387
97,97,0.00018548353418549427,0.00018822788306830548,-10.223184381167085,-10.168941284175787
98,98,0.0001855369670179759,0.00018850481443989433,-10.223787955816139,-10.162556397012812
99,99,0.0001852351718476599,0.00018884229786252896,-10.231167783617675,-10.1547880997351
100,100,0.0001855257312892024,0.00018795960932038724,-10.224580602830093,-10.17513552669946
101,101,0.00018468335227075886,0.00018736307576641833,-10.242722601697377,-10.18894079130001
102,102,0.00018463896262848307,0.0001874107861352202,-10.243811403057112,-10.187835039158863
103,103,0.00018418477980189563,0.0001870006587858753,-10.255980959633547,-10.197349498097223
104,104,0.0001841624333107959,0.00018722366612085976,-10.254549000689169,-10.192173411989172
105,105,0.00018389046101557264,0.00018648652353716133,-10.260688910699923,-10.209306333730526
106,106,0.0001831377511988058,0.0001862894699259318,-10.28123766707333,-10.213897793774516
107,107,0.00018320123940471022,0.00018701854002612986,-10.277456005750306,-10.196934240056848
108,108,0.00018317400587040969,0.0001860830242022578,-10.279753789905664,-10.218713307766762
109,109,0.00018265374189665177,0.0001852767883591648,-10.290371371116365,-10.237570724000202
110,110,0.00018232012543822494,0.00018528604261135975,-10.30027888499814,-10.237353806903972
111,111,0.00018233473016040342,0.00018467460253496508,-10.297716753203868,-10.251709133420627
112,112,0.00018204458657359302,0.0001849725767418644,-10.307972317047874,-10.244707398301799
113,113,0.00018203504321755862,0.00018397542819576827,-10.306153958771976,-10.26818263924812
114,114,0.00018153682434523345,0.000183813911893307,-10.317842245981797,-10.27199708603925
115,115,0.00018162468985952052,0.00018461829964316597,-10.314699200705084,-10.253033395829615
116,116,0.00018118004198786178,0.00018434182321040057,-10.325332644275962,-10.259542078159377
117,117,0.0001807021549914858,0.00018390539212544498,-10.339602569350523,-10.269836233432045
118,118,0.00018093444301372336,0.00018374284263700247,-10.331804307251808,-10.273676553813964
119,119,0.00018024906970935,0.000182936516418857,-10.345095531571172,-10.292776815825107
120,120,0.00018003433579747018,0.0001837609804504992,-10.354367211125005,-10.273247869711817
121,121,0.00018008540401873708,0.00018373236755570886,-10.352437850491684,-10.273924149835594
122,122,0.00017979551591555174,0.00018218322886815784,-10.358834453721691,-10.310696914365199
123,123,0.00017937197987249448,0.00018241046544924182,-10.368882487783752,-10.305283348109501
124,124,0.00017928963148433562,0.0001822601594827383,-10.372395641545438,-10.30886340370396
125,125,0.00017887340275301916,0.00018263408396466585,-10.381132362936903,-10.299962556463457
126,126,0.00017896090086895166,0.00018182852516857614,-10.382558353557217,-10.319160701948258
127,127,0.00017817890419763964,0.0001808793856884892,-10.397854541223397,-10.341890119604392
128,128,0.00017837743522700154,0.00018228320205755728,-10.393456190317576,-10.308314373648177
129,129,0.00017833194654007662,0.00018129167438019067,-10.396522098734648,-10.332002262685647
130,130,0.00017802916393980153,0.0001812732876523545,-10.40050015248385,-10.332442749510495
131,131,0.00017765162125009005,0.00018125140693308296,-10.410686919724084,-10.3329669993502
132,132,0.00017795983066460713,0.00018013078462038385,-10.404349079883026,-10.359901455890952
133,133,0.00017758999703951258,0.00018027676254094236,-10.412395230971214,-10.356383360371339
134,134,0.00017697903232831392,0.00017999192411815258,-10.429796195183421,-10.363250667223578
135,135,0.0001767247793151872,0.0001800815761702037,-10.43419961681318,-10.361088031413361
136,136,0.00017666138367146523,0.00017918007353345225,-10.43497860551891,-10.382883758435348
137,137,0.00017640368245450838,0.00017899525578525898,-10.443166594341234,-10.38736566038401
138,138,0.00017617784093071698,0.00017936017646111156,-10.44875409498852,-10.378520638019324
139,139,0.0001758089452290658,0.00017864966081871994,-10.45615422827102,-10.395758903329115
140,140,0.00017577028034024479,0.00017912559652406919,-10.459571141562602,-10.384204366325488
141,141,0.00017576669636854575,0.0001783355470060518,-10.459461277795288,-10.403401681110815
142,142,0.0001752078501668461,0.0001778277464358038,-10.470042786688758,-10.415785615056803
143,143,0.00017476347563116207,0.00017783305635308161,-10.483825358281681,-10.41565593713024
144,144,0.00017521600208974915,0.0001773141610963074,-10.472607965279284,-10.428346646559277
145,145,0.00017468975112802282,0.00017788572739319583,-10.482479705412926,-10.414369823307181
146,146,0.00017460374585856903,0.00017638955691118578,-10.487109077974361,-10.45105217040569
147,147,0.00017430793602600425,0.00017713701833456166,-10.495913565995057,-10.43268756202548
148,148,0.00017360921816530724,0.00017691741002061846,-10.513435100423049,-10.438075134303556
149,149,0.00017379831835344318,0.00017709187752763299,-10.506828075509674,-10.433794439736076
150,150,0.0001737210808379441,0.00017695292435267843,-10.510193631655868,-10.437203420740948
151,151,0.00017358314938430397,0.00017639973329527207,-10.510842463044343,-10.450801621560908
152,152,0.00017334687683764923,0.00017639214638620615,-10.51932295004363,-10.450988414564506
153,153,0.00017291149343531963,0.00017553377026495966,-10.528745919833298,-10.47217405247708
154,154,0.00017296125423451214,0.00017651911414424447,-10.528912590905353,-10.447863470407617
155,155,0.00017263193959226236,0.00017616065911409495,-10.536688978498027,-10.456691597621788
156,156,0.00017266264413339421,0.00017537918680126925,-10.536489238218609,-10.476000343200463
157,157,0.00017211971622675695,0.0001753487480240629,-10.549156363570951,-10.476754169268885
158,158,0.00017209177774967646,0.00017522140191622863,-10.549740133482658,-10.479909356004908
159,159,0.00017149973397872882,0.0001745588493864297,-10.563186779121551,-10.496362157484151
160,160,0.00017159970413615025,0.0001749242671250709,-10.561705979229474,-10.487280232903696
161,161,0.00017121828763659315,0.00017386461733717864,-10.57166575826033,-10.513668772906842
162,162,0.00017101020079955806,0.00017413350226553646,-10.578407719973903,-10.506957514580238
163,163,0.00017082198227746123,0.00017399414393462633,-10.584489414261153,-10.510434547100633
164,164,0.0001709169111713844,0.0001729270918172245,-10.580151196496143,-10.537150484904673
165,165,0.00017038076805771742,0.00017341689243422528,-10.593969688623341,-10.524866867652548
166,166,0.00017018991218851014,0.00017297334316505216,-10.597820700342076,-10.535989069466565
167,167,0.0001696103695628819,0.00017294528707249187,-10.61231679758051,-10.536693547638269
168,168,0.0001696574172549929,0.0001731946295445883,-10.611842064745975,-10.530436651321637
169,169,0.0001695230177162004,0.00017224539279643642,-10.615431512977601,-10.554304720607895
170,170,0.0001694385195451011,0.00017228893289268998,-10.618277001944465,-10.553207052118271
171,171,0.0001689956860122338,0.00017161902705035908,-10.63042783154367,-10.570126508053193
172,172,0.00016921538137710778,0.00017305559212170345,-10.624543864049585,-10.533924486707953
173,173,0.00016867014631681798,0.00017221905995699527,-10.637497574953228,-10.554968719856177
174,174,0.00016845596432757862,0.00017188606694904402,-10.6445058762943,-10.563374120398068
175,175,0.00016855625957778664,0.0001716242197864248,-10.638451884220787,-10.569995104062567
176,176,0.00016851303108833424,0.0001708952209140223,-10.641522166652146,-10.58848168485353
177,177,0.00016809928413365305,0.00017089501259186747,-10.650389190870783,-10.588486978928868
178,178,0.00016782029736523045,0.00017122160045944743,-10.660009741325304,-10.580195341141074
179,179,0.00016793648435700607,0.00017029799729291546,-10.654757620622856,-10.603685456450586
180,180,0.00016761205915827304,0.00017037901699567507,-10.662208450584174,-10.601619780809346
181,181,0.0001674061819620565,0.00017052012079052235,-10.667667445464122,-10.598024547135514
182,182,0.00016714333326762215,0.00016981734676703222,-10.677908844787186,-10.615960351642686
183,183,0.00016665119349538858,0.00016936578705147105,-10.688695245316636,-10.627524016756107
184,184,0.00016647482428282077,0.00017035567342597795,-10.693993767120443,-10.602214846930186
185,185,0.00016647750933621,0.00016932694033082378,-10.692716022277423,-10.628520254060732
186,186,0.00016652067211701428,0.00016893481370061636,-10.692422536096673,-10.638589291187234
187,187,0.00016614566611116463,0.00016936652154024494,-10.703583254136191,-10.627505182743915
188,188,0.00016597387925169633,0.00016894169828829994,-10.707755110804358,-10.638412307091835
189,189,0.00016590531257739693,0.00016852979637118742,-10.707697334307596,-10.649013902862174
190,190,0.00016545965552291613,0.0001689335384933082,-10.71848059104467,-10.638622074103637
191,191,0.0001652879697767557,0.00016794624925272443,-10.724601212803988,-10.664077771500821
192,192,0.00016493445814985629,0.00016757179094527505,-10.735437271850914,-10.673771750641475
193,193,0.00016446205467518572,0.0001682428517501409,-10.744843331479103,-10.656414652084782
194,194,0.00016470982473506832,0.00016742773311163641,-10.73906401706601,-10.677506891833495
195,195,0.000164402264005927,0.00016766950246069188,-10.748556337307214,-10.671240107076061
196,196,0.0001642515991764028,0.00016678388515413789,-10.751958395203802,-10.694240000185232
197,197,0.00016408531444108825,0.00016729365099883196,-10.754608530153964,-10.680986270659698
198,198,0.00016406449680120597,0.00016687820377563569,-10.758139707531756,-10.691784698291052
199,199,0.0001635086251910027,0.0001667726288647636,-10.771230837458564,-10.694533116593297
200,200,0.0001636835927690965,0.00016672294249905177,-10.767415898797477,-10.695827197622672
201,201,0.00016347257334609354,0.00016666379202720955,-10.773090492237458,-10.697368274164251
202,202,0.00016314141286090592,0.00016617362225109615,-10.782796117135234,-10.710159996111948
203,203,0.00016300100893185465,0.0001664066443673188,-10.785914704702746,-10.70407423300724
204,204,0.00016277408531564528,0.00016627376623402692,-10.790330212220532,-10.70754352312978
205,205,0.0001623755251597517,0.00016562273039629586,-10.800615879759064,-10.724581463412765
206,206,0.00016211444099755362,0.00016539732812242093,-10.808696704364195,-10.73049596776758
207,207,0.00016237686138561707,0.000165232119462943,-10.802727659535766,-10.734836126556782
208,208,0.00016197881234699342,0.00016449500062184312,-10.81211034045467,-10.754253830408944
209,209,0.00016151618355880347,0.00016523113376215885,-10.825239973884448,-10.734862034696775
210,210,0.0001614865107034554,0.00016477184161837948,-10.825477884092784,-10.746950905846418
211,211,0.0001614251974838085,0.0001646422499202584,-10.826991799063919,-10.750367940135083
212,212,0.00016103234662933602,0.00016500446317398824,-10.83766649207817,-10.740823948071668
213,213,0.00016114937748217513,0.00016408843772583887,-10.834600132102288,-10.76500106181388
214,214,0.0001607875273078104,0.00016371523930789217,-10.846138022635117,-10.774889790644577
215,215,0.00016072288312476377,0.00016409736417699605,-10.846948214394272,-10.7647648109792
216,216,0.00016066536172917208,0.00016324904879040427,-10.845916546497268,-10.787274268939617
217,217,0.00016078706209658232,0.0001635995531136072,-10.846326684797171,-10.77795973304044
218,218,0.00016041266157042197,0.00016403332885697876,-10.855668584380314,-10.766459878650334
219,219,0.0001598025746247491,0.00016337880055959287,-10.871457743135862,-10.78382382952044
220,220,0.00015985159132600829,0.00016250364684597835,-10.869820731621733,-10.80714974629502
221,221,0.0001595954219606638,0.00016258738239565375,-10.876744359058764,-10.804912472135088
222,222,0.0001599003132384693,0.00016255562628717408,-10.869348044039835,-10.805760806705107
223,223,0.00015914566186616755,0.00016312098580927245,-10.889261081899901,-10.790682489241721
224,224,0.00015884277080161708,0.00016259839130246915,-10.89697907035826,-10.804618418220663
225,225,0.00015910017347928215,0.00016200099076070873,-10.889083266810939,-10.820604157321863
226,226,0.0001589276059170628,0.00016168448507271118,-10.895398442453653,-10.829097384720663
227,227,0.0001585657881469629,0.00016199155422662827,-10.907350458863664,-10.82085714059225
228,228,0.00015866774171542799,0.00016129440413542877,-10.901441123686926,-10.839587858655024
229,229,0.00015840039797938553,0.00016116734447055742,-10.908419304420573,-10.843010361598118
230,230,0.000158234085040359,0.00016080749552010705,-10.915715714960498,-10.85271798214224
231,231,0.00015742364942609842,0.00016117536793708016,-10.935688418896035,-10.842794160201086
232,232,0.0001577171357528585,0.00016058864237397517,-10.929184535270892,-10.858632597608725
233,233,0.0001576826105088706,0.0001601921386808451,-10.926032899596114,-10.869368867600473
234,234,0.00015760435765973992,0.0001600096477073078,-10.931028695214586,-10.8743191729863
235,235,0.0001570466150782916,0.00016077178205657554,-10.944802471721973,-10.853682606500003
236,236,0.0001570299932656368,0.0001597398735803405,-10.947040964919916,-10.881647499360664
237,237,0.00015686629427064057,0.00015994441070544876,-10.951436881834981,-10.876090181640258
238,238,0.00015683117554854295,0.00015990300437950186,-10.954344398486853,-10.877214626492833
239,239,0.00015612190679920664,0.00015984452635932125,-10.973434217718555,-10.878803172412269
240,240,0.00015635071436336897,0.00015968793396543908,-10.965029233858266,-10.883059842795381
241,241,0.00015592084043616065,0.00015917190849952596,-10.97971023453945,-10.897116627512082
242,242,0.00015577461784129445,0.00015933940717092665,-10.982472893826996,-10.89254889306484
243,243,0.00015630764159441148,0.00015927047168492878,-10.970637439645511,-10.8944282008723
244,244,0.0001555734407636769,0.00015877177372060128,-10.986735573766577,-10.90804789792048
245,245,0.00015516695476463545,0.00015832053031772375,-10.997248477139845,-10.920408503943298
246,246,0.00015534012795656382,0.0001586661467291905,-10.99671934913565,-10.910938114762738
247,247,0.0001551698708484314,0.00015773600592326961,-10.99981127240492,-10.936472465884897
248,248,0.0001550574832567081,0.00015817067699237284,-11.003406384782705,-10.924521128601103
249,249,0.00015499958208613289,0.00015801628346947072,-11.003185895362076,-10.928762433193127
250,250,0.00015453595941713482,0.00015758419268470454,-11.016959241786989,-10.940654351927979
251,251,0.00015463888001287376,0.00015770755922666897,-11.014616956401541,-10.937255759301559
252,252,0.00015434489922103539,0.00015721447370627798,-11.021909918482178,-10.950855601371185
253,253,0.00015402198052057785,0.00015754161607841715,-11.030750355528392,-10.941827901333776
254,254,0.00015398898757826152,0.00015732904476432226,-11.033017792104742,-10.947691805103062
255,255,0.0001538582203175258,0.00015721144997147158,-11.036567991900057,-10.950939130828669
256,256,0.0001536262504871666,0.00015730761745209364,-11.042730587968528,-10.948283329524388
257,257,0.0001532622692823295,0.0001566095896506388,-11.052565483670612,-10.967597347052711
258,258,0.0001535379496155806,0.00015592307394591014,-11.04451096000625,-10.986676982340278
259,259,0.00015310110652113582,0.00015609073958139082,-11.056226343578224,-10.982009479547388
260,260,0.00015309963467742134,0.00015630031549861948,-11.059998047108998,-10.976182316665028
261,261,0.00015263526355991736,0.0001552078664596928,-11.070173105740116,-11.006643573344345
262,262,0.00015236110952754803,0.00015555001874944488,-11.077447254011624,-10.997080185348256
263,263,0.0001527450097539971,0.0001563590922160074,-11.068984929042717,-10.974549459716103
264,264,0.00015211211350631238,0.00015536742667839127,-11.084101120669846,-11.002181136689536
265,265,0.00015186537753252946,0.00015497218593832498,-11.092895957826743,-11.0132432736686
266,266,0.0001518247910407996,0.00015518759640766993,-11.094340309920392,-11.007210796310341
267,267,0.00015186801112914631,0.0001554478934083722,-11.092488376866624,-10.99993245360799
268,268,0.00015166962726915388,0.0001544601300817081,-11.099024245536382,-11.027616900755122
269,269,0.00015144941988689154,0.00015435983062305145,-11.102927481757074,-11.030437929736841
270,270,0.0001511054760692449,0.00015475093325796095,-11.113851763930093,-11.019448095238433
271,271,0.00015101110907427524,0.00015462770534213632,-11.11804995483972,-11.02290775275916
272,272,0.00015099692793284572,0.00015374622077950719,-11.115934059378345,-11.04773637098474
273,273,0.00015053928062528583,0.00015379518644247008,-11.131515014442384,-11.046353434124347
274,274,0.00015063268494355426,0.0001534195808313885,-11.127479594523294,-11.056972944832806
275,275,0.000150312457147256,0.00015359293626572348,-11.137199730019688,-11.052068433625717
276,276,0.00015060104570440352,0.0001530854589011716,-11.12813431427936,-11.066441459163329
277,277,0.00014973787042389135,0.000152985281984959,-11.153159403747129,-11.069284349885443
278,278,0.0001501259290476416,0.00015376194527274683,-11.144358163321266,-11.047292216233446
279,279,0.00014978155677360433,0.00015364719959171978,-11.151825979521444,-11.050534372118474
280,280,0.00014969572042638303,0.00015238200783067825,-11.153518802470737,-11.086443946598441
281,281,0.0001494384918466316,0.00015232230821550873,-11.162761152337552,-11.088145741578444
282,282,0.00014932094965149293,0.00015270355690613781,-11.165936966234513,-11.077289331829164
283,283,0.0001492598242565663,0.00015183776466935677,-11.166971588434212,-11.101982848096416
284,284,0.00014930782982474673,0.00015274059535984539,-11.1659628704502,-11.076236072434739
285,285,0.00014886064286891024,0.00015205293771271644,-11.177966678166424,-11.095832710545663
