,epoch,train_loss,test_loss,train_dbs,test_dbs
0,0,0.0006609338488112943,0.0006438897352812713,-4.705276280721946,-4.827665845875533
1,1,0.0006264150238682315,0.0006152280379625919,-4.937218766650489,-5.025419668573617
2,2,0.0006014708394770386,0.0005924334951774462,-5.116347370143128,-5.1893848151666555
3,3,0.0005811596764539628,0.0005757267752319182,-5.262034647629033,-5.313616587398946
4,4,0.0005667141864325889,0.0005626695255111707,-5.372293510581237,-5.413246921632677
5,5,0.0005557140312637634,0.0005519466296965746,-5.460967108434234,-5.496810005349914
6,6,0.0005460156748292142,0.0005437444135742752,-5.534384167815762,-5.561832782802538
7,7,0.0005383573552910431,0.0005367789815768207,-5.597422395395297,-5.617825843158009
8,8,0.000531567296027638,0.0005304224078396434,-5.651085725256433,-5.669562236544681
9,9,0.0005259640021585696,0.0005250688317525936,-5.698445197326613,-5.71361847129753
10,10,0.0005209651807462316,0.0005205754959637201,-5.739549888012889,-5.750943647717024
11,11,0.0005162766517725648,0.0005156875857593198,-5.7793689801236265,-5.791914096450512
12,12,0.0005122257313167811,0.0005116216427842645,-5.81340463199364,-5.8262917846696425
13,13,0.000508132306066793,0.0005079529640313826,-5.84911195109491,-5.8575458744428355
14,14,0.000504425273471291,0.0005048545334782256,-5.880054455686016,-5.884118258495139
15,15,0.0005008221304490586,0.0005011480120868471,-5.909492901741311,-5.9161207435464025
16,16,0.0004980606447002783,0.0004982728584620514,-5.935844476871334,-5.94110855069292
17,17,0.0004944581983697399,0.0004957493020858811,-5.963658549438282,-5.963159748483291
18,18,0.0004917634735075929,0.0004923836983691313,-5.98951327069506,-5.9927442026827045
19,19,0.0004893295684728541,0.0004900183412246406,-6.011156633532881,-6.013657504961259
20,20,0.00048656990606404997,0.00048776057021888465,-6.035091516261689,-6.033713965996074
21,21,0.00048446165368959464,0.00048530401851932864,-6.053706958628351,-6.055641988585578
22,22,0.00048206761190139677,0.00048314978515631273,-6.077008058848849,-6.074962955714951
23,23,0.0004799323607735413,0.00048027274744144,-6.095952356975753,-6.10090142561257
24,24,0.00047752530717281336,0.0004787751669554334,-6.116598381697366,-6.1144646993582805
25,25,0.00047569138720420374,0.0004767530772369355,-6.13478128655089,-6.132845814158837
26,26,0.0004736985468195233,0.00047509586836799587,-6.152250676071911,-6.1479683269834675
27,27,0.00047172030485619207,0.0004729523237696604,-6.170754151182153,-6.167607226880092
28,28,0.00046999206419640516,0.0004714816643268262,-6.185302348569978,-6.181132784093788
29,29,0.0004681587722104465,0.00046950919970281815,-6.203859620515974,-6.199339799471881
30,30,0.0004665361514516636,0.0004679991658409371,-6.218876595151772,-6.213330073370711
31,31,0.0004649926385045359,0.0004661113382194583,-6.232712407083594,-6.2308841899652965
32,32,0.0004630175583573423,0.00046507012570816045,-6.2510164799732815,-6.2405964330482995
33,33,0.00046162197537979435,0.0004631354593010129,-6.262549124515994,-6.2587005292797215
34,34,0.0004601899667081337,0.0004617876272133895,-6.277191894214323,-6.271357937469967
35,35,0.00045898035720720425,0.0004606080382425142,-6.290242226714465,-6.282465735986774
36,36,0.0004576280939311135,0.0004593359435124225,-6.3032059632887005,-6.294476555880611
37,37,0.0004557283933048818,0.0004579914108801045,-6.318641759932483,-6.307207529579487
38,38,0.0004545278807012268,0.00045615311491450195,-6.332099379932482,-6.324674414685903
39,39,0.0004531347139416858,0.00045465720866463686,-6.345273938573614,-6.338940050397047
40,40,0.00045186300976825976,0.00045342429841280376,-6.358285244286117,-6.350732966426925
41,41,0.0004505399082302471,0.00045230308713048304,-6.37057061011821,-6.361485343565196
42,42,0.0004492008439913277,0.00045072388724963134,-6.382139448350124,-6.376675111151096
43,43,0.00044831899462805425,0.0004495566628113585,-6.393219660981837,-6.387936476659536
44,44,0.00044694864947214416,0.00044850861702702547,-6.404563518296734,-6.398072949313892
45,45,0.0004454932089165314,0.00044725955568106944,-6.419338015661385,-6.410184583064998
46,46,0.00044468967286034574,0.0004465733409712189,-6.427662301730409,-6.4168529283800035
47,47,0.0004432913556229323,0.0004449952056778497,-6.4389622128614485,-6.432227543556266
48,48,0.00044227330633391117,0.0004440391188070766,-6.449736917478775,-6.441568542004454
49,49,0.00044107589373825905,0.00044292998561439544,-6.462174837371824,-6.452430040425257
50,50,0.00044029635184002826,0.00044197106801316535,-6.471773677868448,-6.461842455160628
51,51,0.000439124624124853,0.00044077305019048874,-6.482174116433011,-6.4736305336834254
52,52,0.00043771285551705774,0.0004400166891221153,-6.495088732430972,-6.481089374412443
53,53,0.0004369309490076122,0.0004383997400413807,-6.5043953641776096,-6.497077983757885
54,54,0.0004357874691102308,0.00043774138535617997,-6.51390256060078,-6.503604782978776
55,55,0.00043455424110078704,0.0004363529840606804,-6.527923150906,-6.517401360316375
56,56,0.0004336634979669734,0.00043494060274066503,-6.535163389987312,-6.531481343462936
57,57,0.00043274330355697456,0.0004346735551830773,-6.544936735489757,-6.534148670880619
58,58,0.00043154391010061444,0.0004341490306327806,-6.554963450326313,-6.539392506600622
59,59,0.00043087299989978065,0.00043262875834970097,-6.561238730058054,-6.5546270118904735
60,60,0.0004299890898652951,0.0004320162621106168,-6.5731571802369695,-6.560779913370731
61,61,0.000429135937478931,0.0004309741611665997,-6.581919411932596,-6.571268532881314
62,62,0.0004280821636880834,0.00043038145400044555,-6.591056321487255,-6.57724537886084
63,63,0.00042676891604697656,0.0004292829620872477,-6.603659932251409,-6.588344343225167
64,64,0.0004263880405186186,0.0004284492889909368,-6.610754237972265,-6.596786598695799
65,65,0.0004250671028654024,0.0004275117182834564,-6.621994874099222,-6.606300628985377
66,66,0.0004242691247407155,0.0004265693576981951,-6.630899337914135,-6.615884313245126
67,67,0.0004236241919588605,0.0004261370846315434,-6.638473161446194,-6.620287559527428
68,68,0.00042260534996550877,0.00042490623002920886,-6.647271638771174,-6.632849875107107
69,69,0.00042162740755509394,0.0004238285687997153,-6.6567596417269606,-6.643878586961324
70,70,0.0004208483103153862,0.0004228345535107349,-6.665489259637903,-6.654076162405466
71,71,0.00042024027879023444,0.00042224397858310684,-6.673447974730859,-6.660146213039396
72,72,0.0004193840191949197,0.0004208909384416122,-6.679944962854361,-6.674085106087478
73,73,0.00041826431802713995,0.0004202716058659318,-6.692813759639251,-6.680480368703616
74,74,0.0004176148306458382,0.00041983393633640125,-6.698986168358009,-6.685005454403451
75,75,0.00041685510305543766,0.00041885719187312613,-6.708914905201386,-6.6951210955052005
76,76,0.0004161690933673076,0.00041818016018767496,-6.714513033891851,-6.7021466168505075
77,77,0.0004149610350705376,0.00041779314510916407,-6.726478034904853,-6.706167762596512
78,78,0.0004142891974476425,0.00041638102725540335,-6.7334272462577225,-6.720871540244424
79,79,0.00041374233197276816,0.00041553141445068543,-6.739791860772186,-6.729742240155348
80,80,0.0004129034701672373,0.00041495138736392717,-6.749817296310136,-6.735808653657034
81,81,0.00041199785797645523,0.00041464127685972735,-6.756268702155035,-6.739055531138849
82,82,0.00041108097690253605,0.0004133164720291174,-6.7652907808490745,-6.7529537262902135
83,83,0.00041085147189658095,0.00041294973772509317,-6.770909851622022,-6.756808917102589
84,84,0.00040982233554835327,0.000412153504408994,-6.781461444074902,-6.765190894658186
85,85,0.0004091638670850199,0.00041126127900114576,-6.7869765552785335,-6.774602645107702
86,86,0.00040824794043671606,0.00041055167093873024,-6.7963669545449665,-6.782102622868672
87,87,0.0004075301781695182,0.00040961313214594205,-6.805675196656096,-6.792042147099514
88,88,0.0004072903827092005,0.000408720122466452,-6.81177583921785,-6.801520665242333
89,89,0.0004058255455168636,0.00040844838153325806,-6.822319959856021,-6.804409068100884
90,90,0.00040541669100609406,0.0004075729337177779,-6.828259915142799,-6.813727508543959
91,91,0.0004050704319337287,0.0004070902757934834,-6.834397041394493,-6.81887357860694
92,92,0.0004040108427775006,0.00040594944546587373,-6.844544003044735,-6.831061338399681
93,93,0.00040335101363508355,0.0004052514483000299,-6.8516811182957404,-6.838535107096217
94,94,0.000402645952339505,0.00040514128417462895,-6.857343363367935,-6.839715859838504
95,95,0.0004015921002383507,0.00040390090649261286,-6.869664518078926,-6.853032584505236
96,96,0.00040085271982591333,0.00040293977087314586,-6.875270626918364,-6.863379511849085
97,97,0.0004003742063470838,0.000402653432071307,-6.881577096443675,-6.866466811155379
98,98,0.0003996143287369386,0.0004014819002661266,-6.8916819639159455,-6.879121152728858
99,99,0.00039896864735655793,0.0004011405552247245,-6.899014626203738,-6.882815150469126
100,100,0.00039856273473298044,0.00040060511367444535,-6.903655223030325,-6.888615976198795
101,101,0.00039763428263615857,0.00040025182687187274,-6.912161885055353,-6.8924476347902655
102,102,0.0003969206921180192,0.0003990736272259566,-6.9200075178607765,-6.905250579391887
103,103,0.0003960960833883854,0.00039846391116857136,-6.930512870661247,-6.911890928167713
104,104,0.00039526039059993996,0.00039737717720287805,-6.937726491789055,-6.923751659281998
105,105,0.0003946127859664332,0.00039717809934365124,-6.944569398040825,-6.925927931219082
