,epoch,train_loss,test_loss,train_dbs,test_dbs
0,0,0.0001931980745230811,0.00017997783326886987,-10.046828285260009,-10.36359067234714
1,1,0.0001677193067735061,0.00016050343554908117,-10.660009832245368,-10.860937534870331
2,2,0.00015307552185384846,0.00015064367203434048,-11.059435650503788,-11.136271929888293
3,3,0.0001454491314679845,0.0001451990484431582,-11.277878058211071,-11.296143160880256
4,4,0.00014040941227294658,0.00013965406718565836,-11.431972139572245,-11.465244980232598
5,5,0.00013433623226052246,0.0001335762361505706,-11.627549098599829,-11.658488843758734
6,6,0.0001300103733941346,0.00013027110253460705,-11.766655216412136,-11.767299975655053
7,7,0.00012672018213557638,0.00012761869813977299,-11.879671020445926,-11.85663776331384
8,8,0.00012431818285006454,0.0001249620591376075,-11.96132172774629,-11.947999133867249
9,9,0.00012215908285837678,0.0001225645541317614,-12.038747775949252,-12.032131966572475
10,10,0.0001197568250138351,0.00012068522176521488,-12.124634130470843,-12.099239935193317
11,11,0.0001181498625658971,0.00011863256345110897,-12.183861620695692,-12.173741714478911
12,12,0.00011672801548163839,0.00011773559948012821,-12.23626752321098,-12.206702868647273
13,13,0.00011524852091019263,0.00011635438797958686,-12.292526421000067,-12.25795320197271
14,14,0.00011412268370982816,0.0001150381879262185,-12.33430307710816,-12.30736054212577
15,15,0.00011254796635577954,0.00011372672184064101,-12.39295149427305,-12.357155654886213
16,16,0.00011123106573389113,0.00011195747509574223,-12.44640575761331,-12.425249907848187
17,17,0.00010978429946993219,0.0001109904405893758,-12.499552020519094,-12.462925109471861
18,18,0.00010882008889181175,0.00011028237158346823,-12.539985184440084,-12.49071989444187
19,19,0.00010804906991531247,0.00010942987367008372,-12.57096089966064,-12.524421884711783
20,20,0.00010729829062762929,0.00010864095766967359,-12.600615930439796,-12.555845010701743
21,21,0.00010671249427892671,0.00010772437082395252,-12.624148320061268,-12.592641201047813
22,22,0.00010574548530749995,0.0001070665495813285,-12.66546925229605,-12.619242793743544
23,23,0.00010512239480038298,0.00010679341779139482,-12.690800241096412,-12.630336005357861
24,24,0.00010456580827108671,0.00010577215633882013,-12.712665319819349,-12.672067280792884
25,25,0.0001037188390235071,0.00010529719752651688,-12.74945770025814,-12.691612736890566
26,26,0.00010339197157834148,0.00010475142449937074,-12.76240303084499,-12.714181487419404
27,27,0.00010271996015757227,0.00010450650695833916,-12.791051433820595,-12.724347542719617
28,28,0.00010234863616132475,0.00010369886149419472,-12.805386999235314,-12.7580409801503
29,29,0.00010170756076215334,0.0001031656471528358,-12.834258887060932,-12.780429794983526
30,30,0.00010130408528433709,0.00010298126864271533,-12.851460024929908,-12.78819848660522
31,31,0.00010097865645351253,0.00010267953353161972,-12.864877301524835,-12.800941993037531
32,32,0.0001003201238567384,0.0001019964880757279,-12.893110487869684,-12.829928678560385
33,33,0.00010019734289710766,0.00010168723575158143,-12.896851827932899,-12.84311644620046
34,34,9.98340087274291e-05,0.00010154628743246001,-12.913778250598787,-12.849140362538973
35,35,9.944927604141712e-05,0.00010103395011116702,-12.932166963363088,-12.871107534520005
36,36,9.937369391879009e-05,0.00010114522286274128,-12.93561840691722,-12.866327106727828
37,37,9.88509074380362e-05,0.00010063411402944966,-12.955896028908352,-12.888328588554923
38,38,9.876743060135829e-05,0.00010007121454691514,-12.961567100513856,-12.912689155545161
39,39,9.823182035782422e-05,9.971530035775351e-05,-12.985025357936733,-12.928162845746566
40,40,9.78820499983261e-05,9.947527379201921e-05,-13.00132258724694,-12.938629431719171
41,41,9.78106521514062e-05,9.920136921879787e-05,-13.004041726932261,-12.950604198181907
42,42,9.76453457698562e-05,9.915582785125528e-05,-13.010029607818122,-12.952598415206724
43,43,9.7420454021068e-05,9.863747139828966e-05,-13.022589565446175,-12.975361558691933
44,44,9.694028424924796e-05,9.90129004716628e-05,-13.042096923229838,-12.95886303461044
45,45,9.699776663970606e-05,9.867856447511401e-05,-13.040131548086514,-12.973552633564458
46,46,9.683214986730444e-05,9.857678033815893e-05,-13.048036998435562,-12.978034569705654
47,47,9.633534208069719e-05,9.809828196394894e-05,-13.067998398618105,-12.999166848613704
48,48,9.604741451054447e-05,9.797321667735416e-05,-13.08178741177867,-13.004707191966853
49,49,9.587346804184243e-05,9.762242437940778e-05,-13.090323690900881,-13.02028497496962
50,50,9.544548496349532e-05,9.728835567856502e-05,-13.111670658604899,-13.0351722311161
51,51,9.534245035275049e-05,9.726073844113241e-05,-13.115188933643392,-13.03640523751556
52,52,9.489807146649385e-05,9.667589084098214e-05,-13.13440788447471,-13.062599036635403
53,53,9.481997613809504e-05,9.661146415103423e-05,-13.139525027856962,-13.065494224162704
54,54,9.465302433998603e-05,9.622854811727608e-05,-13.14530499153225,-13.082741530580313
55,55,9.435437470866541e-05,9.608625412894119e-05,-13.160742670518493,-13.089168233517077
56,56,9.428462715394621e-05,9.572194118702196e-05,-13.162283195392309,-13.10566589049815
57,57,9.393622422442032e-05,9.584665492998044e-05,-13.178909300122974,-13.100011258253211
58,58,9.380261513966222e-05,9.561221093846191e-05,-13.183063909863826,-13.11064725385046
59,59,9.373550215668823e-05,9.537151651640765e-05,-13.185690431266933,-13.121593978585587
60,60,9.345976316571697e-05,9.511688710374169e-05,-13.201484782136323,-13.13320457667073
61,61,9.333185978190609e-05,9.524430711998751e-05,-13.207569068189795,-13.127390595682662
62,62,9.30913005710685e-05,9.500141229517267e-05,-13.217236673684765,-13.138480247501573
63,63,9.275647225314463e-05,9.447686247049684e-05,-13.23214550008476,-13.16252624186157
64,64,9.278108899303971e-05,9.410801469225829e-05,-13.234209731153957,-13.179514747135725
65,65,9.238858858469067e-05,9.431114755754702e-05,-13.250386499429165,-13.170150570412586
66,66,9.230745325618682e-05,9.391939659651957e-05,-13.254945928389859,-13.188227926249565
67,67,9.222494487197033e-05,9.364188927544379e-05,-13.259796652999675,-13.201079190902988
68,68,9.163323759530988e-05,9.401813785141138e-05,-13.286091231971113,-13.183664411440514
69,69,9.151430254185227e-05,9.348623854365494e-05,-13.291158240917762,-13.208304002084251
70,70,9.142170465472107e-05,9.330327118636648e-05,-13.296251988984995,-13.21681216072421
71,71,9.143187194287336e-05,9.293701364903857e-05,-13.29744861936023,-13.233893731729696
72,72,9.107870761168276e-05,9.283126564696431e-05,-13.311895143189481,-13.238838147311064
73,73,9.070293935551068e-05,9.254454466587815e-05,-13.331108314168755,-13.252272633614153
74,74,9.079959632687213e-05,9.233255887489864e-05,-13.325906123330334,-13.262232147025887
75,75,9.055871127314923e-05,9.252258544285341e-05,-13.339463794191506,-13.253303261735493
76,76,9.048954924549332e-05,9.222956654603447e-05,-13.341227028821974,-13.267079187516455
77,77,9.009880961888691e-05,9.195503700634857e-05,-13.35936068633581,-13.280025628228444
78,78,8.998328698955035e-05,9.171448427399522e-05,-13.364844804689476,-13.291401580348683
79,79,9.000951494150267e-05,9.144025343151665e-05,-13.364207227004918,-13.304406652687547
80,80,8.966940202805473e-05,9.179737160019086e-05,-13.381859888449394,-13.287478399400733
81,81,8.977188944178106e-05,9.139651305495615e-05,-13.373814623706501,-13.30648459411082
82,82,8.941552091387494e-05,9.118838773390867e-05,-13.390435470190518,-13.316385491417515
83,83,8.922854928088557e-05,9.077284285970228e-05,-13.402720002746044,-13.336221492635518
84,84,8.900852379756355e-05,9.053273357781826e-05,-13.413101700703834,-13.347724525160846
85,85,8.898589181888983e-05,9.087961370823905e-05,-13.412737727738932,-13.331116139637412
86,86,8.873808477914019e-05,9.081209358746971e-05,-13.42450646735076,-13.33434398285094
87,87,8.86905401466251e-05,9.039901756056536e-05,-13.42849994172257,-13.354143756571839
88,88,8.85530894312566e-05,9.00497241098875e-05,-13.438780217815358,-13.37095699741292
89,89,8.842504727918193e-05,8.996945689432323e-05,-13.439960763997103,-13.374829874837758
90,90,8.82061053509704e-05,8.98073615788139e-05,-13.452289694650567,-13.382661487472003
91,91,8.794845427811319e-05,8.983738409465571e-05,-13.467420362100555,-13.381209887756636
92,92,8.790669830746411e-05,8.935141446081137e-05,-13.468254524260745,-13.404766544144229
93,93,8.76859281261298e-05,8.907409861230438e-05,-13.479213613065513,-13.418266501370603
94,94,8.766274377475637e-05,8.945633147193708e-05,-13.478426143694618,-13.399670021733403
95,95,8.716527980178613e-05,8.90336063764009e-05,-13.50408084386996,-13.420241211551378
96,96,8.718000461477018e-05,8.862473929950379e-05,-13.500950096963347,-13.440231156651258
97,97,8.701397768838677e-05,8.843966497806832e-05,-13.51034778319474,-13.449309975868534
98,98,8.675930784539963e-05,8.827460260363296e-05,-13.524931698571557,-13.45742315203887
99,99,8.67786840205657e-05,8.845773654205626e-05,-13.524271710871908,-13.448422638860846
100,100,8.665178985708182e-05,8.844472061977477e-05,-13.530846745938927,-13.449061719100275
101,101,8.658522470871026e-05,8.794820850629261e-05,-13.532562208146569,-13.473510889670766
102,102,8.650441432297325e-05,8.777517436292807e-05,-13.536662216662492,-13.482063854757769
103,103,8.617445699613753e-05,8.773505281791778e-05,-13.554732796676706,-13.484049444564905
104,104,8.610204006509241e-05,8.763770778099762e-05,-13.556425030966547,-13.48887076534159
105,105,8.593359414533683e-05,8.713856828092646e-05,-13.564651162517231,-13.513676662893062
106,106,8.584496383039165e-05,8.732811195506273e-05,-13.571868217837759,-13.5042401557007
107,107,8.561926662559458e-05,8.765131803413264e-05,-13.581025044817657,-13.488196352574647
108,108,8.554065252891886e-05,8.694636735048047e-05,-13.586666633291578,-13.523266445848472
109,109,8.503989292219877e-05,8.672512769025113e-05,-13.610430061567236,-13.534331383772606
110,110,8.49857057154313e-05,8.672093482393968e-05,-13.615166143567556,-13.534541355527097
111,111,8.513324135811232e-05,8.651217840930545e-05,-13.605419049731527,-13.545008384737727
112,112,8.491018120038621e-05,8.646060067755905e-05,-13.620152329548125,-13.547598378963258
113,113,8.45860460648294e-05,8.648110164549987e-05,-13.634716725680073,-13.546568730570478
114,114,8.462694504768732e-05,8.607502930221687e-05,-13.632402950464257,-13.567009071057939
115,115,8.448364153701197e-05,8.610849411190047e-05,-13.638721805936406,-13.56532092087047
116,116,8.421657308720091e-05,8.562085560314652e-05,-13.652460551186756,-13.589985229338835
117,117,8.422009918878345e-05,8.585475121722801e-05,-13.655078402053967,-13.578137522318778
118,118,8.379873276877784e-05,8.505323249233985e-05,-13.674642274121664,-13.618872624779371
119,119,8.362603146395617e-05,8.56823887596348e-05,-13.680410975963916,-13.586865205364306
120,120,8.357009780233169e-05,8.531450485430756e-05,-13.68741151488354,-13.605552117528594
121,121,8.357421996986454e-05,8.52953602780441e-05,-13.68649967737268,-13.60652678377759
122,122,8.329266396329556e-05,8.502679740654697e-05,-13.700555492175566,-13.620222649469246
123,123,8.314340219343292e-05,8.450459120611317e-05,-13.7081505891803,-13.646977811496097
124,124,8.30485325573089e-05,8.498704004236252e-05,-13.714627757157874,-13.622253825808086
125,125,8.30024124372789e-05,8.462338231957371e-05,-13.715682898707426,-13.640877066304952
126,126,8.29951430055236e-05,8.463314473996626e-05,-13.719613150536718,-13.640376079384701
127,127,8.271565202073933e-05,8.386971565318833e-05,-13.730540403160859,-13.679729157136508
128,128,8.249654585841236e-05,8.394067959958001e-05,-13.742497692660347,-13.676056053080865
129,129,8.273417390846964e-05,8.373352044911467e-05,-13.731964250335743,-13.686787354816412
130,130,8.247432335863159e-05,8.395691187807212e-05,-13.742224063967996,-13.675216304405764
131,131,8.217787204163879e-05,8.346244162806358e-05,-13.758829759759514,-13.70087000822954
132,132,8.205780501419813e-05,8.35485307585546e-05,-13.766369960881866,-13.69639269310452
133,133,8.215521688491452e-05,8.35576345133105e-05,-13.760228765955368,-13.695919495667123
134,134,8.193591464678132e-05,8.358887287996415e-05,-13.774271296078439,-13.694296171239841
135,135,8.176002557240619e-05,8.314530752709528e-05,-13.78176391063727,-13.717403423645628
136,136,8.165339948897509e-05,8.31544338756143e-05,-13.786652177064125,-13.716926751490606
137,137,8.139588032097835e-05,8.28010946095578e-05,-13.802218817341494,-13.735420082416688
138,138,8.132985685639967e-05,8.279970719932432e-05,-13.805766849522891,-13.735492853152332
139,139,8.110858928460206e-05,8.274875749760356e-05,-13.815895433866402,-13.738166049192062
140,140,8.098897756708633e-05,8.28337119616519e-05,-13.824766432340985,-13.73370962837564
141,141,8.100997298036596e-05,8.26329246353309e-05,-13.823442304607314,-13.744249622715463
142,142,8.062486111944945e-05,8.243976710793121e-05,-13.840888599004204,-13.754413300994235
143,143,8.055814876420347e-05,8.234332352386493e-05,-13.847237315174903,-13.75949694410311
144,144,8.06149136852329e-05,8.19614131040381e-05,-13.844191700059152,-13.77968648824232
145,145,8.036339268167551e-05,8.199923851000341e-05,-13.85457133684173,-13.777682670226692
146,146,8.012795109438623e-05,8.178145110018944e-05,-13.869804266070533,-13.78923274078559
147,147,8.016881084708093e-05,8.196755822466098e-05,-13.869030753467555,-13.779360884786534
148,148,8.00225647741247e-05,8.11583537908614e-05,-13.877038246402332,-13.82244857069506
149,149,7.981921263523975e-05,8.131744260409553e-05,-13.886209380796743,-13.81394374507384
150,150,7.974405716876644e-05,8.132538526919426e-05,-13.891735582536658,-13.813519569514199
151,151,7.953044405439869e-05,8.133075952125517e-05,-13.900584026536967,-13.813232582752246
152,152,7.942247544427297e-05,8.108875925628174e-05,-13.909048974004058,-13.82617431023207
153,153,7.912547843045911e-05,8.117392280837521e-05,-13.923821048065454,-13.82161552152489
154,154,7.935849922413928e-05,8.112637097886028e-05,-13.912466388811001,-13.824160371847928
155,155,7.906940405031416e-05,8.092523210890297e-05,-13.927815823803451,-13.834941326125794
156,156,7.88493663778879e-05,8.113290670352351e-05,-13.940491034261779,-13.823810508444298
157,157,7.893580467933453e-05,8.080198849232769e-05,-13.934722171814224,-13.84156037674327
158,158,7.868246359873044e-05,8.023501523941952e-05,-13.948561848243862,-13.872141468895293
159,159,7.835129062439911e-05,8.020753050100451e-05,-13.965359739531051,-13.873629412170175
160,160,7.859762930839333e-05,8.031126689227102e-05,-13.952776857653745,-13.868016094689207
161,161,7.82532997149734e-05,8.033794208466516e-05,-13.972140656146577,-13.866573835615448
162,162,7.824871503656788e-05,7.997304476846598e-05,-13.973855744341598,-13.88634455347848
163,163,7.803453394744699e-05,8.006947801301354e-05,-13.987058577467062,-13.881110890534458
164,164,7.81051599427808e-05,7.950663597224967e-05,-13.981204291744236,-13.911747080379811
165,165,7.796686266599339e-05,7.992221454562816e-05,-13.989074816716727,-13.889105771807365
166,166,7.7619700699795e-05,7.9232557924881e-05,-14.007439204639596,-13.926744095161435
167,167,7.743826194500704e-05,7.947516975323914e-05,-14.017284832596166,-13.913466221183214
168,168,7.750544277441054e-05,7.921864131563588e-05,-14.014248561439809,-13.92750696810231
169,169,7.721567153660628e-05,7.931889367204061e-05,-14.030663732282743,-13.922014382262478
170,170,7.736261088830736e-05,7.860161675029973e-05,-14.023087301619752,-13.961466072284958
171,171,7.712106436002548e-05,7.87017124821432e-05,-14.037453868815657,-13.955939039884433
172,172,7.697989000457569e-05,7.895488938390229e-05,-14.045169372959139,-13.941990569018603
173,173,7.700451312030992e-05,7.902039865975415e-05,-14.042717998906085,-13.938388699511158
174,174,7.685224581737858e-05,7.863658921499001e-05,-14.052804165800445,-13.959534181929081
175,175,7.687236451527065e-05,7.830502459240194e-05,-14.048198339967309,-13.977884560356703
176,176,7.663942008164049e-05,7.816610320189379e-05,-14.063334972553374,-13.985596246214557
177,177,7.663859174762056e-05,7.790773892530094e-05,-14.061572671680251,-13.999974860928015
178,178,7.627777704703814e-05,7.829210670407567e-05,-14.084474324533637,-13.978601069986762
179,179,7.610851093183377e-05,7.78993397895982e-05,-14.091875943061869,-14.000443093606796
180,180,7.620838020097694e-05,7.780915965620232e-05,-14.085233757399706,-14.005473613948265
181,181,7.601965217432247e-05,7.79462229969029e-05,-14.096123579215307,-13.997830106945317
182,182,7.594475736715543e-05,7.703830947560307e-05,-14.103821444095361,-14.048713422408795
183,183,7.550682659205722e-05,7.714105940019516e-05,-14.126917347162443,-14.042924874667559
184,184,7.559902628928125e-05,7.753764925598119e-05,-14.122317400196792,-14.020654561595233
185,185,7.569420785395927e-05,7.697515837590847e-05,-14.115645236035942,-14.05227495193516
186,186,7.563165434607371e-05,7.698397760242714e-05,-14.120068086052576,-14.051777398945976
187,187,7.53752195207911e-05,7.70529984851907e-05,-14.136187526812925,-14.047885425565589
188,188,7.536877343489923e-05,7.668438277170553e-05,-14.13623808268403,-14.068711600147294
189,189,7.50826610661515e-05,7.690200896161657e-05,-14.150903701354816,-14.056404010186508
190,190,7.506119237808252e-05,7.729590977664644e-05,-14.151247158423796,-14.034215731136841
191,191,7.492451891501089e-05,7.663463666655221e-05,-14.160774035129363,-14.071529836241101
192,192,7.466028786363972e-05,7.648191201855967e-05,-14.177654651456242,-14.080193497280945
193,193,7.447674429432979e-05,7.662714511082556e-05,-14.18529361411321,-14.07195440931833
194,194,7.467415497623883e-05,7.641012895251869e-05,-14.174555900082261,-14.084271537127666
195,195,7.449467754208713e-05,7.591311977624795e-05,-14.18638183099289,-14.112612464793974
196,196,7.427731490923216e-05,7.596835425111319e-05,-14.198492503184834,-14.109453682084506
197,197,7.428668345475915e-05,7.609050685699146e-05,-14.19619597045421,-14.102476092786773
198,198,7.407652469503108e-05,7.607361438108216e-05,-14.211479823980094,-14.103440355458359
199,199,7.398137407192538e-05,7.546606119783399e-05,-14.215413573764064,-14.138264028885477
200,200,7.393969303613874e-05,7.580250913681659e-05,-14.218690956404302,-14.118945048879112
201,201,7.384289650890986e-05,7.526945027118353e-05,-14.224452247827728,-14.149593421424427
202,202,7.354333888308491e-05,7.5229770644862e-05,-14.243004877995185,-14.151883485525731
203,203,7.362032387784883e-05,7.549887538372882e-05,-14.23784039340805,-14.136376038149429
204,204,7.356732861545734e-05,7.510695018266376e-05,-14.239332986135874,-14.15897959093112
205,205,7.323077150750137e-05,7.527540238745707e-05,-14.258885470876104,-14.149250005995878
206,206,7.320619793578781e-05,7.463301804627438e-05,-14.261435217803102,-14.186470821409236
207,207,7.316234307639665e-05,7.489723717107584e-05,-14.265093029217038,-14.171122887016471
208,208,7.296314412162678e-05,7.476673636119813e-05,-14.275657040700624,-14.17869662632593
209,209,7.297942989005362e-05,7.451911484455003e-05,-14.275395752020938,-14.193103987243024
210,210,7.309239817070342e-05,7.464678951931234e-05,-14.268118277166046,-14.185669524185913
211,211,7.262785456799807e-05,7.427257936031215e-05,-14.295672910293792,-14.207495798419266
212,212,7.26198609159256e-05,7.455496693422135e-05,-14.296243581001038,-14.191015043970879
213,213,7.263688699428722e-05,7.402224467736424e-05,-14.29531422074717,-14.22215835665877
214,214,7.24417226705292e-05,7.410841997051121e-05,-14.308773893434445,-14.21710532343285
215,215,7.238327572812307e-05,7.40386293680211e-05,-14.311343024822536,-14.221197160013821
216,216,7.220316768597485e-05,7.361192777017622e-05,-14.319576595206073,-14.246298950194356
217,217,7.207336238934658e-05,7.405630726440761e-05,-14.331089849508418,-14.220160336870052
218,218,7.189877218592038e-05,7.393965604837591e-05,-14.340840291345373,-14.227006603320461
219,219,7.229742179108668e-05,7.422650340135748e-05,-14.316067362581432,-14.210190836663603
220,220,7.19184330610568e-05,7.354623812716454e-05,-14.338588206621425,-14.250176227571265
221,221,7.184762111624953e-05,7.331179375270087e-05,-14.342824720770231,-14.264042406129409
222,222,7.174734566864779e-05,7.355109540328972e-05,-14.349782801699435,-14.24988941228123
223,223,7.15508026634367e-05,7.327831324226664e-05,-14.361064028452844,-14.266026223657589
224,224,7.13789110526817e-05,7.29683919129648e-05,-14.37095443054953,-14.284433110087445
225,225,7.117250447429131e-05,7.249943997808977e-05,-14.382667314799548,-14.31243434451552
226,226,7.133374029510059e-05,7.261106465624547e-05,-14.374441891777046,-14.305752817020132
227,227,7.106227397897099e-05,7.289506749274503e-05,-14.393054357083884,-14.288799439242437
228,228,7.104894547476001e-05,7.20874109231916e-05,-14.390751165193898,-14.337186585565949
229,229,7.09815333149103e-05,7.265615874386735e-05,-14.394528222874317,-14.303056528953036
230,230,7.107730636993644e-05,7.258632371974129e-05,-14.39140650754149,-14.307232850845129
231,231,7.096487215957749e-05,7.284631321549808e-05,-14.395953932263259,-14.291705095036896
232,232,7.069998668457535e-05,7.258363238131431e-05,-14.413780029226633,-14.307393880504335
233,233,7.074297052932922e-05,7.231962847168018e-05,-14.407037991540792,-14.323218999600225
234,234,7.058513835648594e-05,7.211798411414125e-05,-14.41957820479205,-14.335345077719573
235,235,7.03997534448305e-05,7.127454821449264e-05,-14.429376892415855,-14.386436131850113
236,236,7.039783157938707e-05,7.197522120948538e-05,-14.431274265098914,-14.343950780099568
237,237,7.033742650426425e-05,7.223865127583083e-05,-14.434868509355754,-14.328084573963347
238,238,7.018946045493591e-05,7.170571610147722e-05,-14.445949336173936,-14.360243090090076
239,239,7.006802881039323e-05,7.164827701145489e-05,-14.45287368810024,-14.363723353267336
240,240,6.982237005338658e-05,7.182157308929355e-05,-14.466082068143118,-14.353231731941985
241,241,6.977623939446952e-05,7.110039548838119e-05,-14.471676311329901,-14.397060698745506
242,242,6.971408745193537e-05,7.168595421765196e-05,-14.474234369801488,-14.361440157832234
243,243,7.014039379710178e-05,7.143006797904443e-05,-14.450757545041276,-14.376970228908462
244,244,6.951483647781904e-05,7.127020485074211e-05,-14.48531508840675,-14.386700792438422
245,245,6.936367245759459e-05,7.10027567325405e-05,-14.493920058801272,-14.403028754892297
246,246,6.94150291668304e-05,7.058189255890044e-05,-14.495020829911384,-14.428847871230142
247,247,6.951582698318292e-05,7.060951017927819e-05,-14.48704832259416,-14.427148875391342
248,248,6.912963227974971e-05,7.039362830446887e-05,-14.511691223681986,-14.440447356721437
249,249,6.923299610882412e-05,7.073707973560024e-05,-14.503359903208793,-14.419309596149324
