,epoch,train_loss,test_loss,train_dbs,test_dbs
0,0,0.0010270957436566194,0.0010209696575705159,-19.888894362713913,-19.90774470894212
1,1,0.0010257860208794322,0.0010202546407909769,-19.89947901815935,-19.910787273688893
2,2,0.0010158089487621387,0.001012050641676117,-19.93061499346499,-19.945850617071994
3,3,0.0010169479658721572,0.001010171205148493,-19.93546074161857,-19.953923214540243
4,4,0.0010114333420732664,0.0010088959794589563,-19.944895371287995,-19.95940914941166
5,5,0.0010058369185084227,0.0010092384855900157,-19.97516486713333,-19.957935030350306
6,6,0.0009998464320795898,0.0010028355571098234,-19.998558506015485,-19.98557582124242
7,7,0.0010013564708210604,0.0009994785711904498,-19.987513540099183,-20.000138189913713
8,8,0.0009999908194829202,0.0009947212835724809,-20.005426642299096,-20.02085895845301
9,9,0.0009953937626482208,0.0009946693684660683,-20.018855585414762,-20.021085625289157
10,10,0.0009955673750979615,0.0009913846917793546,-20.022672644283194,-20.03545097705956
11,11,0.000994901130811225,0.000985235392459129,-20.02324182135405,-20.062473017353998
12,12,0.0009896390754537483,0.000988614987459426,-20.039286441771974,-20.04760116172711
13,13,0.000986523094548623,0.0009852282788702532,-20.051726484276955,-20.06250437436342
14,14,0.0009833906072710362,0.0009789426357632405,-20.07509373703314,-20.09030062585022
15,15,0.000983726071822697,0.0009804626583660905,-20.077956184710363,-20.083562483790615
16,16,0.0009760447176528576,0.0009770054051554517,-20.099543344987644,-20.098903398732087
17,17,0.0009776905800705565,0.0009715315077061716,-20.095511363869004,-20.123304165222535
18,18,0.0009747382605054713,0.0009735273656827447,-20.1122577738807,-20.114391423074043
19,19,0.0009729789603578369,0.0009660839323738688,-20.121679535340107,-20.147724471659444
20,20,0.0009652405548792755,0.0009645088759594058,-20.144770852833112,-20.154810776532223
21,21,0.0009660371753252735,0.0009682643086355375,-20.14431644143418,-20.137933827349585
22,22,0.0009622469942863147,0.0009583186535899969,-20.163611718949404,-20.18277364541236
23,23,0.0009579481232968956,0.0009585453571114493,-20.181765856873533,-20.181746383297742
24,24,0.0009608749065010511,0.0009586405970989482,-20.16850707591203,-20.18131489462581
25,25,0.000952449729234057,0.0009524671262816378,-20.19769712954874,-20.209373110320247
26,26,0.0009529891456285319,0.000953065430573923,-20.20735884952159,-20.206645890989957
27,27,0.0009554613768075084,0.000951959478889445,-20.202479042858357,-20.211688436789697
28,28,0.0009485627692576844,0.0009480380777906822,-20.228593547163083,-20.22961525222876
29,29,0.0009470731890088274,0.0009474832668753439,-20.23958127687434,-20.232157574704743
30,30,0.0009462375268244098,0.0009423501538357845,-20.24153701222751,-20.255750004872446
31,31,0.0009413588685271589,0.0009385622994925239,-20.258292245650015,-20.273242009462848
32,32,0.0009389071660500366,0.0009411225634578027,-20.26490844207413,-20.261411205035238
33,33,0.0009401031630593784,0.0009419737953545624,-20.268583258076447,-20.257484848967128
34,34,0.0009415363790899439,0.0009373358640770771,-20.25844142982594,-20.2789207208084
35,35,0.0009371571695268846,0.0009321832147083784,-20.274379273632064,-20.30286027702548
36,36,0.0009340919769061825,0.0009303459174636947,-20.287736749115915,-20.31142850073826
37,37,0.000932296888048271,0.0009264950824313258,-20.30337487669579,-20.32944187725232
38,38,0.0009316909594998992,0.0009332103685377852,-20.313975633843132,-20.29807750850662
39,39,0.0009289733098205371,0.0009250569181810869,-20.323273200100957,-20.33618850843903
40,40,0.000929779364108156,0.0009226715927453418,-20.324126642878177,-20.347401565375062
41,41,0.0009273448028870541,0.0009257650174396602,-20.327217088670544,-20.332865405230404
42,42,0.0009236378930077033,0.0009180528883773245,-20.34681383526881,-20.36919604956658
43,43,0.0009229322181313692,0.0009204160520120671,-20.34812819033266,-20.35803122138705
44,44,0.000921589884062096,0.0009162624574903594,-20.353519498211227,-20.377674139259582
45,45,0.0009211655982203551,0.0009131462919819904,-20.360066476436142,-20.39246946364255
46,46,0.0009178933981546806,0.0009150235717625994,-20.373155175379175,-20.383550242814806
47,47,0.0009143920279271209,0.0009135695689014698,-20.38904078122989,-20.390456815286303
48,48,0.0009137633113795411,0.0009099500051601545,-20.397002561382557,-20.407697744822745
49,49,0.0009119590119093887,0.0009099307414879533,-20.403435872032446,-20.407789686083774
50,50,0.0009143653802199231,0.0009100564639084041,-20.389829435145064,-20.407189675782842
51,51,0.0009083884441745036,0.0009063950580495753,-20.411554693178267,-20.42469777324485
52,52,0.0009072192652947893,0.0009075184413967164,-20.424544886844483,-20.419318473170737
53,53,0.0009061721730833277,0.0009026962706181956,-20.426934351223185,-20.442456580487377
54,54,0.0009055539507169238,0.0009060256967419072,-20.429466325867168,-20.42646790945131
55,55,0.0009023366296740691,0.0009011758681337692,-20.443251603227406,-20.449777526927363
56,56,0.000904296018356054,0.0008972031003060309,-20.43857520010429,-20.468965406482834
57,57,0.0008965905422114374,0.0009045260192483271,-20.46490719664785,-20.43366242152509
58,58,0.0009011211529009274,0.0008995471687644328,-20.453171009094362,-20.457633652796478
59,59,0.0008975634748625002,0.0008988382791070954,-20.466938624291913,-20.4610574670046
60,60,0.0008984901990319035,0.0009008216745171108,-20.457680885810056,-20.45148479157762
61,61,0.0008968584228681458,0.0008946453637786602,-20.47264526493681,-20.48136390598444
62,62,0.0008960996530037949,0.0008952646902272184,-20.473687637135598,-20.47835850278848
63,63,0.0008976905571882488,0.0008956317661183053,-20.466565382132835,-20.476578176119048
64,64,0.0009008429214819191,0.0008935676458732862,-20.456641867683413,-20.486598707358713
65,65,0.0008943441477556204,0.0008913003808916791,-20.480994999757733,-20.497632141600025
66,66,0.0008955495155982903,0.00088940481471486,-20.482159025513646,-20.506878301420983
67,67,0.0008910748016655675,0.0008905580647191719,-20.496649896994903,-20.501250653912177
68,68,0.000892645602604163,0.0008906256775126645,-20.497220481844103,-20.500920942131884
69,69,0.0008951371479251413,0.0008903482046566511,-20.486357043195632,-20.502274189727775
70,70,0.0008880353860374656,0.0008913410527288521,-20.522512629737815,-20.49743396877488
71,71,0.0008873663663854534,0.0008894509795170865,-20.50617267132936,-20.50665288552235
72,72,0.0008895730500147899,0.0008908475007812836,-20.50888816305262,-20.499839403288746
73,73,0.00089108923956579,0.0008919044232339059,-20.508580401875353,-20.49468988543863
74,74,0.0008898492099611645,0.0008867761261123968,-20.51851938294022,-20.519733138019575
75,75,0.0008895055375292359,0.0008872879399476867,-20.510934091184208,-20.517227276649095
76,76,0.0008861974521405687,0.0008847135805377835,-20.530233806331246,-20.529846124430108
77,77,0.0008862228300806481,0.0008796281702081231,-20.523116749949473,-20.5548817702691
78,78,0.0008846223012294582,0.0008803288495217107,-20.53520150475859,-20.551423717917352
79,79,0.0008802256395694675,0.0008839274707593416,-20.546574363530723,-20.533706751335487
80,80,0.0008862869983260549,0.0008833968098961601,-20.520945665712922,-20.53631479666243
81,81,0.0008856076735177452,0.0008820004755091903,-20.526486462959642,-20.54318487005185
82,82,0.0008855482194927934,0.0008821139590030438,-20.525218319511815,-20.5426261165575
83,83,0.0008833617999304816,0.0008799409291608946,-20.54323981744332,-20.553337875359446
84,84,0.000880483670529823,0.0008829470393002817,-20.54488007824602,-20.53852651656309
85,85,0.0008798205040481672,0.0008810620852991155,-20.554826234681485,-20.547807936046787
86,86,0.0008815748115387006,0.0008796498357122274,-20.546118234951418,-20.55477480356061
87,87,0.0008780437500033643,0.0008797361301013121,-20.5565442319436,-20.554348777915784
88,88,0.0008810753682052198,0.0008775351115649468,-20.548004446814957,-20.56522803983182
89,89,0.0008809236562378781,0.0008803399916934339,-20.551184717620785,-20.551368750355223
90,90,0.0008805224938394944,0.0008787882796145583,-20.56095048587502,-20.55903050167983
91,91,0.0008819963328165876,0.0008807491241513114,-20.53966435687723,-20.54935086301015
92,92,0.0008850813874513986,0.0008770424786857084,-20.544364365954813,-20.567666777769297
93,93,0.0008801332436089125,0.0008782817718670948,-20.556089989152397,-20.561534369134318
94,94,0.0008754471578568066,0.0008755225357354471,-20.57365487766316,-20.57519977079579
95,95,0.0008787097410567719,0.0008761078168294931,-20.565350647150797,-20.572297510526166
96,96,0.0008800995137696107,0.0008754714049006763,-20.558697359391957,-20.575453407760342
97,97,0.0008788106293350304,0.0008755395139910673,-20.56043579130996,-20.57511555261826
98,98,0.0008777581004080238,0.0008758549719411684,-20.568155316670467,-20.573551066152383
99,99,0.0008784320989153204,0.0008759352004792737,-20.565648649281698,-20.573153269521676
100,100,0.000874484094704703,0.0008752995881399041,-20.578101541838084,-20.576305821601302
101,101,0.0008756555214802706,0.0008745938937767948,-20.570257653626282,-20.57980865406043
102,102,0.0008733538669514825,0.0008745363662264457,-20.58733757976931,-20.580094326297132
103,103,0.0008704555250905915,0.0008709617939434553,-20.599342300441318,-20.597882018352966
104,104,0.000874183143095411,0.0008724709684764477,-20.583379915719892,-20.590363215795804
105,105,0.0008735828936944917,0.0008732755331469601,-20.590120019998565,-20.586360137214214
106,106,0.0008767026839009726,0.0008708168568677808,-20.577857931651167,-20.598604789553594
107,107,0.0008733534432957237,0.0008701388356520942,-20.592156590531697,-20.601987539485012
108,108,0.0008717091488843956,0.0008724241695170732,-20.59045645020797,-20.59059617569554
109,109,0.0008722182342869028,0.0008741635339040505,-20.58934373946082,-20.58194620520137
110,110,0.0008713052867306876,0.000870327615350681,-20.590851117752017,-20.601045424436876
111,111,0.0008710047377743902,0.0008705473308892627,-20.595123281660378,-20.59994917973869
112,112,0.0008712473197014446,0.00087032822499934,-20.59023224021672,-20.601042382284117
113,113,0.0008724378175870276,0.0008722448807307764,-20.597980987788603,-20.59148877054978
114,114,0.0008702338319127783,0.0008695294841584799,-20.605888783481163,-20.605029935544366
115,115,0.0008697752167528361,0.0008665617910752955,-20.606135848990718,-20.619877703098723
116,116,0.0008683820349913206,0.0008693584914956438,-20.616522472632855,-20.605884058077784
117,117,0.0008724470360002951,0.0008723304122931472,-20.59744743957221,-20.59106292609647
118,118,0.0008698569697126286,0.000866493574760266,-20.606731128982233,-20.620219596032925
119,119,0.0008674829264565074,0.0008701030532584378,-20.61916491651885,-20.60216613645151
120,120,0.0008717033671234379,0.0008706743093697648,-20.59807345546823,-20.59931576177253
121,121,0.0008653107635705665,0.0008661952941972567,-20.61830862041452,-20.62171486279633
122,122,0.0008688943638207065,0.0008688717375901577,-20.612411613513206,-20.608316354297074
123,123,0.0008718504860862782,0.0008678533516726212,-20.60096834391523,-20.613409612151877
124,124,0.0008680579497373288,0.0008721250219662723,-20.61419414132651,-20.59208559350612
125,125,0.0008697585951652109,0.0008663143748172411,-20.60650467454439,-20.621117855377932
126,126,0.0008704462526702159,0.0008692992759231282,-20.605222085184817,-20.606179883937
127,127,0.0008668083260699953,0.0008668864366451377,-20.618908993635856,-20.61825098268157
128,128,0.0008695181423183723,0.0008720017289497742,-20.613955694032178,-20.592699602514163
129,129,0.000865419325058723,0.0008689478364478992,-20.622295318761577,-20.607936000496125
130,130,0.0008693925157842255,0.0008652694002529117,-20.614626595573778,-20.62635960860575
131,131,0.0008661081689198684,0.0008705167075324999,-20.623010019130525,-20.60010195476094
132,132,0.0008611420743148198,0.0008668880480782766,-20.648407451338166,-20.618242909699454
133,133,0.0008628030155170901,0.0008646984413070114,-20.646581150373745,-20.629226301530828
134,134,0.0008664445821963942,0.0008676918039686585,-20.620301251623026,-20.614218110580968
135,135,0.0008666072666078576,0.0008651683394993214,-20.627971300381827,-20.62686688057125
136,136,0.000860591189210908,0.0008650656458676645,-20.643999398356982,-20.627382409430176
137,137,0.0008615372515254721,0.0008645494051865841,-20.642245851731037,-20.62997489942554
138,138,0.0008602003901764827,0.0008674403284921458,-20.651607528878365,-20.61547697047417
139,139,0.0008596904436606414,0.0008586620954845689,-20.652678218039178,-20.659650143165873
140,140,0.0008637470021584676,0.0008647901612628056,-20.63569319261617,-20.628765662811848
141,141,0.0008600284381452756,0.0008621409713094564,-20.644895383344412,-20.64209021825085
142,142,0.0008600234952947297,0.0008627838197801458,-20.652964847534125,-20.638853143128642
143,143,0.0008601943101762727,0.0008643649788083215,-20.647141008770035,-20.63090143875499
144,144,0.0008558057591837552,0.000861387880592558,-20.673284190175135,-20.645885491688546
145,145,0.0008603585883975029,0.0008575737654035421,-20.662125295487165,-20.66515819509285
146,146,0.0008616604807440998,0.0008583657082023197,-20.650499392502965,-20.66114947080855
147,147,0.0008614071039963014,0.0008608208031785724,-20.65526476685768,-20.648745523726788
148,148,0.000859053459824975,0.0008571437026962245,-20.66090735400831,-20.667336674848862
149,149,0.0008575214461913121,0.0008606401633618301,-20.67103682543219,-20.649656969033256
150,150,0.0008590680327429676,0.0008567923398100232,-20.654535273231666,-20.669117312643692
151,151,0.0008559996651043904,0.0008565191069225731,-20.673536682445626,-20.670502507805104
152,152,0.0008551637514868809,0.000855106305894687,-20.677095429340827,-20.677671971698167
153,153,0.0008586631504549962,0.0008494620162405466,-20.66858043008358,-20.70643342148386
154,154,0.0008547871209172168,0.0008512227152670292,-20.679323702168414,-20.69744101824155
155,155,0.0008554215574176194,0.0008480066255862383,-20.679961564940953,-20.71388060807083
156,156,0.0008517826682907174,0.0008499387890639666,-20.698274699009858,-20.703996564785676
157,157,0.0008466799020978439,0.000846359220112821,-20.726983102548825,-20.722325765695185
158,158,0.0008519248882087774,0.0008475420702444879,-20.69948732859263,-20.71626041381755
159,159,0.0008472110266009941,0.0008437697144568359,-20.72098590468691,-20.73563373142765
160,160,0.000842220340759407,0.000839389606354464,-20.74468383602326,-20.758237189692675
161,161,0.00083976723109708,0.0008386874473408648,-20.748159525608045,-20.761871633083103
162,162,0.0008386330494234703,0.0008391722681392965,-20.757928271750874,-20.759361828462517
163,163,0.0008365288046764728,0.0008386557394834725,-20.76899210190924,-20.762035827835952
164,164,0.0008358030451567287,0.0008340660654204456,-20.781377280162236,-20.78586854306316
165,165,0.000829583576390731,0.0008342394844236734,-20.80176097191808,-20.784965651905875
166,166,0.0008272354679479811,0.0008282937097216123,-20.823050828048537,-20.816029430504944
167,167,0.0008270758889452315,0.0008219425646147053,-20.8328339936973,-20.84945835138299
168,168,0.0008232586743482916,0.0008214643611082513,-20.84533955119744,-20.85198579783207
169,169,0.0008196745562299932,0.0008172072457933897,-20.864129457309247,-20.87455097613443
170,170,0.0008178959251381457,0.0008161965126514827,-20.87975706525689,-20.879925714376128
171,171,0.0008127194110390529,0.0008131574324675297,-20.896681287760327,-20.89612670359027
172,172,0.0008120780766307924,0.0008106546255906945,-20.9011456832489,-20.909514411499313
173,173,0.0008080180346744961,0.0008060991929500903,-20.92556451597823,-20.93398819930059
174,174,0.0008087743160113232,0.0008042291033473846,-20.925887534280907,-20.9440752102796
175,175,0.0008028220480125513,0.0007996732877616427,-20.953887249680598,-20.96874717163587
176,176,0.0008005743363833765,0.0007988308084589478,-20.962198337769635,-20.97332500346027
177,177,0.0007998987986735001,0.0007974539644477007,-20.97762446116719,-20.980816848461362
178,178,0.0007968305432496919,0.0007957179883593007,-20.9896444823222,-20.99028130247663
179,179,0.000787311999880968,0.000792840357845355,-21.032188350550697,-21.006015574033356
180,180,0.0007918473019879119,0.0007871904680015225,-21.01993121504238,-21.037074796430247
181,181,0.0007860987812050225,0.0007881357941139294,-21.039644492158,-21.031862543281548
182,182,0.0007851502729685421,0.0007826298885782691,-21.051252863216735,-21.06230876720509
183,183,0.0007813566792804326,0.0007856244552194288,-21.075891258377272,-21.04572312401869
184,184,0.0007803951001236427,0.0007773934446863438,-21.081216258381215,-21.09146432122347
185,185,0.0007766514828130987,0.0007737507541222792,-21.09557360744583,-21.111862209707176
186,186,0.0007730417791273945,0.0007744002995375348,-21.10973715187054,-21.108217939912226
187,187,0.0007737802975263792,0.0007707266516885475,-21.114879291239713,-21.12886929149574
188,188,0.000770471541849493,0.000773105479311198,-21.126755496826718,-21.115485549743077
189,189,0.0007716438663432125,0.000771377015074617,-21.13169564486299,-21.12520612341391
190,190,0.0007702714737178278,0.0007634306522576432,-21.137047060915364,-21.1701771309574
191,191,0.000767141831414678,0.0007635934897208292,-21.160741231073242,-21.169250892661186
192,192,0.0007604761859258041,0.0007616653303174596,-21.1810013727311,-21.180231185634213
193,193,0.0007624134514960892,0.0007586981580396624,-21.17841074473737,-21.19718276587177
194,194,0.000761349779702531,0.0007557242980079824,-21.182785797758015,-21.214239204207633
195,195,0.0007590517796547219,0.0007563577474732148,-21.19323808020217,-21.210600464838553
196,196,0.0007536435696613236,0.0007556775817647576,-21.2211373328279,-21.214507678224052
197,197,0.0007545487203913712,0.000756221137156612,-21.220285107121725,-21.211384941039245
198,198,0.0007521619032540349,0.0007560345172686013,-21.2335446503648,-21.21245682313472
199,199,0.0007523604783892017,0.0007530523396685327,-21.241138939844358,-21.22962144100583
200,200,0.0007504926773613875,0.000746681247715299,-21.247487158698917,-21.266520617595084
201,201,0.000746990749060378,0.0007433249847963452,-21.269930718818124,-21.28608575630304
202,202,0.0007441661875099712,0.0007461206099067471,-21.27483304881323,-21.269782697110923
203,203,0.000742106679850978,0.0007437249020624318,-21.295679082097855,-21.28374983109164
204,204,0.000741256467551569,0.0007399935765486015,-21.298432660231885,-21.305593563854472
205,205,0.0007433233219774958,0.0007414832729601154,-21.29002737106008,-21.296859480031273
206,206,0.0007381176620424178,0.0007403082931169161,-21.321184491098858,-21.30374691792579
207,207,0.0007382630515776421,0.000736409298904044,-21.31968677846106,-21.326680424178015
208,208,0.0007381082672059306,0.0007354870015804313,-21.317172460346168,-21.332123045245957
209,209,0.0007372199210875965,0.0007327532144508472,-21.334599986386813,-21.348295739933704
210,210,0.0007332642856726097,0.0007353912530417897,-21.346885567349275,-21.332688463381828
211,211,0.0007325308787463637,0.000730955115470447,-21.35499888137835,-21.358965964895354
212,212,0.0007317450399193721,0.0007315580763756053,-21.349877615369973,-21.355384970067956
213,213,0.0007282276115783481,0.0007302940725103804,-21.372861522183232,-21.362895306061848
214,214,0.0007277658976105609,0.0007283985216513669,-21.383841150416334,-21.374182505913506
215,215,0.0007277926833359237,0.0007245969885077916,-21.384352390799215,-21.396907815422463
216,216,0.000726644300793288,0.0007248847181663701,-21.387062678888316,-21.39518362112506
217,217,0.0007247698610917348,0.0007205284966499006,-21.391984741751948,-21.421361445919615
218,218,0.0007215417110236342,0.0007212593367225246,-21.41666583571741,-21.41695858121882
219,219,0.0007210433598338943,0.000722631230019033,-21.41460496323647,-21.40870579695044
220,220,0.0007187883098388917,0.0007216723690936832,-21.431519855172173,-21.414472286353753
221,221,0.0007206398319241774,0.0007197292840206309,-21.419619234876144,-21.42618132851346
222,222,0.0007189942815475474,0.0007180983329338855,-21.4335493435253,-21.436033877632212
223,223,0.0007158784818662734,0.0007197295965038632,-21.4464014795697,-21.42617944294736
224,224,0.0007193160444958923,0.000720168580301106,-21.4253682790112,-21.423531363384996
225,225,0.0007191355641422429,0.0007174842758104205,-21.43897685771195,-21.439749186454343
226,226,0.0007153897907479291,0.0007203053223508361,-21.448835183713197,-21.422706824770156
227,227,0.0007155256624304757,0.0007143675466068089,-21.452125985329413,-21.458655897488477
228,228,0.0007141947772680331,0.0007153018500263754,-21.461317209418294,-21.452979579897008
229,229,0.0007155651878325519,0.0007112176727356488,-21.447189666108628,-21.477847665873007
230,230,0.0007157731187990723,0.0007131680153849486,-21.448345667668058,-21.46595448852893
231,231,0.0007135853850637976,0.0007132658502086997,-21.46588114518488,-21.465358749389743
232,232,0.000712528778600132,0.0007111361360569534,-21.467381619007444,-21.47834558600301
233,233,0.000713119104494984,0.0007143127425622783,-21.464663385475905,-21.45898908741652
234,234,0.0007092804202723518,0.0007132017084299342,-21.491398083120643,-21.465749314466773
235,235,0.0007124054443676831,0.0007094529665712463,-21.47383935355026,-21.488636972308367
236,236,0.0007087362284493662,0.0007102228333487323,-21.495401487577624,-21.483926757116198
237,237,0.0007117454433026388,0.0007095059631147274,-21.47951203853499,-21.488312563956256
238,238,0.000710545480371328,0.0007096963021659145,-21.481324922306232,-21.487147639094747
239,239,0.0007104169728580056,0.0007115376218663235,-21.487029667828637,-21.475894383466525
240,240,0.0007062744092407454,0.0007103607426152417,-21.50575793853413,-21.483083536982583
241,241,0.0007096578447465046,0.0007110526632076423,-21.493557611318117,-21.478855388891414
242,242,0.0007066936136136964,0.0007114653156972245,-21.50674975733146,-21.476335734210714
243,243,0.0007073526413506377,0.0007035748781881443,-21.504649720987796,-21.524769821127137
244,244,0.0007070894035049858,0.0007071386544818157,-21.503462103510323,-21.502827284450774
245,245,0.0007051806212834937,0.0007062205297284221,-21.513505865879154,-21.50846967988202
246,246,0.0007092670157081304,0.0007075756561550263,-21.494645638640648,-21.500144235019985
247,247,0.000704331235292838,0.0007089457082513132,-21.523323715591246,-21.491743285117998
248,248,0.0007063868472391029,0.0007082580429452815,-21.508352460419257,-21.495957912280712
249,249,0.0007053936259177773,0.0007049081522334171,-21.513160770275228,-21.516547730819063
250,250,0.0007054163905139052,0.0007053717088542486,-21.516108411381868,-21.51369269338597
251,251,0.000706859586457962,0.0007049083207292776,-21.508934050436338,-21.51654669271483
252,252,0.0007041842051416866,0.0007045024570910947,-21.52310933098628,-21.519047941408456
253,253,0.0007086438546917334,0.0007023141063798807,-21.50500799192571,-21.532559147198537
254,254,0.0007044256103138641,0.000704255399269689,-21.524292169086575,-21.520571210281997
255,255,0.0006980669358265155,0.0007029376084622191,-21.55799303711063,-21.52870526780136
256,256,0.0006998366065390562,0.0007005753118152681,-21.562406000918394,-21.543324775072968
257,257,0.0006996661030985031,0.0007017634956068114,-21.55750352649062,-21.53596532976765
258,258,0.0006974770659916871,0.000698787919980915,-21.559269690108618,-21.554419175942815
259,259,0.0006958184278925362,0.0006999287931983801,-21.572497190776467,-21.547334466821848
260,260,0.0006954133769823718,0.0006918061745205992,-21.5831793137567,-21.59802872408051
261,261,0.000696252342601566,0.0006978756098664905,-21.576133888926687,-21.560092858921767
262,262,0.0006968490419352485,0.0006929040353402103,-21.57129604405704,-21.591142156878732
263,263,0.0006944731462353206,0.000694223097525537,-21.587539636691034,-21.582882472708835
264,264,0.0006919002362056492,0.0006920936162044343,-21.59943082372451,-21.596224629018277
265,265,0.0006920643260020801,0.0006901053344144633,-21.60196360372207,-21.608719218238864
266,266,0.0006902546660264128,0.0006913903206096668,-21.606590616712054,-21.600640111036352
267,267,0.0006918645717117205,0.0006881888410517652,-21.60632476535977,-21.620796799980923
268,268,0.0006903781856832661,0.0006907558234065379,-21.613847398402612,-21.60462751359363
269,269,0.000689092868118134,0.0006890673110702712,-21.617381362241428,-21.615256585363547
270,270,0.0006895595345377308,0.000690971017128935,-21.61775394133414,-21.603274750598935
271,271,0.0006877363379804667,0.0006881506690804503,-21.623129408462116,-21.62103769804986
272,272,0.0006858453853055835,0.0006899079920626001,-21.63942562365076,-21.60996130327384
273,273,0.0006858850037199014,0.0006863344368818952,-21.640909057153024,-21.63251516080818
274,274,0.0006871034592850922,0.0006877448728406115,-21.63365403892537,-21.623599448814794
275,275,0.0006879417582165412,0.0006877919597747294,-21.62869972913231,-21.62330211623626
276,276,0.0006812487947322505,0.0006830546496386983,-21.66017668022205,-21.65331854297598
277,277,0.0006858844744502423,0.0006826064874123978,-21.643858105284654,-21.656168948301083
278,278,0.0006829921597826112,0.00068362580771607,-21.65901746193308,-21.649688567667518
279,279,0.0006836878901501139,0.0006804449336701318,-21.651631291201035,-21.669943214407496
280,280,0.0006820371190863709,0.0006849417358783907,-21.66278640828295,-21.64133676189396
281,281,0.0006845501676374643,0.0006820146012806186,-21.65006656195154,-21.659936336907286
282,282,0.0006802712744773971,0.0006817509420216084,-21.67111489676836,-21.661615595681347
283,283,0.0006816048095886087,0.0006801890589198784,-21.66944369343325,-21.6715766440294
284,284,0.000679490805757184,0.0006792708146876018,-21.677782547012963,-21.67744351029748
285,285,0.0006780975837903769,0.0006811601832803143,-21.684465238981655,-21.665380526098083
286,286,0.0006790691518618428,0.0006809427225227026,-21.684199192967636,-21.666767234950424
287,287,0.0006772519320912045,0.000679176184348762,-21.697307221859816,-21.67804857525878
288,288,0.0006774422843441291,0.0006783946699119712,-21.68594968423225,-21.683048792283973
289,289,0.0006755262813722887,0.0006771135101045825,-21.708502652775373,-21.69125827133644
290,290,0.0006779258063821526,0.0006747905557092867,-21.692773530560963,-21.706183106522232
291,291,0.0006722776104033608,0.0006778422822734635,-21.71925415502349,-21.68658650619384
292,292,0.0006735939646533393,0.0006752686091012469,-21.712490002988996,-21.7031074493322
293,293,0.0006743508166652749,0.0006777202943339944,-21.70654633276612,-21.68736815493551
294,294,0.0006746748131075778,0.000674298673402518,-21.713856797333428,-21.709350010184817
295,295,0.00067081388575745,0.0006754840662898986,-21.72489375750907,-21.7017219718778
296,296,0.0006703397717576512,0.000673857796324515,-21.729119842505593,-21.712190488917066
297,297,0.0006726333810275747,0.0006724523386525872,-21.722903102036245,-21.721257979643607
298,298,0.0006700941342284385,0.0006745720594680231,-21.731682533830995,-21.70758957371881
299,299,0.0006733719948391171,0.0006723100393030204,-21.71636216091169,-21.722177098493734
300,300,0.0006697951322757476,0.0006711717884938576,-21.73857374236196,-21.729536128642025
301,301,0.0006708607069197466,0.00067480269966549,-21.72997035995546,-21.706104948852925
302,302,0.0006675277320552886,0.000668948801160839,-21.745198696200156,-21.743944265118998
303,303,0.0006707841122388532,0.0006689166429599649,-21.731444628642855,-21.744153047388572
304,304,0.0006701436179411626,0.0006704933261253723,-21.741366378446287,-21.733928468946885
305,305,0.0006705034931055894,0.0006692216511031514,-21.737373702379777,-21.742173231753625
306,306,0.0006680928846369929,0.0006694846088066697,-21.746747295057517,-21.740467090765108
307,307,0.0006683350825135011,0.0006699314751466246,-21.74481128918934,-21.737569237064285
308,308,0.0006673164682501217,0.0006705041190511302,-21.747899977900055,-21.733858561161195
309,309,0.000668431299776991,0.0006674022542459792,-21.749354650974215,-21.75399637063822
310,310,0.0006690442408483053,0.0006687334603875092,-21.744787315555225,-21.745342524079025
311,311,0.0006683253576335756,0.0006678149097991225,-21.745364959845958,-21.75131195284928
312,312,0.0006716069267323413,0.0006697861183630792,-21.73949965105731,-21.738511639396755
313,313,0.0006708358840527225,0.0006682641749074193,-21.735013913043062,-21.74839126698522
314,314,0.0006652224890542092,0.0006692810229172832,-21.75725759555541,-21.741787952713466
315,315,0.0006669021743234515,0.0006658621224280642,-21.754355196604198,-21.764029955261613
316,316,0.0006674139672823096,0.0006686138957248707,-21.753012011124362,-21.746119080343416
317,317,0.0006685318022044664,0.000670664548555291,-21.754323688418896,-21.732819562109
318,318,0.0006670841116688608,0.000669445465686486,-21.757242725253136,-21.740721019501628
319,319,0.00066819150041616,0.0006693430630931337,-21.753447505513567,-21.74138539449971
320,320,0.0006673608896965833,0.0006653057000795869,-21.75840024306546,-21.76766061948801
321,321,0.0006641604302729451,0.0006654097141060783,-21.77612849969917,-21.766981695694746
322,322,0.0006679214240704692,0.000665782567873401,-21.756250327811482,-21.764548864012475
323,323,0.0006672969404800036,0.0006672133091150931,-21.75608863508808,-21.75522605550819
324,324,0.0006669040435694696,0.0006662088991632979,-21.770554145308974,-21.761768766127922
325,325,0.0006657646838143544,0.0006684488157349589,-21.77278522138785,-21.747191480739318
326,326,0.0006652406588455988,0.0006639340089781111,-21.765775706443264,-21.776623910061502
327,327,0.0006654146523454908,0.0006684837127594571,-21.76767891385144,-21.74696475897356
328,328,0.0006683475695569644,0.0006679812703575743,-21.754012728628066,-21.75023020888282
329,329,0.0006657828590064549,0.0006664011008596342,-21.7705931881933,-21.760516004454082
330,330,0.0006645583114394746,0.0006690959991446059,-21.773539412526457,-21.74298873250394
331,331,0.0006645243973759262,0.0006682619691434267,-21.77579443179372,-21.748405601925608
332,332,0.0006659511967619747,0.0006663893796748629,-21.77204508759457,-21.760592392242593
333,333,0.0006646837123439254,0.0006644709685229157,-21.775348659279693,-21.773112953930436
334,334,0.0006659025015530282,0.0006661483631959479,-21.771508282421195,-21.762163411578324
335,335,0.0006682073647041142,0.0006672654754335159,-21.75377945258068,-21.75488651404067
336,336,0.000664864466333589,0.0006651514620324107,-21.76483518107181,-21.76866756258991
337,337,0.0006688281644097308,0.0006654478493146598,-21.756571898982727,-21.7667328048876
338,338,0.0006637524821814726,0.0006679917691814664,-21.77687980282425,-21.75016195030053
339,339,0.0006650699339759027,0.0006679911227700742,-21.770543520078963,-21.75016615294268
340,340,0.0006626988971154637,0.000665561078532942,-21.780391508853455,-21.76599389436972
341,341,0.0006645648276971019,0.0006651739669522565,-21.781008741367813,-21.76852062467092
342,342,0.0006661375224849535,0.0006663646904359522,-21.765219205080378,-21.760753298151087
343,343,0.0006639398724445593,0.0006642290758655259,-21.78165791912963,-21.77469423855403
344,344,0.00066577130688604,0.0006656722245296757,-21.773254369205613,-21.76526870077566
345,345,0.000662519207065829,0.0006634216222568954,-21.78417408956243,-21.77997684323843
346,346,0.0006655277042246433,0.0006616193997232537,-21.780240912745043,-21.791790753467417
347,347,0.00066302854870206,0.0006645702585381897,-21.787742799015383,-21.7724640484647
348,348,0.0006609727333290214,0.0006608055585897283,-21.794033887112224,-21.79713618733624
349,349,0.0006612581824979832,0.0006627814758470968,-21.793903029302285,-21.784169445040895
350,350,0.0006625652631274281,0.0006646829118069849,-21.787919463285913,-21.77172792544141
351,351,0.0006621513922564378,0.0006599600371708604,-21.794702250254595,-21.802696679491504
352,352,0.000662503195158446,0.0006610945136727471,-21.785550904695402,-21.795237532472605
353,353,0.0006633905733493876,0.0006610845080821922,-21.78947684037876,-21.795303262947755
354,354,0.000658248534987767,0.0006604896227240955,-21.814611086349565,-21.79921307685548
355,355,0.0006616025552220796,0.0006626787699611956,-21.79953028443704,-21.78484248823078
356,356,0.0006596479125647354,0.0006625754881258073,-21.809679512492206,-21.785519410881765
357,357,0.0006605010160446627,0.0006603550588663079,-21.802680425949408,-21.800097970316724
358,358,0.000659851099906931,0.0006612110515370181,-21.802804233562743,-21.794472024819186
359,359,0.0006591190731623354,0.0006607585022912213,-21.80565521057872,-21.7974454616483
360,360,0.0006608027279540205,0.0006585825528753432,-21.79928779062584,-21.81177085048311
361,361,0.0006579898763448,0.0006599808448778564,-21.810300429198087,-21.80255975408139
362,362,0.000659018430916458,0.0006573630901249615,-21.812331044771483,-21.819819907794738
363,363,0.0006593545519545214,0.0006594536795378908,-21.805894305405115,-21.80603010454052
364,364,0.0006593547619821638,0.0006586208044992466,-21.810666095152612,-21.8115186119947
365,365,0.0006609636607349457,0.0006587763414963296,-21.801017073227506,-21.810493122299594
366,366,0.0006580064943319513,0.0006600463621955561,-21.809905231506338,-21.802128644640355
367,367,0.0006605105615009737,0.0006583596788052665,-21.80795786555634,-21.813240815943843
368,368,0.0006613293314621467,0.0006581957690956953,-21.79203775826568,-21.814322199684703
369,369,0.0006593760275810035,0.0006585681663924142,-21.813774866682195,-21.811865721480924
370,370,0.0006597492641039653,0.0006563813106990174,-21.807710839519427,-21.826310994892676
371,371,0.0006589213057334736,0.0006558480825716336,-21.816876530879767,-21.829840530921242
372,372,0.000658212407832946,0.0006625949417387968,-21.810910732934474,-21.785391901293796
373,373,0.0006570344966039369,0.0006607342725864759,-21.8174946364348,-21.79760471832031
374,374,0.0006579992129736263,0.0006595876521283859,-21.817998293697592,-21.805147894778298
375,375,0.0006580749177373946,0.0006559573628596569,-21.812378404389055,-21.82911695066253
376,376,0.0006604779304062813,0.0006580868227358319,-21.80244951437032,-21.815041115262765
377,377,0.0006587663815433601,0.0006609089231412662,-21.818435627301863,-21.79645690818678
378,378,0.0006616792579171891,0.0006622860765721845,-21.799195547734524,-21.787416814294858
379,379,0.0006545182460314143,0.0006581940688192844,-21.835549982365507,-21.81433341855987
380,380,0.0006588340362476319,0.000655961899993647,-21.816379602778927,-21.829086911432046
381,381,0.0006601213232719714,0.0006573236835385231,-21.799391355707538,-21.820080259741516
382,382,0.0006572095342412515,0.000657670984142705,-21.8226660758561,-21.817786246797255
383,383,0.0006565205709643892,0.0006589531089718404,-21.82372087214397,-21.809327949287372
384,384,0.0006559098735883756,0.0006567481721408273,-21.825955091273528,-21.823884335434816
385,385,0.0006570947613355886,0.0006590998229129534,-21.820563276763263,-21.8083611132254
386,386,0.0006575429543238325,0.0006582149286068192,-21.820450464621732,-21.81419578214689
387,387,0.0006538491381677924,0.0006577165607412002,-21.838718142706277,-21.817485291153943
388,388,0.0006570191363823245,0.0006619639400588838,-21.820603887720694,-21.789529740270297
389,389,0.0006570084003693203,0.0006542263895665345,-21.823097760794287,-21.840592479732774
390,390,0.0006562390517126577,0.0006566303383902108,-21.828364663294234,-21.824663616463123
391,391,0.0006531234380558671,0.0006547434880447231,-21.842011326350335,-21.83716118568696
392,392,0.0006567962298448169,0.0006556802116775591,-21.83222742431598,-21.830952293491464
393,393,0.0006564746853252201,0.0006546355281515341,-21.831505006219267,-21.837877347858573
394,394,0.0006525605729752287,0.0006527013243421128,-21.854192055140395,-21.850728123886398
395,395,0.0006517440881148057,0.0006554297533033317,-21.852331573801223,-21.832611539383905
396,396,0.000655965458904153,0.0006521335821353683,-21.833752779291267,-21.854507411547516
397,397,0.0006539170893110795,0.0006547504576462272,-21.840545768100554,-21.83711495623345
398,398,0.000655272027439217,0.0006538722909202701,-21.83489769720132,-21.84294372576906
399,399,0.0006515375703342797,0.0006548559605634134,-21.859264688492605,-21.836415214170174
400,400,0.0006540698160119739,0.0006541889252778338,-21.84530600161823,-21.84084118568525
401,401,0.0006516889654599207,0.0006570219993591309,-21.84930315895848,-21.8220739479834
402,402,0.0006530196453953526,0.0006513469883142726,-21.85350099226005,-21.859748968732376
403,403,0.0006556494363113163,0.0006547276739423212,-21.83666690185295,-21.837266082650086
404,404,0.0006526184487924672,0.000654712610412389,-21.853325180139272,-21.83736600332621
405,405,0.000652335886603471,0.0006537908063221135,-21.85821755700487,-21.84348497085673
406,406,0.0006548600204135339,0.0006582038477063179,-21.83654158524924,-21.814268895263
407,407,0.0006498700636679057,0.0006537160247956452,-21.866435454617946,-21.84398175150148
408,408,0.0006537843152362201,0.0006529187973539688,-21.85189817036462,-21.8492813427237
409,409,0.0006543205050060276,0.0006545198940377878,-21.84372964914059,-21.838644548708817
410,410,0.0006524047816709913,0.0006536337681800911,-21.851589538190616,-21.84452825549719
411,411,0.0006538290535243824,0.00065363835739462,-21.8459281161282,-21.844497763444195
412,412,0.0006525495519247098,0.0006532905911291508,-21.860923481686598,-21.846809028701895
413,413,0.0006545818334003699,0.0006554202286918697,-21.838831383800333,-21.832674650895633
414,414,0.0006521871306251773,0.0006548730092809388,-21.852476043279495,-21.83630215010706
415,415,0.0006540914092539358,0.0006552522720180844,-21.84877910089989,-21.833787707848966
416,416,0.0006528559792546805,0.0006524145076247422,-21.848852934290406,-21.852636964720688
417,417,0.0006536874642893288,0.0006552810940009199,-21.850693769245186,-21.833596682905537
418,418,0.0006520500107783556,0.0006537679950461575,-21.85538101071392,-21.843636502264165
419,419,0.0006533430603611254,0.0006528792988606973,-21.84960209460233,-21.849544078252663
420,420,0.0006510911193753103,0.0006550363981851229,-21.86161678358117,-21.835218733201206
421,421,0.0006519583073089418,0.0006534499208148765,-21.853252093235334,-21.845749966049063
422,422,0.000649481955987699,0.0006548775065886346,-21.870660939305306,-21.836272325252754
423,423,0.0006537472627596142,0.0006518293613273846,-21.85217996727488,-21.856533871290825
424,424,0.0006549811139510772,0.0006517127315562807,-21.8291477573006,-21.857311010232905
425,425,0.0006556239989634181,0.0006543071327829047,-21.843039043250045,-21.840056515880626
426,426,0.0006535966213331701,0.0006535572649322843,-21.849726720973223,-21.84503659647515
427,427,0.0006492398175190098,0.0006549283065588066,-21.870122647600315,-21.835935448648357
428,428,0.0006549143761674845,0.0006520905237840978,-21.839553814396506,-21.85479417214761
429,429,0.000654754008060878,0.0006500219736297272,-21.84085980897908,-21.868592683030418
430,430,0.0006528812269776215,0.0006521513232177025,-21.855271289526023,-21.85438926475107
431,431,0.0006507768232096947,0.0006517037185595223,-21.858391972866478,-21.85737107230681
432,432,0.0006482145879849715,0.0006537537249785505,-21.8761363506983,-21.843731298572685
433,433,0.0006513716424959376,0.0006511271808688578,-21.85631221693264,-21.861214812183096
434,434,0.0006557771901254417,0.0006562295725176993,-21.846132386901274,-21.827315086142818
435,435,0.000652718182518771,0.0006529818699499102,-21.85069478662936,-21.84886183025872
436,436,0.0006514737957406827,0.0006518119756181381,-21.861125300128208,-21.856649708636212
437,437,0.0006527014025102955,0.0006540425268835143,-21.849412256135878,-21.84181318517315
438,438,0.0006525373319163918,0.000652188631264787,-21.853273305234776,-21.854140822173992
439,439,0.0006521723392784365,0.0006498259332913317,-21.852567753003154,-21.86990267072033
440,440,0.0006523133170330109,0.0006543184005606331,-21.854621528544577,-21.83998172697324
441,441,0.000653045189557309,0.0006532320219680275,-21.849749620577235,-21.84719840219222
442,442,0.0006534607640525192,0.0006519010333393357,-21.850604978133028,-21.856056368281678
443,443,0.0006514434839512423,0.0006536685794248785,-21.856385026945855,-21.84429696498431
444,444,0.0006522303531138399,0.0006546860278927182,-21.855526295400843,-21.83754233834401
445,445,0.0006517046743274196,0.0006573278530451812,-21.853545595816026,-21.820052711852455
446,446,0.0006525588045424791,0.000650603688738652,-21.8535076404305,-21.864707849968894
447,447,0.0006516514125174468,0.0006511995207371289,-21.856928212631814,-21.860732340225706
448,448,0.0006538917365743174,0.0006521280707889481,-21.84234392415767,-21.85454411503156
449,449,0.0006517311618135301,0.0006557334226703173,-21.854668298457995,-21.830599860972253
450,450,0.0006505813828871115,0.0006532401924854831,-21.861210013246684,-21.847144081700655
451,451,0.0006554165708630817,0.0006534896858379637,-21.835320034103162,-21.845485688648377
452,452,0.0006524741075952182,0.0006539602243145438,-21.85582625372225,-21.84235972150979
453,453,0.0006550436313792141,0.0006539440732204208,-21.84375098387289,-21.842466982126147
454,454,0.0006522000209217143,0.0006570367963592473,-21.856743653694252,-21.82197614025181
455,455,0.0006524310597295383,0.0006529716039566617,-21.85345628405726,-21.848930109325444
456,456,0.0006535300287686903,0.0006518907091384264,-21.84474759674388,-21.85612514833817
457,457,0.000654388282126411,0.0006550616664370816,-21.845221632877035,-21.835051205858168
458,458,0.0006529870383038195,0.0006508148232425906,-21.844659440870696,-21.86329870218192
459,459,0.0006530509791192934,0.0006547686613262876,-21.847918635027543,-21.83699421331818
460,460,0.0006533709328295183,0.0006519802080124224,-21.855884305896403,-21.855528941050117
461,461,0.0006552778254023072,0.0006543054753963492,-21.843995124469334,-21.840067516750263
462,462,0.0006531422493316847,0.0006539910100400448,-21.854616706574802,-21.84215527855568
463,463,0.0006515366912185762,0.00065485238845117,-21.85965371206646,-21.836438904156378
464,464,0.0006540946718833419,0.0006554556097590217,-21.846726036483926,-21.8324402152339
465,465,0.0006521583670395013,0.00065700362718321,-21.859203114318344,-21.822195390586387
466,466,0.0006547827098384192,0.0006539017102975203,-21.841385873778346,-21.842748330032627
467,467,0.0006549728256602263,0.0006531453078710719,-21.846978546716468,-21.847774950070175
468,468,0.0006548497398604744,0.0006518821158495388,-21.842836341044823,-21.856182397850873
469,469,0.0006508754953962856,0.0006559818131408017,-21.858188667500507,-21.828955073917363
470,470,0.0006519699332390711,0.0006555820704976979,-21.853485835627676,-21.831602387275453
471,471,0.0006534684654661291,0.000653893123135755,-21.852061498452386,-21.842805362785388
472,472,0.0006510169184094621,0.0006514119756359019,-21.862970601816222,-21.85931567852319
473,473,0.0006521462160402659,0.000653544057920379,-21.85218922867329,-21.84512435910369
474,474,0.0006531634705246801,0.0006530361286805649,-21.85005537095578,-21.848500973557563
475,475,0.0006508443266940639,0.0006542247291164179,-21.866214025707677,-21.84060350229698
476,476,0.0006496353085709678,0.0006528957348660027,-21.866015194797814,-21.849434747529916
477,477,0.0006535479393259613,0.0006543156219107148,-21.847187466422284,-21.840000169903895
478,478,0.0006545819132108741,0.0006537549320216241,-21.843495506758913,-21.84372328008434
479,479,0.0006520724015252799,0.000652891972812971,-21.8570747450164,-21.849459772101106
480,480,0.0006520289444057367,0.0006557650876378542,-21.852784018918104,-21.83039014787589
481,481,0.0006554319202832724,0.0006527481079836818,-21.838812034365155,-21.850416845994168
482,482,0.0006552107677766189,0.0006543011588387584,-21.843964013841205,-21.840096167944495
483,483,0.0006529697332262379,0.0006549182243792242,-21.856986799063293,-21.83600230586949
484,484,0.0006527214841533106,0.0006550773181707451,-21.84719827326845,-21.834947438828216
485,485,0.000655977288861135,0.0006523346559046523,-21.84299488337926,-21.853168548298868
486,486,0.0006519401813233175,0.0006525904050489005,-21.854772458581767,-21.851466221524035
487,487,0.0006552745063654771,0.000652095848253291,-21.839259192508294,-21.85475871114849
488,488,0.0006544954088257299,0.0006507748652151541,-21.846484450293218,-21.86356535381542
489,489,0.0006546344933311272,0.0006547892576475677,-21.83873721165542,-21.83685760433662
490,490,0.0006530151213999338,0.0006531647768018669,-21.846504932829962,-21.847645497663542
491,491,0.0006551795354660255,0.0006527431082519653,-21.826987660182514,-21.85045011095786
492,492,0.0006550177721757942,0.0006556107699380894,-21.832504248657585,-21.831412270181865
493,493,0.0006534069099645946,0.000653978633253198,-21.850225313584566,-21.842237469610485
494,494,0.0006544363010463488,0.0006568484731312646,-21.844084119623947,-21.823221115611318
495,495,0.0006553311724234949,0.0006564802177691538,-21.84219149894611,-21.825656625883738
496,496,0.0006540598757036952,0.0006562731731192846,-21.842475647555514,-21.82702654578363
497,497,0.0006547593535644185,0.0006532451217552941,-21.837571114819305,-21.847111310499088
498,498,0.0006552738558798644,0.0006555109407360616,-21.831143519023154,-21.83207361643682
499,499,0.0006532536935992539,0.0006552932594020508,-21.844272460292558,-21.83351605617013
500,500,0.0006548739260437025,0.0006559561098631667,-21.838642964061343,-21.829125246475826
501,501,0.0006546283233190704,0.0006555847786857109,-21.836020305496547,-21.83158444675002
502,502,0.0006537445786063434,0.0006532929102449041,-21.843123087213712,-21.846793611712876
503,503,0.0006544338251204835,0.0006524490186405417,-21.838140428710883,-21.852407240409626
504,504,0.000651962680084458,0.0006570222291262134,-21.848883628957022,-21.82207242921297
505,505,0.0006566988346262922,0.0006575818406417966,-21.82805584693388,-21.818374947765946
506,506,0.0006558664794771251,0.0006592250367822615,-21.835315520955973,-21.807536131548662
507,507,0.0006547996500679819,0.0006563409789171266,-21.840291776413004,-21.82657785819597
508,508,0.0006561250907138528,0.0006567293373671802,-21.8370939365912,-21.824008887826526
509,509,0.0006556356458963116,0.0006524341879412532,-21.83747378283789,-21.852505960215836
510,510,0.0006539346926279136,0.0006548329317746194,-21.83830620435841,-21.836567941676037
511,511,0.0006552994846529567,0.0006556753498060923,-21.838797874874256,-21.830984496564557
512,512,0.0006515536536510611,0.0006523351246295007,-21.852568414197634,-21.85316542774502
513,513,0.0006569903877986231,0.0006542075241572763,-21.8355768202647,-21.840717715605283
514,514,0.0006580100101946862,0.000656501120446544,-21.826429334464393,-21.825518346424857
515,515,0.0006533402711940334,0.0006539973209759122,-21.84284939092168,-21.842113369854236
516,516,0.0006551041865490915,0.0006570779920653685,-21.83683815225902,-21.821703849459407
517,517,0.0006543210600790827,0.0006541130408693693,-21.838346268365868,-21.841344986501092
518,518,0.0006514948657137755,0.0006597455174319054,-21.84991068684832,-21.804108581402243
519,519,0.0006541486855922747,0.0006534750634608301,-21.838836709042447,-21.845582866750625
520,520,0.0006538373154117582,0.0006544975055332639,-21.85428110532412,-21.83879310600037
521,521,0.0006522208856677963,0.0006534683174992862,-21.852764283494007,-21.84562770012162
522,522,0.000654689291343285,0.0006542540535232739,-21.843496320279275,-21.84040884223441
523,523,0.0006511903994419065,0.0006556445702077134,-21.86161594905295,-21.831188373734875
524,524,0.000651346997252291,0.000654007351074956,-21.85576828093865,-21.8420467643327
525,525,0.0006545924103924448,0.0006514216381076135,-21.849627350589678,-21.85925125958125
526,526,0.0006498081469188262,0.0006498061488137433,-21.873719649073045,-21.870034897210623
527,527,0.0006513593306755359,0.0006538386591465065,-21.864725614052443,-21.843167109900925
528,528,0.0006527124427633418,0.0006525299977511168,-21.850124594179754,-21.851868246594776
529,529,0.0006518788028450817,0.000651464910908161,-21.855921439904584,-21.858962774931292
530,530,0.0006517539906181087,0.0006555364510093472,-21.849793071796295,-21.831904606971705
531,531,0.000653024544440133,0.0006517423653828079,-21.85101102330052,-21.857113538031975
532,532,0.0006526635927340188,0.0006524795837896434,-21.851286053493073,-21.852203792104923
533,533,0.0006494761142188433,0.0006530466857121178,-21.867290617877195,-21.84843076574993
534,534,0.0006545973100373041,0.0006534497615096992,-21.84290421227903,-21.84575102481984
535,535,0.0006531201694256713,0.0006541071833405448,-21.8550594959175,-21.84138387739116
536,536,0.0006556182142020654,0.0006521915324571493,-21.845640000011713,-21.854121503084833
537,537,0.0006520402816978773,0.0006532830394510375,-21.85827332721439,-21.846859231033502
538,538,0.0006521984133101308,0.0006501288980392641,-21.85420975615846,-21.867878355452607
539,539,0.0006540701388544643,0.0006503372293847956,-21.84348997934187,-21.86648689814914
