,epoch,train_loss,test_loss,train_dbs,test_dbs
0,0,0.00012027462716358378,0.00011422211920082765,-12.105116029846316,-12.338278728149222
1,1,0.00010538476470680235,0.00010172495737941445,-12.678062116981598,-12.841505697626157
2,2,9.569144886066254e-05,9.466471850541176e-05,-13.099761834571538,-13.153899385116334
3,3,9.130597379797896e-05,9.280227555121344e-05,-13.299997453965348,-13.240194608932768
4,4,9.031801276897877e-05,9.15512133169135e-05,-13.348190620200281,-13.299139820009191
5,5,8.937407600916634e-05,9.035106785105247e-05,-13.397365084063487,-13.356447965135988
6,6,8.873534181812952e-05,9.066468651565771e-05,-13.425469006494007,-13.341399220653178
7,7,8.81374353505719e-05,8.995852151297425e-05,-13.456524813770134,-13.375357772258187
8,8,8.767780883252122e-05,8.883384572599378e-05,-13.477771384604083,-13.429996226718368
9,9,8.734849539042941e-05,8.902659733154763e-05,-13.495451125717139,-13.420583117203666
10,10,8.674663732778857e-05,8.866957260148698e-05,-13.525110378740578,-13.43803471212204
11,11,8.675712070754278e-05,8.779886373208443e-05,-13.525142526284855,-13.480891909010158
12,12,8.643570685514354e-05,8.84349344567837e-05,-13.541086664460488,-13.449542280484064
13,13,8.616182060801836e-05,8.763754885876551e-05,-13.555731354252883,-13.488878640845499
14,14,8.595449264586145e-05,8.745073941291163e-05,-13.565337024867535,-13.498146004538189
15,15,8.56537958451057e-05,8.750228191370537e-05,-13.578861875292871,-13.49558707481453
16,16,8.550023270912526e-05,8.69862549160117e-05,-13.588993773267262,-13.52127453085464
17,17,8.50314712637949e-05,8.646351986834289e-05,-13.609157434991811,-13.547451749511545
18,18,8.494453587192446e-05,8.660010529351176e-05,-13.615721470269705,-13.540596662693662
19,19,8.473115360043876e-05,8.640637219957028e-05,-13.626740035077397,-13.550323148088683
20,20,8.475824127804258e-05,8.629642520406235e-05,-13.624724597253554,-13.55585280720476
21,21,8.467977105030194e-05,8.60494378445621e-05,-13.628504280106121,-13.568300488729053
22,22,8.41863771880132e-05,8.554846556906246e-05,-13.65566939099524,-13.593658620575832
23,23,8.403891145453318e-05,8.580859560568474e-05,-13.662948517215368,-13.580472922187898
24,24,8.392561984382876e-05,8.523791965624121e-05,-13.667616733179724,-13.609452446855098
25,25,8.358765161264994e-05,8.532982725515275e-05,-13.686612929373336,-13.60477219896087
26,26,8.371011925604406e-05,8.519617250912186e-05,-13.679491593991603,-13.611580020717977
27,27,8.348037616875426e-05,8.513305778921533e-05,-13.691755882943152,-13.614798537679366
28,28,8.338418564628377e-05,8.467043517157435e-05,-13.695370681324675,-13.638462944535982
29,29,8.306212427116181e-05,8.463950009746968e-05,-13.713760937467995,-13.64004996683436
30,30,8.292676310580627e-05,8.477305719249049e-05,-13.720782481522559,-13.633202408149126
31,31,8.292629129370943e-05,8.428179678862522e-05,-13.72025075255624,-13.658443006463406
32,32,8.238682081711661e-05,8.393300997436439e-05,-13.748413640470272,-13.676452884284158
33,33,8.261921677856044e-05,8.409942529397085e-05,-13.73460313959499,-13.667850583362496
34,34,8.236098336655953e-05,8.397077678972365e-05,-13.749348118230087,-13.674499155889784
35,35,8.21600858507361e-05,8.356759874579056e-05,-13.761574378922763,-13.695401631176738
36,36,8.227222028414038e-05,8.370985329077627e-05,-13.755800566164316,-13.688015055394532
37,37,8.182712242825764e-05,8.362847974670953e-05,-13.77672984486695,-13.69223884360913
38,38,8.187764270240729e-05,8.320296604468145e-05,-13.77605135335803,-13.71439277899179
39,39,8.136664016007868e-05,8.276142417391958e-05,-13.80308344713372,-13.737501308499581
40,40,8.130771836767588e-05,8.281740845536421e-05,-13.807035409744904,-13.734564500086917
41,41,8.14245070136373e-05,8.264526657417024e-05,-13.800351894626687,-13.743601014946387
42,42,8.12820540399041e-05,8.270452695126694e-05,-13.806598384827542,-13.740488043914274
43,43,8.119094303596678e-05,8.212833161355535e-05,-13.814015200014602,-13.770850858356994
44,44,8.086036691518942e-05,8.294062335105417e-05,-13.829782734802185,-13.728107912908687
45,45,8.09181170158818e-05,8.24148863964518e-05,-13.827291215401305,-13.755724220104334
46,46,8.08599936660648e-05,8.257461396217542e-05,-13.830895710311077,-13.747315342942768
47,47,8.052897029892378e-05,8.22335668520904e-05,-13.846333378062802,-13.765289582894813
48,48,8.030825629998383e-05,8.211497946544306e-05,-13.859042234568708,-13.771556977129368
49,49,8.016021426565484e-05,8.177004507926635e-05,-13.867719371493115,-13.78983849152112
50,50,8.000735179689166e-05,8.1599157343398e-05,-13.877925591124596,-13.798924124147094
51,51,8.003301376185245e-05,8.210507114295309e-05,-13.875360314980036,-13.772081045873907
52,52,7.97445329563865e-05,8.146881277513642e-05,-13.88997256328119,-13.805866988371989
53,53,7.972328671009385e-05,8.138158361697079e-05,-13.892671496481746,-13.810519497240827
54,54,7.96112153599922e-05,8.099142532477057e-05,-13.896907401982245,-13.831390443783256
55,55,7.946073527978349e-05,8.10694059749183e-05,-13.90683728509795,-13.827210955328637
56,56,7.940034213123036e-05,8.068333485617156e-05,-13.90846833762515,-13.847942458736268
57,57,7.907773397164419e-05,8.058748483706854e-05,-13.926698138972027,-13.85310484823332
58,58,7.904710766580916e-05,8.050959571080871e-05,-13.926353535857483,-13.857304405451327
59,59,7.901788854517868e-05,8.030186826975918e-05,-13.927477328241746,-13.868524368174423
60,60,7.881536826577768e-05,8.02403626853208e-05,-13.941622452248081,-13.871852033060577
61,61,7.888491696932535e-05,8.026057146612162e-05,-13.937928539732107,-13.870758386835952
62,62,7.860175665160737e-05,8.058532732416337e-05,-13.952005131179687,-13.853221120442862
63,63,7.830739679737929e-05,7.96219855577587e-05,-13.967559862571221,-13.905450828106765
64,64,7.830871415826175e-05,7.946499796449451e-05,-13.970703459020958,-13.914022097245551
65,65,7.806276368786169e-05,7.966217526700348e-05,-13.982130596882023,-13.90325925184026
66,66,7.801574779993653e-05,7.930866444152535e-05,-13.98549086206388,-13.922574499107983
67,67,7.798914551121644e-05,7.937154288428199e-05,-13.98793907580771,-13.919132637944656
68,68,7.752952428136174e-05,7.94364271936693e-05,-14.011950354112223,-13.915583836321769
69,69,7.748522093794404e-05,7.917833902052065e-05,-14.01385922558877,-13.929716993156722
70,70,7.74334348346942e-05,7.894819320522641e-05,-14.017459894456895,-13.942358910586458
71,71,7.749692979148713e-05,7.87946130577965e-05,-14.015579760503574,-13.950815591840446
72,72,7.718899206272759e-05,7.900455009228991e-05,-14.030510038250188,-13.939259820871833
73,73,7.696646657537131e-05,7.844847890450375e-05,-14.04430643469902,-13.969935591797277
74,74,7.706954517940626e-05,7.836566012548773e-05,-14.037917340550782,-13.974522900351367
75,75,7.685292424416871e-05,7.8761265429325e-05,-14.052162159295527,-13.952654011502734
76,76,7.689985930895644e-05,7.859287947404052e-05,-14.047955825099994,-13.961948856474137
77,77,7.648568037242062e-05,7.817221577217999e-05,-14.070749874997457,-13.98525664226278
78,78,7.642814637517037e-05,7.76895333393967e-05,-14.073930071886238,-14.01215573564684
79,79,7.652181975385079e-05,7.779617896487348e-05,-14.069238546387535,-14.006198196109576
80,80,7.618058356756498e-05,7.807253898231705e-05,-14.089859672930029,-13.990797831245665
81,81,7.631789367692785e-05,7.790497827380405e-05,-14.078954526855032,-14.000128755389678
82,82,7.618090258455192e-05,7.738949888765714e-05,-14.086103441717093,-14.02896051801898
83,83,7.598127491085685e-05,7.729453270593168e-05,-14.100692559297643,-14.034293103864808
84,84,7.571044497848393e-05,7.69629933577227e-05,-14.115859697096393,-14.052961357510625
85,85,7.569487484174387e-05,7.742630757428215e-05,-14.115284548537325,-14.02689537878625
86,86,7.558886698968036e-05,7.713340853929127e-05,-14.121028622039285,-14.043355629894844
87,87,7.562424220803635e-05,7.704661517269223e-05,-14.120662581965783,-14.048245223663734
88,88,7.55326801322319e-05,7.689971435435214e-05,-14.129468441170472,-14.056533597196545
89,89,7.542861559843529e-05,7.675814413232729e-05,-14.13035240259564,-14.064536205618857
90,90,7.525108061993696e-05,7.681416134705375e-05,-14.142148752815109,-14.06136793016056
91,91,7.494901050093402e-05,7.658787217224017e-05,-14.1620434367021,-14.074180825656853
92,92,7.503658970253849e-05,7.622579294930849e-05,-14.15574333292339,-14.094761354587867
93,93,7.493549503461631e-05,7.605162107594017e-05,-14.161636838412608,-14.104696106497933
94,94,7.484964042249107e-05,7.644242386480695e-05,-14.164679556406256,-14.082436369555973
95,95,7.442014094456531e-05,7.595279059483131e-05,-14.190611247770102,-14.110343513460116
96,96,7.452987333682856e-05,7.563376742549927e-05,-14.181815142174285,-14.12862352567285
97,97,7.43571071109624e-05,7.55248662531621e-05,-14.193013153736624,-14.134881214731095
98,98,7.418160347481614e-05,7.543546043483442e-05,-14.2051303186733,-14.14002540843303
99,99,7.426717653738565e-05,7.56712883900802e-05,-14.200433175719848,-14.126469579379465
100,100,7.410917870523936e-05,7.572873513900528e-05,-14.209902120682942,-14.123173832565534
101,101,7.407971231456482e-05,7.542069138971304e-05,-14.210007220823845,-14.140875770150746
102,102,7.397590228926496e-05,7.50793620490616e-05,-14.21614220772357,-14.160575125723359
103,103,7.380751960283174e-05,7.500415851705169e-05,-14.227512246283457,-14.164927433236109
104,104,7.373122439885359e-05,7.497129071883759e-05,-14.230044986968302,-14.166830985277185
105,105,7.354562405884487e-05,7.459060648934131e-05,-14.240712552038922,-14.188939479532001
106,106,7.352672989711828e-05,7.484219187110859e-05,-14.244563926189123,-14.1743158831779
107,107,7.332987710113455e-05,7.528283918202903e-05,-14.253930509029665,-14.148820968194343
108,108,7.339971170481054e-05,7.46319300991385e-05,-14.251448680645192,-14.18653413023607
109,109,7.294950263872358e-05,7.423773441635268e-05,-14.276433755613416,-14.209533766931578
110,110,7.283803568066808e-05,7.439631850789546e-05,-14.285042743825757,-14.200266412559731
111,111,7.29820949533119e-05,7.438560676650683e-05,-14.274247483391175,-14.200891764083597
112,112,7.286947153055004e-05,7.415291130248653e-05,-14.284293807184092,-14.214498798807242
113,113,7.263353934119091e-05,7.413819816735525e-05,-14.296331898077137,-14.215360594695456
114,114,7.264777647749012e-05,7.380987287768604e-05,-14.295266321522632,-14.234636289828542
115,115,7.25826954744521e-05,7.392637436216893e-05,-14.298117133963475,-14.227786791038975
116,116,7.232758427337628e-05,7.358853058815982e-05,-14.313396604039,-14.247679552842026
117,117,7.237006078885878e-05,7.379145436540344e-05,-14.313646513512372,-14.235720163319401
118,118,7.205177469811518e-05,7.304545196300176e-05,-14.330569962181318,-14.279849057407914
119,119,7.192135045752554e-05,7.364908991516323e-05,-14.33524751609011,-14.24410701710849
120,120,7.190173650106425e-05,7.325270684975151e-05,-14.340526827429185,-14.267544088622564
121,121,7.198788623953209e-05,7.335463152757209e-05,-14.334628779023614,-14.261505464257805
122,122,7.168956545149168e-05,7.317870346780278e-05,-14.352063537333915,-14.271933756534525
123,123,7.157340295043937e-05,7.270720226714682e-05,-14.35891184407911,-14.300006527734832
124,124,7.152432046552218e-05,7.31376375800832e-05,-14.363409983427292,-14.274371582517823
125,125,7.15923664587929e-05,7.293936199091964e-05,-14.357922869575791,-14.286161261578139
126,126,7.15250943423748e-05,7.308754490958036e-05,-14.365555533223347,-14.277347126246172
127,127,7.12910444882564e-05,7.228437952060056e-05,-14.376067601863383,-14.325336288804378
128,128,7.115551365056967e-05,7.23803183829755e-05,-14.384769761848341,-14.319575971983253
129,129,7.143803435910646e-05,7.216782863619493e-05,-14.369518636195114,-14.332344477545584
130,130,7.122021776650428e-05,7.222966470228704e-05,-14.379378703000958,-14.328624875036269
131,131,7.091048595161879e-05,7.214814487317773e-05,-14.399274055732636,-14.333529176578764
132,132,7.081480572130963e-05,7.198877804177372e-05,-14.406328238049017,-14.343132845407155
133,133,7.097039322372402e-05,7.210326006507355e-05,-14.39580811574112,-14.336231850444353
134,134,7.07950817628706e-05,7.214790361774106e-05,-14.408983480213324,-14.333543698931383
135,135,7.068212357104862e-05,7.175477462863598e-05,-14.414078207326535,-14.357272816064466
136,136,7.061320813834792e-05,7.174902202677913e-05,-14.417535451565325,-14.357621005213822
137,137,7.046518193110199e-05,7.171129752685757e-05,-14.428497287371552,-14.35990505735829
138,138,7.030960387993153e-05,7.144913558333524e-05,-14.438120417251984,-14.375811074158253
139,139,7.011704059850578e-05,7.147575678046498e-05,-14.448328134855021,-14.374193239929715
140,140,7.002733884254452e-05,7.147514770622365e-05,-14.456349368148437,-14.374230248101581
141,141,7.01866110174115e-05,7.136694923821396e-05,-14.446284449076375,-14.380809541965107
142,142,6.987663530792619e-05,7.120199466283482e-05,-14.462258547352425,-14.390859261330206
143,143,6.972876032058284e-05,7.1351069460721e-05,-14.474212649114317,-14.38177599312949
144,144,6.993122955576575e-05,7.121925323429566e-05,-14.461633990977809,-14.389806707375183
145,145,6.959024431500776e-05,7.102474697412138e-05,-14.479670354475886,-14.401683911055525
146,146,6.945354321079819e-05,7.083797505689098e-05,-14.490700579851747,-14.413119481828842
147,147,6.955084012888525e-05,7.100638552066429e-05,-14.486061366989446,-14.402806802610424
148,148,6.937870361089717e-05,7.023180583737006e-05,-14.496901108319618,-14.450442509583876
149,149,6.923780094120488e-05,7.049097697936783e-05,-14.503851117012545,-14.434445565543097
150,150,6.920769846681313e-05,7.049121306504515e-05,-14.507174790856238,-14.434431020343183
151,151,6.90450298449279e-05,7.069149739292793e-05,-14.514593883006857,-14.422109053088253
152,152,6.900952039640541e-05,7.037559024818045e-05,-14.519393073056017,-14.441560359753456
153,153,6.875362027899756e-05,7.044725670742704e-05,-14.534028825507402,-14.437140004513068
154,154,6.892316993151926e-05,7.043199308866046e-05,-14.524748415978149,-14.438081080709843
155,155,6.8707712549421e-05,7.030124872567525e-05,-14.53784557854471,-14.446150470853658
156,156,6.8531667717046e-05,7.060894361194714e-05,-14.549560106821213,-14.42718372311257
157,157,6.864924171637052e-05,7.03290472876305e-05,-14.541105132652623,-14.444433520443754
158,158,6.845309986395656e-05,6.964436857072685e-05,-14.553410146041978,-14.486920811103792
159,159,6.824201071927727e-05,6.985108790870167e-05,-14.565303140029574,-14.474049118251664
160,160,6.84143527643155e-05,6.993499501779872e-05,-14.555399099845765,-14.468835380505109
161,161,6.815357055435841e-05,6.975044322500348e-05,-14.57228111776307,-14.480311146752474
162,162,6.818328113967226e-05,6.95969733657732e-05,-14.571848922658779,-14.489877329116146
163,163,6.794610772445107e-05,6.973048718799346e-05,-14.58828115357768,-14.48155386814637
164,164,6.80934097863897e-05,6.91510109678156e-05,-14.576950731738055,-14.517795525761787
165,165,6.800682101513921e-05,6.969544847379439e-05,-14.5826506633999,-14.483736693096086
166,166,6.76600807919479e-05,6.908839560836848e-05,-14.603833722020916,-14.521729788447583
167,167,6.756782599997266e-05,6.942930849618278e-05,-14.609441345009163,-14.500352465471467
168,168,6.768564205615512e-05,6.90717882351141e-05,-14.602605048743953,-14.522773865025565
169,169,6.746764844025427e-05,6.924979875054162e-05,-14.61676252793319,-14.511595707091537
170,170,6.758778627701439e-05,6.848785663973295e-05,-14.609716262633704,-14.559645113590523
171,171,6.740774473111797e-05,6.86687710281388e-05,-14.622086044445911,-14.548188114758691
172,172,6.732612101333551e-05,6.885456605232321e-05,-14.62710630135521,-14.53645340782478
173,173,6.733063589505487e-05,6.892882198659016e-05,-14.6257526304188,-14.53177229987963
174,174,6.716622640654809e-05,6.851779701384275e-05,-14.637860307263846,-14.557746952584425
175,175,6.720331548797159e-05,6.848730481578968e-05,-14.63199374144526,-14.559680105933806
176,176,6.701740651984325e-05,6.815420496614503e-05,-14.645980898669219,-14.580854303060137
177,177,6.70737884779696e-05,6.815940057429926e-05,-14.640519460877075,-14.580523239415587
178,178,6.677427285767314e-05,6.860143012569384e-05,-14.662362929821327,-14.552449168423433
179,179,6.662218066528872e-05,6.795297552966268e-05,-14.670019754927473,-14.593696079257173
180,180,6.67381394020229e-05,6.818932563060356e-05,-14.66152011836443,-14.57861690887712
181,181,6.660897615239668e-05,6.822111945917928e-05,-14.670054779306017,-14.576592447399854
182,182,6.656615826698529e-05,6.73523006155033e-05,-14.676264501089616,-14.632256514128272
183,183,6.620233642062191e-05,6.754546005762869e-05,-14.69804635916907,-14.619819222840913
184,184,6.632233136357528e-05,6.773767381673679e-05,-14.690881577346001,-14.6074780789438
185,185,6.635238219366995e-05,6.742623123787588e-05,-14.687706524272109,-14.627492006885337
186,186,6.630763325410578e-05,6.753183544405099e-05,-14.691468820083767,-14.620695327813692
187,187,6.62233236953304e-05,6.765371328679306e-05,-14.698363688054293,-14.61286447763673
188,188,6.622484133257195e-05,6.738372988030805e-05,-14.697943293617113,-14.630230395877302
189,189,6.598968894584537e-05,6.769273405600535e-05,-14.711539453018343,-14.610360310656251
190,190,6.592074062131567e-05,6.797595108908258e-05,-14.715180968948903,-14.592227935718054
191,191,6.582320205892494e-05,6.718016179787043e-05,-14.723223612494467,-14.643370408585689
192,192,6.57323424880796e-05,6.719130856493536e-05,-14.730760158181305,-14.642649871789391
193,193,6.542606465278444e-05,6.721267058501805e-05,-14.747992464060681,-14.641269346066714
194,194,6.571455648470161e-05,6.719689113915113e-05,-14.729643256327034,-14.642289054220072
195,195,6.546630714923988e-05,6.654401582445164e-05,-14.747455839556526,-14.684690800299034
196,196,6.534949014954672e-05,6.684324130458806e-05,-14.754632425183374,-14.66520585163864
197,197,6.53694778426968e-05,6.678590197177408e-05,-14.751555507256956,-14.668932906494327
198,198,6.526068802448902e-05,6.69695255055558e-05,-14.76176933479342,-14.657008644567668
199,199,6.51791866478083e-05,6.632042124309871e-05,-14.765548139473461,-14.69930810296917
200,200,6.517900459884819e-05,6.673676340908155e-05,-14.76639015170333,-14.672129458559638
201,201,6.507680308525018e-05,6.626095445857285e-05,-14.773277385007207,-14.703203989246003
202,202,6.479886199195255e-05,6.633273637577843e-05,-14.792764520530122,-14.698501730278448
203,203,6.491105752089781e-05,6.65676138611927e-05,-14.784630783999118,-14.683150965309116
204,204,6.488509619153661e-05,6.625177813571339e-05,-14.784733319873979,-14.70380547505199
205,205,6.464309499091373e-05,6.621930860044238e-05,-14.800600151926686,-14.705934443814606
206,206,6.466458614443948e-05,6.59203375873499e-05,-14.800248711214294,-14.725586635497866
207,207,6.459346650913598e-05,6.617452163482085e-05,-14.806083162810149,-14.708872757894351
208,208,6.444656121191693e-05,6.602137076889018e-05,-14.814694954786326,-14.718935491995959
209,209,6.445307829465295e-05,6.579785277656476e-05,-14.814963773728223,-14.733663650924008
210,210,6.462032716936125e-05,6.591956939940389e-05,-14.803148865928751,-14.725637245331207
211,211,6.415953664811204e-05,6.557496913285974e-05,-14.834092874215285,-14.748399914944713
212,212,6.420911352309763e-05,6.574032560916079e-05,-14.830830968534418,-14.7374623553401
213,213,6.418236875312508e-05,6.555747409277644e-05,-14.832729039994542,-14.749558743260122
214,214,6.408265441687316e-05,6.553420289971032e-05,-14.841256659749607,-14.751100649058255
215,215,6.404230615649776e-05,6.528675658046268e-05,-14.843055734078014,-14.76752992760865
216,216,6.396198089710994e-05,6.499032966339176e-05,-14.8459200546151,-14.787293463968126
217,217,6.379975517101576e-05,6.557444258329557e-05,-14.860647561899077,-14.748434787776725
218,218,6.373134200442007e-05,6.546695122348243e-05,-14.864524395340426,-14.755559699002632
219,219,6.403658841646603e-05,6.572434664887719e-05,-14.8430135979738,-14.738518087529242
220,220,6.372482244635827e-05,6.522984212527885e-05,-14.863904031146799,-14.771317589199393
221,221,6.372710495926775e-05,6.496736482643571e-05,-14.863706757544346,-14.788828348395057
222,222,6.364161958323897e-05,6.505160069393337e-05,-14.870428956622103,-14.783200988201163
223,223,6.347148987937468e-05,6.485225209249428e-05,-14.881422202059913,-14.796530241134619
224,224,6.332998791830759e-05,6.453921378124505e-05,-14.890559560100112,-14.817544158169403
225,225,6.319199878207561e-05,6.432194526209251e-05,-14.899168874256095,-14.832189161997507
226,226,6.326627802072554e-05,6.46343886680705e-05,-14.895668999806396,-14.811144408551836
227,227,6.312368909159876e-05,6.485586039305322e-05,-14.907521643253013,-14.796288611680275
228,228,6.306888369096865e-05,6.420070004471774e-05,-14.908176088100504,-14.840383226842333
229,229,6.311182478009531e-05,6.465249814362706e-05,-14.904874615526683,-14.809927758425939
230,230,6.319951679654775e-05,6.453387131363055e-05,-14.901578538422399,-14.817903676066466
231,231,6.308716295926697e-05,6.49058054382055e-05,-14.906978204204373,-14.792945427321435
232,232,6.290070113087476e-05,6.448915059751783e-05,-14.921418485334685,-14.820914295524082
233,233,6.29617866955592e-05,6.438879637770649e-05,-14.91310047537424,-14.827677794436251
234,234,6.277716095882141e-05,6.414976585227506e-05,-14.928694195787278,-14.843830107961873
235,235,6.27130362566455e-05,6.343950276220169e-05,-14.931509997068169,-14.89218315998109
236,236,6.268099661479638e-05,6.405027153577019e-05,-14.93550815511973,-14.850571110881125
237,237,6.269245692312756e-05,6.433438293721625e-05,-14.934580350895867,-14.831349465456128
238,238,6.253813637496146e-05,6.37703547238887e-05,-14.947219024253865,-14.869592535620413
239,239,6.242788952748896e-05,6.370684384723733e-05,-14.954286155062844,-14.87391996450367
240,240,6.221053319546327e-05,6.397602536660423e-05,-14.967388696326243,-14.855608311201093
241,241,6.223738084147569e-05,6.335229332571064e-05,-14.968238826884415,-14.898157455507972
242,242,6.213571463583143e-05,6.385534058943832e-05,-14.97402686252557,-14.863808606637654
243,243,6.252888199446013e-05,6.350472042533128e-05,-14.949632907245627,-14.887720779102228
244,244,6.19405233085194e-05,6.343861432948248e-05,-14.986341441330083,-14.892243980780824
245,245,6.18874180066452e-05,6.334524885843214e-05,-14.989217207133699,-14.89864039672647
246,246,6.189348052955502e-05,6.291890742048915e-05,-14.993106878920946,-14.927969137843093
247,247,6.207600118923626e-05,6.312358183142925e-05,-14.978647931221227,-14.913864521865401
248,248,6.168131623087095e-05,6.267062168549991e-05,-15.006797364753153,-14.945140834542343
249,249,6.182043940385746e-05,6.31473062400657e-05,-14.995170291598491,-14.9122325732768
250,250,6.144978078268228e-05,6.312837994253067e-05,-15.022051390184522,-14.913534421145123
251,251,6.169192127663806e-05,6.277951270979094e-05,-15.005520955282403,-14.937601459143014
252,252,6.133503638077095e-05,6.255839769820388e-05,-15.029746461600306,-14.952924696734462
253,253,6.122944625868636e-05,6.281502416976237e-05,-15.036974072805918,-14.935145551122794
254,254,6.15922586596931e-05,6.30213925385186e-05,-15.012653124060327,-14.9209009109012
255,255,6.141885732523809e-05,6.26082064148872e-05,-15.024757715274186,-14.949468239302968
256,256,6.142133422623167e-05,6.236157059902325e-05,-15.024192435959922,-14.966610418075359
257,257,6.10491995982941e-05,6.257758152634396e-05,-15.050118256440859,-14.951593116349681
258,258,6.109010653219848e-05,6.204123852321093e-05,-15.046959501537312,-14.988976273212486
259,259,6.124481855688818e-05,6.245839080963235e-05,-15.035316115369174,-14.959872955387032
260,260,6.0952700972773094e-05,6.242904725551948e-05,-15.059810040083077,-14.961913792169753
261,261,6.0904799668315186e-05,6.210103195993916e-05,-15.060206724819773,-14.984792692304529
262,262,6.0966559459236884e-05,6.203460667931817e-05,-15.05527164964057,-14.989440533311704
263,263,6.092896244846304e-05,6.200451676513215e-05,-15.060417408186842,-14.991547591727691
264,264,6.073945881972886e-05,6.23473824816756e-05,-15.071029946092123,-14.967598610333742
265,265,6.056925830654512e-05,6.226148195166483e-05,-15.084961143100342,-14.973586327540767
266,266,6.0578250565047655e-05,6.204515949847471e-05,-15.084599958409722,-14.988701809943594
267,267,6.0765220960374135e-05,6.182821399354572e-05,-15.07060061662828,-15.003913849357389
268,268,6.0434767705767614e-05,6.178039467685219e-05,-15.09514186893104,-15.007274079138762
269,269,6.0356641098252044e-05,6.119183193444961e-05,-15.098352994278613,-15.048846312172808
270,270,6.0186260936424116e-05,6.182246502966767e-05,-15.111680161937338,-15.004317687542574
271,271,6.0270686798006505e-05,6.13043057934479e-05,-15.107077522799822,-15.040871074593195
272,272,6.040070887316575e-05,6.150559401200888e-05,-15.09519481893783,-15.02663469120523
273,273,6.032780745335538e-05,6.140235353469554e-05,-15.102837961492753,-15.033930684840527
274,274,6.0079713875893503e-05,6.172791664108732e-05,-15.119393209585805,-15.010964668457348
275,275,5.9960563656617164e-05,6.163682031144977e-05,-15.128492404809892,-15.017378598637308
276,276,6.010810503755341e-05,6.146909838303385e-05,-15.117083821866654,-15.02921243308595
277,277,5.981633857465061e-05,6.1030477043363806e-05,-15.138277668073364,-15.060313217048598
278,278,5.9930496211835785e-05,6.103418280346025e-05,-15.132436507856639,-15.06004952218988
279,279,5.975978795682637e-05,6.065831889588337e-05,-15.14231890299853,-15.086877163630783
280,280,5.968795659034945e-05,6.122157834684721e-05,-15.146745538175463,-15.046735644234502
281,281,5.9479560525115754e-05,6.100930572995965e-05,-15.163708401806682,-15.061820034656652
282,282,5.967391065421476e-05,6.12228970184285e-05,-15.149299401969213,-15.046642101134331
283,283,5.972423252725215e-05,6.0276504595286064e-05,-15.144895071207534,-15.1143002647746
284,284,5.95626405220642e-05,6.052415598165489e-05,-15.157049275402834,-15.096493444729198
285,285,5.9422045392848397e-05,6.100770099836058e-05,-15.166289612488818,-15.06193426890926
