,epoch,train_loss,test_loss,train_dbs,test_dbs
0,0,6.556217565432853e-05,6.536208495258746e-05,-31.832555589823496,-31.837530609450006
1,1,6.429772898608809e-05,6.351702732469053e-05,-31.915573950326014,-31.961887936570115
2,2,6.159682117268136e-05,6.203425934807838e-05,-32.101732566460825,-32.064473566549076
3,3,6.138483817285868e-05,6.020012025194439e-05,-32.12478111962864,-32.194815992558276
4,4,5.947570689292577e-05,5.9040676492977105e-05,-32.256659180490544,-32.27927633007893
5,5,5.7566498540349056e-05,5.77780265302863e-05,-32.3966127857154,-32.373162540603204
6,6,5.8062713973994666e-05,5.63997451344652e-05,-32.37197410031341,-32.47801816584799
7,7,5.4896588931724274e-05,5.514615756845543e-05,-32.5961962569602,-32.57563700640074
8,8,5.4211512178881094e-05,5.376305412746182e-05,-32.663284009676865,-32.68595026242552
9,9,5.216741436053087e-05,5.335210191429054e-05,-32.82678675183312,-32.7192742402394
10,10,5.1679190441176356e-05,5.174474369452678e-05,-32.86757757918399,-32.85212717922133
11,11,5.0922711265811065e-05,5.0727833264605384e-05,-32.92830822683983,-32.938326453184864
12,12,5.058905197674716e-05,5.005466281497655e-05,-32.961245554915884,-32.99634417866841
13,13,4.913300792920672e-05,4.875952799920924e-05,-33.08387798571455,-33.1101946511378
14,14,4.932426075065825e-05,4.769610926527285e-05,-33.07414945166683,-33.20596004434602
15,15,4.629788247594783e-05,4.710099069358732e-05,-33.33717387817527,-33.26048916122726
16,16,4.6593346813040755e-05,4.651599010685459e-05,-33.315189288036976,-33.3147668855345
17,17,4.554716300863782e-05,4.5712753873024335e-05,-33.40999530908627,-33.390415727576055
18,18,4.523874517919054e-05,4.472214220042684e-05,-33.44942378364791,-33.48556359856035
19,19,4.355679202396375e-05,4.397943044559246e-05,-33.60774238315533,-33.55829357291232
20,20,4.4447569156001974e-05,4.318387781447535e-05,-33.53234034877367,-33.637573196229425
21,21,4.3062969705284355e-05,4.238484019113361e-05,-33.661762460850035,-33.71868408012058
22,22,4.221664190462781e-05,4.2070948295172695e-05,-33.750629864637375,-33.75096656743554
23,23,4.18209667034332e-05,4.143466522739465e-05,-33.78739004546156,-33.81715123734887
24,24,4.0228553451615695e-05,4.0827178485127855e-05,-33.94703456318568,-33.88129590618131
25,25,4.044527024947006e-05,4.0142189774135327e-05,-33.93573835670119,-33.95477898280681
26,26,3.985667845159865e-05,3.9589991119053016e-05,-33.99444877225311,-34.014935537036884
27,27,3.840554445653736e-05,3.914264245969733e-05,-34.150257101344465,-34.064288171682875
28,28,3.838370748874779e-05,3.8523037992969255e-05,-34.16149184694986,-34.13358429021524
29,29,3.7857430536100715e-05,3.7984773562608386e-05,-34.21597735197074,-34.194694162311556
30,30,3.696147069069749e-05,3.747949085664004e-05,-34.31845870969414,-34.25285275488494
31,31,3.6090356009002993e-05,3.695747689466531e-05,-34.424415887939006,-34.31376643973881
32,32,3.6850138262847976e-05,3.6713652566265265e-05,-34.32910245882118,-34.342513643097526
33,33,3.559655906241291e-05,3.608705456396197e-05,-34.48556891580731,-34.417275217713275
34,34,3.61957999743514e-05,3.5638122522198645e-05,-34.422391180822906,-34.47164141449012
35,35,3.479118434548469e-05,3.526104688047015e-05,-34.58356587618578,-34.517837559222414
36,36,3.4575313827762205e-05,3.483524912888626e-05,-34.61317746846626,-34.57060037237591
37,37,3.368694612533742e-05,3.4247239933680054e-05,-34.72374467701406,-34.64453381617566
38,38,3.422931005149725e-05,3.3987063656432405e-05,-34.653452864763764,-34.67765313100322
39,39,3.377032100484639e-05,3.362851585782329e-05,-34.72241914902208,-34.72371257206692
40,40,3.340494017204937e-05,3.324947714358323e-05,-34.771665323918576,-34.772941377311255
41,41,3.289477175825333e-05,3.281346155410191e-05,-34.83454136121598,-34.83026910684853
42,42,3.168920345169963e-05,3.2467970748640305e-05,-34.99034055521097,-34.87623812007208
43,43,3.059656217036596e-05,3.214173863709316e-05,-35.14559705031938,-34.92009592760241
44,44,3.0082049766092168e-05,3.16992579763265e-05,-35.21219712342517,-34.98029861764115
45,45,3.116020015272859e-05,3.138394075856348e-05,-35.06982981549753,-35.023714827010174
46,46,2.9891715740566576e-05,3.1003415547035585e-05,-35.24271216746897,-35.076694167310166
47,47,3.025640145687689e-05,3.085473030009062e-05,-35.18757030668049,-35.09757203416586
48,48,3.0538021596886705e-05,3.0498341929112366e-05,-35.15087342801961,-35.14802728870827
49,49,3.0008996019983597e-05,3.0166689420615223e-05,-35.23614138079111,-35.195513059709604
50,50,2.9672228809375286e-05,2.9839927791679082e-05,-35.28160512827983,-35.24281190161745
51,51,2.9085122938321893e-05,2.958741664004169e-05,-35.36419010708598,-35.27971910681499
52,52,2.9916878121025312e-05,2.9239783160798987e-05,-35.23755747025851,-35.331048104187424
53,53,2.959116657799201e-05,2.917208564069465e-05,-35.293199347165334,-35.34111478179484
54,54,2.8153421432583966e-05,2.8886357827822824e-05,-35.50268729163746,-35.383861712948345
55,55,2.8197529525304042e-05,2.85495278053292e-05,-35.4918756478441,-35.43480028402246
56,56,2.785226969695266e-05,2.818964458128903e-05,-35.55127979944292,-35.48989357768927
57,57,2.752366196649202e-05,2.8043577338777188e-05,-35.60463452462674,-35.51245545051649
58,58,2.669673410037859e-05,2.7759249764800953e-05,-35.74964594168485,-35.556712335494595
59,59,2.7064468049127417e-05,2.7560521151539624e-05,-35.676299109255226,-35.58791532494069
60,60,2.7262191015887363e-05,2.721529285496983e-05,-35.638455059703304,-35.64265946052864
61,61,2.7072672985257705e-05,2.713671796970486e-05,-35.67191428680879,-35.655216369589404
62,62,2.6333815897946945e-05,2.6884757397439036e-05,-35.798639638749925,-35.6957283618755
63,63,2.6734151331240974e-05,2.6545683986593137e-05,-35.736295837703054,-35.75085038008907
64,64,2.598920567384225e-05,2.657111221388301e-05,-35.8526159435612,-35.746692245400936
65,65,2.5571173480165806e-05,2.626332676108608e-05,-35.9222146253784,-35.79729220953728
66,66,2.5250820304865986e-05,2.602398815629146e-05,-35.97042310709834,-35.8370510541042
67,67,2.5691268880090666e-05,2.581343515454424e-05,-35.90712368669254,-35.87233155373059
68,68,2.519858438616436e-05,2.5547702534822747e-05,-35.98320612051313,-35.91727107234608
69,69,2.4576604306444613e-05,2.5538920645454998e-05,-36.0949789154344,-35.918764193595145
70,70,2.456872536321939e-05,2.5211831885635067e-05,-36.09932185160167,-35.97474555478231
71,71,2.4998832646140482e-05,2.5094147004940743e-05,-36.024572245035216,-35.995065202129574
72,72,2.462014689973733e-05,2.505792709646477e-05,-36.078944166958635,-36.00133816666905
73,73,2.3670909623555436e-05,2.467691736360154e-05,-36.25979285941516,-36.067880512783454
74,74,2.427252844220853e-05,2.4623258229296068e-05,-36.14513142863634,-36.077334383831435
75,75,2.413566424778408e-05,2.447573914603134e-05,-36.17369453871553,-36.10343142044861
76,76,2.3524214260216523e-05,2.4426531940422902e-05,-36.285392199251554,-36.112171474684715
77,77,2.4430823594736194e-05,2.4162174955371913e-05,-36.12407319208524,-36.15942933357633
78,78,2.346763431353221e-05,2.403455686075368e-05,-36.28299836939192,-36.18242838837696
79,79,2.3616475578050667e-05,2.3734108636792945e-05,-36.261484154922,-36.23706032128473
80,80,2.3038631475971023e-05,2.3699781817604642e-05,-36.378341141184364,-36.24334610160527
81,81,2.345360727988534e-05,2.351383639171744e-05,-36.305354401875476,-36.277554659640884
82,82,2.2594884379116395e-05,2.3415411449509282e-05,-36.46169179171499,-36.29577164539016
83,83,2.226648018794427e-05,2.314617938138422e-05,-36.52241956087209,-36.34599643479613
84,84,2.2545465493674353e-05,2.318582789341331e-05,-36.47299677620537,-36.33856350227024
85,85,2.2445114961190428e-05,2.2902918748226703e-05,-36.483470342123226,-36.3918812567305
86,86,2.2940393202738914e-05,2.291800630796627e-05,-36.39732993290575,-36.389021234079685
87,87,2.1839647029692152e-05,2.2721155178978254e-05,-36.606693169820396,-36.42648550224316
88,88,2.2926999139899543e-05,2.2637785629118107e-05,-36.398247019656026,-36.44245015026616
89,89,2.198897891503293e-05,2.2516401977076096e-05,-36.57661630121925,-36.46579964675982
90,90,2.2231600062874238e-05,2.2379341029782634e-05,-36.54021221536902,-36.49231663658231
91,91,2.108099719051322e-05,2.2283498956791225e-05,-36.75717847379029,-36.51095573223226
92,92,2.1956284230721385e-05,2.2175894340953644e-05,-36.58214017207572,-36.531978143321886
93,93,2.0962266070145954e-05,2.207026007358524e-05,-36.79485586016498,-36.55271507162093
94,94,2.1959598448167115e-05,2.1966332018277363e-05,-36.58756313844868,-36.573214144137424
95,95,2.1618524742640974e-05,2.1858567427108555e-05,-36.652965787498324,-36.59457262400239
96,96,2.1734977503770424e-05,2.17884936366892e-05,-36.62905222036258,-36.60851752013531
97,97,2.1437742455503014e-05,2.164389699924198e-05,-36.68233617006855,-36.637434995245016
98,98,2.130114737774795e-05,2.151065851457564e-05,-36.71601350520112,-36.66425252208302
99,99,2.1157851630594395e-05,2.148765212807216e-05,-36.73713174439789,-36.66889993613773
100,100,2.020806767308686e-05,2.1269488283187936e-05,-36.949485606374964,-36.71321916577609
101,101,2.089731591245395e-05,2.128841247452472e-05,-36.79701239477477,-36.70935681717928
102,102,2.0594553039775267e-05,2.1206334694349943e-05,-36.85831530446865,-36.72613346545645
103,103,2.066257173882872e-05,2.1096446480920638e-05,-36.84799020015805,-36.74869649830549
104,104,2.071092946898341e-05,2.112653093813845e-05,-36.841670194810774,-36.742507680381976
105,105,2.0526442294232258e-05,2.0879603796761092e-05,-36.88771330371621,-36.793567046283705
106,106,1.987828713514393e-05,2.0877329964270374e-05,-37.01364770961305,-36.79404002780583
107,107,2.080202530217405e-05,2.069888719951881e-05,-36.81623831925091,-36.831319602143715
108,108,1.993892362509907e-05,2.0735173548976155e-05,-37.00264098131735,-36.82371283366296
109,109,2.033242528397619e-05,2.066658204344812e-05,-36.920544340978644,-36.83810301552093
110,110,2.0896194796149918e-05,2.0574683635219882e-05,-36.808606184104285,-36.85745791988202
111,111,2.0003165886497374e-05,2.0525156622553415e-05,-36.98522185632616,-36.86792478232368
112,112,2.056786149868336e-05,2.0578657504780783e-05,-36.862216654488634,-36.85661918864919
113,113,1.988461572744706e-05,2.0403001719004304e-05,-37.01570617464985,-36.89384891877399
114,114,1.986909493782675e-05,2.0364564653917976e-05,-37.027319347313195,-36.90203827698154
115,115,2.0021815862960886e-05,2.0333229258540086e-05,-36.99093963538038,-36.90872600655203
116,116,1.9435888650159822e-05,2.0202059060561862e-05,-37.105912612758864,-36.93683321603534
117,117,1.9654164218794455e-05,2.0225848713476136e-05,-37.06664844995167,-36.93172203578959
118,118,1.9061306947029134e-05,2.009334376022085e-05,-37.19699077394598,-36.96026743745493
119,119,1.9358897935893128e-05,2.0095397638598162e-05,-37.13045143306232,-36.95982353798682
120,120,2.010785504625318e-05,1.99830339720632e-05,-36.95422621540115,-36.98417531336201
121,121,1.9620445124656754e-05,1.9934001197964934e-05,-37.07786639807181,-36.994844780091185
122,122,1.8711412558707135e-05,2.0005049583759454e-05,-37.26714739313307,-36.979393258914165
123,123,1.8931890773489715e-05,1.9902327757766837e-05,-37.23166900853754,-37.00175083974082
124,124,1.9230194168615987e-05,1.9855448762858653e-05,-37.15599184939517,-37.011992508175425
125,125,1.921200980655861e-05,1.9736530415876157e-05,-37.1734115165888,-37.03808149805276
126,126,1.972590338876207e-05,1.9799868488534183e-05,-37.04751304192151,-37.02416652362702
127,127,1.9659575468487918e-05,1.9719815722246974e-05,-37.06559944707648,-37.04176105804987
128,128,1.8996789811953743e-05,1.9742221219961432e-05,-37.20705113816433,-37.03682943980546
129,129,1.9489366797980558e-05,1.96606229828352e-05,-37.10601149505824,-37.05481682903703
130,130,1.9483408670060543e-05,1.9743491305378387e-05,-37.10087453582895,-37.03655005212164
131,131,1.8715300582923575e-05,1.9645297374824478e-05,-37.271978243776005,-37.058203508329925
132,132,1.8547414621241034e-05,1.9685032528190948e-05,-37.317861628408764,-37.04942821264414
133,133,1.9516806993855537e-05,1.9682895933663913e-05,-37.10137419744133,-37.04989961728762
134,134,1.8574100480335117e-05,1.9567927234962362e-05,-37.30600993753918,-37.075341333002
135,135,1.9413949012607528e-05,1.960467742671761e-05,-37.1269133447103,-37.06719257173962
136,136,1.8672273513730782e-05,1.9643472832716436e-05,-37.290628338741044,-37.05860687477072
137,137,1.9354519581517623e-05,1.9618125215378025e-05,-37.131422663779375,-37.06421455882649
138,138,1.9087344373905788e-05,1.9509704256243392e-05,-37.18457487077268,-37.08828271973575
139,139,1.925416503600553e-05,1.9526769248937182e-05,-37.158981809634895,-37.08448563871522
140,140,1.911945334362939e-05,1.9639331281053418e-05,-37.18696883538944,-37.059522620518
141,141,1.9257785143710543e-05,1.9583215362217743e-05,-37.152444892689324,-37.071949580321146
142,142,1.8953801166568044e-05,1.948871129953707e-05,-37.222650075317446,-37.09295835899293
143,143,1.9355050698294755e-05,1.947480167904072e-05,-37.12311065043613,-37.09605914289138
144,144,1.823708016766516e-05,1.952550509916986e-05,-37.388995467994924,-37.084766807112
145,145,1.9245876726402166e-05,1.9573573473807254e-05,-37.161352439694745,-37.07408837624436
146,146,1.9097011430595867e-05,1.9520605459738843e-05,-37.19527713923509,-37.08585674224199
147,147,1.863572073414185e-05,1.9503269294019494e-05,-37.30063719049355,-37.0897154065351
148,148,1.9423479973260535e-05,1.9469960486611327e-05,-37.1134449799374,-37.09713887893383
149,149,1.871216431702367e-05,1.9520300683277464e-05,-37.27994449503588,-37.08592454944652
150,150,1.8338631786353234e-05,1.9485276377389183e-05,-37.355587200383106,-37.09372387867791
151,151,1.901564682504107e-05,1.948074460463096e-05,-37.21278891530227,-37.094734053112674
152,152,1.9231642356091996e-05,1.9581582914964346e-05,-37.159547056268025,-37.07231162116688
153,153,1.8725471912232735e-05,1.95679441802847e-05,-37.27124274098931,-37.07533757212497
154,154,2.005820104236638e-05,1.952580441866303e-05,-36.97407248239807,-37.08470023172397
155,155,1.8872844567837447e-05,1.9504056629222377e-05,-37.24047072425315,-37.089540088014296
156,156,1.866982338188538e-05,1.9467024446241437e-05,-37.29138533064671,-37.097793837778696
157,157,1.9419809665198475e-05,1.9518283902710353e-05,-37.11943867863538,-37.08637327302683
158,158,1.8649618563283664e-05,1.9544214601888886e-05,-37.29782547526657,-37.0806073534618
159,159,1.832089716473777e-05,1.9495426481865396e-05,-37.36722834483586,-37.09146217781515
160,160,1.8668343090184018e-05,1.949783764805608e-05,-37.29255037529778,-37.090925081885246
161,161,1.851839115448625e-05,1.948136057188477e-05,-37.32507727142941,-37.09459673446514
162,162,1.9027242507439313e-05,1.945950105820023e-05,-37.20583367730234,-37.09947257273377
163,163,1.874203900518568e-05,1.9486374137494223e-05,-37.27346685582906,-37.09347921305565
164,164,1.9616171793478718e-05,1.944774971649933e-05,-37.0793929425684,-37.102096013305506
165,165,1.912509427355187e-05,1.9403520414734405e-05,-37.19002376402934,-37.11198426145196
166,166,1.854756065608619e-05,1.9455712629822204e-05,-37.31149399179648,-37.10031815130777
167,167,1.901867014482574e-05,1.9375265573647705e-05,-37.20427191489972,-37.11831294009917
168,168,1.9352175401116856e-05,1.9538733795343433e-05,-37.12582579071215,-37.08182542126492
169,169,1.9193412918332225e-05,1.9414719836755755e-05,-37.16832271665365,-37.10947830173414
170,170,1.8446767555979397e-05,1.9383522971781387e-05,-37.340708457477504,-37.11646244753572
171,171,1.896860310845329e-05,1.94427326565155e-05,-37.21070436136577,-37.103216535009274
172,172,1.9642746169150077e-05,1.9383522014418542e-05,-37.07294555302395,-37.11646266203615
173,173,1.8896963973526636e-05,1.9395601875179348e-05,-37.2315312563419,-37.113756970667154
174,174,1.8545038608525708e-05,1.943230836332077e-05,-37.313812182141874,-37.10554564541119
175,175,1.9157125917473357e-05,1.9354933915325856e-05,-37.17980842589601,-37.122872652129956
176,176,1.8730065638704116e-05,1.9441011030913185e-05,-37.278236004989914,-37.10360111346215
177,177,1.9118287690213675e-05,1.942459632693116e-05,-37.18802579682995,-37.10726955776032
178,178,1.9456541362085343e-05,1.930799350559123e-05,-37.114261398460506,-37.13341813965632
179,179,1.9108979565138836e-05,1.9398003994291158e-05,-37.1921466166367,-37.113219136117834
180,180,1.886185415885135e-05,1.9321720892070227e-05,-37.237482552085204,-37.130331537260886
181,181,1.8340021550514947e-05,1.941729284513521e-05,-37.368125049312674,-37.108902774860546
182,182,1.8480371359943355e-05,1.9367588863947038e-05,-37.3275253151151,-37.12003400725037
183,183,1.943288580807029e-05,1.933223130005277e-05,-37.11168816327395,-37.1279697542902
184,184,1.9128823680017076e-05,1.9277548457658238e-05,-37.18380555930574,-37.14027154556418
185,185,1.9104756171783293e-05,1.9277700199669007e-05,-37.18371274547691,-37.14023736048161
186,186,1.8776820707927007e-05,1.9293847224999856e-05,-37.259891039188446,-37.13660122717704
187,187,1.8655882843997516e-05,1.9297082584862917e-05,-37.28864358876484,-37.13587302552669
188,188,1.9157365095827454e-05,1.92456994849827e-05,-37.175960396277475,-37.14745257882455
189,189,1.9345282734573948e-05,1.9324937631225974e-05,-37.1302124901213,-37.1296085707113
190,190,1.9203883105725142e-05,1.9212026688221255e-05,-37.173469592928384,-37.15505776769868
191,191,1.886480842267233e-05,1.9186968050857295e-05,-37.244887542798736,-37.16072605643906
192,192,1.8774363534529838e-05,1.9266653572757558e-05,-37.26619742680523,-37.14272669485777
193,193,1.8666163725225188e-05,1.918511378263295e-05,-37.29145209511055,-37.16114578787918
194,194,1.899705651893098e-05,1.929259556881765e-05,-37.214952881160585,-37.13688297762305
195,195,1.9039291249466315e-05,1.923837115962095e-05,-37.20918188018527,-37.149106588523296
196,196,1.8872375202937694e-05,1.9200678252673242e-05,-37.24533974847957,-37.15762387861834
197,197,1.834127999114271e-05,1.924827732804452e-05,-37.36418732599015,-37.146870907035186
198,198,1.7970126014147026e-05,1.9194049472341584e-05,-37.454709427825854,-37.15912348177688
199,199,1.8172719371916136e-05,1.9113131393647852e-05,-37.39923321312972,-37.17747112654584
200,200,1.8658321865005585e-05,1.9177237797856306e-05,-37.28479667086865,-37.16292904497119
201,201,1.8259904959215663e-05,1.9184709201095086e-05,-37.38755689240123,-37.1612373741914
202,202,1.8959622907787728e-05,1.910432949539666e-05,-37.22531406693501,-37.17947158174062
203,203,1.902885934523698e-05,1.899842687922309e-05,-37.213957798302026,-37.20361316341729
204,204,1.7973378460962905e-05,1.9055973050279518e-05,-37.452715367187366,-37.19047828091165
205,205,1.8509260755927618e-05,1.905790108331099e-05,-37.32253650176709,-37.19003889545098
206,206,1.912837829014776e-05,1.901155313757236e-05,-37.17827201962378,-37.20061360288439
207,207,1.856682864826391e-05,1.9062976542428307e-05,-37.314084395112076,-37.188882445737285
208,208,1.8268957319378387e-05,1.8934785705488666e-05,-37.3830023116083,-37.21818563678488
209,209,1.8707024631196675e-05,1.901406200264127e-05,-37.28104753900693,-37.20004052273679
210,210,1.8041636666538644e-05,1.886433720325218e-05,-37.43565701714547,-37.23437407125147
211,211,1.846361633913157e-05,1.887621750172816e-05,-37.339633118031855,-37.23163985163958
212,212,1.8524354711245776e-05,1.8883682921449163e-05,-37.33042347544425,-37.229922585123596
213,213,1.8888576707149225e-05,1.8851098933450167e-05,-37.2402566011639,-37.2374228535804
214,214,1.836339658636002e-05,1.885599799846348e-05,-37.360277524419196,-37.23629434617099
215,215,1.8789234729279697e-05,1.8721875867892156e-05,-37.26049785202892,-37.26729596630548
216,216,1.8658364508117995e-05,1.8739815220071348e-05,-37.291697234334464,-37.26313653728367
217,217,1.8045661996326352e-05,1.8808786080626305e-05,-37.43607560490826,-37.24718190952051
218,218,1.83446495096168e-05,1.865111081363131e-05,-37.359963030217514,-37.283742556227566
219,219,1.8334500401982313e-05,1.8736676075174107e-05,-37.36496372296194,-37.26386409381996
220,220,1.809914063171126e-05,1.8669410612921255e-05,-37.421758598996334,-37.27948350400389
221,221,1.805776911478648e-05,1.857372698348052e-05,-37.43270922955442,-37.30179900499855
222,222,1.8446948423534006e-05,1.849513476994808e-05,-37.338321394226924,-37.32021457763065
223,223,1.8084158178568295e-05,1.8558946593609443e-05,-37.43263488386542,-37.305256360196566
224,224,1.831667529970837e-05,1.8547378634761308e-05,-37.36201985523102,-37.307964200882196
225,225,1.7980327722454474e-05,1.8423014233504593e-05,-37.45317720253819,-37.33718270398509
226,226,1.8059445004106126e-05,1.846768928340967e-05,-37.436563930814934,-37.326663990440714
227,227,1.8104573934307182e-05,1.8411523485969827e-05,-37.41997236229303,-37.33989231768905
228,228,1.778510026851268e-05,1.8449028271118694e-05,-37.509531063534524,-37.33105461663494
229,229,1.8078176910102668e-05,1.8317551190480835e-05,-37.432621003315624,-37.36211544135568
230,230,1.7815856107020962e-05,1.8281045509195936e-05,-37.49316617536789,-37.37077928239209
231,231,1.745468969452351e-05,1.8201329351684665e-05,-37.57941110165645,-37.389758497728735
232,232,1.7201119411878345e-05,1.8312251373381034e-05,-37.639234516497844,-37.3633721673965
233,233,1.793034257811012e-05,1.820943395470845e-05,-37.467989166436126,-37.38782512193007
234,234,1.8236953147822635e-05,1.8212712491635773e-05,-37.39446001525873,-37.38704326218867
235,235,1.7842153414976472e-05,1.8194454050420684e-05,-37.49255638559828,-37.391399295182055
236,236,1.8086194640344138e-05,1.8065751311568373e-05,-37.42361623842593,-37.42222930480925
237,237,1.779914106647112e-05,1.804687905716587e-05,-37.500950921828625,-37.42676850154487
238,238,1.7945522757276494e-05,1.788343792883863e-05,-37.46900685616359,-37.46627946370187
239,239,1.7308680559001434e-05,1.790732260001517e-05,-37.61346956051055,-37.46048300546482
240,240,1.743223871467167e-05,1.7895841713317695e-05,-37.577805128752686,-37.46326828213329
241,241,1.761595107494678e-05,1.786415716771061e-05,-37.542107741049605,-37.47096427058421
242,242,1.772743220049192e-05,1.774840194756459e-05,-37.51571186693226,-37.49919702422721
243,243,1.767906321885638e-05,1.77243706562685e-05,-37.532756043231565,-37.50508134509273
244,244,1.7277794090800525e-05,1.7618769609390783e-05,-37.62495744304115,-37.53103381455332
245,245,1.720370473964236e-05,1.7544429666534262e-05,-37.64063434419373,-37.54939703276634
246,246,1.6738617127838054e-05,1.748160531477831e-05,-37.76085898953725,-37.56497647164417
247,247,1.7330041392250276e-05,1.733401710991625e-05,-37.61779740468563,-37.60179737125839
248,248,1.7329973142642704e-05,1.725305226404759e-05,-37.62137787899221,-37.62213020121691
249,249,1.704021212493355e-05,1.7232158538000047e-05,-37.68620393015679,-37.627392764981565
250,250,1.7043556646367695e-05,1.7081123587558977e-05,-37.68075163655047,-37.66562523072505
251,251,1.7109278336853824e-05,1.704126517372635e-05,-37.67046845005102,-37.6757712361405
252,252,1.668972440852157e-05,1.692083519868136e-05,-37.77362185811195,-37.70657162378714
253,253,1.6787816862561906e-05,1.6798873921767442e-05,-37.748418361072126,-37.73798787376442
254,254,1.6501126477114386e-05,1.6682536768616717e-05,-37.82304886481468,-37.76816867316788
255,255,1.6739590624713376e-05,1.6648087024039244e-05,-37.765216525626094,-37.77714620649799
256,256,1.6155589046601816e-05,1.6545669735167296e-05,-37.92432143937167,-37.803946068218096
257,257,1.6537347047355088e-05,1.6396786218377346e-05,-37.822314549432065,-37.84320223668731
258,258,1.5945515263682837e-05,1.6323364434356336e-05,-37.9719510267047,-37.86269281269921
259,259,1.627119690590579e-05,1.623185356660734e-05,-37.888958904473434,-37.887108419175036
260,260,1.5884584660018366e-05,1.619259412683804e-05,-37.98778654121033,-37.89762527765642
261,261,1.5849927370526502e-05,1.6134660367434233e-05,-38.00473823306802,-37.91319130041577
262,262,1.5815400616964925e-05,1.604484982396427e-05,-38.005552720707946,-37.937433014777156
263,263,1.5645907278104862e-05,1.5961823680156255e-05,-38.05668446050782,-37.95996448902267
264,264,1.5709357416499095e-05,1.595239289025286e-05,-38.03575958788803,-37.96253120729082
265,265,1.553167002731646e-05,1.5916180592811496e-05,-38.09366324775223,-37.97240099812592
266,266,1.548311104567436e-05,1.5724010058635796e-05,-38.10660501653571,-38.025156450676974
267,267,1.551915446134913e-05,1.5737246700920975e-05,-38.09476127457519,-38.02150205054509
268,268,1.548796816931236e-05,1.5699286833344223e-05,-38.09874803901661,-38.03199033737665
269,269,1.5189352545592593e-05,1.5663150837721524e-05,-38.18625818983708,-38.04199827783491
270,270,1.556254388448259e-05,1.554685571279965e-05,-38.08405231320285,-38.07436390050816
271,271,1.5352765687341688e-05,1.5521581429455085e-05,-38.14278854722926,-38.081429903964796
272,272,1.517728615749313e-05,1.5403633226110525e-05,-38.18158484280364,-38.11455788888763
273,273,1.541038266426317e-05,1.5383145326172542e-05,-38.130372572987056,-38.12033815146835
274,274,1.511170676073477e-05,1.5312313256512616e-05,-38.21239791072089,-38.140381527926735
275,275,1.5073558042973841e-05,1.5203600828260134e-05,-38.219411365394606,-38.17132499388802
276,276,1.502605807883773e-05,1.513104091013941e-05,-38.22698314725648,-38.19210152549786
277,277,1.5212221939888418e-05,1.503487548784745e-05,-38.180358548114974,-38.2197912221598
278,278,1.5138090245657331e-05,1.4949068444318408e-05,-38.19741237062558,-38.24464827720843
279,279,1.4713998398198697e-05,1.4934482399104654e-05,-38.32198360024199,-38.24888782657481
280,280,1.4696116654094927e-05,1.4806736448678604e-05,-38.32829489237149,-38.286196117688164
281,281,1.5057167251349533e-05,1.4776826662311673e-05,-38.23422236221289,-38.29497779118113
282,282,1.4437271386565588e-05,1.4693479131796936e-05,-38.40149206422343,-38.319543175297675
283,283,1.4435019027624763e-05,1.4493043444848522e-05,-38.41005105729384,-38.379193639693476
284,284,1.4554460238324497e-05,1.4505261500935854e-05,-38.37328371610941,-38.37553395361028
285,285,1.4442783111983013e-05,1.4363563614575756e-05,-38.401680843168464,-38.41816755861194
286,286,1.4146878270038701e-05,1.4326155618810413e-05,-38.49161430789627,-38.42949293632964
287,287,1.3980836782363825e-05,1.4228169388125503e-05,-38.54883740018952,-38.45929931159326
288,288,1.3929872009087085e-05,1.4105665047138341e-05,-38.56005686009817,-38.49685391151368
289,289,1.395716810162112e-05,1.3964906046519326e-05,-38.5578955344063,-38.54040939845207
290,290,1.4060609012715562e-05,1.3885817727561134e-05,-38.51139813445049,-38.5650749785011
291,291,1.3546787665019138e-05,1.3768588551580538e-05,-38.67778835205676,-38.60189535981384
292,292,1.3643041139524958e-05,1.368864248338229e-05,-38.65367838551768,-38.627185771903015
293,293,1.3396696510998359e-05,1.3562724569438663e-05,-38.732376339192236,-38.66732015802475
294,294,1.3162239597055379e-05,1.3367776725652603e-05,-38.809168392175096,-38.73019774860671
295,295,1.3254341322009946e-05,1.3290541573951486e-05,-38.77572361872473,-38.7553627974054
296,296,1.3201461996752337e-05,1.3129903221086256e-05,-38.79603546943536,-38.80817433063978
297,297,1.2968290564496089e-05,1.301430673169977e-05,-38.87237100647164,-38.84657919711821
298,298,1.2855035071045199e-05,1.28884479827799e-05,-38.91030368563408,-38.88878334946817
299,299,1.271803103009006e-05,1.271671838989469e-05,-38.952481719569704,-38.94703904035136
300,300,1.2550069533466103e-05,1.2560914527918948e-05,-39.01346915201196,-39.00057697615768
301,301,1.2491814035006568e-05,1.2386177619000113e-05,-39.033865440010224,-39.06141654490037
302,302,1.2332562131557575e-05,1.2203987448868391e-05,-39.08980629663871,-39.12577205711098
303,303,1.1979267995782945e-05,1.1994244711164165e-05,-39.219466854543356,-39.20106052799512
304,304,1.1805569247184225e-05,1.18574101801833e-05,-39.2779434176473,-39.250891144755826
305,305,1.1808401629338929e-05,1.1702387430551952e-05,-39.271400179528854,-39.30804485847947
306,306,1.1395997904569928e-05,1.1467216992107416e-05,-39.42751905167148,-39.396209273706994
307,307,1.1260137051573748e-05,1.1276366517689129e-05,-39.479668077095475,-39.469097746560934
308,308,1.130480016109152e-05,1.1076512332932142e-05,-39.46521958221187,-39.54675922641276
309,309,1.1041258075397544e-05,1.0931093225065668e-05,-39.572402372889954,-39.604153598651784
310,310,1.094943059591238e-05,1.0837277841346804e-05,-39.60873856528575,-39.64158750272896
311,311,1.0838379773875991e-05,1.0765631582456225e-05,-39.65551224797829,-39.67039444568099
312,312,1.085505158061068e-05,1.0702017741430992e-05,-39.64140276087192,-39.696132914366004
313,313,1.0660311437680593e-05,1.055726730364289e-05,-39.72025267812036,-39.75527440265149
314,314,1.0555892772900574e-05,1.0479902046331277e-05,-39.76859312537453,-39.787217346356165
315,315,1.039330282699516e-05,1.0387460382557229e-05,-39.82728654717776,-39.8256957762363
316,316,1.0438107911448748e-05,1.0280556508453293e-05,-39.8137425278465,-39.87062333451363
317,317,1.0364488000200207e-05,1.0176743288818551e-05,-39.85161264013291,-39.91470138577234
318,318,1.0102246566939638e-05,1.011458803795425e-05,-39.95249016075337,-39.941307591608016
319,319,1.0121165210013301e-05,1.0011646928002224e-05,-39.94952859840599,-39.98573432711137
320,320,1.00403653162822e-05,9.956808083332266e-06,-39.98840506937414,-40.009588218156
321,321,9.841483728282068e-06,9.808576961452337e-06,-40.06845565591162,-40.07472953978669
322,322,9.762912837292797e-06,9.739767943086152e-06,-40.10744194616824,-40.10530348407368
323,323,9.674989865443516e-06,9.640220301470867e-06,-40.14835772142991,-40.149919993777104
324,324,9.599904861368992e-06,9.620753859819256e-06,-40.18216746173002,-40.15869854360464
325,325,9.667068813551222e-06,9.505831066666073e-06,-40.16289668426916,-40.21088866091597
326,326,9.510605120818376e-06,9.4580583256749e-06,-40.21427123323132,-40.232769701515906
327,327,9.475613099771321e-06,9.36127765415126e-06,-40.23820760104421,-40.27743831487821
328,328,9.414627710771364e-06,9.340285798412209e-06,-40.265599434114286,-40.28718792855546
329,329,9.35682534695046e-06,9.308525238195312e-06,-40.28333137042927,-40.30198077444069
330,330,9.374113603568271e-06,9.24238496449298e-06,-40.281655049266334,-40.332949042087705
331,331,9.295798965055284e-06,9.184452162452017e-06,-40.31891044081874,-40.360257015747024
332,332,9.180121205926552e-06,9.12956348704603e-06,-40.37702185503414,-40.386289449789984
333,333,9.104824364596388e-06,9.139560317730924e-06,-40.40526788169953,-40.38153654660461
334,334,9.058803876429273e-06,9.042384925506716e-06,-40.42539981185752,-40.427959674493614
335,335,9.030280116067589e-06,9.052039642579315e-06,-40.43395938331595,-40.42332510793848
336,336,9.094857137149785e-06,8.986656690754707e-06,-40.41803153934601,-40.454808069915764
337,337,9.069901118226008e-06,8.931248167324443e-06,-40.4260089688232,-40.481668010150145
338,338,8.90031516092611e-06,8.903187766631354e-06,-40.50739478682563,-40.495334253682785
339,339,8.92044340382443e-06,8.889417777505801e-06,-40.49592770307705,-40.502056407413676
340,340,8.82235521597058e-06,8.824526527237858e-06,-40.539881519903375,-40.53387545064347
341,341,8.840999201020542e-06,8.759167030802928e-06,-40.54294841087603,-40.5661614993933
342,342,8.927970869540472e-06,8.794454659341442e-06,-40.49091983412126,-40.54870043834454
343,343,8.786116643360523e-06,8.715586150892226e-06,-40.56237052227558,-40.58782357920072
344,344,8.732767221856906e-06,8.707172128197271e-06,-40.593444964710116,-40.59201828115615
345,345,8.697075649364443e-06,8.68835056615736e-06,-40.603405070943225,-40.601416220922715
346,346,8.68610569932102e-06,8.661895758689897e-06,-40.61252317743004,-40.61466005111559
347,347,8.669663713458858e-06,8.59107996419832e-06,-40.62285919109624,-40.650311966458396
348,348,8.610778019557102e-06,8.59037060619908e-06,-40.64711963363517,-40.65067057443934
349,349,8.600330503898091e-06,8.52248577805432e-06,-40.64791552327965,-40.68512672863453
350,350,8.494685052656424e-06,8.530087334771738e-06,-40.70775119662451,-40.68125480346162
351,351,8.468874511891045e-06,8.498323615257456e-06,-40.72822336577584,-40.69745693077682
352,352,8.483876523858215e-06,8.48462820469745e-06,-40.71343199661843,-40.7044614169062
353,353,8.527085885793191e-06,8.423865055144569e-06,-40.69879715372308,-40.7356755691646
354,354,8.448144867965237e-06,8.445258285255955e-06,-40.72339275788949,-40.72466021693689
355,355,8.410772680531174e-06,8.419931490559401e-06,-40.74635795857734,-40.737704001911304
356,356,8.368458064481828e-06,8.399195011358978e-06,-40.77864211052198,-40.74841293266693
357,357,8.386015147105767e-06,8.371635072092575e-06,-40.77110443614173,-40.76268669283234
358,358,8.36052056667503e-06,8.354477454543629e-06,-40.77782529094074,-40.77159666665426
359,359,8.393596788702085e-06,8.349924476198411e-06,-40.76433587330576,-40.77396410660059
360,360,8.34833774450127e-06,8.315583918853295e-06,-40.776149079825956,-40.79186207324526
361,361,8.360775000161908e-06,8.283175032518461e-06,-40.77053351040754,-40.80882119461904
362,362,8.301017335247003e-06,8.224327901093362e-06,-40.807807315138916,-40.83978540867298
363,363,8.29583579391126e-06,8.267848658617463e-06,-40.810361362942615,-40.8168643968276
364,364,8.248345646692186e-06,8.206481652450748e-06,-40.838424173618975,-40.84921955168425
365,365,8.224146889934326e-06,8.199050937132837e-06,-40.84567922890998,-40.853153735304595
366,366,8.2315170787006e-06,8.149659869990214e-06,-40.84345278676645,-40.87939474406412
367,367,8.27294584691042e-06,8.143722736445183e-06,-40.817286456984725,-40.88255978905612
368,368,8.151668511739435e-06,8.165034925791828e-06,-40.887336281331024,-40.87120911270056
369,369,8.142276277157152e-06,8.116680826213652e-06,-40.88298870966062,-40.89700489575417
370,370,8.071108269862249e-06,8.100201835316656e-06,-40.924694468193,-40.90583117565838
371,371,8.104208856033456e-06,8.140630981008718e-06,-40.90953232369901,-40.884208896370886
372,372,8.111858414381036e-06,8.08848404918344e-06,-40.91276242699018,-40.912118246496405
373,373,8.159810017646451e-06,8.067653748424308e-06,-40.880202426821704,-40.92331707359499
374,374,8.13316744393681e-06,8.044156713463293e-06,-40.89342328037251,-40.935984352524805
375,375,8.070041938893709e-06,8.05399950446659e-06,-40.937085671381794,-40.930673594827994
376,376,8.028025496463032e-06,8.022643238578703e-06,-40.957735219003666,-40.94761478178354
377,377,8.038620153362814e-06,7.992843979752107e-06,-40.946852267823616,-40.963776224057
378,378,8.030908060222313e-06,8.00135527051201e-06,-40.946175352065815,-40.95915403959877
379,379,8.078731030932946e-06,7.982486199340966e-06,-40.923094484245716,-40.96940781659026
380,380,7.992507834359523e-06,7.980091380120843e-06,-40.97165793186253,-40.97071093543192
381,381,7.997617886598838e-06,7.956914583031138e-06,-40.97487354806237,-40.98334262071015
382,382,8.00034941798022e-06,7.941233841273443e-06,-40.9622045868387,-40.99190973386588
383,383,7.942222308293381e-06,7.985522164457698e-06,-40.99448247931478,-40.96775638595058
384,384,7.961284206158808e-06,7.945366704868656e-06,-40.99271578532307,-40.9896501190551
385,385,7.983672308985183e-06,7.933015623214152e-06,-40.979013846499896,-40.99640648450733
386,386,8.045960192848537e-06,7.928682383575697e-06,-40.95215387334044,-40.99877937309688
387,387,7.948055694795744e-06,7.923129296135525e-06,-40.99292373162832,-41.0018221487495
388,388,7.96529203520568e-06,7.923916224459199e-06,-40.98556884922444,-41.001390827177964
389,389,7.904617430859176e-06,7.880443718022434e-06,-41.02163028594396,-41.02528286373618
390,390,7.962940142852417e-06,7.906037018600679e-06,-40.98985754418191,-41.01120114515898
391,391,7.94073922247428e-06,7.886302347814259e-06,-41.00428401052382,-41.02205534843711
392,392,8.011923666307451e-06,7.876762035601515e-06,-40.96871609844893,-41.027312328114085
393,393,7.859539563628694e-06,7.85075005631753e-06,-41.044950962616454,-41.041678070516355
394,394,7.889153789385335e-06,7.847293856780437e-06,-41.033304945015175,-41.04359042140526
395,395,7.932179967835894e-06,7.8852662179423e-06,-41.00417231298337,-41.02262597714115
396,396,7.933502949770664e-06,7.835089634586199e-06,-41.00539154318069,-41.05034988807404
397,397,7.885564946732724e-06,7.837705245612214e-06,-41.02760932395957,-41.048900311971465
398,398,7.862707858744075e-06,7.855271681029607e-06,-41.04985705968997,-41.03917747966173
399,399,7.966484124913269e-06,7.833903557758803e-06,-40.98141152347211,-41.0510073733584
400,400,7.847784386801332e-06,7.823688448345484e-06,-41.046912386082695,-41.056674102032815
401,401,7.874280391220477e-06,7.81462277269671e-06,-41.036567206084776,-41.06170939426404
402,402,7.88398976754289e-06,7.81586554933854e-06,-41.02728649180557,-41.06101878111389
403,403,7.842141300345023e-06,7.811549757637917e-06,-41.053471371487255,-41.063417545761084
404,404,7.835597570351873e-06,7.799332108429793e-06,-41.05552078266751,-41.07021544323004
405,405,7.808936872381834e-06,7.771423521549686e-06,-41.079067497788316,-41.08578380554627
406,406,7.831077583273092e-06,7.796403272215302e-06,-41.06308269943693,-41.07184662943609
407,407,7.855183304348702e-06,7.785149974599909e-06,-41.049990779305375,-41.07811974717974
408,408,7.811141281261784e-06,7.808318490501015e-06,-41.074010719127486,-41.06521438743073
409,409,7.820392023784303e-06,7.75138543854394e-06,-41.06211811873727,-41.096996252640764
410,410,7.940823847674597e-06,7.756430429588746e-06,-41.0047264823867,-41.09417056542867
411,411,7.86849104957751e-06,7.773468400716266e-06,-41.04496277427417,-41.08464120545903
412,412,7.754135217557219e-06,7.774377129527765e-06,-41.09618097633279,-41.084133539097074
413,413,7.77019101040367e-06,7.734234211391977e-06,-41.09096046553094,-41.106616386060125
414,414,7.734366229754218e-06,7.74227546092956e-06,-41.10538567528306,-41.10210339095984
415,415,7.761752793570494e-06,7.718431094728753e-06,-41.10085483229873,-41.115499266288786
416,416,7.742551832089918e-06,7.738778310196817e-06,-41.10927216784884,-41.104065522625945
417,417,7.738157341215633e-06,7.741909413246168e-06,-41.11166634304653,-41.102308726262066
418,418,7.693398617551248e-06,7.710290829939032e-06,-41.13534214968816,-41.120081982115416
419,419,7.760440608369218e-06,7.702667445348771e-06,-41.10981398069022,-41.12437809980007
420,420,7.759101724341517e-06,7.704491867786456e-06,-41.09747470181722,-41.12334956938125
421,421,7.682849688544874e-06,7.705379438879103e-06,-41.13649189771266,-41.12284928327167
422,422,7.729933732315254e-06,7.70337129851166e-06,-41.123976121597956,-41.123981268985844
423,423,7.690580154415976e-06,7.683989846746523e-06,-41.13471191526861,-41.13492175699388
424,424,7.672663366637485e-06,7.678196844177651e-06,-41.140286101475624,-41.13819716201164
425,425,7.970425223302487e-06,7.655320802625379e-06,-40.98590334735661,-41.15115563144276
426,426,7.648951475520212e-06,7.670026254919848e-06,-41.162431551967806,-41.142821074683305
427,427,7.643453687874686e-06,7.677744585970159e-06,-41.173212416110026,-41.138452976016744
428,428,7.65156100334428e-06,7.6288929688560435e-06,-41.15818907291558,-41.16617436120486
429,429,7.644178639538105e-06,7.666679936703172e-06,-41.167440201467215,-41.14471625027198
430,430,7.620155246485476e-06,7.648307784716293e-06,-41.176315998382364,-41.15513601449404
431,431,7.973348067363199e-06,7.649409350338637e-06,-40.97577353673025,-41.15451055663279
432,432,7.674111427534335e-06,7.648441480437454e-06,-41.14484681355404,-41.15506009860766
433,433,7.6267004016662e-06,7.672662377444794e-06,-41.17795519525258,-41.141328698079825
434,434,7.674950042594892e-06,7.645186997251585e-06,-41.159571593177084,-41.156908455408626
435,435,7.633541044174543e-06,7.627036379026801e-06,-41.17091883516652,-41.16723140165594
436,436,7.657930072849753e-06,7.62749902462115e-06,-41.16524235379457,-41.166967972553124
437,437,7.633595055970723e-06,7.634230649656323e-06,-41.170075123685024,-41.163136810739886
438,438,7.78888050300554e-06,7.600351110388721e-06,-41.093207725425955,-41.18245302360467
439,439,7.645347560571385e-06,7.618459173835091e-06,-41.17201399306387,-41.172118134612596
440,440,7.648382553767434e-06,7.612287462459215e-06,-41.1599477422449,-41.17563777866571
441,441,7.620901758799068e-06,7.595921248905238e-06,-41.180400407596835,-41.184985045151635
442,442,7.6100787484073845e-06,7.59852656828068e-06,-41.187604474302105,-41.183495717137816
443,443,7.63298573671359e-06,7.562953334471738e-06,-41.18067530770727,-41.2038753734717
444,444,7.570523994030568e-06,7.572394703234558e-06,-41.21044487546772,-41.198457150016345
445,445,7.6177749675836596e-06,7.588884057584341e-06,-41.177826778143405,-41.18901040275864
446,446,7.5842505240646075e-06,7.573102649123604e-06,-41.192737288495486,-41.19805114553043
447,447,7.602313595158456e-06,7.560188374842064e-06,-41.19264959901177,-41.20546341218259
448,448,7.548445766362945e-06,7.540579070720062e-06,-41.21167065703321,-41.21674259702101
449,449,7.582216392282922e-06,7.579343577833099e-06,-41.2027275727244,-41.19447363598094
450,450,7.629631806228589e-06,7.548113444499904e-06,-41.17256260946873,-41.212405392553705
451,451,7.557955555479491e-06,7.52421233061652e-06,-41.20955338153399,-41.2261791534537
452,452,7.549565335588359e-06,7.5345045556069204e-06,-41.22377111594914,-41.220242582297445
453,453,7.552170967587183e-06,7.525147243301801e-06,-41.219657881620506,-41.2256395591689
454,454,7.5561023756385224e-06,7.535210275627354e-06,-41.22074264822924,-41.21983581904506
455,455,7.6142338734028915e-06,7.539451177619508e-06,-41.18057617245226,-41.217392247907114
456,456,7.518742817991711e-06,7.508882462341142e-06,-41.240241565826715,-41.235036517289565
457,457,7.510959062294449e-06,7.49302496746838e-06,-41.24624083990706,-41.244217783228166
458,458,7.565101188128651e-06,7.495395565408551e-06,-41.21122819389704,-41.2428440059038
459,459,7.509873810085617e-06,7.521505506845547e-06,-41.25028656340423,-41.22774180224533
460,460,7.511136788810656e-06,7.486759673874506e-06,-41.238100007121936,-41.247850656008566
461,461,7.501816887185866e-06,7.463423164728355e-06,-41.24415351326867,-41.261408918793656
462,462,7.496015117344682e-06,7.470532134328478e-06,-41.24859621834358,-41.2572741983653
463,463,7.806216456525907e-06,7.466672095209728e-06,-41.07011318118681,-41.25951878671096
464,464,7.6001545860037234e-06,7.462509409761926e-06,-41.194175362809055,-41.26194066277448
465,465,7.461328245834423e-06,7.449336862919154e-06,-41.270209274760816,-41.269613442911606
466,466,7.472812838611774e-06,7.434111993413688e-06,-41.26165358895147,-41.278498586649526
467,467,7.591652174784199e-06,7.435889265731308e-06,-41.20088011100787,-41.27746044340985
468,468,7.414730566076109e-06,7.436253159348301e-06,-41.29077582984323,-41.27724791587297
469,469,7.452480634494406e-06,7.4106259681253795e-06,-41.27111399143747,-41.292240640866076
470,470,7.497113819761243e-06,7.423764552521262e-06,-41.251826383073166,-41.284547684168984
471,471,7.441734157613066e-06,7.417313171524591e-06,-41.2854751729632,-41.28832341986161
472,472,7.4209386643956025e-06,7.417909632510457e-06,-41.29056164930661,-41.287974197314185
473,473,7.3840699150957905e-06,7.409255311741665e-06,-41.319059029556456,-41.293043978618236
474,474,7.418699563449709e-06,7.412366812786786e-06,-41.293659905491964,-41.29122055100305
475,475,7.406823189421161e-06,7.370679141834109e-06,-41.305821811167675,-41.31571451997908
476,476,7.400953019952663e-06,7.389421123087614e-06,-41.30441478377812,-41.30468540328372
477,477,7.374078975153304e-06,7.345969199951996e-06,-41.32414580296742,-41.330298549226754
478,478,7.378760810095946e-06,7.365846445999953e-06,-41.325042062542494,-41.31856297051272
479,479,7.3642999615406824e-06,7.358080725488865e-06,-41.33178526557032,-41.323144098685134
480,480,7.438050441536332e-06,7.358678311376073e-06,-41.28989076257915,-41.32279140112072
481,481,7.465643071536198e-06,7.338215398608315e-06,-41.26809255783252,-41.33488502582367
482,482,7.416295881467732e-06,7.3245304472373775e-06,-41.301881840795076,-41.34299169377479
483,483,7.348207348223161e-06,7.329514430334951e-06,-41.33916004992713,-41.34003753816968
484,484,7.337213090292992e-06,7.326860500861106e-06,-41.343065048655625,-41.34161035128869
485,485,7.2815387940544934e-06,7.3174318889581815e-06,-41.37475169544419,-41.34720269344939
486,486,7.435764553182585e-06,7.306552585137788e-06,-41.28991653766525,-41.35366443784764
487,487,7.351398418211023e-06,7.260693827878353e-06,-41.33695066903387,-41.38100834410517
488,488,7.3113251440275035e-06,7.3324738303582355e-06,-41.3626029603499,-41.33828436377824
489,489,7.376074481538867e-06,7.271954042440293e-06,-41.320300073692984,-41.37427832481129
490,490,7.3459965728803e-06,7.290615437676407e-06,-41.33596989314207,-41.36314767177233
491,491,7.295949010945948e-06,7.2545389421544605e-06,-41.36870612851138,-41.38469141706609
492,492,7.260507488550952e-06,7.266463638332329e-06,-41.38499800216002,-41.3775585336665
493,493,7.283944529431726e-06,7.244278453742338e-06,-41.3739469619417,-41.39083822769376
494,494,7.231483393588485e-06,7.2385574448593325e-06,-41.40271526875481,-41.39426932742511
495,495,7.393375203859832e-06,7.241047617418716e-06,-41.31376546696036,-41.392775546058104
496,496,7.2657763648186525e-06,7.239926593396567e-06,-41.38400816817356,-41.393447951851776
497,497,7.222987208188363e-06,7.201020205110054e-06,-41.411452820660415,-41.416849285381744
498,498,7.267550732724407e-06,7.204089055640476e-06,-41.382215870373344,-41.4149988518346
499,499,7.255622020557453e-06,7.192824604747952e-06,-41.391293652831706,-41.421794877674564
500,500,7.214614831270607e-06,7.1976657014410625e-06,-41.41664898183385,-41.41887286235089
501,501,7.300139512472483e-06,7.1784854634116574e-06,-41.37083217869068,-41.43046132769835
502,502,7.167773022506621e-06,7.206033483510653e-06,-41.44211935817893,-41.41382682252353
503,503,7.206574860601998e-06,7.1784322340375324e-06,-41.41859529411007,-41.43049353130074
504,504,7.236301324568201e-06,7.162307610997232e-06,-41.403781957803396,-41.44025988622522
505,505,7.260924102758002e-06,7.162232936695402e-06,-41.386602934874745,-41.44030516605408
506,506,7.140207541392415e-06,7.1332962857252965e-06,-41.46938014947652,-41.45788694957416
507,507,7.125966748361927e-06,7.147992954215672e-06,-41.47646097396465,-41.448948422843664
508,508,7.149988172405409e-06,7.1264393179597776e-06,-41.45556183417011,-41.46206366585481
509,509,7.124830072197508e-06,7.122504700275481e-06,-41.47218695170576,-41.464462135229006
510,510,7.121002215274895e-06,7.120613070966149e-06,-41.474337264426644,-41.46561570874974
511,511,7.133729154374282e-06,7.102074433580703e-06,-41.46963692566581,-41.476937384031714
512,512,7.16565495467782e-06,7.115595029685401e-06,-41.45086216976327,-41.468677349480245
513,513,7.148567879225665e-06,7.090930825813159e-06,-41.46123833802298,-41.48375709313203
514,514,7.102492530713189e-06,7.118539853859386e-06,-41.48828060579799,-41.466880372118936
515,515,7.151579033346672e-06,7.076650825566551e-06,-41.45646252931135,-41.492511907554785
516,516,7.114981060309669e-06,7.041737741306669e-06,-41.47888052133262,-41.51399111628407
517,517,7.128961991013769e-06,7.055672564379883e-06,-41.468955359335126,-41.50540539932361
518,518,7.124411376466501e-06,7.049109411271179e-06,-41.474693076046954,-41.50944706602874
519,519,7.114452348536567e-06,7.059661033724153e-06,-41.47684165938386,-41.502951089247944
520,520,7.194043847289088e-06,7.055338779824333e-06,-41.43192929050456,-41.505610857014915
521,521,7.216270364786153e-06,7.02778015693184e-06,-41.41505077728866,-41.522607906009306
522,522,7.0105728453424875e-06,7.012084169170856e-06,-41.53204775631474,-41.532318375504154
523,523,7.166717586722033e-06,7.002335486935121e-06,-41.445714380157895,-41.53836043744833
524,524,7.112021442659058e-06,7.008718871235799e-06,-41.48374434716836,-41.534403178132095
525,525,7.030866944444721e-06,7.007050379271325e-06,-41.53394425460152,-41.53543718039589
526,526,6.985628279488589e-06,7.012297014865142e-06,-41.56123762064183,-41.53218655120571
527,527,7.01947789080411e-06,6.995375626597945e-06,-41.52587253211655,-41.542679185226206
528,528,7.132765263450733e-06,6.983395379441055e-06,-41.47086665973413,-41.55012326811974
529,529,7.059748961332796e-06,6.981132748095613e-06,-41.51624924697802,-41.55153061723677
530,530,7.001816366309211e-06,6.9924410222723195e-06,-41.54902228486503,-41.54450146030441
531,531,6.967842501140207e-06,6.974167023911018e-06,-41.573143167408155,-41.5558661397644
532,532,6.928728776683877e-06,6.962126797971953e-06,-41.59093948218625,-41.56337029410274
533,533,6.983553722073845e-06,6.917710475375459e-06,-41.56064683756323,-41.591165763567545
534,534,7.002860906909846e-06,6.949852520751608e-06,-41.550684601260734,-41.57103369285742
535,535,7.00112682399364e-06,6.943038299237071e-06,-41.546186016859224,-41.57529397112188
536,536,6.949963222985989e-06,6.909837984973197e-06,-41.57687531097479,-41.59611093446281
537,537,6.92424483653686e-06,6.906032108657344e-06,-41.60089486847852,-41.59850364822371
538,538,6.956644732050224e-06,6.902628037527106e-06,-41.575324059876024,-41.60064486876526
539,539,6.893742142283279e-06,6.92097546561854e-06,-41.605278270086565,-41.58911648334196
540,540,6.89689728723042e-06,6.90675029832882e-06,-41.61647611408835,-41.598052029132965
541,541,6.916848778740873e-06,6.896432870761553e-06,-41.59679490074709,-41.604544448511156
542,542,7.07140378432724e-06,6.881198355825434e-06,-41.49816707880274,-41.61414881134961
543,543,7.012186790571954e-06,6.862939172654143e-06,-41.542630657634106,-41.62568808348531
544,544,6.950030141168324e-06,6.857794376532854e-06,-41.5700389946161,-41.62894498904754
545,545,6.853270668816362e-06,6.854380516367535e-06,-41.64262281830936,-41.63110747701754
546,546,6.920562526895233e-06,6.841963951094505e-06,-41.59960921554954,-41.638981763871726
547,547,6.875884110675393e-06,6.802676269121309e-06,-41.63332654996941,-41.66399154114024
548,548,6.950131667030498e-06,6.811700514893011e-06,-41.575342384727335,-41.65823412634535
549,549,6.945414849358656e-06,6.8321004571197066e-06,-41.578944980516326,-41.64524714572252
550,550,6.859004864138827e-06,6.8067266798415834e-06,-41.63934516790873,-41.6614064592174
551,551,6.850912227163622e-06,6.795605665837157e-06,-41.64018838156232,-41.66850788266259
552,552,6.919529805037603e-06,6.829353041164148e-06,-41.60047403557641,-41.64699394024219
553,553,6.7974255516580256e-06,6.78513039307099e-06,-41.66874640370618,-41.6752075991452
554,554,6.798580009850299e-06,6.806140510506291e-06,-41.67092489676864,-41.66178047316227
555,555,6.788904402034775e-06,6.772542292310391e-06,-41.6769019633417,-41.68327232293051
556,556,6.914108227422346e-06,6.785462717648204e-06,-41.5996949202881,-41.67499489402769
557,557,7.046541527743852e-06,6.777183850652746e-06,-41.52309422160447,-41.68029690743783
558,558,6.824136126505034e-06,6.763181677103459e-06,-41.66870772030643,-41.68927904143161
559,559,6.83965605351181e-06,6.722929499933104e-06,-41.64506939768289,-41.715204009884374
560,560,6.794845113600064e-06,6.740331627952401e-06,-41.68292326150764,-41.703976934498584
561,561,6.7470276186101085e-06,6.7240625867270865e-06,-41.70164399143121,-41.714472108890995
562,562,6.78206709746575e-06,6.716866305635592e-06,-41.68390365629889,-41.71912253966393
563,563,6.798052418537164e-06,6.721268906212093e-06,-41.67128606784726,-41.716276869227265
564,564,6.7564272557291654e-06,6.700955318113924e-06,-41.698606984434896,-41.729422359582394
565,565,6.820846409158848e-06,6.71058557456586e-06,-41.66776184146214,-41.72318539100634
566,566,6.820742426723357e-06,6.692272084987244e-06,-41.66118984042414,-41.73505368450038
567,567,6.756842655713908e-06,6.704121293104866e-06,-41.70792550529757,-41.727370949457935
568,568,6.804162075775484e-06,6.704387248502922e-06,-41.67783505428161,-41.727198666371464
569,569,6.736440078271961e-06,6.689780763592448e-06,-41.71987624039985,-41.73667072660767
570,570,6.7112076760974195e-06,6.685948918809452e-06,-41.72829365075482,-41.73915903809393
571,571,6.728670658836545e-06,6.689650921256735e-06,-41.72040975729271,-41.73675501988895
572,572,6.7295052561808146e-06,6.6749878083340404e-06,-41.718283189816034,-41.74628481222216
573,573,6.753429884672196e-06,6.680395735632996e-06,-41.70274375878285,-41.74276767906743
574,574,6.784043396635884e-06,6.660499102987447e-06,-41.68394465514784,-41.75572183885598
575,575,6.664958553151384e-06,6.618640064085699e-06,-41.76291894190895,-41.78310194173393
576,576,6.7114540882160785e-06,6.612274199525066e-06,-41.732209095579066,-41.78728103323053
577,577,6.751947605209221e-06,6.6423540853353e-06,-41.70468085748662,-41.76756935128936
578,578,6.701839261837711e-06,6.605830621035573e-06,-41.739069956172,-41.79151524205449
579,579,6.742579851974013e-06,6.619237482434408e-06,-41.70882477006699,-41.7827099521699
580,580,6.662916137466925e-06,6.601759028662376e-06,-41.76711778050134,-41.79419289967886
581,581,6.697705936586345e-06,6.578894188255378e-06,-41.746942332341305,-41.809260565621884
582,582,6.675777742727696e-06,6.6004225501321916e-06,-41.75090663119377,-41.79507218655939
583,583,6.677995123627438e-06,6.586188646906521e-06,-41.74934198342319,-41.80444792068145
584,584,6.693422450946846e-06,6.581136308101888e-06,-41.73340759225788,-41.80778072059144
585,585,6.5703196145777745e-06,6.577238333480445e-06,-41.825894066059455,-41.81035378750026
586,586,6.565894847843777e-06,6.5538707100418645e-06,-41.82248289511472,-41.82581088346036
587,587,6.6104201032805916e-06,6.54414622515201e-06,-41.796089433169364,-41.83225963203641
588,588,6.549720722235638e-06,6.546978607059971e-06,-41.83826011886275,-41.830380362121524
589,589,6.617887411079041e-06,6.519372451102275e-06,-41.781876684269854,-41.84873165083975
590,590,6.563569218322056e-06,6.5199284156398405e-06,-41.83420343601697,-41.8483613053229
591,591,6.569156989685653e-06,6.521533099370763e-06,-41.82395551007548,-41.84729255195925
592,592,6.524458789611992e-06,6.514045564568062e-06,-41.84895463854818,-41.85228165982983
593,593,6.6167640538550745e-06,6.471974780939299e-06,-41.7959166446778,-41.88042141722423
594,594,6.527335835457539e-06,6.501545445452824e-06,-41.846735508972806,-41.86062355443881
595,595,6.552693508806958e-06,6.490419333491254e-06,-41.841373985403095,-41.86806201396887
596,596,6.563001717068735e-06,6.479931208128906e-06,-41.82946749529188,-41.87508562670554
597,597,6.546378549548123e-06,6.483692112325164e-06,-41.833936074129696,-41.8725657448101
598,598,6.514594119413307e-06,6.474506359441684e-06,-41.85255946324715,-41.87872296252262
599,599,6.471882602688977e-06,6.476123297417009e-06,-41.889510613457226,-41.877638494411784
600,600,6.504291330614804e-06,6.453869422042963e-06,-41.878098410721236,-41.89258783742935
601,601,6.453517729373884e-06,6.4433201929970986e-06,-41.89335162653507,-41.89969244412496
602,602,6.5784595687180574e-06,6.423144824159528e-06,-41.822479000633095,-41.913312437691566
603,603,6.497877470839327e-06,6.427852081527051e-06,-41.865166103046654,-41.91013083862023
604,604,6.486971007276581e-06,6.425965095427512e-06,-41.87524537191998,-41.911405958135404
605,605,6.4394601198278136e-06,6.4044911835624495e-06,-41.90753061802311,-41.92594325896552
606,606,6.418408847633886e-06,6.382612091807746e-06,-41.918514799451856,-41.94080507385232
607,607,6.419313251040576e-06,6.389352620317368e-06,-41.91842128986394,-41.93622101075066
608,608,6.390690894889856e-06,6.370302775107312e-06,-41.94491250081639,-41.949188835580415
609,609,6.449604215865208e-06,6.386183174886116e-06,-41.902482653922675,-41.93837586783344
610,610,6.4181378510295765e-06,6.349612512598182e-06,-41.92904585677411,-41.96331734910978
611,611,6.453774914785454e-06,6.375881759212414e-06,-41.89280155518088,-41.945387035661895
612,612,6.511888944625809e-06,6.341802633725915e-06,-41.85963876071551,-41.96866236018629
613,613,6.3940586365675966e-06,6.3582894510641625e-06,-41.938741868690606,-41.95738663435925
614,614,6.39403047504866e-06,6.327224151678629e-06,-41.94737064442266,-41.97865737749815
615,615,6.4629896666336156e-06,6.331170257717052e-06,-41.896156007297584,-41.975949653157166
616,616,6.373209726944813e-06,6.34188242991896e-06,-41.964446607935926,-41.96860771511092
617,617,6.388742241545787e-06,6.322457154869641e-06,-41.952562468365244,-41.98193063072442
618,618,6.383134714457069e-06,6.295678926299412e-06,-41.952386880300175,-42.000363867277564
619,619,6.4172529689421565e-06,6.332440678211003e-06,-41.93114986051999,-41.97507827987373
