,epoch,train_loss,test_loss,train_dbs,test_dbs
0,0,0.0001064082063055242,9.750438766786829e-05,-12.637104998341393,-13.025539270696449
1,1,8.815929652779775e-05,8.300417960670434e-05,-13.453159258667613,-13.724781248623101
2,2,7.77029376924062e-05,7.59115646360442e-05,-14.004118753688948,-14.112701434359327
3,3,7.225972126668905e-05,7.235522169043849e-05,-14.316026560788611,-14.321082078249422
4,4,6.875441478356508e-05,6.871429554609533e-05,-14.532928455930143,-14.54530987828363
5,5,6.539253058924925e-05,6.577076304605917e-05,-14.754199290909275,-14.735452059286825
6,6,6.297685464120412e-05,6.361862477589104e-05,-14.914625610974678,-14.879938094643615
7,7,6.0965397931364146e-05,6.217399468847649e-05,-15.057294776447566,-14.97969314577716
8,8,5.9672513857877514e-05,6.11066624467065e-05,-15.148924922269135,-15.054895224666806
9,9,5.871491371227918e-05,6.022483725437747e-05,-15.220521140981111,-15.118024512501949
10,10,5.767801466737586e-05,5.9210190987582077e-05,-15.297533834082484,-15.191816243892607
11,11,5.6832008771586336e-05,5.7963586809101365e-05,-15.362263760663577,-15.284228343871966
12,12,5.588756955814423e-05,5.759987892049953e-05,-15.434866309693584,-15.311565158250332
13,13,5.5150030938111555e-05,5.679877186163427e-05,-15.493422420915001,-15.372391411006735
14,14,5.485782926792961e-05,5.630051045476361e-05,-15.515636651736353,-15.410657538800285
15,15,5.4363568141497194e-05,5.60943892770937e-05,-15.553248476857853,-15.426586622883976
16,16,5.4067970624375974e-05,5.573996876544123e-05,-15.579266049262529,-15.454113653126182
17,17,5.361672458430925e-05,5.538166978543526e-05,-15.611951574051401,-15.482120405219854
18,18,5.333906264025142e-05,5.515585890909853e-05,-15.6366221547578,-15.499864343432577
19,19,5.3309471770693767e-05,5.475494005000464e-05,-15.639127435630233,-15.53154778529446
20,20,5.2981488253638034e-05,5.426091880316993e-05,-15.6653024281195,-15.570909429072913
21,21,5.266393943492938e-05,5.400235041681873e-05,-15.691167605194956,-15.591654237115584
22,22,5.223351733557419e-05,5.361124414393041e-05,-15.728594882910478,-15.623222004124951
23,23,5.200303663870502e-05,5.2997229910320844e-05,-15.747465657850466,-15.673249160874846
24,24,5.160214472592079e-05,5.273657026057328e-05,-15.779884783236442,-15.694662044302081
25,25,5.134315153892325e-05,5.246410709284981e-05,-15.80320893913115,-15.717158004939877
26,26,5.091624999042005e-05,5.222294452036486e-05,-15.838707099038382,-15.737167310413511
27,27,5.0719734101277806e-05,5.1749256320028125e-05,-15.855830175688197,-15.776739733279634
28,28,5.042445811397425e-05,5.154140174119292e-05,-15.879795200359725,-15.794218607007329
29,29,5.0041158791612255e-05,5.088425639673675e-05,-15.914517695256567,-15.849946540432425
30,30,4.988020350772542e-05,5.07538754486871e-05,-15.928447452752792,-15.86108876753057
31,31,4.967351125423633e-05,5.0760704509325717e-05,-15.945924582493296,-15.86050445277349
32,32,4.9273318921026206e-05,5.05414165289901e-05,-15.980872922674997,-15.879306765614793
33,33,4.9105081528715655e-05,5.013425968507746e-05,-15.994149511194394,-15.914434800764614
34,34,4.8857275689123965e-05,5.014254642638231e-05,-16.017270883588925,-15.913717010446113
35,35,4.87561117495847e-05,4.9890574078553505e-05,-16.02789258501561,-15.935595850402411
36,36,4.8562561750793635e-05,4.973925273301766e-05,-16.04531686023616,-15.94878830049447
37,37,4.8423116860464794e-05,4.9562624841009416e-05,-16.055175229984094,-15.964237877404665
38,38,4.848146133938535e-05,4.9457650771058214e-05,-16.05194763994656,-15.97344602717397
39,39,4.80086307960068e-05,4.93089504935166e-05,-16.09435407845318,-15.986523273522904
40,40,4.777659878246342e-05,4.877826971718796e-05,-16.11620086094285,-16.03351695549106
41,41,4.775231849935059e-05,4.865337943652106e-05,-16.11795864703479,-16.044650748240016
42,42,4.7514010034741585e-05,4.867749061974648e-05,-16.138328233391746,-16.042499045694854
43,43,4.737524522142005e-05,4.832291386647787e-05,-16.153576348277625,-16.074249720149183
44,44,4.71979182077927e-05,4.858650745039708e-05,-16.167911378337298,-16.05062404583952
45,45,4.699463980361224e-05,4.8130019039442564e-05,-16.18726564374134,-16.091620528507256
46,46,4.7023632394428335e-05,4.8331212479081986e-05,-16.18507100349393,-16.073503959609713
47,47,4.675948679805421e-05,4.80945556390859e-05,-16.207157477539475,-16.09482169823613
48,48,4.665067258288546e-05,4.826827123332279e-05,-16.218065102703513,-16.079163418342848
49,49,4.661253171303242e-05,4.827267127295368e-05,-16.22228114685563,-16.078767542171853
50,50,4.64328777056413e-05,4.816247861813999e-05,-16.240968546678566,-16.08869257112946
51,51,4.6548013396551543e-05,4.80665499038112e-05,-16.229040520648642,-16.097351356473037
52,52,4.629537515845102e-05,4.790270625227621e-05,-16.251605673744958,-16.112180368542127
53,53,4.626222056985986e-05,4.738791961388319e-05,-16.256258695633285,-16.159104432550222
54,54,4.621144563719371e-05,4.745166427854105e-05,-16.2591543938216,-16.15326637229219
55,55,4.5900892614226156e-05,4.751219431024143e-05,-16.29015176785506,-16.147729979245902
56,56,4.6017054121397654e-05,4.73575503412193e-05,-16.27750394595182,-16.16188856734744
57,57,4.5926782946743206e-05,4.745554657634593e-05,-16.286580044321614,-16.15291106514545
58,58,4.591356624474691e-05,4.7107800989914195e-05,-16.285803102722944,-16.184852546482308
59,59,4.584730199847812e-05,4.7490082866524495e-05,-16.291593698532722,-16.149751589348725
60,60,4.553318810685221e-05,4.716146998505696e-05,-16.32445094906162,-16.179907530844243
61,61,4.5605693999605885e-05,4.670019150484892e-05,-16.317677577825723,-16.2225942483394
62,62,4.5505060079824374e-05,4.6692114234534334e-05,-16.325730731099842,-16.22334546952565
63,63,4.533541737755607e-05,4.7277623372409784e-05,-16.34121154659551,-16.169224497192673
64,64,4.539000299926031e-05,4.66607782168706e-05,-16.339202273025805,-16.22626108568064
65,65,4.526220324158803e-05,4.669434010314657e-05,-16.34921291996724,-16.223138441116063
66,66,4.5088862927664145e-05,4.6366486984832013e-05,-16.366620786748054,-16.253738940528986
67,67,4.509215529848456e-05,4.6330302690253835e-05,-16.36727075543864,-16.257129487347296
68,68,4.4935664714712495e-05,4.6712191090735266e-05,-16.380709841591788,-16.22147847464443
69,69,4.473138852921055e-05,4.633574625538466e-05,-16.399924187307548,-16.2566192443127
70,70,4.487239006191454e-05,4.613285770909371e-05,-16.386953116023918,-16.27567728427814
71,71,4.4819634774857026e-05,4.635478896824153e-05,-16.393741601369054,-16.254834780513754
72,72,4.460115342601395e-05,4.6090326864750274e-05,-16.412602836515223,-16.279682982499004
73,73,4.446483295940141e-05,4.616973321964523e-05,-16.42715527479689,-16.27220721232441
74,74,4.449376783012076e-05,4.596380925872118e-05,-16.423753457725443,-16.291620725890496
75,75,4.43626925413444e-05,4.619422428444714e-05,-16.43858715661651,-16.269904077024428
76,76,4.433428915307531e-05,4.537926284492163e-05,-16.439813782871827,-16.34720649538376
77,77,4.419222795590518e-05,4.5491023277128606e-05,-16.453092246558196,-16.336523803483736
78,78,4.4189870170588824e-05,4.5406351235119235e-05,-16.453236082722295,-16.344614820732485
79,79,4.4340460890359195e-05,4.58038477135185e-05,-16.439089409967135,-16.306761242506308
80,80,4.4048055080809755e-05,4.555730093239905e-05,-16.469035253427123,-16.33020100176465
81,81,4.416841492803945e-05,4.549259890489722e-05,-16.454100142968485,-16.336373383786412
82,82,4.387524188001107e-05,4.554625200781677e-05,-16.482369343050664,-16.331254415565915
83,83,4.424772798545784e-05,4.539448357383279e-05,-16.448848567290582,-16.345750065766296
84,84,4.361538546065051e-05,4.5598112927492416e-05,-16.51102053409118,-16.32631216517266
85,85,4.382512682794411e-05,4.575893418452899e-05,-16.488717484866537,-16.311021859967475
86,86,4.368667448699815e-05,4.512172649571623e-05,-16.502117112603592,-16.371923775950954
87,87,4.370950327282435e-05,4.512214160824538e-05,-16.501514229631972,-16.371883821750284
88,88,4.36649489463739e-05,4.4943984999247876e-05,-16.509487824820074,-16.389065094228524
89,89,4.366857119186028e-05,4.5118894616423765e-05,-16.504023947835705,-16.372196351546155
90,90,4.372742573791256e-05,4.513351220674323e-05,-16.499737052462905,-16.370789554964556
91,91,4.339453636893052e-05,4.5045765881169296e-05,-16.535351945200517,-16.379241110097507
92,92,4.33379621229965e-05,4.482989587765922e-05,-16.539789354218975,-16.400103561573736
93,93,4.3433165778081925e-05,4.481074325954787e-05,-16.530297789199647,-16.401959388700003
94,94,4.3422631091575054e-05,4.504819107272564e-05,-16.52941539012874,-16.379007299230196
95,95,4.308175270238018e-05,4.4404860091162845e-05,-16.564582495124274,-16.44147580283934
96,96,4.3274544576391786e-05,4.477743181939188e-05,-16.54279391333603,-16.405189050493643
97,97,4.309844423671128e-05,4.464118721539547e-05,-16.56162207099452,-16.418423503481826
98,98,4.309083988587612e-05,4.4620009391923975e-05,-16.564242894396564,-16.420484289667662
99,99,4.300901619177408e-05,4.486727170603301e-05,-16.572807225372543,-16.39648424618262
100,100,4.326250363539151e-05,4.426219330573651e-05,-16.547505636151964,-16.455451557927056
101,101,4.3068278829036664e-05,4.4557765489260325e-05,-16.565424931323957,-16.42654682887874
102,102,4.295171967577957e-05,4.4166477508904213e-05,-16.57723935214272,-16.46485322782583
103,103,4.29158007108592e-05,4.4260476754157264e-05,-16.582346152929432,-16.455619986845516
104,104,4.2911133690366337e-05,4.417119194649307e-05,-16.5808595613687,-16.464389676037634
105,105,4.28356250586617e-05,4.4175909447643024e-05,-16.58822984132555,-16.46392587254269
106,106,4.2895338805296374e-05,4.382180658898218e-05,-16.584915413488105,-16.498878085971693
107,107,4.278202557299627e-05,4.4200363749711725e-05,-16.59412665050255,-16.46152242909932
108,108,4.270750600271546e-05,4.3804572334537574e-05,-16.603350115862142,-16.500586416680658
109,109,4.256098012418304e-05,4.355578149491186e-05,-16.616540901904145,-16.525322759006798
110,110,4.238985421420459e-05,4.4143340921053955e-05,-16.63600576512092,-16.46712887346569
111,111,4.2439576964639366e-05,4.365766328287703e-05,-16.62870027755869,-16.51517599354884
112,112,4.241081155997403e-05,4.396035097000238e-05,-16.634984175695177,-16.485169352486796
113,113,4.257578212232569e-05,4.352940748886842e-05,-16.61607762358971,-16.527953306353414
114,114,4.2385209790435764e-05,4.392130933028009e-05,-16.635346214974675,-16.489028080178873
115,115,4.2432344831543084e-05,4.372119790212693e-05,-16.62947774031131,-16.508860338014173
116,116,4.220134652905003e-05,4.356635212101728e-05,-16.653173120690084,-16.52426889027796
117,117,4.219068014395985e-05,4.3846619136227096e-05,-16.65707062196666,-16.496419743062255
118,118,4.2249689660408326e-05,4.32497510796805e-05,-16.64878155308244,-16.555944740653455
119,119,4.204515624730176e-05,4.366180349423207e-05,-16.666666143650847,-16.51476415618585
120,120,4.2197902507020265e-05,4.360344533587953e-05,-16.655011974968488,-16.520572798288985
121,121,4.213920930720333e-05,4.3383249775567824e-05,-16.66035917262025,-16.54256005068916
122,122,4.1971515248902865e-05,4.3395315036545266e-05,-16.6770765331388,-16.541352407693374
123,123,4.195096173753347e-05,4.343467758429286e-05,-16.679009290000412,-16.53741484235783
124,124,4.210402517649705e-05,4.361899405730104e-05,-16.664711220178447,-16.51902440683547
125,125,4.193768613403495e-05,4.3388843838137724e-05,-16.680545399864304,-16.542000084827393
126,126,4.192065750533768e-05,4.320727135851293e-05,-16.68585906910118,-16.560212458754354
127,127,4.1901350489273886e-05,4.338093085128716e-05,-16.684137172199787,-16.54279219626168
128,128,4.1797421592078895e-05,4.3428655772004277e-05,-16.69536042473435,-16.53801699282826
129,129,4.1868968464862606e-05,4.316821229478688e-05,-16.68989098696824,-16.5641402253574
130,130,4.160995465015018e-05,4.3245069958318615e-05,-16.713439250965024,-16.55641482317497
131,131,4.153537314046731e-05,4.300971762093372e-05,-16.72219750809611,-16.580114951123605
132,132,4.152858986644693e-05,4.3101242657652814e-05,-16.724097072427604,-16.570882947847235
133,133,4.180904979125678e-05,4.2768746712490134e-05,-16.693877257916753,-16.604515623704334
134,134,4.159243159387957e-05,4.328708363525373e-05,-16.718871246806334,-16.55219759091311
135,135,4.1537974089037234e-05,4.292165230206018e-05,-16.722720986036716,-16.589016542116028
136,136,4.143061555295549e-05,4.260309460254288e-05,-16.733181023555964,-16.621369398074112
137,137,4.149699544569492e-05,4.271431546505099e-05,-16.7280765315836,-16.610046355289885
138,138,4.143418433515537e-05,4.284080569050275e-05,-16.734678990466453,-16.59720456482487
139,139,4.139756275276106e-05,4.290878611132748e-05,-16.73681618057602,-16.590318578033234
140,140,4.109855654325994e-05,4.257479438245738e-05,-16.770759906261052,-16.62425527139605
141,141,4.136468583196474e-05,4.220713928684985e-05,-16.742529876052053,-16.661921687633086
142,142,4.120715236718546e-05,4.2860279216639406e-05,-16.755852359402787,-16.595230903674825
143,143,4.115031042976963e-05,4.261269063327314e-05,-16.764600932471396,-16.620391292151503
144,144,4.126096971902502e-05,4.241523971646338e-05,-16.752951327402023,-16.64056160499005
145,145,4.117657669301423e-05,4.231445927871391e-05,-16.758651589134914,-16.650892907746456
146,146,4.094572981670091e-05,4.2416492138535865e-05,-16.785558480128564,-16.640433369957417
147,147,4.117910923258061e-05,4.212697336027448e-05,-16.762315691268736,-16.670178282489406
148,148,4.098541540235939e-05,4.2307639983176303e-05,-16.782869501404836,-16.651592862593876
149,149,4.0889624720013257e-05,4.2561249421468296e-05,-16.791152528445764,-16.62563717771961
150,150,4.085304272407906e-05,4.222991552332563e-05,-16.79647477693908,-16.659578736642647
151,151,4.08930396757175e-05,4.234131541268557e-05,-16.789424160921005,-16.648137402590915
152,152,4.080129997653541e-05,4.221151634977248e-05,-16.801743160205156,-16.661471328820426
153,153,4.060371302142643e-05,4.23514454604102e-05,-16.821327041805993,-16.647098488803277
154,154,4.0550293671969355e-05,4.2128194572318246e-05,-16.828460812212175,-16.670052387386498
155,155,4.058194408759105e-05,4.2115681457002405e-05,-16.82457199717832,-16.671342540980845
156,156,4.0609894397478914e-05,4.179880795020022e-05,-16.822154510311993,-16.704141899124473
157,157,4.0666290026154494e-05,4.21857954566612e-05,-16.81511704096107,-16.66411843737272
158,158,4.052320966984928e-05,4.2076207855164905e-05,-16.830302976690398,-16.675414944832355
159,159,4.028624427575647e-05,4.186526961060927e-05,-16.854253468862545,-16.69724193935994
160,160,4.060497044942092e-05,4.1713906715526004e-05,-16.82107933881734,-16.712972207317947
161,161,4.0449274201444155e-05,4.217332829476187e-05,-16.83805991872208,-16.66540209690272
162,162,4.032944126106251e-05,4.214618073954051e-05,-16.852405837588478,-16.6681986107753
163,163,4.035713925649239e-05,4.171292369535781e-05,-16.85072325295985,-16.713074553345614
164,164,4.040386641266655e-05,4.1872776101196284e-05,-16.843772287196582,-16.696463314203015
165,165,4.047684441755655e-05,4.181910653163581e-05,-16.836108930551603,-16.702033364814394
166,166,4.0096230298603555e-05,4.1973009501816705e-05,-16.87612340483743,-16.68607976702401
167,167,4.003324291486408e-05,4.175570000753444e-05,-16.88263308398654,-16.7086231757772
168,168,4.014402008213381e-05,4.1358717058564685e-05,-16.87136196569953,-16.750110277851945
169,169,4.001080277393879e-05,4.171579616683486e-05,-16.885945609196547,-16.712775496015123
170,170,4.019919781301761e-05,4.1448445699643344e-05,-16.86622461667688,-16.74069837007901
171,171,4.0106883913262976e-05,4.178514657388931e-05,-16.876994806113608,-16.70556156404309
172,172,4.015807640713582e-05,4.1565432758560696e-05,-16.871213217956324,-16.728457798088087
173,173,4.0186594091697845e-05,4.154415058253921e-05,-16.867067788908827,-16.73068202577387
174,174,4.003547203949696e-05,4.157602521253897e-05,-16.884920263504036,-16.727351191480572
175,175,4.021532797346434e-05,4.157684548102368e-05,-16.861984588121988,-16.727265508791895
176,176,4.0119874891801014e-05,4.158885464053846e-05,-16.874261370365602,-16.726011262933763
177,177,4.0053653251139696e-05,4.1672487943862124e-05,-16.879626492823647,-16.717286567120556
178,178,4.008946577705126e-05,4.14470917971094e-05,-16.878151914450175,-16.74084023354171
179,179,3.9872742809634894e-05,4.101345850932902e-05,-16.899447079182455,-16.786516930904614
180,180,3.988055542538053e-05,4.148228943354058e-05,-16.89764908395317,-16.73715368964879
181,181,3.969769003907862e-05,4.115014311728852e-05,-16.917729996677068,-16.772067363314406
182,182,3.9881768016223846e-05,4.098426277203927e-05,-16.901055403779903,-16.789609589563348
183,183,3.952934997700534e-05,4.0992433098022286e-05,-16.937582799616123,-16.788743897804522
184,184,3.9541724036848556e-05,4.1045052057597786e-05,-16.936923410471486,-16.783172755081768
185,185,3.951896465390671e-05,4.0901601383474805e-05,-16.93821613909157,-16.798377744478593
186,186,3.9581992805511785e-05,4.121159604677048e-05,-16.932127532176814,-16.765586520778935
187,187,3.958231140994443e-05,4.103432327515053e-05,-16.933461914123914,-16.784308107543218
188,188,3.948819577305688e-05,4.10040585465092e-05,-16.943479646595364,-16.787512413856835
189,189,3.9559361858223804e-05,4.084383602419525e-05,-16.933807492736143,-16.80451562366834
190,190,3.952687845797009e-05,4.121265814510958e-05,-16.936476566072418,-16.76547459657593
191,191,3.9297341760343956e-05,4.0799346032527915e-05,-16.963381927261356,-16.809248844326042
192,192,3.937317848523008e-05,4.0890311203455844e-05,-16.956546496554928,-16.799576704805595
193,193,3.933289304562273e-05,4.07930513718288e-05,-16.957941537068162,-16.809918940192684
194,194,3.9354120445684964e-05,4.083065237194349e-05,-16.95635696299278,-16.805917674072678
195,195,3.929183532312253e-05,4.090598859444359e-05,-16.964611125069155,-16.797911934028235
196,196,3.9250512103179285e-05,4.069177214803762e-05,-16.968601187465506,-16.82071482310047
197,197,3.9472736557165504e-05,4.045877856122771e-05,-16.94233330543521,-16.84565318919421
198,198,3.923862324469512e-05,4.045185931700919e-05,-16.97114820597583,-16.846395981407735
199,199,3.926052862148823e-05,4.047538976393346e-05,-16.967076078348388,-16.843870467774202
200,200,3.911798749240259e-05,4.0836653888139774e-05,-16.983702353965956,-16.805279370817395
201,201,3.924759483797783e-05,4.0640878547779526e-05,-16.969409008982247,-16.826149986580827
202,202,3.8943892091599095e-05,4.0445971918463906e-05,-17.004044776621917,-16.847028103348816
203,203,3.89975727754513e-05,4.0810185677592493e-05,-16.99744185841954,-16.80809515603342
204,204,3.9034975979467565e-05,4.0473078115610406e-05,-16.991643683420108,-16.84411851103861
205,205,3.9009376385215596e-05,4.064703688000966e-05,-16.9941314905297,-16.825491947880657
206,206,3.912884706541891e-05,4.032449904020483e-05,-16.98194321972512,-16.860091055657104
207,207,3.8981877934798534e-05,4.057553278950141e-05,-16.999341513094592,-16.833138551550046
208,208,3.8824973765343004e-05,4.047202310175635e-05,-17.015580734337348,-16.844231720284945
209,209,3.895090515836329e-05,4.047984379882875e-05,-17.002224871142563,-16.843392583221455
210,210,3.908471405066876e-05,4.034593267102824e-05,-16.98677100145966,-16.85778326887195
211,211,3.866516941418444e-05,4.0237453599968975e-05,-17.03350588879961,-16.86947597442865
212,212,3.87413473027223e-05,4.030566895763561e-05,-17.025050508543266,-16.862119527457505
213,213,3.883219235915734e-05,4.059857574726553e-05,-17.014967350737855,-16.83067288118966
214,214,3.871229753563104e-05,3.9896676561942225e-05,-17.030172116479275,-16.906413663534963
215,215,3.882922211823356e-05,4.0130627320123545e-05,-17.01613845600497,-16.8810213766956
216,216,3.8511171108429784e-05,3.9812015625341845e-05,-17.0492718527206,-16.915639204794143
217,217,3.859940169576541e-05,3.9826481377914256e-05,-17.043031953192596,-16.91406147622711
218,218,3.8484686735228965e-05,3.996758651306951e-05,-17.05517547382108,-16.89870162628743
219,219,3.8783736750495516e-05,4.005831598126526e-05,-17.02079896058285,-16.888853983702173
220,220,3.86895209941809e-05,4.0193847732888044e-05,-17.031056843450997,-16.87418503395982
221,221,3.8664301249922314e-05,3.992199574560417e-05,-17.03384699324547,-16.90365842298746
222,222,3.842360981543232e-05,3.973072441447968e-05,-17.061859554428803,-16.92451602663311
223,223,3.84566744484341e-05,3.981133608919519e-05,-17.057491871328807,-16.915713333499454
224,224,3.85313064585135e-05,4.019999821474286e-05,-17.04851626553293,-16.873520525301398
225,225,3.83844336218167e-05,3.984632406316354e-05,-17.06423843077395,-16.91189823650174
226,226,3.835741960390749e-05,3.9829288748717917e-05,-17.06889802036776,-16.913755352603612
227,227,3.824112591058851e-05,3.994745317246079e-05,-17.084138659582923,-16.900889899971094
228,228,3.831595885336337e-05,3.937013360356152e-05,-17.0725305472102,-16.964111977456295
229,229,3.8256004531315726e-05,3.950050095705879e-05,-17.078985886447043,-16.94975482815154
230,230,3.822841687540802e-05,3.944636065218794e-05,-17.08485298377878,-16.95571145235691
231,231,3.81314054261425e-05,4.0079183044757595e-05,-17.09356005413632,-16.886592258331852
232,232,3.8228626227961645e-05,3.986652671684217e-05,-17.084086432980136,-16.90969685965612
233,233,3.825859837270025e-05,3.9954067113668366e-05,-17.076580359003575,-16.90017091535945
234,234,3.840401222987566e-05,3.9856479576739824e-05,-17.062944914833427,-16.91079150415871
235,235,3.7923480666688996e-05,3.967854296972387e-05,-17.116006367818223,-16.93022370220388
236,236,3.8119717856650674e-05,3.944634868515239e-05,-17.095370310106247,-16.955712769897538
237,237,3.825909746963814e-05,3.953391512224794e-05,-17.079386044774544,-16.946082608087536
238,238,3.8175934099216616e-05,3.980223022824104e-05,-17.09077165334057,-16.916706788601523
239,239,3.78957920849981e-05,3.93292072036083e-05,-17.12216279708312,-16.96862894318531
240,240,3.804479902757202e-05,3.96210507460637e-05,-17.103074989791835,-16.93652097529008
241,241,3.7924199823839785e-05,3.9241466335002575e-05,-17.11958764258737,-16.978328590444637
242,242,3.7952381876728155e-05,3.9278193358577006e-05,-17.11504946625346,-16.974265825806945
243,243,3.8172589559030006e-05,3.915828634298554e-05,-17.092923316687926,-16.98754408510081
244,244,3.776699805271586e-05,3.925217845933634e-05,-17.134965484623894,-16.977143216385706
245,245,3.783622185100163e-05,3.944695862102028e-05,-17.126163213962055,-16.955645617995614
246,246,3.790628200936366e-05,3.9295386350683036e-05,-17.12244404188735,-16.972365232313344
247,247,3.779017040250972e-05,3.907094421600433e-05,-17.13409675667475,-16.99724179509388
248,248,3.7727403735319516e-05,3.9178872324746884e-05,-17.14176449480538,-16.98526154673936
249,249,3.7790503408837845e-05,3.9295027243880263e-05,-17.132664395420438,-16.972404921149607
250,250,3.77226885772411e-05,3.9235122370117e-05,-17.14122838660615,-16.979030748628283
251,251,3.770504451129398e-05,3.915729058989152e-05,-17.143809334372143,-16.98765452291945
252,252,3.769108847449126e-05,3.935530204264643e-05,-17.144445938244495,-16.965748364752667
253,253,3.763231450779431e-05,3.900023435371144e-05,-17.150968094590333,-17.00510869603466
254,254,3.774382414646716e-05,3.9420582604514876e-05,-17.139455427615296,-16.958550478137553
255,255,3.768970561123779e-05,3.898243879743141e-05,-17.145547585716262,-17.0070908060898
256,256,3.763737186091021e-05,3.872850701506985e-05,-17.151191998394694,-17.035473310824017
257,257,3.7436171680252004e-05,3.907544094928246e-05,-17.174003697697454,-16.996741987854605
258,258,3.771707684491142e-05,3.853969084095872e-05,-17.14128806025148,-17.056698598331323
259,259,3.746400133676025e-05,3.910968830735472e-05,-17.16986803612086,-16.992937315604728
260,260,3.7523144933355485e-05,3.888925474664e-05,-17.16674728282141,-17.017484656932073
261,261,3.7403165517445684e-05,3.875859817382757e-05,-17.17763832393302,-17.032100252860985
262,262,3.748154462694392e-05,3.8873126533489035e-05,-17.168013720259236,-17.019286143450245
263,263,3.753867535236815e-05,3.918925875424113e-05,-17.163865800903533,-16.984110372408587
264,264,3.756392971368281e-05,3.906344241649525e-05,-17.158028934420578,-16.99807574037241
265,265,3.771983158247205e-05,3.871214530112124e-05,-17.141786249436024,-17.037308471550475
266,266,3.74857906732809e-05,3.8682372082564e-05,-17.169100473754806,-17.040649882700222
267,267,3.747812477684551e-05,3.885733492911401e-05,-17.169372903536605,-17.021050755831485
268,268,3.733172772776878e-05,3.8804052995769065e-05,-17.187229543153443,-17.02700997285963
269,269,3.729148538133307e-05,3.835701634096423e-05,-17.18950679951671,-17.077332687742594
270,270,3.7154025683532345e-05,3.871630504267829e-05,-17.206595028913306,-17.036841833564544
271,271,3.716442255815131e-05,3.8447556825734575e-05,-17.20686503314045,-17.067093388305622
272,272,3.7169822481354056e-05,3.880232907249592e-05,-17.20371030538027,-17.027202918425427
273,273,3.727672471363006e-05,3.860449884852738e-05,-17.193635913469954,-17.049401673752868
274,274,3.7096634205039496e-05,3.857390095761634e-05,-17.21332669010964,-17.052845252762058
275,275,3.714546531312211e-05,3.828016997431405e-05,-17.208091442116142,-17.086042288337445
276,276,3.7157741428824555e-05,3.855962227374364e-05,-17.20592110584231,-17.054453153821363
277,277,3.6998440862720896e-05,3.8438075582809305e-05,-17.224641696492192,-17.068164499090802
278,278,3.69415785226198e-05,3.849611771568705e-05,-17.23376075354133,-17.06161152654935
279,279,3.698828126308052e-05,3.886536777779264e-05,-17.225767867271195,-17.020153045961393
280,280,3.7162030774610326e-05,3.851381992908979e-05,-17.204618263070856,-17.059614907939125
281,281,3.698070228433467e-05,3.8094054807994614e-05,-17.22763436785609,-17.107208840262537
282,282,3.6876050685772424e-05,3.846044474860384e-05,-17.239700366749407,-17.06563784305074
283,283,3.724125254501411e-05,3.813828382255068e-05,-17.196158054779787,-17.102169399137658
284,284,3.684096725581972e-05,3.856266879378573e-05,-17.243478460935503,-17.054110039833006
285,285,3.68202183249805e-05,3.834396767687347e-05,-17.244901986999473,-17.078810364447286
