,epoch,train_loss,test_loss,train_dbs,test_dbs
0,0,0.0010656115074507584,0.0008938919207522352,-2.6309406110208764,-3.4029307430869418
1,1,0.0007378536500948836,0.0006090660554994093,-4.228450676645312,-5.069136902742932
2,2,0.0005453805992446994,0.0005089583328778023,-5.54143718389647,-5.848958571187154
3,3,0.0004955549759204624,0.0004891151452044907,-5.955665733574307,-6.02166975588151
4,4,0.0004861293601822684,0.00048497227467841615,-6.040940681409385,-6.05861175144875
5,5,0.00048146789537061046,0.0004810292693467713,-6.081339966485439,-6.094065834903006
6,6,0.00047866998422775684,0.0004768695798702538,-6.107236754431851,-6.13178467219347
7,7,0.0004758356860958846,0.0004771364589319809,-6.132230562563009,-6.129354832084437
8,8,0.0004753481993360503,0.0004746391925053965,-6.137917905733502,-6.15214489854751
9,9,0.0004750439805967599,0.00047467951203304296,-6.140922907667515,-6.151775990860417
10,10,0.0004741780417275221,0.0004748076500714217,-6.146385659591669,-6.1506037866316765
11,11,0.00047365057890629876,0.00047394881901135176,-6.149987433887112,-6.158466409007538
12,12,0.00047287145916362935,0.00047289539208194534,-6.15730282080195,-6.168130040805327
13,13,0.0004684417112490412,0.00046396328252740204,-6.199244053333689,-6.25094473933977
14,14,0.0004607650004903373,0.00046161336266729787,-6.271977842907873,-6.272997141509963
15,15,0.0004604717826989201,0.0004609044929231076,-6.276200906884018,-6.279671446554924
16,16,0.0004597401097008824,0.00045991584499317567,-6.282340005942952,-6.288997142085692
17,17,0.0004591158286370721,0.0004594299182491867,-6.286969801133361,-6.293588131278524
18,18,0.00045848007406319307,0.0004590379616466204,-6.29327435077985,-6.297294839018656
19,19,0.00045711546266192246,0.0004580544926667292,-6.305767656890424,-6.306609392045615
20,20,0.00045611043448665555,0.0004561365578985332,-6.316145627205621,-6.32483205366587
21,21,0.00045562261858350146,0.0004556400005975248,-6.320683076673887,-6.329562425709056
22,22,0.00045468900580746457,0.00045503021561001474,-6.331974406338254,-6.335378500289939
23,23,0.00045405044916479553,0.00045598746510222554,-6.335018148585927,-6.326251820664037
24,24,0.00045414283132353393,0.00045400425197409565,-6.336959210347447,-6.34518166069347
25,25,0.00045335991098065427,0.0004543683516155732,-6.342306369178846,-6.341700127388742
26,26,0.0004533266032969137,0.00045406634269870425,-6.34517195980467,-6.3445877496192615
27,27,0.0004532227842329243,0.00045381272272942096,-6.3449364358607525,-6.347014190765881
28,28,0.0004524129488476619,0.000452942878167194,-6.3514657084118635,-6.35534650895603
29,29,0.0004518099510850212,0.0004525559167010023,-6.3567796403639365,-6.359058391084621
30,30,0.00045162959914827315,0.0004534160957279566,-6.360944358047789,-6.350811533301295
31,31,0.00045130099169909954,0.0004521241675032989,-6.362533670408088,-6.363203642243301
32,32,0.0004512321173343039,0.0004513893876910994,-6.3636324667887925,-6.370267418682907
33,33,0.00045058642005183034,0.0004520464863162488,-6.367829818215087,-6.363949884356424
34,34,0.00045063254422239346,0.00045292307377645845,-6.368992936135972,-6.355536403224532
35,35,0.00045073600683946967,0.00045179272235959376,-6.365868313760286,-6.366388554595979
36,36,0.00045087905996719126,0.00045136482712175504,-6.368511132957556,-6.370503729288081
37,37,0.0004503687897087411,0.00045155445083142504,-6.372906417477667,-6.368679589877853
38,38,0.00045029327186957464,0.00045077235891336675,-6.371080325796116,-6.376208088105822
39,39,0.0004507991870548384,0.00045094401636896163,-6.369767867654012,-6.374554577341539
40,40,0.0004499813574174246,0.00045133448408083305,-6.374357167498557,-6.370795693956227
41,41,0.0004504382629523572,0.00045146452918599705,-6.370254307843161,-6.369544521300256
42,42,0.0004502848734642312,0.0004515335496858154,-6.3731009368649385,-6.368880616847542
43,43,0.0004504798913312135,0.00045086387207878654,-6.373489014982118,-6.375326498357459
44,44,0.0004501123570587448,0.0004508989375991453,-6.373147254308346,-6.37498874297786
45,45,0.0004499826298848985,0.0004509251693410701,-6.375339545339412,-6.374736092806187
46,46,0.00045019758567598064,0.0004499182426738308,-6.372927057690113,-6.384444836224877
47,47,0.00044991856335287856,0.0004506702105955858,-6.373807693826467,-6.377192342731428
48,48,0.0004501798788455229,0.00045069344770653466,-6.373530422809077,-6.376968420922072
49,49,0.0004495186104136759,0.0004500316174112652,-6.378670198180437,-6.3833505969722415
50,50,0.0004499925428895837,0.0004511351228422044,-6.3744144194817896,-6.372714461892254
51,51,0.000449963632884637,0.0004511722991561615,-6.376034503875129,-6.372356591223687
52,52,0.0004494439032812094,0.0004511950277159677,-6.37694824389939,-6.37213781361919
53,53,0.0004498418159518852,0.0004504443204496056,-6.37716429198485,-6.379369709594142
54,54,0.0004497615724907631,0.00045124549682154074,-6.37746221645507,-6.371652054093019
55,55,0.00044965175233694927,0.0004501889527187143,-6.378544175480426,-6.381832527761279
56,56,0.00044918059102576417,0.0004505371632005431,-6.381346760414138,-6.378474661354167
57,57,0.0004496228777366623,0.0004498817449386575,-6.376540816677505,-6.384797153744652
58,58,0.00044967006104662245,0.00045096363847781166,-6.378424018886868,-6.374365605143501
59,59,0.00044948734539877814,0.0004511190605913534,-6.379503241164473,-6.372869091198283
60,60,0.00044971861943756184,0.0004500209883860263,-6.3778872804638365,-6.383453171576875
61,61,0.00044969145776271895,0.0004506630556486351,-6.3798430438811256,-6.377261292898817
62,62,0.00044989569974371915,0.00045165449141916866,-6.3763379365630755,-6.367717529531266
63,63,0.0004498055351768457,0.00045015553692600836,-6.377742941241154,-6.382154899798965
64,64,0.0004493493671389777,0.0004491404014467997,-6.3796208445670475,-6.391959634935562
65,65,0.00044965363868521816,0.00045090004814004426,-6.378640325224426,-6.374978046541249
66,66,0.000449398386690612,0.0004502679006882796,-6.382122586118654,-6.381070988382734
67,67,0.00044922695402776076,0.00045058675459586084,-6.380867341299777,-6.377996652304962
68,68,0.00044952123785948323,0.00044970778368511483,-6.380067194954078,-6.386476817880714
69,69,0.000449049216035043,0.00044982541677247926,-6.382849545956029,-6.385340953167841
70,70,0.00044952940343418303,0.00045058951945975423,-6.37990141092068,-6.3779700034646245
71,71,0.0004492769688103809,0.00044983653137215267,-6.381261398918178,-6.385233645988363
72,72,0.00044944102230203367,0.0004500965740972836,-6.379362595132204,-6.382723790021507
73,73,0.0004497477544721254,0.0004494428346668811,-6.378572124442967,-6.389036253365411
74,74,0.00044899414558702906,0.00044930932467411225,-6.381810422989618,-6.390326545754973
75,75,0.00044946951285177437,0.00044989883654603834,-6.381884501973584,-6.384632162614015
76,76,0.000449482272331094,0.0004503900770367564,-6.379647714531739,-6.379892727253641
77,77,0.00044920741215578674,0.0004504329592332636,-6.383162199076143,-6.379479249787387
78,78,0.00044913685246918003,0.00045041869988812034,-6.383864937246646,-6.379616736461227
79,79,0.00044940259414436967,0.0004497275375270922,-6.380829750147682,-6.3862860540900055
80,80,0.00044896820777326284,0.00045069876451682493,-6.383379351631571,-6.376917187699972
81,81,0.00044925405809502164,0.00045140473306865285,-6.38337626710416,-6.370119778979866
82,82,0.00044950890983694916,0.0004500734733148037,-6.381637229426,-6.382946693291611
83,83,0.0004488141089917842,0.00044974563245073353,-6.384945386116218,-6.38611131790551
84,84,0.0004495252421865067,0.0004512026192203752,-6.379886833072199,-6.372064742762127
85,85,0.00044934206777828335,0.0004500351803328254,-6.379250930866249,-6.383316213809193
86,86,0.00044923690843789543,0.0004479625678964351,-6.383044344009573,-6.403363608011682
87,87,0.0004495829415805254,0.0004502301821240077,-6.38235089845373,-6.381434808465216
