,epoch,train_loss,test_loss,train_dbs,test_dbs
0,0,3.556658303591341e-05,3.613407295090024e-05,-28.475134498086973,-28.405552446268793
1,1,3.405342080834989e-05,3.602361994126113e-05,-28.65485988398836,-28.41884809587694
2,2,3.3763848585801225e-05,2.9725882613044968e-05,-28.6937809388932,-29.253374032057728
3,3,3.0689043764066376e-05,3.0906862775736954e-05,-29.106206155176878,-29.08417237731111
4,4,3.590396104253572e-05,3.325075431348523e-05,-28.43896647581401,-28.76670659660804
5,5,3.171076875248415e-05,3.1192034456532715e-05,-28.964185259646786,-29.044284597177416
6,6,3.321496790038547e-05,3.2932353334265494e-05,-28.766005771977802,-28.808493952946893
7,7,3.2975626859250457e-05,3.1896979874689256e-05,-28.790817067752887,-28.947225972663404
8,8,3.0860926242369424e-05,3.3981406742991805e-05,-29.083115067366712,-28.67230808063171
9,9,3.110384562008681e-05,3.1112951738147165e-05,-29.047602269681562,-29.055309463324008
10,10,3.214329726032111e-05,3.0033857384344293e-05,-28.902840713954987,-29.208610474561397
11,11,3.11457640339906e-05,2.8182040391823792e-05,-29.041712698871883,-29.484997286262562
12,12,3.37949367602369e-05,2.952146056295054e-05,-28.697784111579733,-29.283343214092035
13,13,3.7668793965233056e-05,3.127893035669235e-05,-28.21825230854849,-29.032202685399263
14,14,3.387853068732549e-05,3.0545359933105496e-05,-28.679298571918572,-29.135269146112353
15,15,3.195330838334672e-05,3.0470372238548743e-05,-28.938153732277424,-29.14594401870471
16,16,3.434929696839428e-05,3.0350556842581444e-05,-28.622841737891594,-29.163054981465166
17,17,2.8380669654015758e-05,3.185642067125484e-05,-29.445421521666894,-28.952751839665805
18,18,3.196088854349806e-05,3.113186267000856e-05,-28.94123763781311,-29.052670556393096
19,19,3.2496266472081355e-05,2.8594532906074738e-05,-28.852939176626688,-29.421891549384437
20,20,3.266625758583031e-05,3.3989387080318444e-05,-28.834737037174634,-28.67128828483835
21,21,3.388877327601334e-05,2.914716103412885e-05,-28.688926069243866,-29.338759012549687
22,22,2.8612203292591264e-05,3.0047342845232617e-05,-29.42164270943996,-29.206660892553813
23,23,2.9763804855768465e-05,3.156335251811757e-05,-29.249710136630355,-28.992890358402743
24,24,3.166920034402079e-05,2.945163075645197e-05,-28.972679391993353,-29.293628146806174
25,25,2.985980532197498e-05,2.703878200056926e-05,-29.228211712971603,-29.66485037331814
26,26,2.9598530531562648e-05,2.629541004831768e-05,-29.268015313850206,-29.785922140925067
27,27,2.7295755116188283e-05,2.6811150267971434e-05,-29.61854707111101,-29.701567149011847
28,28,2.572579711509722e-05,2.280539463658658e-05,-29.883209444854604,-30.40434569741904
29,29,2.665099941388933e-05,2.1647104356241853e-05,-29.723938759707135,-30.630723508497493
30,30,2.3949765649770588e-05,1.964373045905775e-05,-30.192361609746975,-31.05248195304955
31,31,2.0124960846044712e-05,1.803849878151117e-05,-30.940393653473034,-31.42271770236844
32,32,1.650383019858561e-05,1.4312886545858897e-05,-31.80003787615427,-32.42744932880242
33,33,1.3354452132318197e-05,1.2245423333393104e-05,-32.72953524780235,-33.104983580413034
34,34,1.2595912820186116e-05,1.2102622541102678e-05,-32.97579130373786,-33.155926730044804
35,35,1.3448896068664384e-05,1.1761360431256962e-05,-32.69389740331548,-33.280146023523244
36,36,1.3617965479854844e-05,1.4882666666955246e-05,-32.64236899624659,-32.25791406847479
37,37,1.6906399533703753e-05,1.4180983127612548e-05,-31.7048512383137,-32.46765821341053
38,38,1.5631146999515567e-05,1.4329652458400233e-05,-32.035478553647934,-32.42236504201394
39,39,1.721382166335351e-05,2.6474128246359453e-05,-31.616770244842645,-29.75650493300784
40,40,1.7830097003190023e-05,1.4373025494837508e-05,-31.47073929817565,-32.409239657158594
41,41,1.739546922687351e-05,1.4021370828375343e-05,-31.572947366319294,-32.5168168623848
42,42,1.979063124063313e-05,1.866288139832537e-05,-31.0225963550386,-31.274934654933762
43,43,1.8819523087511268e-05,1.5139457828856967e-05,-31.229784273815437,-32.183618390667704
44,44,1.8783766354880352e-05,1.551931224017416e-05,-31.242821077100214,-32.07599690657954
45,45,1.6240538012969354e-05,1.5314544294884208e-05,-31.872934078889806,-32.13368083333571
46,46,1.563924584824582e-05,1.6099254600320772e-05,-32.03148580792081,-31.9166639309508
47,47,2.2749765607325562e-05,3.2040845469868817e-05,-30.40828862891422,-28.92768194243437
48,48,2.0504714325163394e-05,1.4910597153510408e-05,-30.85536880697427,-32.24977124812827
49,49,1.7821664473042792e-05,1.4555686759290678e-05,-31.466145475992175,-32.35439460716859
50,50,1.7121160153786233e-05,1.4054245519601912e-05,-31.641075308787336,-32.506646255020634
51,51,1.872367866996786e-05,1.6325353331730614e-05,-31.25165718380355,-31.856095721044497
52,52,1.7391967766034024e-05,1.555820565619414e-05,-31.578254214796438,-32.06512653730825
53,53,1.3854441804892068e-05,2.1345435159578063e-05,-32.564333086400595,-30.691671486525884
54,54,1.5123450564190244e-05,1.4285073264449908e-05,-32.179578308542375,-32.4358968953618
55,55,3.457954807410865e-05,3.4484187093958575e-05,-28.587481325941617,-28.60852168952743
56,56,2.8046747624121616e-05,3.0268206979886408e-05,-29.502560392605268,-29.174854665490216
57,57,2.49549237327601e-05,2.2985938094758528e-05,-30.01102021977986,-30.370099289092426
58,58,2.1856123960778578e-05,1.6077318401872426e-05,-30.5844135077829,-31.922585488486057
59,59,1.8325711743713816e-05,1.6561203402058088e-05,-31.347474649930543,-31.793802705072927
60,60,1.87207283488533e-05,1.761527528287843e-05,-31.25568448932954,-31.525827271334904
61,61,1.6101119643318487e-05,1.5973240950092748e-05,-31.905467422577708,-31.950791187725418
62,62,1.77742974217123e-05,1.5794174176239483e-05,-31.47832048326587,-31.99975238594454
63,63,1.679012942161338e-05,1.4570594047606727e-05,-31.731634539988647,-32.34994903194116
64,64,1.6371239129062044e-05,3.191507738321027e-05,-31.843230423489754,-28.944762598612996
65,65,1.880802290205671e-05,1.454535059134574e-05,-31.24177306224599,-32.357479679935715
66,66,1.5781729004076398e-05,1.4322816432946925e-05,-32.000312806173554,-32.42443735780642
67,67,1.5191121756569627e-05,1.3850396522971814e-05,-32.16103627453599,-32.570099546506185
68,68,1.881365506988848e-05,2.0147908464040437e-05,-31.239314700771903,-30.94242192540985
69,69,1.4932809626395855e-05,1.3714847419147477e-05,-32.2345447274017,-32.61281181304068
70,70,1.4903918763030964e-05,1.5215185205881043e-05,-32.250870420031234,-32.16194918496327
71,71,1.407530788166002e-05,1.2969084381390866e-05,-32.49013227361142,-32.85562845710811
72,72,1.4468255616070705e-05,1.2818772263831066e-05,-32.378390295069735,-32.9062572964274
73,73,1.4633306026431437e-05,1.399898835523728e-05,-32.3290086134258,-32.52375509367512
74,74,1.2272150136774031e-05,1.229821399599467e-05,-33.09027625793875,-33.086301158967714
75,75,1.4251184916950656e-05,1.3183794994562815e-05,-32.43940939491957,-32.78431720433666
76,76,1.3635584281539345e-05,1.360085202338125e-05,-32.629650073776006,-32.649060461082655
77,77,1.8062972263653567e-05,1.3893426392697669e-05,-31.423278204831682,-32.5566279712152
78,78,1.2006197219719624e-05,1.3137447982252956e-05,-33.18843013972474,-32.79961152194859
79,79,1.3497649841568645e-05,1.207164618072535e-05,-32.676015384272304,-33.16705663837751
80,80,2.6085974925606315e-05,2.7342733263044227e-05,-29.808166252390112,-29.616302358415094
81,81,2.219913242875806e-05,1.421588577661743e-05,-30.513155600472142,-32.45698236351258
82,82,1.6687358395559847e-05,1.546092763467306e-05,-31.762130383117185,-32.0923661420136
83,83,1.589470153216023e-05,1.4425489265896e-05,-31.972250412367952,-32.39341609704396
84,84,1.6813023428523556e-05,1.4441763811957667e-05,-31.719543727892116,-32.388519236036906
85,85,1.2323731036453818e-05,1.2511594018417926e-05,-33.07555145973245,-33.01159517874513
86,86,1.2874654264133196e-05,1.2363341164401439e-05,-32.88149054321958,-33.06336307949192
87,87,1.9261382804711267e-05,1.391589308983193e-05,-31.126578407556064,-32.54961078065008
88,88,1.2052493823914832e-05,1.3626250237345966e-05,-33.170467049822804,-32.64095801428618
89,89,1.322894413252217e-05,1.2868117353623107e-05,-32.76012249857327,-32.889571487529146
90,90,1.3347835844337938e-05,1.2676560321491898e-05,-32.73266523156566,-32.95470734285788
91,91,1.3883207964344243e-05,1.2171812996759973e-05,-32.55617982279897,-33.13116890247499
92,92,1.039545543687016e-05,1.1651508118934304e-05,-33.808956326094645,-33.320900195153065
93,93,1.2326162068910486e-05,1.1463930437266276e-05,-33.061891715932234,-33.39138619531467
94,94,1.2057146892571442e-05,1.1194501463538281e-05,-33.15921853258738,-33.494674041902975
95,95,1.3301343384678007e-05,1.1322785786959636e-05,-32.73975347144925,-33.445188705646785
96,96,1.072760319262089e-05,1.1680800932816438e-05,-33.66842785203425,-33.309995390074285
97,97,1.1109141419136408e-05,1.132372338026088e-05,-33.51272113753365,-33.44482909914476
98,98,1.215576592294758e-05,1.1439020933099336e-05,-33.127636883216425,-33.400833069036096
99,99,1.2249957579996655e-05,1.18956165447583e-05,-33.095659912030236,-33.230852053894836
100,100,1.0055341159180166e-05,1.08462235833653e-05,-33.96332235813351,-33.63193608934215
101,101,1.1328346875781846e-05,1.1286342118852955e-05,-33.440880017777964,-33.459189508979506
102,102,1.0876927370697286e-05,1.1349661139990386e-05,-33.61106695607377,-33.434892663914006
103,103,1.070915663355485e-05,1.0766493927037932e-05,-33.68411494058076,-33.66397861878855
104,104,9.607528325657243e-06,1.0970151379297022e-05,-34.15194240242179,-33.58259541112996
105,105,1.0497919100595664e-05,1.072386516840963e-05,-33.76617417210178,-33.681208167017544
106,106,2.131659862852851e-05,2.2631900097430364e-05,-30.699216262298165,-30.43751144270425
107,107,1.7689317209044828e-05,1.359295976343626e-05,-31.50239253831641,-32.65158130300578
108,108,1.0747622633699421e-05,1.0634165870502138e-05,-33.6720354322062,-33.717687315382285
109,109,1.313086892606435e-05,1.1164057468704414e-05,-32.792783017663126,-33.506500982247935
110,110,1.1598973367316708e-05,1.0661582348946372e-05,-33.340078332682154,-33.70650495939541
111,111,1.614239643215077e-05,1.0644058276834825e-05,-31.898150767700606,-33.71364917971569
112,112,9.89479422903819e-06,1.1138818296642153e-05,-34.02550625319733,-33.5163304212395
113,113,1.0817521300494488e-05,1.0636965223391981e-05,-33.650492550920944,-33.71654422288324
114,114,1.1264125809360586e-05,1.1538930960485136e-05,-33.46196510927189,-33.363065867478674
115,115,1.086537328127324e-05,1.0570903501310999e-05,-33.614480964308264,-33.7436005334739
116,116,1.058331969671627e-05,1.0414249166052813e-05,-33.73031953956098,-33.80844197470974
117,117,1.0928721124954106e-05,1.0339820475660657e-05,-33.591382701305356,-33.83959163226066
118,118,1.0057666962162217e-05,9.907922312298692e-06,-33.962702960426185,-34.02489569006806
119,119,1.1181628076545954e-05,9.572397271097687e-06,-33.486699097265536,-34.1745144735479
120,120,9.996172438965829e-06,1.009762411884271e-05,-33.97927006192497,-33.94252961471823
121,121,1.1648999368600889e-05,1.1255347137768312e-05,-33.32352739838652,-33.47113267577753
122,122,1.1614614379009863e-05,1.0934994813731847e-05,-33.33301109361124,-33.59653580249071
123,123,1.3687167900327003e-05,1.0628049231423861e-05,-32.609662239362024,-33.720186041559245
124,124,1.0012367534521396e-05,1.0012784179324577e-05,-33.97359937038316,-33.97917306384146
125,125,1.0001050916976852e-05,1.0149276907836075e-05,-33.983546158593526,-33.92037059900364
126,126,1.1174780753470859e-05,1.0245012785354016e-05,-33.498530337742785,-33.87959656925663
127,127,1.0435523816659511e-05,1.0175638659635105e-05,-33.78751256162408,-33.909104850103944
128,128,1.6284834117934373e-05,1.0938507569478947e-05,-31.85438319105034,-33.595140899723305
129,129,1.0223035142470761e-05,1.1453448798037195e-05,-33.88590983894901,-33.39535882966273
130,130,1.0210588838744275e-05,1.0747026097210197e-05,-33.89099953519167,-33.671838581609194
131,131,9.829681210849043e-06,1.0639722380514477e-05,-34.05328415675871,-33.71541865469985
132,132,9.658579613445459e-06,2.2878887313326184e-05,-34.13572855810411,-30.390372623906853
133,133,2.2498603582264587e-05,2.169557381804273e-05,-30.457397949003102,-30.62101020536884
134,134,1.9240404221771725e-05,1.8309009216241784e-05,-31.13909865838194,-31.35807318356868
135,135,1.2753630251365357e-05,1.1737654068910112e-05,-32.917975297330756,-33.28890855766768
136,136,1.1067832587024295e-05,1.1083849992581618e-05,-33.538478614107916,-33.53781522181246
137,137,1.0432573631500344e-05,1.0101349863888523e-05,-33.79350049226786,-33.940927483308876
138,138,9.704632843421837e-06,1.050147937731756e-05,-34.11234809061107,-33.77221677798804
139,139,9.637708693113269e-06,1.045354663706109e-05,-34.14113646437299,-33.792085005198196
140,140,1.001805253274386e-05,1.0720789568471159e-05,-33.981466995499446,-33.68245390037848
141,141,9.484578223452549e-06,1.031924416326403e-05,-34.20894168807243,-33.84824273243665
142,142,1.035781997416052e-05,1.1432082637360222e-05,-33.8208649867195,-33.40346806531991
143,143,1.0267526990385695e-05,1.0522530757091436e-05,-33.86227749408643,-33.76351957791133
144,144,9.079317280957559e-06,1.0152573108107868e-05,-34.399752597674265,-33.918960361413724
145,145,1.11570595211176e-05,1.0756202707278517e-05,-33.505255859977254,-33.66813183468907
146,146,7.730485683084422e-06,9.995334446437865e-06,-35.09785793967725,-33.98674831343542
147,147,1.2929748082410462e-05,2.792203040850214e-05,-32.861723310565495,-29.52525165919115
148,148,2.922972876102407e-05,2.2669464286943702e-05,-29.320251466582285,-30.430309044196576
149,149,2.4793682426853902e-05,2.1465749676664065e-05,-30.032228110648656,-30.66726101126006
150,150,2.1840480881625818e-05,1.9547983787273743e-05,-30.588910764327135,-31.07370191484148
151,151,1.6252262121645227e-05,1.3485034550716304e-05,-31.86614768544913,-32.68620098125771
152,152,1.3503128150087954e-05,1.3410495763597091e-05,-32.66932190807449,-32.71027328355903
153,153,1.366509868322029e-05,1.1784757373932639e-05,-32.61543010296912,-33.271515160018865
154,154,1.125588733444114e-05,1.0731055346312993e-05,-33.46152339865874,-33.6782972686042
155,155,9.401187540301106e-06,1.0568930137148863e-05,-34.24869461975285,-33.744411345123176
156,156,1.0155145962026208e-05,1.0716175031695074e-05,-33.904834921092174,-33.68432363140312
157,157,9.598286790596549e-06,9.869948826235486e-06,-34.15235979266327,-34.04157260701766
158,158,8.65589096796724e-06,1.0329357696479602e-05,-34.60813938627146,-33.84398844728056
159,159,1.0088764761302131e-05,1.0238280920978133e-05,-33.93575314310125,-33.88245119966768
160,160,8.823489880932798e-06,1.0731296194870466e-05,-34.535749341658956,-33.678199796340465
161,161,9.329423499872701e-06,1.0583568191099116e-05,-34.2747795778027,-33.738400492908404
162,162,1.067392771257857e-05,1.0206510906803152e-05,-33.692555126540746,-33.895948576474666
163,163,9.229367353008897e-06,1.0343955158245272e-05,-34.3238582267537,-33.83785532464775
164,164,9.989069805725972e-06,1.0420510247250173e-05,-33.97632452577727,-33.80583176641055
165,165,9.286419707180911e-06,1.0219995242790136e-05,-34.299017202378444,-33.89021468001771
166,166,9.984167263610289e-06,9.709929193042244e-06,-33.98798975515629,-34.11256098696997
167,167,9.464571252765287e-06,1.0402076058151005e-05,-34.21404490137896,-33.81352136709535
168,168,1.1731587914930304e-05,9.759600145212302e-06,-33.27980261012812,-34.09040136835237
169,169,4.60441425491002e-05,4.6351570697305233e-05,-27.3399570306021,-27.3240770614999
170,170,3.7281647986599204e-05,3.501060147850934e-05,-28.262855178745298,-28.542725896814737
171,171,2.8654668486271157e-05,3.170911752117957e-05,-29.40372603893455,-28.972880060578397
172,172,3.0014765226163964e-05,2.966621229317848e-05,-29.20228530653345,-29.262100614075628
173,173,3.0445617253978535e-05,3.0994912393859854e-05,-29.136452366409102,-29.0718174847514
174,174,2.6886047836932887e-05,2.9477932768809535e-05,-29.694028145932265,-29.289751376334774
175,175,2.937402222386547e-05,3.190043700765512e-05,-29.299127210416287,-28.94675529098219
176,176,2.6730359868170782e-05,3.0218055766645673e-05,-29.709534817244734,-29.182056433023305
177,177,2.8560255393046844e-05,2.992425010904155e-05,-29.424558357959242,-29.224488856937413
178,178,3.050872455975137e-05,2.743509077462429e-05,-29.137324549572053,-29.601657601580065
179,179,2.9850391845534478e-05,2.8263024911498896e-05,-29.234103740720933,-29.472535203365204
180,180,2.8816132304275445e-05,2.8387969618243485e-05,-29.38945756050385,-29.453378298842537
181,181,2.7047832106487925e-05,2.764112339623113e-05,-29.661029733474336,-29.569164718981916
182,182,2.509692072616764e-05,3.010728151390427e-05,-29.97532975042869,-29.19800618247994
183,183,2.8601782199159772e-05,2.719515018007338e-05,-29.410775469406964,-29.639807001778927
184,184,2.7079543326987367e-05,2.7296649070769108e-05,-29.65333629723243,-29.62362825204675
185,185,2.833933326046369e-05,2.582408275262232e-05,-29.450796479249508,-29.864472569149143
186,186,2.4362799180868098e-05,2.8454676219936165e-05,-30.11828980539694,-29.443185134223427
187,187,2.6545931248001205e-05,2.526419460704538e-05,-29.734704872008464,-29.959667036497
188,188,2.5144078279612886e-05,2.564167358574004e-05,-29.978068256584347,-29.895257942562537
189,189,2.515745261485584e-05,2.6184326375905104e-05,-29.976278978333056,-29.804307560248805
190,190,2.8150861720691348e-05,2.617239543293468e-05,-29.480359619550548,-29.806286883096625
191,191,2.661072800581622e-05,2.5375146211253625e-05,-29.728223164591824,-29.940636083173576
192,192,2.6335116390984376e-05,2.5795416341249e-05,-29.76328290673539,-29.869296198116405
193,193,2.257111851370788e-05,2.2800003343467036e-05,-30.435646291505716,-30.405372509580207
194,194,2.3170065124412356e-05,2.161199159002679e-05,-30.32757502737008,-30.637773717766503
195,195,2.308599374073404e-05,2.1046100109264155e-05,-30.34796415395317,-30.75300529783856
196,196,2.0970763300996175e-05,2.0053210870460852e-05,-30.759384497843904,-30.96288240964038
197,197,1.930145503344469e-05,1.744904976045578e-05,-31.127230144392346,-31.567003804944736
198,198,1.5386689797524762e-05,1.2360049631273509e-05,-32.107239568942276,-33.06451946996823
199,199,1.2316478149063487e-05,1.1347257225823246e-05,-33.07512072190456,-33.43581261846011
200,200,1.3147587482701956e-05,1.1808625219457195e-05,-32.795939489905436,-33.26272822401994
201,201,1.1495272926752187e-05,1.1405834548464841e-05,-33.37506921223976,-33.413450941686726
202,202,1.0777181474041595e-05,1.1696518533043624e-05,-33.647811458734324,-33.30415548350505
203,203,1.061947049839949e-05,1.1909029796554119e-05,-33.71844474784516,-33.225957797729635
204,204,9.598825211459999e-06,1.1433587707487228e-05,-34.15259425430253,-33.40289634042218
205,205,1.2371400513525118e-05,1.1280651051492896e-05,-33.04912266129137,-33.461379964025376
206,206,9.94568812267371e-06,1.0841270547021658e-05,-34.00455542427737,-33.63391979144916
207,207,1.0516028321513453e-05,1.0861554049992456e-05,-33.75470859055501,-33.6258019393794
208,208,1.0106289941289752e-05,1.0971971852612975e-05,-33.93326137445543,-33.58187476845648
209,209,9.622717897466068e-06,1.1027105373566309e-05,-34.14246532568774,-33.56010636989834
210,210,1.0956209767830364e-05,1.0630213230462304e-05,-33.57847194560533,-33.71930185561397
211,211,1.0476611252445379e-05,1.0705966312678739e-05,-33.780438407494714,-33.688462891433616
212,212,1.0129722204979284e-05,1.0791454626182953e-05,-33.925087661114944,-33.653921726111086
213,213,1.0554003175766598e-05,1.0527745153491483e-05,-33.75416424929882,-33.76136798271236
214,214,1.043097909038722e-05,1.0495010237240135e-05,-33.800299222217106,-33.774892950985304
215,215,9.753134358125516e-06,1.0489396524797867e-05,-34.089907997355795,-33.7772165853129
216,216,9.646479316195592e-06,1.0078440338570785e-05,-34.13491261776044,-33.95078832388564
217,217,1.054126628379478e-05,1.063085282064429e-05,-33.736803830271974,-33.71904056063833
218,218,9.696901083630437e-06,1.0446644433901192e-05,-34.10539777035896,-33.79495348505478
219,219,9.09490761879385e-06,1.0493552317233193e-05,-34.395578777140976,-33.77549629541487
220,220,9.154746805375607e-06,1.0775580401394491e-05,-34.35968752005163,-33.660314899272144
221,221,1.1693267551140942e-05,1.0022018518372389e-05,-33.29154831150237,-33.97516960761881
222,222,1.0225059696429375e-05,9.98172402576433e-06,-33.88301899734283,-33.9926660330213
223,223,9.051633157665942e-06,1.031777212215514e-05,-34.40639360885926,-33.848862298097664
224,224,1.0723063988950447e-05,1.0617659977709226e-05,-33.675429412118625,-33.72443348359527
225,225,1.043856450591774e-05,1.0843676902464052e-05,-33.79650674742744,-33.63295592755523
226,226,1.1277063460567529e-05,9.888807701492241e-06,-33.454900058442256,-34.03328229994849
227,227,9.560420292792074e-06,1.007268582198824e-05,-34.167344859321005,-33.953268735993476
228,228,1.0197965403892444e-05,1.0076904800371267e-05,-33.89506374393192,-33.951450059781
229,229,8.794538451784132e-06,1.0025616240071892e-05,-34.53082515657686,-33.97361084947391
230,230,9.45943512521911e-06,1.0459109034854919e-05,-34.22501746312796,-33.789774711600984
231,231,9.945885907298586e-06,9.866415152110245e-06,-34.00766805627739,-34.04312776195048
232,232,9.588738001034518e-06,1.1700374646974715e-05,-34.15686453754634,-33.302723935304066
233,233,1.0398049175116107e-05,1.0137582289883684e-05,-33.81032567998603,-33.92537769108998
234,234,9.600622698814836e-06,1.052970109364986e-05,-34.153749922019514,-33.760561185905004
235,235,9.151710790170046e-06,1.0053837740997551e-05,-34.36498833864708,-33.961402897798436
236,236,8.441069702402996e-06,1.0110241634576692e-05,-34.713917267239324,-33.93710626300206
237,237,9.457894286486445e-06,9.85017679436408e-06,-34.227569226555524,-34.05028136210407
238,238,9.483566722356608e-06,1.0190264196066173e-05,-34.208880871972084,-33.90286717834069
239,239,1.0090007313901316e-05,9.77351158469805e-06,-33.94299777468596,-34.084215295688644
240,240,1.0513373827614993e-05,9.835327091423096e-06,-33.76385787238185,-34.05683353908249
241,241,1.979274995542208e-05,1.587868006792728e-05,-31.01576176421604,-31.976577632414575
242,242,1.3062512223150032e-05,1.555318689689126e-05,-32.81806420795901,-32.06652770859072
243,243,1.1790665831006091e-05,1.1539435538572051e-05,-33.26292480490346,-33.362875961941924
244,244,9.946709344580291e-06,1.0276471584802493e-05,-34.00763340286354,-33.86628135924206
245,245,9.76132648163199e-06,1.0377105139157625e-05,-34.09061311344656,-33.82395944686797
246,246,8.473016369515386e-06,9.938948503412049e-06,-34.69764183788131,-34.01131721243634
247,247,8.839056867258215e-06,1.0087798153491397e-05,-34.51397722075654,-33.94675777780637
248,248,9.271046588558598e-06,9.704302963080791e-06,-34.311169173930956,-34.115078151362496
249,249,9.391208076869083e-06,9.490847524399501e-06,-34.25141618178539,-34.21167165367697
250,250,9.123607525776306e-06,9.938310085999547e-06,-34.381743969923974,-34.01159618567427
251,251,8.272327847604624e-06,1.0035008783329671e-05,-34.795105005721034,-33.9695440469678
252,252,1.0320265714325774e-05,9.914662194588394e-06,-33.83818993482042,-34.02194239828224
253,253,1.161489082320615e-05,1.1157329792790973e-05,-33.331751314369185,-33.50911891327479
254,254,8.619517433844427e-06,1.0346911853718522e-05,-34.62585754640551,-33.8366141233615
255,255,9.872577514393812e-06,9.711352025700953e-06,-34.03427682193407,-34.111924645457286
256,256,8.852658665250836e-06,1.021124049465901e-05,-34.51259103821705,-33.89393656848826
257,257,1.5870106240400512e-05,3.743471490069121e-05,-31.976562736087576,-28.251976317145914
258,258,3.8586099941950155e-05,2.9346208688557933e-05,-28.11878813684666,-29.30920160047396
259,259,2.7544234042804803e-05,2.7494792352387632e-05,-29.571305138535347,-29.592217175161153
260,260,2.5488442991717392e-05,2.414376046401326e-05,-29.920934536075215,-30.156672479307435
261,261,2.6663746493139434e-05,2.3897097554780838e-05,-29.721327278737483,-30.201270051522776
262,262,2.3354487096832e-05,2.4171843602073894e-05,-30.2954848124921,-30.15162386054193
263,263,2.5751617214933203e-05,2.59591853663503e-05,-29.874214204443327,-29.84181102039237
264,264,2.630937135258999e-05,2.3666992140198617e-05,-29.773188030163915,-30.243290950938665
265,265,2.4976257009257097e-05,2.43656502214818e-05,-30.002697714218257,-30.116941561949766
266,266,2.6520491157554586e-05,2.262453376476371e-05,-29.732608092364757,-30.438925234019308
267,267,2.504851398174951e-05,2.326527062809634e-05,-29.997047436087758,-30.317640529120137
268,268,2.3190662788467833e-05,2.3648847529425677e-05,-30.33660703126123,-30.246621803683226
269,269,2.5429553997381254e-05,2.358030231239115e-05,-29.92836757327755,-30.259227929569477
270,270,2.284824349959477e-05,2.3427647456149937e-05,-30.395377719562703,-30.28743481588591
271,271,2.6104720108350258e-05,2.2206651919987053e-05,-29.81898736974766,-30.519890764093933
272,272,2.328732478080261e-05,2.2747638276517757e-05,-30.3106476911824,-30.415358479800155
273,273,2.215783439806756e-05,2.4007947726395767e-05,-30.522211255061208,-30.181171248362837
274,274,2.3820254199628983e-05,2.390385447812916e-05,-30.20505605266537,-30.200042253991736
275,275,2.41429561637486e-05,2.4419950262343166e-05,-30.15294809998661,-30.107273865901103
276,276,2.236296939503818e-05,2.3716925361919782e-05,-30.485195833253794,-30.234137747983887
277,277,2.246413455817599e-05,2.3828020666290906e-05,-30.46235881846444,-30.213841935497364
278,278,2.400806485085698e-05,2.3141763832475254e-05,-30.18204443705343,-30.34075704457042
279,279,2.1803877296912743e-05,2.179458581514681e-05,-30.59600810645825,-30.60123541555898
280,280,2.489627523413894e-05,2.149146396397172e-05,-30.016261083098698,-30.662061617039065
281,281,2.2963338361693888e-05,2.2102313730436818e-05,-30.37441126283635,-30.540344224500128
282,282,2.3699692275803283e-05,2.3039801195217908e-05,-30.228786156711145,-30.359934342978487
283,283,2.5248796341610116e-05,2.2560115451740688e-05,-29.97242506276569,-30.451308438191038
284,284,2.555486881393926e-05,2.0837223401988586e-05,-29.90343738907951,-30.796323136935957
285,285,2.0452518096060455e-05,2.151142617597208e-05,-30.86412644640469,-30.65802957216355
286,286,2.2724878447464568e-05,2.0209423861447967e-05,-30.412611201745836,-30.929182289984407
287,287,1.80462407162437e-05,1.9527648682445654e-05,-31.422313071398765,-31.078222084601933
288,288,2.2001975453677754e-05,2.2040173845246164e-05,-30.554087895600293,-30.55257145887356
289,289,2.149610331939256e-05,2.6186448466385054e-05,-30.65337692081407,-29.80395560357495
290,290,2.2826120678558056e-05,2.3432418521751013e-05,-30.38685940163667,-30.28655046054954
291,291,2.3183850265285373e-05,2.1928995058835043e-05,-30.32957045765648,-30.57453431946471
292,292,2.1770221731448774e-05,2.3746597004279274e-05,-30.59920286475778,-30.228707796062075
293,293,2.449696538738844e-05,2.2291765737080776e-05,-30.08869143155092,-30.50327691213116
294,294,2.2828334852785757e-05,2.0952410905968128e-05,-30.390809993435983,-30.77238159024313
295,295,2.200542265425086e-05,2.1614234643302072e-05,-30.55045695996272,-30.63732299803183
296,296,1.9443826926194044e-05,1.951000515538525e-05,-31.096205575556205,-31.08214777490966
297,297,1.942293393420693e-05,1.8557642569679667e-05,-31.094607434841492,-31.299493559261236
298,298,1.9215807612651127e-05,1.585038920606358e-05,-31.147343171468734,-31.984322308658065
299,299,1.4272474462692098e-05,1.3024718387704956e-05,-32.432739965566306,-32.837038196147724
300,300,1.2750884754083373e-05,1.2086502609140313e-05,-32.92795437165413,-33.16171511510858
301,301,1.3690899430509217e-05,1.2585120849076989e-05,-32.62011386600827,-32.986147714120065
302,302,1.1694575427962676e-05,1.2807854976639838e-05,-33.30447885594377,-32.90995760222796
303,303,1.233237575077735e-05,1.174167884624024e-05,-33.06602491799624,-33.28741964091796
304,304,1.1087398227751579e-05,1.1263959741451177e-05,-33.53028858295164,-33.46781072057107
305,305,1.1621413297276732e-05,1.1359890705582648e-05,-33.3297482908554,-33.430980086316985
306,306,1.1210876704184951e-05,1.0841543850179541e-05,-33.485405638948535,-33.63381030930243
307,307,9.24202638004514e-06,1.0279008500602734e-05,-34.310880863538515,-33.865209364295595
308,308,8.360009346266526e-06,1.0043006137780858e-05,-34.75030164543843,-33.96608433533265
309,309,9.93623987446928e-06,1.0165338632137527e-05,-34.00239613266797,-33.91350311025026
310,310,8.007877727557326e-06,9.978939703471138e-06,-34.940737892167284,-33.993877631825846
311,311,9.977837391451216e-06,1.0174369579449136e-05,-33.995591226697435,-33.9096465250911
312,312,9.8284044584362e-06,9.697154741604064e-06,-34.04841148243384,-34.118278357584614
313,313,9.424947719023679e-06,1.0361995512204502e-05,-34.23557861790056,-33.83028761787278
314,314,8.727063089084827e-06,9.354461326438468e-06,-34.5547508851042,-34.27453377792881
315,315,9.14153459459542e-06,9.773016125492225e-06,-34.36445649909511,-34.084435462873664
316,316,9.083531888781809e-06,9.943943280775688e-06,-34.395139077572395,-34.00913523175009
317,317,8.751152542394379e-06,9.878657573081958e-06,-34.55650728554495,-34.03774230034345
318,318,8.888723008679982e-06,9.909282700965904e-06,-34.49162941583302,-34.02429943111838
319,319,8.173570531840765e-06,9.832702002504926e-06,-34.8489562741077,-34.05799284348761
320,320,9.127400695321093e-06,1.0017286249900567e-05,-34.37294290344125,-33.977220774708854
321,321,1.0529903174193754e-05,1.2164293773247137e-05,-33.752530236120734,-33.133852616361196
322,322,1.0183702797053464e-05,1.0865230682324373e-05,-33.901660364312164,-33.624332102798746
323,323,1.1152067072637777e-05,1.0002551837380069e-05,-33.50485884185192,-33.983613508935036
324,324,1.0232696343702684e-05,1.0764042431937445e-05,-33.87876154956022,-33.664967605575875
325,325,7.522325469985797e-06,9.949479183552812e-06,-35.210728491869155,-34.006718139271584
326,326,1.076529133101336e-05,9.795857749850256e-06,-33.66519859997445,-34.074296917360236
327,327,8.820595397635995e-06,9.934218652281407e-06,-34.52447001728522,-34.0133844705326
328,328,9.07132108558162e-06,9.740243130133757e-06,-34.403089457502205,-34.099023640313575
329,329,1.727787154786992e-05,1.8760564001384312e-05,-31.608855459392554,-31.252262711515254
330,330,1.3834312990043473e-05,1.1813048307598556e-05,-32.56690771507132,-33.26110181698911
331,331,1.2486693673597928e-05,1.1814595142679632e-05,-33.0137132520544,-33.260533176326746
332,332,1.096838397324504e-05,1.117089433185021e-05,-33.573321829099456,-33.5038421790797
333,333,1.1724102215648787e-05,1.167676416451669e-05,-33.28931161321939,-33.31149652789191
334,334,9.756575459458376e-06,1.0643288628910485e-05,-34.09220221669459,-33.71396321964577
335,335,9.159078707543626e-06,1.0112612304319077e-05,-34.35877434101358,-33.93608803996059
336,336,9.445978208794859e-06,1.0535368370543246e-05,-34.22510566389305,-33.75822436271457
337,337,9.081372603028172e-06,9.768613883926791e-06,-34.391167788859434,-34.08639217707949
338,338,1.103820200911549e-05,1.2910481927974615e-05,-33.547021319172714,-32.875297075462285
339,339,1.8894197070302343e-05,1.284732829126848e-05,-31.218738897330965,-32.89659339736196
340,340,1.039493484022762e-05,1.0856014222027673e-05,-33.814104007610915,-33.62801758041052
341,341,1.122177315861786e-05,1.0673378973909789e-05,-33.47638554517613,-33.701702316848966
342,342,9.75053621539363e-06,9.857164944773295e-06,-34.088675544450055,-34.04720137767106
343,343,9.675457144131196e-06,1.02485900673568e-05,-34.13341054749286,-33.878080394808464
344,344,1.091063566810149e-05,1.0960420886955322e-05,-33.598258217136994,-33.58644929998996
345,345,9.479715872564071e-06,9.957276903916959e-06,-34.21294725983965,-34.00331576966008
346,346,9.324343732869332e-06,9.71793743749578e-06,-34.279316078822035,-34.10898062826253
347,347,8.646571389822525e-06,9.73006463984922e-06,-34.61575406579342,-34.10356436213429
348,348,1.0241208921103966e-05,9.873520603401917e-06,-33.875667452917966,-34.04000124881599
349,349,9.491431446522912e-06,9.769614064823959e-06,-34.206035425843886,-34.08594753793815
350,350,9.07063992561928e-06,1.03749648109155e-05,-34.397445757906205,-33.8248552926805
351,351,1.044323635517113e-05,9.890207389904199e-06,-33.79371809621692,-34.03266763136979
352,352,9.566752877026843e-06,1.0024023595178733e-05,-34.17755999785984,-33.974300813878116
353,353,9.949724321860727e-06,9.680434471336316e-06,-34.006283316292276,-34.12577312159843
354,354,1.0106291373509502e-05,9.680722446079782e-06,-33.934079013729345,-34.1256439290687
355,355,8.993121699737439e-06,9.410623270492866e-06,-34.43064377707215,-34.248537737147316
356,356,7.999006577181754e-06,9.374388475024668e-06,-34.95009132949071,-34.2652921490744
357,357,8.85250508019322e-06,9.245228523612145e-06,-34.50734066135481,-34.32554511123458
358,358,2.0134052605142868e-05,2.5044203683041576e-05,-30.934325359203832,-29.997649344258175
359,359,2.2953439088503484e-05,2.113990721179442e-05,-30.376533822007104,-30.733690848935908
360,360,1.8679831489712388e-05,1.6775230936840863e-05,-31.262427211635657,-31.738036540315143
361,361,1.5043222386329663e-05,1.2238840650082383e-05,-32.21261970875992,-33.107318813449865
362,362,1.2893200150334525e-05,1.2677076651207722e-05,-32.87810984219563,-32.954530453722256
363,363,1.253583862298629e-05,1.8229192870708893e-05,-32.99626398765869,-31.377047217094155
364,364,1.533610987177415e-05,1.295440121171659e-05,-32.119959690090106,-32.86054818152203
365,365,1.2158616881765973e-05,1.251502130559713e-05,-33.133513329466005,-33.010405683561814
366,366,1.270766094805986e-05,1.2204920303223557e-05,-32.930779069376705,-33.119372137771926
367,367,1.0871029231922651e-05,1.2082848211560448e-05,-33.62303649457775,-33.1630284186619
368,368,1.0569729581511263e-05,1.1958514780991736e-05,-33.74182678224206,-33.207949169818455
369,369,1.2087232756964591e-05,1.1619305304951635e-05,-33.15708961881946,-33.33291998413681
370,370,9.39874682688279e-06,1.099149999629988e-05,-34.244495797355576,-33.574151975504435
371,371,9.946835253339083e-06,1.1501986041127422e-05,-33.99082721969015,-33.37699325444952
372,372,1.1159871294309887e-05,1.135975358728932e-05,-33.49691013370885,-33.43103250766425
373,373,1.1189389802781342e-05,1.1191597542691803e-05,-33.485447661463354,-33.49580077399348
374,374,1.074707147522203e-05,1.1143869366941017e-05,-33.65944929544582,-33.5143614917915
375,375,1.1758678794518046e-05,1.2775157062462408e-05,-33.27875190401389,-32.92105913429761
376,376,9.803617303143405e-06,1.0034465455981645e-05,-34.0595430917083,-33.9697791942032
377,377,9.854819250604218e-06,1.0008468220085457e-05,-34.047310086465494,-33.9810454714944
378,378,9.79800244149561e-06,1.0072668254380054e-05,-34.07273663957063,-33.95327631045979
379,379,9.067698289241495e-06,1.0053708329475117e-05,-34.4037428949966,-33.96145879990593
380,380,1.0909690299928284e-05,1.0208403158398333e-05,-33.60376721305582,-33.89514348425053
381,381,8.465703382808925e-06,1.0297040405834865e-05,-34.70242323792287,-33.857597447176914
382,382,8.70616471748343e-06,1.048136779277947e-05,-34.58424699158744,-33.78054200934593
383,383,1.1329280132204732e-05,1.016530165399768e-05,-33.43928636099477,-33.91351890847586
384,384,8.964202637348676e-06,9.9515806189294e-06,-34.449764119986355,-34.00580096018607
385,385,9.582604047629746e-06,1.0376680620538536e-05,-34.167634194208496,-33.82413711671181
386,386,8.777253969100522e-06,9.679720972742775e-06,-34.546690548760836,-34.12609323111723
387,387,8.495918144635465e-06,1.0051296253789732e-05,-34.6910790706404,-33.962500879912206
388,388,1.074133327624763e-05,1.7206091653956957e-05,-33.672276271992374,-31.627899296603115
389,389,1.22187487053002e-05,1.004218101067971e-05,-33.10385733686645,-33.96644116362054
390,390,1.164775376872564e-05,9.804088150351737e-06,-33.32132807236877,-34.070649542260384
391,391,9.147257149323327e-06,9.649812885694892e-06,-34.36815359075977,-34.1395326938893
392,392,9.429079813644327e-06,9.908835014165992e-06,-34.240214937790086,-34.024495643402155
393,393,1.2788316522796636e-05,1.1915246144972594e-05,-32.914263633260276,-33.223691432209336
394,394,9.794604784943171e-06,9.78020065495481e-06,-34.06775946175231,-34.08124396586719
395,395,9.612128638933033e-06,9.565260226832164e-06,-34.15644228615506,-34.177753719610955
396,396,9.186378552915334e-06,1.0074575991319235e-05,-34.353264651086235,-33.95245384598973
397,397,1.0167295550138416e-05,9.634823144503906e-06,-33.90775033312649,-34.146284144303266
398,398,1.0323721998125602e-05,1.7180261142800047e-05,-33.838096986740865,-31.634424007517662
399,399,1.1002128964541156e-05,9.808303514690028e-06,-33.56668921468368,-34.06878265164267
400,400,8.730752770790468e-06,9.782123446424712e-06,-34.57970424657157,-34.08039022505031
401,401,8.667771444098181e-06,9.419782719832207e-06,-34.60758715174729,-34.24431276332453
402,402,1.560372345583224e-05,2.456633673749533e-05,-32.04345470646389,-30.081317610989686
403,403,2.2543216453920377e-05,2.247579155472953e-05,-30.44408442775066,-30.467571659426827
404,404,1.9981159987099127e-05,2.1189756903607448e-05,-30.97071759894764,-30.72346187285508
405,405,2.1461340720728087e-05,1.835096080819647e-05,-30.656203583158963,-31.34813353940983
406,406,1.6626206517460176e-05,1.2198878242710826e-05,-31.77159133807743,-33.1215226501921
407,407,1.0959007373533017e-05,1.131657922757624e-05,-33.579845015228926,-33.44756993370474
408,408,1.0044052843798069e-05,1.1569607355149377e-05,-33.9668577161833,-33.35153541360812
409,409,9.979047446023222e-06,1.1342874729866468e-05,-33.98531926734754,-33.43749025862402
410,410,9.647035650354174e-06,1.0643737991095373e-05,-34.13444964820153,-33.71377986335014
411,411,1.062421344294748e-05,1.044569925349941e-05,-33.709486165948476,-33.79534643918125
412,412,9.667726757958082e-06,1.0374937358535949e-05,-34.11860592689748,-33.8248667842209
413,413,8.98911244784705e-06,1.0011089958233673e-05,-34.44032776581831,-33.9799079774427
414,414,1.059270545700895e-05,1.0119490836682657e-05,-33.72250785673647,-33.933135001669534
415,415,1.0896808554516798e-05,1.0277313561489695e-05,-33.60913009327269,-33.86592554562745
416,416,1.0624152455233174e-05,1.01827372179143e-05,-33.710292156059545,-33.90607625407684
417,417,1.0296850374738683e-05,1.0238274722053719e-05,-33.84404284401058,-33.88245382917111
418,418,9.45122680895645e-06,1.0006298046056672e-05,-34.23005850222621,-33.981987270760634
419,419,1.0708455631137225e-05,9.81420149209474e-06,-33.688883969047076,-34.06617191553379
420,420,8.75487110290086e-06,9.953079897011202e-06,-34.55717274388848,-34.00514671320861
421,421,8.158094790336896e-06,1.0028920673664144e-05,-34.85853965114796,-33.97217965483292
422,422,9.854762969759399e-06,9.420187827919635e-06,-34.04326185792873,-34.24412599423535
423,423,1.0422213183550617e-05,9.490260948185e-06,-33.79603515678501,-34.21194007510623
424,424,3.5828526398693884e-05,4.295494373333273e-05,-28.441765215548678,-27.6545900715513
425,425,3.440313043798015e-05,3.265566326598147e-05,-28.61322055722164,-28.845136525457555
426,426,3.4661981425012255e-05,2.8975243463049227e-05,-28.58043544691164,-29.364450678559862
427,427,2.663154893675663e-05,2.7333599351358746e-05,-29.73065750530988,-29.61775337288166
428,428,2.6852053395618286e-05,2.699126712526011e-05,-29.689238071132266,-29.67248888329863
429,429,2.8422852543353093e-05,2.7850346142306654e-05,-29.43709007520967,-29.536415644058465
430,430,2.5268142165906593e-05,2.495488579849112e-05,-29.954021257490492,-30.01316574908083
431,431,2.539803224244304e-05,2.530757582893497e-05,-29.93440494776548,-29.95221614848433
432,432,2.487420516848305e-05,2.4005715204111766e-05,-30.02339004535978,-30.18157512178144
433,433,2.382812076153716e-05,2.4771415251291872e-05,-30.2089264625696,-30.045213420485727
434,434,2.35728980442218e-05,2.214590293940426e-05,-30.250722910939363,-30.53178769478054
435,435,2.3120267054689545e-05,2.3319067814123916e-05,-30.33721494122005,-30.30760976247138
436,436,2.291313394942842e-05,2.271820669289139e-05,-30.375726275112406,-30.420981151569087
437,437,2.220527037878259e-05,2.0613939389142233e-05,-30.510471831002018,-30.843111668825518
438,438,2.2356885789666138e-05,2.1907420456332865e-05,-30.48514324291328,-30.578809181568452
439,439,1.9962578602475725e-05,1.9280584446709038e-05,-30.979568743309635,-31.133519672370728
440,440,2.0065234094573433e-05,2.0376720385684166e-05,-30.95841992152309,-30.893378756454524
441,441,1.873951565901678e-05,1.8609786533680133e-05,-31.258813174231705,-31.287307701248483
442,442,1.886359355809226e-05,1.8149200131072e-05,-31.22584801763853,-31.396146720146593
443,443,1.936572309823907e-05,1.9172577211927427e-05,-31.110270312813164,-31.157916662060934
444,444,1.6259936592646648e-05,1.7353037324746285e-05,-31.867504112761026,-31.590966607352975
445,445,1.519867669933952e-05,1.7046648496800214e-05,-32.157094813297164,-31.668331555844503
446,446,1.6962885774305084e-05,1.6322080275705575e-05,-31.678976843996423,-31.856966521605724
447,447,1.6170626777332556e-05,1.5131887027420912e-05,-31.897412356904297,-32.18579071394665
448,448,1.4549846109167851e-05,1.456477828373624e-05,-32.35334058143549,-32.35168283795663
449,449,1.3120436149845249e-05,1.4383411014837053e-05,-32.796154035372595,-32.40610270782061
450,450,1.3095001394475795e-05,1.3421333278529346e-05,-32.80648589464688,-32.706765007487974
451,451,1.4251070254984594e-05,1.2518497873028728e-05,-32.45280282236793,-33.00919941763457
452,452,1.3342874869531724e-05,1.265108848632448e-05,-32.71764922313467,-32.96344268285776
453,453,1.3241553329562615e-05,1.2727200579607406e-05,-32.76229249073201,-32.93739273036537
454,454,1.1944236852399364e-05,1.2291683560761157e-05,-33.20434844160099,-33.08860790469243
455,455,1.2122058762411753e-05,1.2279922238552612e-05,-33.14673015403463,-33.09276544959761
456,456,1.1553267311158088e-05,1.21138041801092e-05,-33.34856190160335,-33.15191612639945
457,457,1.2568988495331723e-05,1.2561988760832096e-05,-32.98806118988095,-32.99413761138385
458,458,1.0588469415113687e-05,1.2267784385537533e-05,-33.73526873804974,-33.09706027281423
459,459,1.4519997997941227e-05,1.2536133047098319e-05,-32.35340329653115,-33.00308568953771
460,460,1.0906614721703196e-05,1.2085829678797286e-05,-33.6000696806976,-33.16195692043483
461,461,1.1109113051340323e-05,1.1988382108316536e-05,-33.514240166135984,-33.19711584787927
462,462,1.2292292495592696e-05,1.2035974338543479e-05,-33.08594522962147,-33.179909085190424
463,463,1.0913598464295441e-05,1.2128026283837818e-05,-33.5990106701711,-33.14682032153585
464,464,1.3146871480653927e-05,1.2406718820114437e-05,-32.789961134791426,-33.048152219458736
465,465,1.2450505727963563e-05,1.2442102855091339e-05,-33.02739860035105,-33.03578374442566
466,466,1.3607212500555198e-05,1.2730451975298102e-05,-32.639179992977894,-32.936283387536854
467,467,1.2754395881820154e-05,1.2661976956894106e-05,-32.917422204791826,-32.95970642816587
468,468,1.3373061256530004e-05,1.2355733241221109e-05,-32.71648795653779,-33.06603638279291
469,469,1.4437974041544462e-05,1.254684857007018e-05,-32.38640809218516,-32.99937505190179
470,470,1.3706824865573826e-05,1.2881036845532148e-05,-32.60636747114728,-32.88521339135827
471,471,1.3105672622390857e-05,1.3471215424942784e-05,-32.79980138952743,-32.69065380433165
472,472,1.3116273561367447e-05,1.306317433677338e-05,-32.79419309212214,-32.82423438807467
473,473,1.0836586845714956e-05,1.204919585449572e-05,-33.62868512005965,-33.17514097937991
474,474,1.237279056366197e-05,1.2736725621882789e-05,-33.051818241556234,-32.934143684275384
475,475,1.3188153327964474e-05,1.1966396318472872e-05,-32.78546195896031,-33.205087793785275
476,476,1.2346480457146998e-05,1.1226870786853588e-05,-33.06297664231976,-33.482134373850265
477,477,1.1282868174546202e-05,1.1470573123293243e-05,-33.4501263350253,-33.38887043825057
478,478,1.4008275515546293e-05,1.1230052606199598e-05,-32.519586717844064,-33.480903709640884
479,479,9.83245561037245e-06,1.0592908486279684e-05,-34.047998889788715,-33.734569412808426
480,480,1.0309566512416458e-05,1.0981929216014627e-05,-33.84576375284614,-33.57793521505988
481,481,1.1329716574802716e-05,1.0538660119077816e-05,-33.430157808952,-33.75686763280723
482,482,1.093813638522313e-05,1.0322268448554065e-05,-33.596415334737515,-33.84697012180267
483,483,1.0303398980373533e-05,1.005577891383406e-05,-33.84101098545181,-33.96056445252282
484,484,1.0394141662397215e-05,1.0422158514924568e-05,-33.81538476450254,-33.805144873992546
485,485,9.61120064726556e-06,9.837075810393894e-06,-34.15504499696997,-34.05606143309705
486,486,1.1682145924103529e-05,1.0300838383907257e-05,-33.304407741515824,-33.85599588329283
487,487,8.958956463287642e-06,1.007996692542771e-05,-34.45969817600375,-33.95013054548014
488,488,9.608431936772157e-06,1.0043158143066408e-05,-34.15070927971047,-33.966018603462885
489,489,1.0552570051210573e-05,1.0147258404015846e-05,-33.74755680199353,-33.92123441645844
490,490,9.677837840275425e-06,1.0150227856348992e-05,-34.112276171366126,-33.91996370071047
491,491,1.0009133994881455e-05,9.916413402702586e-06,-33.97661899322175,-34.021175379853105
492,492,9.100599410097875e-06,9.560537890999848e-06,-34.391855578202076,-34.179898345861545
493,493,9.862628931588597e-06,9.925090317234495e-06,-34.04327442287943,-34.01737694159503
494,494,9.5785459690006e-06,9.927029479609031e-06,-34.16143982059029,-34.01652850069293
495,495,1.6194575047998068e-05,2.0718304097643243e-05,-31.89005159699115,-30.82117958408453
496,496,1.701920707288532e-05,1.3994388274640138e-05,-31.677641750467647,-32.52518242390687
497,497,1.1381502720245613e-05,1.1117375020388098e-05,-33.42048375442857,-33.52469905760064
498,498,9.453891103363539e-06,1.0587692390560588e-05,-34.22240255031076,-33.73670846603628
499,499,9.590052028665782e-06,1.0337438485102643e-05,-34.15860748125539,-33.84059223428613
500,500,9.877308640198797e-06,1.0262072871563233e-05,-34.03143335337246,-33.87237067364705
501,501,8.53174012179094e-06,9.733025380180487e-06,-34.66426744334888,-34.10224305786369
502,502,1.1177243533855984e-05,9.773276935064993e-06,-33.50033305859589,-34.08431956554425
503,503,9.640466201351055e-06,9.827741307258533e-06,-34.13643935326333,-34.06018445492148
504,504,1.1515502611126573e-05,1.1055680332853962e-05,-33.36037900734377,-33.548866887497255
505,505,9.57747291996037e-06,9.837443724934833e-06,-34.162173922014134,-34.055899006508014
506,506,9.318721686682206e-06,1.0075470527226571e-05,-34.28259543023401,-33.95206824687132
507,507,8.964377686950065e-06,8.928483375233267e-06,-34.44928090737318,-34.47694467336977
508,508,9.54543667230797e-06,9.637110332206297e-06,-34.18438383847575,-34.14525330533313
509,509,8.231575286361513e-06,9.359664545627311e-06,-34.8151236417258,-34.272118779274294
510,510,1.0597814634914442e-05,9.666786163028232e-06,-33.72132237818056,-34.131900498838576
511,511,8.917475528055688e-06,9.054711642276839e-06,-34.477018874343464,-34.415975373826214
512,512,1.0060830344130963e-05,9.570212090406322e-06,-33.95586699206666,-34.17550599137332
513,513,9.978912873624178e-06,9.348565191957229e-06,-33.98799483178281,-34.27727200722242
514,514,8.7848337260738e-06,9.143831687795587e-06,-34.54081680333941,-34.37343938323055
515,515,3.463410432475977e-05,3.2195590057725844e-05,-28.587997526471742,-28.906757727054064
516,516,3.016643521610585e-05,2.668181346770756e-05,-29.19160674027666,-29.72256817950052
517,517,2.5781732736354616e-05,2.7329203428388083e-05,-29.86008549196608,-29.618451882652856
518,518,2.4325165818434882e-05,2.463229707485114e-05,-30.11495515812147,-30.069672479618408
519,519,2.6086412036260973e-05,2.6333997323634224e-05,-29.81035453906623,-29.779553745542575
520,520,2.482190136584698e-05,2.5087490413218467e-05,-30.029460867674324,-29.990149421079295
521,521,2.1472009759292502e-05,2.5487332957135023e-05,-30.662523001513676,-29.921477691963496
522,522,2.410798362182776e-05,2.6187066109023842e-05,-30.161294167121465,-29.803853170583004
523,523,2.3199014359522255e-05,2.4931872566843306e-05,-30.31305636971089,-30.01717263209022
524,524,2.453299285408911e-05,2.3354912101288056e-05,-30.08169556825475,-30.300939245317405
525,525,2.3631698390953218e-05,2.382963573740869e-05,-30.24208263581205,-30.21354757923752
526,526,2.1969270061706938e-05,2.239869225281597e-05,-30.556950070773652,-30.48249498844841
527,527,2.6579322127066372e-05,2.2111831688227157e-05,-29.739259931603836,-30.538474417192063
528,528,2.583226114907542e-05,2.3136114625805548e-05,-29.864029195012375,-30.341817343520027
529,529,2.3727668149993257e-05,2.335999387900014e-05,-30.216923058316006,-30.299994370022887
530,530,2.6354097864202333e-05,2.336780232182814e-05,-29.77342209365403,-30.298542915454195
531,531,2.0733772422299245e-05,2.2560768085991423e-05,-30.808921308562542,-30.451182804368475
532,532,2.2936462310380447e-05,2.465191482770024e-05,-30.36085096900148,-30.06621503069885
533,533,2.1705933310850296e-05,2.0911473927155482e-05,-30.608539670387415,-30.780875168773502
534,534,2.252133701647873e-05,2.2510423485456205e-05,-30.451597613407017,-30.46088496245975
535,535,2.2521869023998097e-05,2.322686965558923e-05,-30.449987600081645,-30.324814788747826
536,536,2.2517358717880962e-05,2.2626557821288435e-05,-30.455307651800197,-30.438536718936234
537,537,2.2097828356712964e-05,2.1563027602448864e-05,-30.534113124628067,-30.647624228145567
538,538,2.4633290743707023e-05,2.2203513684584514e-05,-30.05817645799243,-30.520504550735772
539,539,2.175626861534295e-05,2.2676827603917398e-05,-30.603249016096946,-30.42889863208792
540,540,2.2722796478136815e-05,2.1957067713772533e-05,-30.41288632448481,-30.56897820436832
541,541,2.1403850580812566e-05,2.0603678374180545e-05,-30.66979708728053,-30.84527399770839
542,542,2.1365312899358766e-05,2.2152873881216356e-05,-30.681386638552613,-30.530420866256172
543,543,1.9169193215067524e-05,2.256345123896608e-05,-31.145329028067348,-30.450666328493746
544,544,2.311938773270891e-05,2.0344404794358478e-05,-30.340752291197536,-30.9002717319685
545,545,2.0923936466077948e-05,2.2265748061487867e-05,-30.769749726642477,-30.508348709573543
546,546,2.116488903806216e-05,2.214565225394357e-05,-30.724725259081463,-30.53183685598601
547,547,2.02802094022867e-05,2.0975017258407253e-05,-30.90903796668149,-30.76769834803081
548,548,2.1256325664543294e-05,2.073321478459739e-05,-30.70678810235971,-30.818055148831252
549,549,2.2507395100284466e-05,2.1143979833332676e-05,-30.446647080279526,-30.732854257416058
550,550,1.997098805771099e-05,2.0223615712510717e-05,-30.969980784606026,-30.926133573923185
551,551,2.0121470927349328e-05,1.979107937107696e-05,-30.94882198118231,-31.020026811261868
552,552,1.8433436960868237e-05,1.8862495141404094e-05,-31.318324166647123,-31.228730207266253
553,553,1.8281427588759078e-05,1.9269904537634974e-05,-31.354565626123797,-31.13592598462199
554,554,1.9055121389176268e-05,1.980937725564122e-05,-31.18410264751344,-31.016013387408094
555,555,1.7892558966214546e-05,1.8231764825989222e-05,-31.445061814599867,-31.376434514599012
556,556,1.816006529084335e-05,1.712416236075928e-05,-31.382404133350335,-31.648628247502906
557,557,1.8901010817083344e-05,1.6222994322321794e-05,-31.217942730004555,-31.88341145453848
558,558,1.420207633797413e-05,1.3920264600050072e-05,-32.45009877347161,-32.54824671108123
559,559,1.130424396757645e-05,1.0703589635484509e-05,-33.4468582498496,-33.689427113015284
560,560,8.880493155207734e-06,1.0005767738843324e-05,-34.49563997850894,-33.98221744139769
561,561,9.637057246436598e-06,9.892122929350558e-06,-34.150657736053546,-34.03182656947203
562,562,9.961356740343935e-06,9.21793154798491e-06,-34.005754998583924,-34.338386828989535
563,563,8.933111225768202e-06,9.772954567061357e-06,-34.464750233413355,-34.08446281837037
564,564,9.161462082946733e-06,1.481669326159662e-05,-34.36273505001164,-32.277208715292986
565,565,1.326139153741341e-05,1.0863158278976029e-05,-32.75625077120394,-33.6251605428113
566,566,1.1343381188875281e-05,1.1255999652348692e-05,-33.43795243675914,-33.47088090631714
567,567,9.952360128924747e-06,1.0407596475584127e-05,-33.99717210269132,-33.8112171627583
568,568,9.8906032446356e-06,9.914036414365432e-06,-34.03006849477984,-34.02221651904343
569,569,9.021505231486895e-06,9.704885638041704e-06,-34.42497095717635,-34.11481739597952
570,570,9.48646785809146e-06,9.717995046804917e-06,-34.20826205548782,-34.108954882747014
571,571,1.0880954083479514e-05,9.541872642378285e-06,-33.60664392384709,-34.18838546013997
572,572,1.1999411385987355e-05,1.0077706831093805e-05,-33.18811527919026,-33.95110441430426
573,573,9.415606950590035e-06,9.53703860623615e-06,-34.24443394882178,-34.19058620968948
574,574,9.905472732910865e-06,9.831608598400826e-06,-34.024607184785246,-34.05847580918016
575,575,9.175537530778062e-06,9.632174576261987e-06,-34.361478669957826,-34.147478163834826
576,576,8.489476967202116e-06,9.435820151051494e-06,-34.68407663442771,-34.236925071072356
577,577,9.536778212425338e-06,9.319732343053483e-06,-34.174677449349524,-34.290687217805704
578,578,9.689287056521748e-06,9.525602835262697e-06,-34.10704044809024,-34.195796917598045
579,579,1.1561295723274185e-05,1.844443809922699e-05,-33.34671429369041,-31.326067324491756
