,epoch,train_loss,test_loss,train_dbs,test_dbs
0,0,0.0010135470230622006,0.0010010950530781166,-19.939551801589563,-20.000496732507642
1,1,0.0009842579620266238,0.0009705933748352292,-20.07265604664443,-20.134876660172022
2,2,0.0009538798290544871,0.0009452338869634428,-20.196491857997096,-20.249857057121293
3,3,0.0009319107474269557,0.0009214672854317254,-20.310896759991266,-20.360450673537006
4,4,0.0009160728497459486,0.0009082107204257658,-20.390886171747287,-20.423383645971867
5,5,0.0008980118232711996,0.0008966890592618208,-20.459806303174606,-20.478831177092125
6,6,0.0008927353846206877,0.000887016845425885,-20.500861112192915,-20.525931209195942
7,7,0.000883518235119463,0.0008830824272560054,-20.540712785699323,-20.545237458748858
8,8,0.000875867163335194,0.0008752854589961077,-20.574979120935293,-20.5837527491023
9,9,0.0008689567882366018,0.000870562915224582,-20.614634958326867,-20.607248256882038
10,10,0.0008662647253248034,0.0008695859792887381,-20.62450212192885,-20.612124597429933
11,11,0.0008646189043125541,0.0008630787518708722,-20.63126918195632,-20.64474563710605
12,12,0.0008574949166996731,0.0008619279067620243,-20.658707237299794,-20.650540464064548
13,13,0.000857061959716693,0.0008548760792779687,-20.667133549785554,-20.686218235230562
14,14,0.0008566630314123462,0.0008552799822370473,-20.676973994766378,-20.68416681040962
15,15,0.0008468300100540762,0.0008532302668563238,-20.716208124939946,-20.694587356693994
16,16,0.0008498097850326641,0.0008492977174587155,-20.70721515144912,-20.71465031667237
17,17,0.0008453293565478292,0.0008467197154746636,-20.732188149812817,-20.727853163253513
18,18,0.0008437568603861193,0.0008419911487420139,-20.73793766924842,-20.752174624670715
19,19,0.0008383076355946203,0.0008407792652417955,-20.766798647075127,-20.75842995699022
20,20,0.0008362535904545683,0.000842694036883155,-20.77051897763183,-20.748550678055526
21,21,0.0008353878259082738,0.0008330232476031309,-20.778987586605176,-20.798678669069712
22,22,0.0008344968388423554,0.0008317695219853991,-20.789161467272613,-20.805219858225264
23,23,0.0008299105942306906,0.0008320187916979194,-20.807100794296165,-20.80391853328419
24,24,0.0008265591735385128,0.0008272725696626463,-20.825425616728204,-20.828763641376234
25,25,0.000826517156608518,0.0008298468953733774,-20.830458411682315,-20.81527015012508
26,26,0.0008197870062299303,0.0008268702812002678,-20.853902926182503,-20.830876054614276
27,27,0.0008245418130266528,0.0008254830118905949,-20.83737565308222,-20.838168484752355
28,28,0.0008236443739115578,0.0008230285081816347,-20.836752444664764,-20.85110109931223
29,29,0.0008221284369938076,0.0008210315197510155,-20.848382082756764,-20.861651583694094
30,30,0.0008176300961514647,0.0008200235805768324,-20.861984313605983,-20.866986474355592
31,31,0.0008148094177121277,0.0008219462837778816,-20.875202545711318,-20.8568155231057
32,32,0.000820947747999207,0.0008227370838683687,-20.859770826029596,-20.852639155194286
33,33,0.0008164373413688436,0.0008212417198688184,-20.87867381641304,-20.860539847235707
34,34,0.0008178548047261447,0.0008162695969651012,-20.874048552716147,-20.886913676283182
35,35,0.0008145791770093451,0.0008139947741782587,-20.890280061555984,-20.899033718189465
36,36,0.000814461901174263,0.0008187214169945372,-20.892177210439904,-20.873888372798476
37,37,0.0008143256856464618,0.0008157028994326921,-20.897195510801794,-20.88992982541154
38,38,0.0008141450336702244,0.0008155088841081842,-20.90017863607636,-20.89096291977839
39,39,0.0008115485573389097,0.0008162878833613114,-20.908379026611463,-20.88681638499557
40,40,0.0008105000207373469,0.0008121509607391138,-20.910150356892814,-20.908882261628644
41,41,0.0008115826046199913,0.0008143600578861017,-20.911677721945928,-20.897085239907177
42,42,0.0008097636734241063,0.0008148746840704821,-20.91792349905117,-20.894341628887886
43,43,0.0008052438965604938,0.0008101435378193855,-20.94128905109651,-20.919630163968428
44,44,0.0008127091568894684,0.0008139265793081569,-20.90677895317878,-20.89939757674729
45,45,0.000807954990377016,0.000808569835498929,-20.92513886023484,-20.928074530469893
46,46,0.000805977160667943,0.0008091724349038774,-20.938007811616885,-20.924839087924326
47,47,0.000807675210754243,0.0008106749094287423,-20.932630609660595,-20.91678256846576
48,48,0.0008047739063034352,0.0008055753025569414,-20.94761891990309,-20.94418845472505
49,49,0.0008042821031755086,0.0007999980068569513,-20.950227177759846,-20.974360835828957
50,50,0.000804941267130378,0.0008044357619885551,-20.940333519788584,-20.950336192144924
51,51,0.0008023804312898326,0.000805380239494537,-20.9555685065583,-20.945240188430027
52,52,0.0008029492251507784,0.0008054447458370736,-20.953062041595842,-20.944892357363564
53,53,0.0008028292207565811,0.0008052022435310248,-20.952477611817535,-20.946200122688392
54,54,0.0008002855339730831,0.0008023228024524686,-20.967258684526367,-20.961758532953205
55,55,0.0008020448047168476,0.0008005111594684422,-20.96700956927776,-20.971575980110913
56,56,0.0007996576923406539,0.0008004530712864117,-20.972572241715703,-20.97189113239784
57,57,0.0007980386186487128,0.000802420707738125,-20.9859319840564,-20.96122860745305
58,58,0.0007985093145986501,0.0007952658435035693,-20.980954129997027,-21.0001265856071
59,59,0.0007931763149039416,0.0007953620240043261,-21.003699258322726,-20.99960137588772
60,60,0.0007913154879940155,0.0007950193585680896,-21.011962610841103,-21.00147284787589
61,61,0.0007898368693878586,0.0007947145801919856,-21.019763453569283,-21.003138077073555
62,62,0.0007853992877422457,0.0007910078612009162,-21.046788595578533,-21.023441889315446
63,63,0.0007887442053785336,0.0007915184894380601,-21.036428776564428,-21.02063924361792
64,64,0.000784246416008772,0.0007871179259382188,-21.05363390923921,-21.04485185365105
65,65,0.0007840454621605345,0.0007832532160376248,-21.0543278031802,-21.06622801789205
66,66,0.0007825423783344246,0.0007831796262364246,-21.06397962111082,-21.066636074257396
67,67,0.0007822857293559565,0.000784394337403539,-21.06760097444949,-21.059905387542624
68,68,0.000779499155805283,0.0007808530660297134,-21.07600676653247,-21.079556686593172
69,69,0.0007822677623912616,0.0007811433660160554,-21.06561917505992,-21.077942397584188
70,70,0.0007782554681192047,0.0007816791767254472,-21.080823032552573,-21.07496445687515
71,71,0.0007792001208482483,0.0007851094246449831,-21.08427305444295,-21.05594797792008
72,72,0.000778631340789119,0.0007821849737267353,-21.084330160102148,-21.07215519938027
73,73,0.0007801727414582424,0.0007828442704569744,-21.084260361138067,-21.068496111859933
74,74,0.0007831433670326453,0.0007765682561225013,-21.071463183260004,-21.103453546965717
75,75,0.0007793551836566059,0.0007815095657286676,-21.08660313652813,-21.07590690378844
76,76,0.0007790229487300073,0.0007775574708112368,-21.08904143204572,-21.097924901099972
77,77,0.0007764830766485754,0.000780412146061855,-21.098541668206614,-21.08200968577114
78,78,0.0007776732012850338,0.0007767341479561047,-21.08996478541004,-21.102525898775497
79,79,0.0007840930220200537,0.0007782914847331611,-21.0635680634759,-21.09382709689544
80,80,0.0007750707619689097,0.0007805173487500532,-21.10615945910492,-21.08142427884294
81,81,0.0007786818572377652,0.0007785237241095226,-21.088261787123038,-21.092531371111033
82,82,0.000770342546471961,0.0007767979527431491,-21.128996305653025,-21.10216916244626
83,83,0.0007748313148544391,0.0007768250928309403,-21.110742637355568,-21.10201742949661
84,84,0.0007727787735123072,0.0007810078677721322,-21.114978679870383,-21.07869579633993
85,85,0.0007749290443169549,0.0007823848281987011,-21.103204062242277,-21.071045684231457
86,86,0.0007747094670176198,0.0007787180856164349,-21.104057706754034,-21.091447273190497
87,87,0.0007722357488429346,0.0007760618617267985,-21.122652617779064,-21.106286472811874
88,88,0.0007737107789768002,0.0007781218492278928,-21.114022902141038,-21.094773783261545
89,89,0.0007725328791492916,0.0007759722433739194,-21.11552989361147,-21.10678801792674
90,90,0.0007739318312702643,0.0007775512364643969,-21.110787019319513,-21.09795972236254
91,91,0.000772274264912169,0.0007731157759400574,-21.12332526196382,-21.122804531318383
92,92,0.0007751479429269651,0.0007767305268268837,-21.109039903021383,-21.102546145601377
93,93,0.000774604124953183,0.000775672378949821,-21.109117583823025,-21.108466617065393
94,94,0.0007731058471596118,0.0007742249627450579,-21.118888847118036,-21.11657818725236
95,95,0.0007762196491779664,0.0007756793853140584,-21.103059603944814,-21.108427389014132
96,96,0.000770724569951405,0.0007774994806631616,-21.126522872716073,-21.09824880951119
97,97,0.000772882582374954,0.0007754918831204506,-21.11136915050335,-21.109477320379963
98,98,0.0007750107630722455,0.0007775589168120764,-21.10617491071276,-21.097916824660285
99,99,0.0007730123746573695,0.0007783668850989718,-21.119201555642103,-21.093406375644513
100,100,0.0007715198198170162,0.0007729545866727437,-21.120062692185297,-21.12371009954196
101,101,0.0007687940060631516,0.0007761772507556567,-21.132486411114982,-21.105640788545905
102,102,0.0007741596572552376,0.0007744063715156363,-21.11065542455266,-21.115560710379093
103,103,0.0007733360716602622,0.0007751350456505621,-21.119732509219112,-21.111476157675625
104,104,0.0007729825543326124,0.0007767832170142547,-21.116764215050438,-21.102251548173765
105,105,0.0007736672684502279,0.0007763086499548272,-21.113203966836835,-21.1049056327904
106,106,0.0007747562515750988,0.0007714788570362879,-21.10429350949582,-21.13200960167401
107,107,0.0007758318949442779,0.0007735156349984831,-21.105054968619932,-21.12055892082251
108,108,0.0007742895275479202,0.0007717800234738542,-21.114920586720434,-21.130314553289303
109,109,0.0007728834440883671,0.0007765003339093374,-21.11532292120682,-21.103833417405234
110,110,0.0007741722199086522,0.0007705756058720382,-21.113191641978943,-21.137097321345465
111,111,0.0007779182501367687,0.0007756064020979561,-21.102314223477414,-21.108836033356848
112,112,0.0007698019749254526,0.0007728901691734791,-21.13506111697065,-21.124072052634332
113,113,0.0007710628860783716,0.0007746239517521309,-21.13037407833073,-21.114340671038573
114,114,0.0007694210507906973,0.000771862001305348,-21.13294479152753,-21.129853273804574
115,115,0.0007701690714403065,0.0007708955672569573,-21.13330784010411,-21.135294401273903
116,116,0.0007689509933247932,0.0007725319194019233,-21.139497346979425,-21.126085559531464
117,117,0.000770875015752102,0.0007720071313853719,-21.126778524649836,-21.129036764273252
118,118,0.0007733977561787769,0.0007697370601817966,-21.123191100268052,-21.141825917170177
119,119,0.0007699504806708122,0.0007679159844931411,-21.13451449288653,-21.152112808549468
120,120,0.0007677052245648174,0.0007742785536193926,-21.144061273905773,-21.11627758449922
121,121,0.000769873489937793,0.0007699475789099539,-21.13670180421305,-21.14063830874408
122,122,0.0007725662771449185,0.0007722857132505037,-21.127470105817206,-21.12746987793407
123,123,0.0007722399475955471,0.0007705553955594567,-21.12806416432932,-21.137211227654845
124,124,0.0007705881876016478,0.0007725660382819019,-21.13117047986849,-21.125893757565354
125,125,0.0007705191749186476,0.000768783863780922,-21.134873837588884,-21.147207293316438
126,126,0.0007681021426045863,0.0007684133230022302,-21.139412912955734,-21.14930102364598
127,127,0.0007680428860056185,0.000769898574186587,-21.141623690015674,-21.140914732215474
128,128,0.0007671397893459143,0.0007715218479892141,-21.14748261584555,-21.131767596163947
129,129,0.0007654642668245456,0.0007686612171758162,-21.161624422595704,-21.147900192784448
130,130,0.0007674543117413047,0.0007676983491125467,-21.148600851207156,-21.15334381875071
131,131,0.0007692965830090581,0.0007675684786303655,-21.136864893542846,-21.154078570949984
132,132,0.0007695178921363249,0.0007699880209800444,-21.14250853729414,-21.14041019832333
133,133,0.000770967633741879,0.0007689026012820633,-21.13208242468945,-21.146536583873193
134,134,0.0007694723455417786,0.0007686018392345623,-21.144209432866546,-21.148235691801855
135,135,0.0007626169274762733,0.0007677606190554798,-21.17422459566336,-21.152991565865026
136,136,0.0007676274729316536,0.0007665032049101827,-21.145773822577404,-21.160110134894726
137,137,0.0007655066930084038,0.0007718547958096391,-21.15682282972042,-21.129893816306048
138,138,0.0007638891015115395,0.0007667015980635034,-21.16931222138867,-21.15898620087041
139,139,0.0007607409917778268,0.0007677522555336749,-21.18307949616629,-21.153038875548056
140,140,0.0007676421724663107,0.0007637118841031272,-21.14949715669355,-21.175954398580462
141,141,0.00076617810697554,0.0007633337242479779,-21.15698501787967,-21.178105385307088
142,142,0.0007696058265096747,0.0007674932222519266,-21.141347260618893,-21.154504396568477
143,143,0.0007672651518453105,0.0007651965409566305,-21.152394247565056,-21.167519904125555
144,144,0.0007665557564793097,0.0007658250397071242,-21.157522643502148,-21.163954264581314
145,145,0.0007658062518343867,0.0007675107856477169,-21.16087515534214,-21.154405013298643
146,146,0.0007643353202399443,0.0007648892565875462,-21.164114466253988,-21.169264275687944
147,147,0.0007641499354408036,0.0007675741584726462,-21.169236285694634,-21.154046434207757
148,148,0.0007660834979237124,0.0007673374953140554,-21.156517393014475,-21.155385683986815
149,149,0.0007653268565394983,0.0007624007626681736,-21.166139326494502,-21.183416664824094
150,150,0.0007628647234895718,0.0007635103079098228,-21.172891687552124,-21.1771008385602
151,151,0.0007634307287835045,0.0007657577914774025,-21.169458678611633,-21.16433564173585
152,152,0.0007622710923597063,0.000767489855398277,-21.177657978972043,-21.15452344832198
153,153,0.000761174029771469,0.0007658583038535557,-21.184543040573608,-21.16376562983114
154,154,0.0007661818796720778,0.0007647959282621741,-21.157477539148086,-21.169794214490594
155,155,0.0007631003288984222,0.0007653380437803111,-21.178501471301026,-21.166716865810887
156,156,0.0007629692068409905,0.0007635018095913294,-21.174578174760445,-21.177149178357702
157,157,0.0007605598945429875,0.0007652860704662377,-21.185668245937784,-21.167011800711066
158,158,0.0007634337231776072,0.0007612418481393865,-21.17123428792088,-21.19002333594686
159,159,0.0007619779081727119,0.0007633966559201087,-21.173511072534605,-21.17774735381294
160,160,0.0007665770448811506,0.000765517516380274,-21.15789674207043,-21.165698559940598
161,161,0.0007627842636999779,0.000765659000822588,-21.172504657231258,-21.16489596256457
162,162,0.0007640372778135399,0.0007611852886743451,-21.173798892206097,-21.190346024146308
163,163,0.0007632291136482327,0.0007666048661217486,-21.17792776291491,-21.15953416893244
164,164,0.0007624081491982353,0.000763960106077751,-21.177972284429437,-21.17454308207393
165,165,0.0007625260485153761,0.0007628964254093406,-21.180226432928826,-21.180594085688256
166,166,0.0007631983043933191,0.0007618326712154636,-21.177586741143834,-21.186653951043745
167,167,0.000761675392157523,0.0007629668965053401,-21.182413348738738,-21.180192933006904
168,168,0.0007604845456260535,0.0007581872173192862,-21.186887524935184,-21.207485304087463
169,169,0.0007624186679826493,0.0007647877638718407,-21.180403750346795,-21.169840576774504
170,170,0.0007641870407243595,0.0007589592071446149,-21.17315732177722,-21.203065546775235
171,171,0.0007634408029093954,0.0007636406532439746,-21.16764653931721,-21.176359480817037
172,172,0.000762142886086031,0.0007641251309235629,-21.179173726337808,-21.173605053507774
173,173,0.0007579431787478862,0.0007639169221204755,-21.196280417268163,-21.174788580291533
174,174,0.0007666656705454836,0.0007627271912305763,-21.162656260688326,-21.181557592931934
175,175,0.0007598411487463439,0.0007612779583340805,-21.188755449699986,-21.189817329322416
176,176,0.0007616947555060009,0.0007637013270715741,-21.17979266202778,-21.176014432898814
177,177,0.0007616002172634928,0.0007647150012321378,-21.18431922327038,-21.170253788357467
178,178,0.0007615031268850891,0.0007612474115663453,-21.18098838820619,-21.189991596272996
179,179,0.000760539514060641,0.0007622193906603283,-21.185421387563828,-21.184449956459108
180,180,0.0007595052023312633,0.0007633925476846727,-21.19416003538458,-21.17777072552628
181,181,0.000759694298618886,0.000761588199039627,-21.192724581939846,-21.18804782610387
182,182,0.0007595932711223044,0.0007673055239904084,-21.18648179302658,-21.155566637723496
183,183,0.0007585093664658285,0.0007591151669131298,-21.200023454981313,-21.202173199624657
184,184,0.0007605178554100704,0.0007619595516620105,-21.18305499364563,-21.1859307096845
185,185,0.0007586230220244333,0.000762965857958127,-21.19852483737909,-21.18019884460848
186,186,0.0007597298544985195,0.0007627413356921783,-21.19097146964321,-21.181477055555845
187,187,0.000759993574207591,0.0007585143106744477,-21.189201106934394,-21.20561209648802
188,188,0.0007599813445980094,0.0007617848275817538,-21.18654330003725,-21.186926699632384
189,189,0.0007625168571056626,0.0007630957560123582,-21.18315782396323,-21.17945950344712
190,190,0.0007600427716826424,0.0007596945046986404,-21.18974437804105,-21.198860036424414
191,191,0.000762508560413706,0.0007616407391125042,-21.182061110022786,-21.187748227492435
192,192,0.0007628931366291243,0.0007630783182225729,-21.180703099952755,-21.17955874685596
193,193,0.0007579246873141641,0.0007609011985263542,-21.201446784749614,-21.19196720383755
194,194,0.0007564559850131267,0.0007610157512030319,-21.207844863208507,-21.191313428406886
195,195,0.0007616086411721928,0.0007606377506530599,-21.189474576008717,-21.193471127990733
196,196,0.0007589126093380307,0.0007616331506716577,-21.196660311506502,-21.1877914976884
197,197,0.0007602559677421202,0.0007596627539513927,-21.194086630826924,-21.199041549682725
198,198,0.0007592104885429528,0.0007654505346803681,-21.19666659759425,-21.166078578095203
199,199,0.0007621417567373935,0.0007618684781176087,-21.183825476412657,-21.18644983306398
200,200,0.0007589842101616651,0.0007567008448715665,-21.19536210817809,-21.21600769693429
201,201,0.0007560753273134379,0.0007602565976987151,-21.213948389089538,-21.19564790810012
202,202,0.0007617412490251753,0.0007583523585804199,-21.182963838008536,-21.206539467396247
203,203,0.0007595878086033632,0.0007557948119938374,-21.196423782169003,-21.221210820982947
204,204,0.0007607643438512747,0.0007603730130205421,-21.18446218171583,-21.19498293969992
205,205,0.0007574158473439591,0.0007587008601005532,-21.20535855095227,-21.204544121578085
206,206,0.0007561540450737572,0.0007586407652860018,-21.206181743003473,-21.2048881290966
207,207,0.0007605278875304328,0.0007601000344086634,-21.190916267767577,-21.1965423636738
208,208,0.0007623429566180122,0.0007583109331072161,-21.18613200500208,-21.206776709960575
209,209,0.0007583011918672428,0.0007613127940873566,-21.19611392193287,-21.189618602574612
210,210,0.0007575586721416294,0.0007581373762437387,-21.20211097452954,-21.207770806336548
211,211,0.0007544569491130329,0.0007582963260478879,-21.21230339704448,-21.206860367284843
212,212,0.0007581146879208073,0.0007560042615391706,-21.206669347426498,-21.22000744966265
213,213,0.0007585555023379316,0.0007582361944706032,-21.198603873352603,-21.207204768896588
214,214,0.0007556545855381439,0.0007604598833591138,-21.215296141433004,-21.19448679960703
215,215,0.0007559251665502556,0.0007599325954767042,-21.20821553001711,-21.197499156351405
216,216,0.0007586724985362098,0.0007576550277391155,-21.20216102215839,-21.210534790381228
217,217,0.0007582825618152766,0.0007590261765902764,-21.20076924137079,-21.2026823486096
218,218,0.0007554351060516825,0.0007590690235558309,-21.219104021701384,-21.202437196649303
219,219,0.0007611162187627603,0.0007557735416891152,-21.191326031351384,-21.221333046034133
220,220,0.0007588153551380659,0.0007617363038374798,-21.20152502606495,-21.187203342915527
221,221,0.0007596999363608889,0.0007585278608051962,-21.19904238954717,-21.205534514636653
222,222,0.0007618430878285357,0.0007600574570364858,-21.190382051733906,-21.196785642648507
223,223,0.0007591238317377481,0.0007567017026686747,-21.200117324876473,-21.216002773768917
224,224,0.0007591492888882526,0.0007577794205740487,-21.196810629902384,-21.209821818309344
225,225,0.0007585277180811486,0.0007571788553736712,-21.207405917506886,-21.213265110053424
226,226,0.0007551427529740733,0.000756914316872625,-21.21318340277382,-21.214782686574214
227,227,0.0007565791608247253,0.0007568130845596132,-21.210295768400165,-21.215363565733234
228,228,0.0007591059685867164,0.0007541312768712247,-21.200652609100953,-21.2307803545097
229,229,0.0007587041016956119,0.0007591477478854358,-21.201594805577667,-21.201986805867
230,230,0.0007540075307635149,0.0007617215129644855,-21.220259360821338,-21.187287672057472
231,231,0.0007580525011361874,0.0007584099964189686,-21.210011703344684,-21.20620939861309
232,232,0.0007589398043172568,0.00075804767517471,-21.199299701726318,-21.208284683970536
233,233,0.0007567704558017251,0.0007627998282642741,-21.21160864439403,-21.181144019622025
234,234,0.0007574053225587554,0.0007572476445746265,-21.202583771538748,-21.212870574294694
235,235,0.0007604535065408912,0.0007537128985859454,-21.19978673618054,-21.233190409716542
236,236,0.0007594135642704583,0.0007591934225178863,-21.202626485873296,-21.201725517544865
237,237,0.0007593357016226833,0.000757874130565477,-21.20013041983373,-21.209279055397843
238,238,0.0007585699516396547,0.0007617667403170152,-21.202289280533385,-21.187029816578796
239,239,0.0007575364056110536,0.0007559942283765658,-21.2132342927033,-21.220065086587347
240,240,0.0007555298627229388,0.0007587234661179153,-21.213970408094735,-21.204414722458417
241,241,0.0007569854725008235,0.000758924074225912,-21.210401096438574,-21.203266590332618
242,242,0.0007576791872030374,0.0007571256168088631,-21.207620591303787,-21.21357048080752
243,243,0.0007578083187984975,0.0007597833877968553,-21.202441498138683,-21.198351948227486
244,244,0.0007571133691337459,0.0007585580889625769,-21.205239425505166,-21.205361447026974
245,245,0.0007605603350009577,0.0007605535701211346,-21.191720463466957,-21.193951792586137
246,246,0.0007579330752181254,0.0007609682414974822,-21.20070580128461,-21.191584564017546
247,247,0.0007565000284098319,0.0007586497415200268,-21.210118358892487,-21.204836743697587
248,248,0.0007564675935409655,0.0007577429366249003,-21.21457176261865,-21.21003091819785
249,249,0.0007612976820457765,0.0007576763439972542,-21.188582210338293,-21.21041260544587
250,250,0.0007567493510240517,0.0007623321388995177,-21.21194941027841,-21.183807591314157
251,251,0.0007574343249758648,0.0007611888638501497,-21.21623388571511,-21.190325626018538
252,252,0.0007549601993475532,0.0007594257231654698,-21.21424855496047,-21.20039685142786
253,253,0.0007611983107671756,0.0007605609533033873,-21.19307797883058,-21.193909633034544
254,254,0.0007619251984353993,0.0007619843450619987,-21.187878717293064,-21.18578939691273
255,255,0.0007577845442694487,0.0007655127893054956,-21.207433026703523,-21.165725377731
256,256,0.000757477867306623,0.0007584282613702511,-21.20425457691401,-21.20610480779711
257,257,0.0007567599004124934,0.0007603825560133709,-21.208302197208177,-21.19492843430522
258,258,0.0007603480126564726,0.0007590031294201157,-21.187687727532992,-21.202814220356547
259,259,0.0007558062548998781,0.0007586304135130424,-21.20856918386522,-21.204947389668302
260,260,0.0007555033602348538,0.0007591420527253496,-21.21025940178032,-21.202019386953932
261,261,0.0007559616681543592,0.0007577429948325612,-21.212785292681104,-21.210030584585176
262,262,0.0007545287893681796,0.0007599380547425857,-21.217838049515613,-21.197467957261576
263,263,0.0007569449101622725,0.0007605889328069201,-21.205487212631073,-21.193749867792434
264,264,0.00075820636258643,0.000757353156682496,-21.203300596435916,-21.2122654864556
265,265,0.0007552414185597955,0.0007556813131821783,-21.215381347722754,-21.22186305632928
266,266,0.000753421331611798,0.0007591254145250117,-21.227100652747918,-21.202114572799005
267,267,0.0007592101536988828,0.0007592365758395509,-21.19963126196367,-21.201478667186272
268,268,0.0007597968611174945,0.0007613963128900842,-21.192606631941906,-21.189142191748278
269,269,0.0007605757384282566,0.0007611855705219664,-21.19196301580894,-21.190344416064203
270,270,0.0007548271876414182,0.0007613051505024103,-21.211659193315974,-21.189662205985123
271,271,0.0007582015997595777,0.0007576232892461121,-21.211579748857122,-21.210716722006893
272,272,0.0007568121786930205,0.000755816857379518,-21.207191384501808,-21.221084145732327
273,273,0.0007591842164851955,0.0007575826357903057,-21.19796765800014,-21.21094976718233
274,274,0.000758850306738168,0.0007594466043979322,-21.200354797447353,-21.20027743909979
275,275,0.0007591293290612701,0.0007572286504958021,-21.20068125678062,-21.212979509953172
276,276,0.0007599725618420803,0.0007635204482970661,-21.19598416157566,-21.17704315911653
277,277,0.0007552893264651222,0.000753596713031201,-21.213314188708587,-21.23385993036463
278,278,0.0007562936822518937,0.0007590571553201267,-21.206142958063392,-21.20250510021816
279,279,0.0007595390185819382,0.0007571218333109037,-21.195325674848192,-21.213592183367243
280,280,0.0007558736413688466,0.0007600816193428871,-21.211305386469206,-21.196647582170964
281,281,0.0007575504894646787,0.0007570749485718185,-21.198982309737286,-21.21386112837783
282,282,0.0007613367393862494,0.0007587275345270571,-21.185379460751577,-21.20439143488419
283,283,0.0007595316526124772,0.0007586798348807191,-21.194499433621186,-21.20466447551412
284,284,0.0007597132809172125,0.0007634548666445832,-21.191896601071505,-21.17741620705681
285,285,0.000759980241052768,0.0007577264148398841,-21.199114235481396,-21.210125612558475
286,286,0.0007567545435074525,0.0007609634408972374,-21.21235947123949,-21.191611961754514
287,287,0.0007616076666439317,0.0007596967778609772,-21.181919339424383,-21.198847041458983
288,288,0.0007595136682454919,0.0007578003263149999,-21.194179298063204,-21.209702006099466
289,289,0.0007567504893738738,0.0007607388941227997,-21.20962278287834,-21.1928936766278
290,290,0.0007561794704200758,0.000756662685154496,-21.20979712336563,-21.216226713108913
291,291,0.0007580537883055963,0.0007568981627149409,-21.202334723560263,-21.21487537522141
292,292,0.0007599391260414778,0.0007582038248840131,-21.194806087290722,-21.207390175937558
293,293,0.0007604036267760411,0.0007565435738989004,-21.193382554013375,-21.21691041846415
294,294,0.0007590519386756513,0.0007599095728150324,-21.197087774833918,-21.19763073073633
295,295,0.0007568583799737323,0.000759165274518493,-21.205822381391563,-21.201886540376144
296,296,0.0007580606094033448,0.0007632099012354095,-21.206853654013177,-21.17880992660301
297,297,0.0007599007131858278,0.0007593399618360165,-21.195193761948907,-21.20088732435005
298,298,0.0007582519283835037,0.0007579734267078732,-21.197666739503234,-21.20871008305532
299,299,0.0007591655558292015,0.0007536184398065272,-21.19240412338221,-21.233734721715866
300,300,0.0007556726599169761,0.0007582748872473052,-21.208091070921867,-21.206983154170295
301,301,0.0007589425826829273,0.0007582294148098873,-21.197583169367853,-21.20724360089146
302,302,0.0007601268433476079,0.0007603639969602227,-21.188585253870027,-21.1950344361154
303,303,0.0007596075680039669,0.0007606360442495268,-21.192219053588882,-21.193480870900142
304,304,0.0007599340649753733,0.0007583441972536476,-21.195842653499817,-21.20658620606877
305,305,0.0007609539394046075,0.0007608076281796553,-21.18992920038584,-21.192501301880213
306,306,0.0007591541243246613,0.0007647114689461887,-21.197609239266917,-21.170273848848456
307,307,0.0007590688423003963,0.0007589972167471913,-21.203980976773316,-21.20284805224902
308,308,0.0007586138930229336,0.0007630035857130823,-21.201492236700858,-21.17998409645788
309,309,0.0007615200467119666,0.0007615967096123649,-21.18520947765675,-21.18799929496682
310,310,0.0007616006643223317,0.0007598276440005161,-21.188634690678555,-21.1980989857964
311,311,0.0007590008785554505,0.0007595815205652462,-21.19873686864477,-21.19950598074197
312,312,0.0007583349895154693,0.0007616809330341455,-21.196892899689693,-21.187519044140053
313,313,0.0007568101390245726,0.0007588009497052745,-21.20973848429836,-21.20397122785488
314,314,0.0007605790322617695,0.0007604437200107464,-21.18777909657458,-21.1945791085869
315,315,0.0007566236896853241,0.0007604767911528286,-21.204581793824456,-21.194390241194903
316,316,0.0007587143990508828,0.0007605831794391729,-21.197555445674922,-21.19378271951046
317,317,0.0007579576796564014,0.0007603605504539844,-21.205343335628363,-21.195054121450838
318,318,0.0007568868891259213,0.0007587483452976142,-21.20429902175185,-21.204272315985
319,319,0.0007631620590229394,0.0007575715487626823,-21.18043881632357,-21.21101332553127
320,320,0.0007589224722361212,0.0007624060871373666,-21.19761390343026,-21.183386334587976
321,321,0.0007569956996468539,0.0007605913162574564,-21.21061203222178,-21.19373625836756
322,322,0.0007611795907033627,0.000759057620981414,-21.187107304689622,-21.202502435938353
323,323,0.0007579526341923503,0.00075662325712313,-21.201029075222365,-21.216453020325282
324,324,0.0007562227187121345,0.0007563561605485646,-21.203808889167973,-21.217986399673595
325,325,0.0007584460671347825,0.0007585968920274785,-21.198516161240146,-21.205139294943862
326,326,0.0007608576909370106,0.0007635991573088655,-21.193642366036404,-21.17659548115594
327,327,0.0007570048328489065,0.0007596650117959239,-21.207939466618196,-21.199028641744846
328,328,0.0007555868606246316,0.0007579914710827564,-21.215071055709313,-21.208606695800732
329,329,0.0007593037852220545,0.0007611836833683284,-21.194623463915576,-21.190355183233986
330,330,0.0007598127590098716,0.0007618043148939155,-21.197949008780974,-21.186815603643268
331,331,0.0007612103057458767,0.0007591472178893654,-21.184754567778633,-21.201989837878227
332,332,0.0007575693187428658,0.0007613491554940609,-21.209044446500393,-21.189411182164676
333,333,0.0007549736855225157,0.0007612833226295678,-21.218554020934395,-21.189786727152793
334,334,0.0007584271814491715,0.0007588466059563583,-21.196781778550907,-21.203709925316723
335,335,0.0007598751066156576,0.0007609889052171064,-21.193976572587886,-21.191466635080737
336,336,0.0007539648831505136,0.0007577122765054044,-21.218624882133497,-21.2102066478479
337,337,0.0007587210131213837,0.0007556417166549517,-21.199945609945875,-21.222090625855337
338,338,0.0007586990070250846,0.0007557296623034697,-21.199914413113866,-21.221585199982734
339,339,0.0007571886808457832,0.0007613555705910059,-21.203318149901463,-21.189374588842856
340,340,0.00075643028243032,0.000756396507648261,-21.20771849375845,-21.217754735593523
341,341,0.0007582985239161044,0.0007614649397223012,-21.19691309815659,-21.18875076732256
342,342,0.0007582823925930046,0.000758733006047183,-21.201394907042214,-21.204360116099487
343,343,0.0007569591410352474,0.0007587972519870259,-21.209131796184806,-21.203992391541412
344,344,0.0007559011243859824,0.0007561101811006665,-21.213819140069955,-21.219399026386455
345,345,0.0007605310541472023,0.0007609534659422934,-21.19370479537444,-21.191668890853208
346,346,0.0007587295054390873,0.0007589044153543288,-21.198811453083493,-21.203379089729065
347,347,0.0007557062391364543,0.0007613101839332989,-21.218828822136654,-21.189633492347333
348,348,0.0007605041304036745,0.0007575061539874265,-21.19100437031511,-21.211388231584007
349,349,0.0007573951926255195,0.0007600334693530673,-21.208887297556238,-21.196922709693148
350,350,0.0007590157227091415,0.000760873448789904,-21.193956938813866,-21.192125592038288
351,351,0.0007575202100795031,0.000753819663690305,-21.206151386955554,-21.232575265514406
352,352,0.0007571890846989357,0.0007595269861140926,-21.206482801862904,-21.199817795350548
353,353,0.0007565623904175134,0.0007592747723193545,-21.202794737907276,-21.201260183202855
354,354,0.0007574658501249997,0.0007602631567830318,-21.20716472770759,-21.19561043967373
355,355,0.0007613701349815604,0.0007604416214713925,-21.187594750027564,-21.194591093501693
356,356,0.0007594857339689642,0.0007615538994095436,-21.19742016546841,-21.18824342361371
357,357,0.0007594924194488636,0.0007597538887670165,-21.19980621073732,-21.198520568847457
358,358,0.0007549464113328644,0.0007588773579826873,-21.218924829328515,-21.203533932373855
359,359,0.0007608584458363655,0.0007602237838957654,-21.194599073119186,-21.195835360088665
360,360,0.00076073295371991,0.0007575396509645017,-21.192515912306543,-21.211196190495095
361,361,0.0007573699341011569,0.0007603586357282964,-21.203863989990992,-21.19506505778686
362,362,0.0007581289349959145,0.0007618954864722726,-21.202389926763377,-21.186295877731396
363,363,0.0007547350689173513,0.0007558902572399299,-21.21442504565919,-21.22066240855763
364,364,0.0007578805737082184,0.0007589232194923648,-21.203979763317516,-21.20327148155013
365,365,0.0007588074250943651,0.0007565557362364703,-21.200362839726967,-21.216840601023108
366,366,0.0007603647950652641,0.0007611554832883963,-21.191350117112417,-21.190516082189667
367,367,0.000757705533670588,0.0007594300397230606,-21.201857605920253,-21.20037216630386
368,368,0.0007570446594906299,0.0007574006571973625,-21.206729077775286,-21.21199310936948
369,369,0.0007609719525753837,0.0007625550864950606,-21.191326832459527,-21.182537662501385
370,370,0.0007573893424555583,0.0007595942802972308,-21.203384887531268,-21.19943302695758
371,371,0.0007583556544352515,0.0007615277028985714,-21.1937228668852,-21.188392818106347
372,372,0.0007550382156155466,0.0007598970244687639,-21.21554773806801,-21.19770244614474
373,373,0.0007582781128297301,0.0007595908276638703,-21.195878139644854,-21.199452767272415
374,374,0.0007583612309691986,0.0007619249977563557,-21.204378226300445,-21.18612766122604
375,375,0.0007559417875378018,0.0007577189305601152,-21.216939112077895,-21.210168509274144
376,376,0.0007581839982429807,0.0007593943614904818,-21.205373738522695,-21.20057620384136
377,377,0.000754544959096334,0.0007569296928857895,-21.2185677048302,-21.214694464569458
378,378,0.0007572690068177649,0.0007592372865857262,-21.206868493844375,-21.201474601615576
379,379,0.000760110435388099,0.0007616180473154312,-21.20003527275438,-21.187877620112282
380,380,0.0007572685123526866,0.0007579458699757723,-21.206390338000748,-21.20886797716905
381,381,0.0007567686207602089,0.000761622480288344,-21.207844557761163,-21.187852342217695
382,382,0.0007608420522787521,0.0007576459810431851,-21.194190144522402,-21.210586647142353
383,383,0.000758903506139927,0.0007582977230317498,-21.202930130955654,-21.206852366430784
384,384,0.0007579165082376873,0.0007570158402239414,-21.2062099002219,-21.214200215432854
385,385,0.0007549070137476107,0.0007609896282175262,-21.217962877199945,-21.191462508937224
386,386,0.0007570048592523815,0.0007563787941379767,-21.20780739551276,-21.217856441111355
387,387,0.000760066217368411,0.0007565858357242847,-21.19590156430254,-21.216667820872065
388,388,0.0007591665675623592,0.000758001253033351,-21.202819084552495,-21.20855065005463
389,389,0.0007539250739110806,0.0007604070124216378,-21.218230163614493,-21.194788753137242
390,390,0.0007577515819311602,0.0007569524919075009,-21.211346543368418,-21.2145636553239
391,391,0.0007557640093397925,0.0007604012192275963,-21.212151080910488,-21.1948218401781
392,392,0.0007579317064379755,0.0007547319921860961,-21.204375237285873,-21.227322289546798
393,393,0.0007570399602721493,0.0007633544829379963,-21.209799962800588,-21.17798728149932
394,394,0.0007583387010039512,0.0007583710983836729,-21.203645933109186,-21.206432149307272
395,395,0.0007587619373075588,0.0007571240115028463,-21.202903415757334,-21.213579689005847
396,396,0.0007600487298668199,0.0007613512050164374,-21.20168887660491,-21.189399491141522
397,397,0.0007556515557393816,0.0007605454792562677,-21.21645795436806,-21.193997993626983
398,398,0.0007553655124922312,0.0007623687362004267,-21.21502115055311,-21.18359910444175
399,399,0.0007580005667009151,0.0007609346464864517,-21.208115625008134,-21.191776299351353
400,400,0.0007583639241236541,0.000757967213805961,-21.206919386231515,-21.208745681138055
401,401,0.0007572300244871643,0.000758268616137732,-21.210327407072977,-21.207019071481955
402,402,0.0007555984055440989,0.000757398754725919,-21.213127803910886,-21.212004018178177
403,403,0.0007548028808423155,0.0007583741496905292,-21.215733957600303,-21.206414675499698
404,404,0.0007578728764951613,0.000759908160513365,-21.196763141931644,-21.197638802162363
405,405,0.0007577896353395022,0.0007587938024172265,-21.2045426104795,-21.20401213505696
406,406,0.0007593978235987735,0.0007588479692410482,-21.195260472057704,-21.20370212312743
407,407,0.0007544261800634108,0.0007626400849977998,-21.214994295582265,-21.182053601425956
408,408,0.0007563905722039185,0.0007625482026732674,-21.209165422879124,-21.182576867791163
409,409,0.0007557752074136101,0.0007590858853961292,-21.21565990845545,-21.202340724225394
410,410,0.0007548651606391769,0.0007546094191064568,-21.220886283278908,-21.228027667559168
411,411,0.0007600491109169712,0.0007592645001989838,-21.191904415591093,-21.20131893868288
412,412,0.0007590306346717569,0.0007600214938927246,-21.198203067166567,-21.1969911398022
413,413,0.0007591216252473442,0.0007622298190223151,-21.202198370291256,-21.184390538539017
414,414,0.0007585428214689582,0.0007583469360772716,-21.2050898912737,-21.206570521187906
415,415,0.0007610335194784188,0.0007600542464244523,-21.184376314053047,-21.196803988025188
416,416,0.0007553100699952506,0.0007671031512712178,-21.217398481048264,-21.15671221721818
417,417,0.00075695351769514,0.0007569834706373513,-21.20075097060717,-21.21438592136731
418,418,0.000757619218910401,0.0007645808448279766,-21.202615666587757,-21.17101575192833
419,419,0.0007596796020846238,0.0007576679375855939,-21.185741823243227,-21.210460790643666
420,420,0.0007565341993071831,0.0007573889850295688,-21.202342958906222,-21.21206003824097
421,421,0.0007572675702286904,0.0007598168786468083,-21.20668982223941,-21.198160517735506
422,422,0.0007583202629772582,0.0007596528678397206,-21.199241812549865,-21.199098068337374
423,423,0.0007610723769925919,0.0007604288678665302,-21.1857895686353,-21.194663931001728
424,424,0.0007580838672643931,0.0007579608814251658,-21.207064329254372,-21.208781964099565
425,425,0.0007589370223511126,0.0007557802355701202,-21.196972779679747,-21.2212945807724
426,426,0.0007592559955322865,0.0007606952108050647,-21.20647709929076,-21.19314306533004
427,427,0.0007606507290980404,0.0007614623724580987,-21.19207205630849,-21.188765409501052
428,428,0.0007617001220123055,0.0007621750057871012,-21.189345144499928,-21.18470285827471
429,429,0.0007608030447448345,0.000761974226119683,-21.196252503839013,-21.185847070407185
430,430,0.0007628991860253064,0.0007566428639141744,-21.1739457184194,-21.216340480686146
431,431,0.00076098843254437,0.000757740433695481,-21.18498077491533,-21.210045263567213
432,432,0.0007586480465179943,0.0007631784568442718,-21.199928687561975,-21.178988860430536
433,433,0.0007591738465203683,0.0007548265581901528,-21.199656736563703,-21.22677816366601
434,434,0.0007619244591380979,0.0007609589558437859,-21.186577729593772,-21.19163755877535
435,435,0.0007585156936985776,0.0007633786636257643,-21.199631838196254,-21.177849712739636
436,436,0.0007585344767706833,0.0007606124640197346,-21.198791191850283,-21.19361550720218
437,437,0.0007557441005195232,0.0007654319633729756,-21.209928109899238,-21.16618394759721
438,438,0.0007605670354828315,0.0007589023137514136,-21.190873756763054,-21.20339111648493
439,439,0.0007629456477402949,0.0007617231182705023,-21.182192115349004,-21.187278519436752
440,440,0.0007612063272222492,0.0007599914342312044,-21.18588912759314,-21.197162911303433
441,441,0.0007589865600709448,0.0007607544692674358,-21.1930149854511,-21.19280476136161
442,442,0.0007586270065488505,0.0007581863717764224,-21.1958576953756,-21.207490147413708
443,443,0.0007620447035638865,0.0007602172033665212,-21.18002545167023,-21.195872952965505
444,444,0.0007604205328011021,0.0007580088506648807,-21.182710301583114,-21.208507119877083
445,445,0.0007620808193172069,0.0007631681387704846,-21.1831452609536,-21.179047576878325
446,446,0.0007622291552402155,0.0007613171320898752,-21.180244030423296,-21.189593856304704
447,447,0.0007629912357402908,0.0007620909202255701,-21.176626207483046,-21.185182012138807
448,448,0.0007582715539664952,0.0007571189596905912,-21.197361045598562,-21.213608666841345
449,449,0.0007596400190749657,0.0007617631896496995,-21.19375704873231,-21.18705005950533
450,450,0.0007615388903920491,0.0007603814807034245,-21.1820255427766,-21.194934575970393
451,451,0.0007573378076728856,0.0007634906827374117,-21.20530581772205,-21.17721247049937
452,452,0.0007598362316991942,0.0007664901602670158,-21.192621383590648,-21.160184045410904
453,453,0.0007630298754257947,0.0007591960633075551,-21.18151189787718,-21.201710411007426
454,454,0.0007593357766325557,0.0007633432825586121,-21.192068646780665,-21.178051004170197
455,455,0.0007604190104007337,0.0007610892919872544,-21.18312854820061,-21.190893768056235
456,456,0.0007616103549977553,0.0007648801884466881,-21.1833189975135,-21.169315763754316
457,457,0.0007632965619253359,0.0007644998350817906,-21.177378168140653,-21.171475924975365
458,458,0.0007631624916798829,0.0007610970121612283,-21.18070872106706,-21.190849715249467
459,459,0.0007602024556992134,0.000762738498834599,-21.185602933900107,-21.181493208264843
460,460,0.0007575918817124569,0.0007616009005639506,-21.19727673058634,-21.187975396463624
461,461,0.0007620782335768885,0.0007629088113868707,-21.186026788937763,-21.180523576535908
462,462,0.0007581776530078622,0.0007642622528548696,-21.197073402303317,-21.172825783815988
463,463,0.0007629298380595277,0.0007621069303958824,-21.17705200460989,-21.18509077557633
464,464,0.0007609489653499547,0.0007626359920801693,-21.188608624023185,-21.182076909095542
465,465,0.0007587321025809061,0.0007642233762645015,-21.198825710902053,-21.17304670690946
466,466,0.0007595999734044151,0.0007629947749113566,-21.19437454729532,-21.180034247004166
467,467,0.000763064850428977,0.0007619952390852728,-21.180278360365463,-21.18572730665584
468,468,0.0007610874587775583,0.0007649461898070417,-21.18988820855936,-21.168941028071558
469,469,0.0007632893945820169,0.0007639563164526695,-21.168828476118165,-21.174564625310687
470,470,0.0007588561113021269,0.0007619334194858215,-21.193675244279188,-21.186079657939203
471,471,0.0007628207052961836,0.0007655454131676571,-21.178718106236815,-21.165540298374847
472,472,0.0007612604513457141,0.000762361595039501,-21.179550991653326,-21.183639785298173
473,473,0.0007587731881883264,0.0007614151905535868,-21.18669681254984,-21.18903451637188
474,474,0.0007636547232642002,0.0007639017176667327,-21.17428429340538,-21.17487502000616
475,475,0.0007634175270459778,0.0007577409882000403,-21.178741263912848,-21.210042085458042
476,476,0.0007622804667935083,0.0007632652842929881,-21.175805072359232,-21.17849478808604
477,477,0.0007614222422395785,0.000760107684120732,-21.183395176594615,-21.19649865612385
478,478,0.0007598267594525187,0.0007659419942157049,-21.19077353133393,-21.16329107368238
479,479,0.0007618182109544034,0.0007642289059922883,-21.172097462089738,-21.17301528256875
480,480,0.0007601839876685714,0.0007633506442959371,-21.187066285178,-21.17800912070107
481,481,0.000765628123190254,0.0007617241568177155,-21.16918700644441,-21.187272598190496
482,482,0.0007619562909275908,0.0007644439986171691,-21.18142348359997,-21.171793130459967
483,483,0.0007623921600938535,0.0007626974654972161,-21.180203808870957,-21.181726853628145
484,484,0.0007610562018637267,0.0007638002035060996,-21.189309982225915,-21.175452188094404
485,485,0.0007613563265641863,0.0007629491155967116,-21.18084419830562,-21.180294146316676
486,486,0.0007602765498510034,0.0007616984657943249,-21.18666391929805,-21.187419077171818
487,487,0.0007639507092199451,0.0007638573113485778,-21.17051120952886,-21.175127486770556
488,488,0.0007613659176264995,0.0007640066844607262,-21.177287419419923,-21.17427830230472
489,489,0.0007658053337135496,0.0007662100404942114,-21.15927298648881,-21.16177149836348
490,490,0.0007648867808195964,0.0007664573985446049,-21.166041106511724,-21.16036967779188
491,491,0.000762977307307121,0.0007651073178031334,-21.181000966615212,-21.16802632803665
492,492,0.0007635003337444565,0.0007654846995137632,-21.174519918272093,-21.16588474104332
493,493,0.0007597374310957018,0.0007664278443706663,-21.183196564657884,-21.160537142573993
494,494,0.0007672261611136041,0.0007601366194553281,-21.151992224787662,-21.19633333458811
495,495,0.0007629863967034082,0.0007585444928784119,-21.171064002311223,-21.205439288886833
496,496,0.0007603924131001701,0.0007627378156604735,-21.187232843063562,-21.18149709818106
497,497,0.0007626579212716099,0.0007657163660041988,-21.17320110730386,-21.16457058993056
498,498,0.0007605705561461983,0.0007632542248374145,-21.184607827250087,-21.178557716342116
499,499,0.000762256847084836,0.0007611129886323684,-21.18388641347941,-21.19075855183242
500,500,0.0007593187793954899,0.0007638045016823238,-21.19546741842248,-21.175427748863367
501,501,0.000763176215486121,0.0007614225216553008,-21.16773766076834,-21.188992701581046
502,502,0.0007614048051446216,0.0007607907755300403,-21.182826948050657,-21.19259750351549
503,503,0.0007610283023917798,0.0007643132611471964,-21.180113127008017,-21.17253593722753
504,504,0.0007622012929731654,0.0007600850903576142,-21.179694347131868,-21.196627749575853
505,505,0.0007630904227946453,0.0007659480416853177,-21.176968662992355,-21.163256784240964
506,506,0.0007621799253608993,0.0007643995279642312,-21.17664084109872,-21.172045783643206
507,507,0.0007627909539805091,0.0007609275849781147,-21.181916319041495,-21.191816602264993
508,508,0.000762106705524181,0.000765451171901077,-21.184449975088455,-21.16607496269081
509,509,0.0007614399361683382,0.0007624885122487811,-21.181427700603734,-21.182916836288133
510,510,0.0007605797061504624,0.0007607688710681702,-21.18015858806196,-21.192722546091915
511,511,0.0007633934914825734,0.0007668666259728765,-21.173099791740185,-21.158051508698854
512,512,0.0007634684323458021,0.0007638374717268897,-21.169550390067858,-21.175240287289586
513,513,0.0007618404426803985,0.0007635952206328511,-21.18380368293756,-21.1766178709276
514,514,0.0007648536732621951,0.000763195894634057,-21.169602297846573,-21.17888963004353
515,515,0.0007598447810244007,0.0007629564926518421,-21.18411896934915,-21.18025215401625
516,516,0.0007613588036902095,0.0007610094035044312,-21.18077762598493,-21.1913496534386
517,517,0.0007614711756798794,0.0007643611139715894,-21.18007539765104,-21.172264038673823
518,518,0.000761918901806678,0.0007629194296896458,-21.177163965959032,-21.18046313106533
519,519,0.0007652701604775316,0.0007668274951069371,-21.168073606080537,-21.158273121586582
520,520,0.0007639871568169407,0.0007621839513855153,-21.175175253823767,-21.184651885713293
521,521,0.0007597597402318852,0.0007637784246502346,-21.194185076317495,-21.175576023774617
522,522,0.0007626345673979251,0.000764179432544073,-21.172625721374555,-21.17329643839637
523,523,0.0007667017784977774,0.0007643826171069554,-21.158744845014166,-21.172141863938528
524,524,0.0007641649368151869,0.000769291146609344,-21.171076727723126,-21.144342541732172
525,525,0.0007622253825436778,0.000762259048458777,-21.17833694482205,-21.184224001632952
526,526,0.0007612362525608275,0.000763604282646587,-21.178462315588046,-21.176566331065885
527,527,0.0007612572625260224,0.0007646717927663735,-21.179944435489833,-21.170499183418173
528,528,0.0007652093382725088,0.0007630295310120442,-21.16218844809368,-21.179836420761355
529,529,0.0007612195901678319,0.000761543023767636,-21.18632418207042,-21.188305445028046
530,530,0.0007652039423623343,0.0007619563165414883,-21.165983439942714,-21.18594914895691
531,531,0.000763274133373436,0.0007641972992324123,-21.1721748132681,-21.173194900549127
532,532,0.0007611729544299396,0.0007665486405848673,-21.188309527013033,-21.159852707686888
533,533,0.0007643695559458251,0.0007663151175764046,-21.16788035458178,-21.161175953203227
534,534,0.0007614289193183722,0.0007634836334833189,-21.177264615645836,-21.177252568778975
535,535,0.00076216844044933,0.0007626607977344017,-21.182412980421606,-21.181935651881524
536,536,0.0007648997269234783,0.000758950420851378,-21.172215233796685,-21.203115824322715
537,537,0.0007630829458105733,0.0007606599400261123,-21.176414135390445,-21.19334443717495
538,538,0.0007621142743203367,0.0007640688134798486,-21.17678379074105,-21.17392514841642
539,539,0.000759449446593056,0.0007624768615259152,-21.192267149299227,-21.18298319641326
540,540,0.0007624267642482271,0.0007620082684106341,-21.181811920103133,-21.18565304745526
541,541,0.0007643974164126383,0.0007613208481894904,-21.168204169677512,-21.189572657811325
542,542,0.0007638215290180878,0.0007633483680700394,-21.165396125245582,-21.17802207089412
543,543,0.0007631351046753836,0.0007636572853171904,-21.175638968042247,-21.176264892623887
544,544,0.0007586153668169048,0.0007659497725973395,-21.19668543683352,-21.163246969937
545,545,0.0007612544955618526,0.0007655643214667706,-21.180809917936692,-21.165433032778115
546,546,0.000763545792127393,0.0007655579798952921,-21.172823066976463,-21.165469007820697
547,547,0.0007663283901548339,0.000761119336330969,-21.16524778725179,-21.190722331730797
548,548,0.0007632155440622921,0.0007665149843026148,-21.184781179075006,-21.160043394328053
549,549,0.0007613979564432401,0.0007674511350495251,-21.186736376871444,-21.154742558162795
550,550,0.0007640584485999011,0.0007638351035941588,-21.170743108472323,-21.175253751784453
551,551,0.000761629390103032,0.0007615858309068962,-21.185932496083666,-21.188061330364807
552,552,0.0007614888948119562,0.0007606433018257743,-21.182709498703694,-21.193439433075795
553,553,0.000760491812582483,0.0007599947153051433,-21.18373936774035,-21.197144161760132
554,554,0.0007627081532828202,0.0007631532682449018,-21.18061251396999,-21.17913220108885
555,555,0.0007631504876999972,0.0007664919432595765,-21.17932438095454,-21.16017394295989
556,556,0.0007624474897759861,0.0007611800744933518,-21.179251209294655,-21.190375773772615
557,557,0.0007649079396043779,0.0007630218935542201,-21.171480002674055,-21.179879891194076
558,558,0.0007628206188848108,0.0007627243298645082,-21.172429363911395,-21.181573885491574
559,559,0.0007644891294833157,0.0007620241836105523,-21.1719610257951,-21.185562342254144
560,560,0.0007623133337192391,0.0007661653033114577,-21.176973726707775,-21.162025079990066
561,561,0.0007580793816740289,0.0007630145073084062,-21.202087111188895,-21.179921932206952
562,562,0.0007647396978614948,0.0007641689490379864,-21.16910283955185,-21.173356018121765
563,563,0.0007642909449995639,0.0007647937010532539,-21.163085581806364,-21.16980686186379
564,564,0.0007614524628170142,0.0007618589259340967,-21.175864787923366,-21.186504284543663
565,565,0.000762393315245887,0.0007630947419736339,-21.177975326966955,-21.179465274567086
566,566,0.0007615247141262612,0.0007588705507499215,-21.186227399814346,-21.203572889352287
567,567,0.0007610548618873677,0.0007640114145990657,-21.186566067910434,-21.174251414233424
568,568,0.0007639242007310704,0.000765311056870575,-21.173809262058892,-21.166870006932236
569,569,0.0007595130681665134,0.0007617316809237787,-21.196698616075,-21.187229699963144
570,570,0.0007650349403193854,0.0007655422148098679,-21.16582407239386,-21.16555844272026
571,571,0.0007616261142718884,0.0007645865032253297,-21.184032379075013,-21.17098361142062
572,572,0.0007589844045872541,0.0007639140148009909,-21.1946701918975,-21.174805108727742
573,573,0.0007626040653834484,0.0007614902784361652,-21.179947817493424,-21.18860625271728
574,574,0.0007642945862788054,0.000766236399373922,-21.173606386601772,-21.161622096521945
575,575,0.0007629207654654519,0.0007630754568565049,-21.169379415189383,-21.17957503191864
576,576,0.0007647381778614423,0.0007631987498730029,-21.167270845277912,-21.178873382416832
577,577,0.0007630586612143929,0.0007651330455892572,-21.172431427077516,-21.167880292997793
578,578,0.0007611650027833955,0.0007648686541391438,-21.18034848288216,-21.1693812553694
579,579,0.0007631727164255973,0.0007624448442488516,-21.176337368365445,-21.183165565471338
