,epoch,train_loss,test_loss,train_dbs,test_dbs
0,0,0.0006727575769734368,0.0006537511485236648,-4.6282702457077685,-4.761656214742473
1,1,0.0006318660260936649,0.0006150455630727505,-4.899590368814176,-5.026707964742185
2,2,0.000599376363415732,0.0005899165928559868,-5.131497013096914,-5.207874743857893
3,3,0.0005793233603699921,0.0005735825980082154,-5.275778969305711,-5.329821195810352
4,4,0.0005647040838759738,0.0005606059076901721,-5.387725069179715,-5.429204162647702
5,5,0.0005531665669830958,0.0005499315877003889,-5.480921495372392,-5.51269420346689
6,6,0.0005425404446420365,0.0005402960753264395,-5.562114082594537,-5.589462734624771
7,7,0.0005333280498665978,0.0005314467554470818,-5.6381846492756456,-5.661183263563125
8,8,0.0005243362654264556,0.0005226601573859194,-5.710569297375905,-5.733586914280183
9,9,0.0005159647391206518,0.0005141593175817673,-5.781805179913925,-5.804803758427201
10,10,0.0005082270075307833,0.0005082977080938259,-5.847059465106029,-5.854599348475613
11,11,0.000502593109033733,0.0005017292155810681,-5.896028530972374,-5.911086956923313
12,12,0.0004976865644662728,0.0004979921075956602,-5.938459376728069,-5.943556264091361
13,13,0.0004936933137005983,0.0004943536095149619,-5.974307570749609,-5.975403768299195
14,14,0.0004898239240367158,0.0004910078025300448,-6.007622905200001,-6.004896928427339
15,15,0.00048657584714597646,0.0004880301053880861,-6.034822540698734,-6.031314729303895
16,16,0.0004840341289215673,0.00048493438915006424,-6.059906895552939,-6.058951031021296
17,17,0.00048098030989778413,0.0004827602717437242,-6.083681392217935,-6.078465632463698
18,18,0.0004788910791268284,0.000480658137300787,-6.104708477773604,-6.097417872301354
19,19,0.00047684477020496716,0.00047877259203232825,-6.123400989295432,-6.1144880564156265
20,20,0.0004749001434658529,0.00047642142530285607,-6.1405209552523505,-6.135868022795598
21,21,0.0004732448889120223,0.00047471230592284545,-6.155441709113147,-6.151475962882131
22,22,0.00047192878669521476,0.00047391483799162274,-6.169322906952608,-6.158777799137438
23,23,0.00047058541748970365,0.000472494840658711,-6.181368050075422,-6.171810156745049
24,24,0.00046878991307709944,0.00047026942238995905,-6.196779723658546,-6.192313451302254
25,25,0.00046749262063591215,0.00046952223055996,-6.21028656945759,-6.19921926614
26,26,0.0004663532791832059,0.0004680160077680883,-6.220120851678504,-6.213173786245601
27,27,0.0004648857674388618,0.00046704285073486204,-6.234137352720558,-6.222213578303718
28,28,0.00046387368893567664,0.0004652682753083737,-6.242210199086448,-6.238746455036617
29,29,0.0004627692456760434,0.00046506496054414466,-6.254146382546512,-6.240644666950307
30,30,0.00046189334279540735,0.0004643262088249781,-6.262312591107584,-6.247548882812818
31,31,0.0004607877551851621,0.00046283927880913804,-6.272163883760364,-6.261478781263524
32,32,0.00045958258566859456,0.000462449825135991,-6.283355442564835,-6.265134667633989
33,33,0.00045873691326669735,0.0004616743627641546,-6.289776995626081,-6.272423279109992
34,34,0.0004573668336457352,0.00046027202992454956,-6.303916669817538,-6.285635020889032
35,35,0.00045671785693164417,0.0004589621982488193,-6.311703301320247,-6.298011693483555
36,36,0.0004560193367969706,0.0004584972170720759,-6.318500157627799,-6.302413823390696
37,37,0.00045466786802544727,0.0004570034062980037,-6.328760001948127,-6.316586492100589
38,38,0.0004542661304513626,0.00045629102877635315,-6.334601084188918,-6.323361562166653
39,39,0.0004533889977088601,0.000455532244431149,-6.342837509423477,-6.3305896279514755
40,40,0.0004523077234985864,0.00045463162180232376,-6.354013114530628,-6.339184466312924
41,41,0.00045181079809649934,0.00045394387837548395,-6.358337210906509,-6.345759224981382
42,42,0.00045079719059207697,0.0004533191386144608,-6.366733075884476,-6.351740314668516
43,43,0.0004499257507988434,0.00045229318110566393,-6.3776825573906395,-6.361580460736641
44,44,0.00044928861484315593,0.00045181368018108373,-6.381885676210469,-6.366187098160924
45,45,0.0004480775495506247,0.0004506229536338268,-6.394217050243084,-6.377647764752958
46,46,0.0004478242991194513,0.00045045755809712177,-6.397156191408543,-6.379242081105248
47,47,0.0004469677016796717,0.00044969591698119124,-6.403093420094002,-6.386591419233341
48,48,0.0004455627025628328,0.00044850022899673174,-6.417555903118794,-6.398154172041782
49,49,0.00044572759196450263,0.0004483510642067382,-6.416612873923903,-6.399598813896605
50,50,0.00044468504835169803,0.0004464527377613673,-6.428699274227549,-6.418025958151567
51,51,0.00044404651091155625,0.00044646713037141845,-6.43376740754147,-6.4178859538499715
52,52,0.00044313197104577166,0.0004458896445085932,-6.441650905624185,-6.423507000625737
53,53,0.0004427422563540605,0.0004449046651930793,-6.447013704405695,-6.433111266194
54,54,0.0004415709585954733,0.0004439639405494458,-6.45664491372429,-6.442303888627016
55,55,0.00044081067473185966,0.0004430961240646674,-6.465842050304433,-6.450801352235541
56,56,0.0004403375691647843,0.0004427365600253995,-6.468834669271972,-6.454326999674965
57,57,0.0004392426239552226,0.0004425727437544418,-6.480195524256505,-6.455934223343148
58,58,0.0004384955628319,0.00044089293193170115,-6.485561342395011,-6.472449497325755
59,59,0.0004378759827868072,0.0004406018201016674,-6.491220283686644,-6.475317994630022
60,60,0.0004376988610752004,0.0004394049220105731,-6.49597737819215,-6.487131689503336
61,61,0.0004369165261093642,0.00043955447434104587,-6.503883547716392,-6.485653811167285
62,62,0.00043632261864312913,0.0004383889455838423,-6.508250381315483,-6.497184918836339
63,63,0.00043524625817957074,0.00043745098274054105,-6.518237268802326,-6.506486898105194
64,64,0.00043477317871593095,0.00043696686349760155,-6.52617694255052,-6.511295819564856
65,65,0.0004342791237916375,0.0004361945933564321,-6.528880294929275,-6.518978081434529
66,66,0.0004335048445860481,0.00043616501161044364,-6.537374066252931,-6.519272620268736
67,67,0.0004328114428250215,0.00043507215205432947,-6.545293353122385,-6.530168003143656
68,68,0.0004321947662620661,0.00043442887315330535,-6.54982651157837,-6.53659404566485
69,69,0.0004311945585212334,0.00043401739707118586,-6.559315266481265,-6.54070948288645
70,70,0.0004307652326161522,0.0004336326582185728,-6.56433870000679,-6.544561035032305
71,71,0.0004302417792226236,0.0004326714689867865,-6.571298925170038,-6.554198282221073
72,72,0.0004293986361536207,0.00043149816031616767,-6.577457130495352,-6.565991378785782
73,73,0.0004285064819340892,0.0004312186027068253,-6.587747968277052,-6.568805983452454
74,74,0.00042867163987110184,0.00043031103804854577,-6.585497777545671,-6.577955998732601
75,75,0.00042766284920063986,0.00043044824729134376,-6.597750879202011,-6.576571425402219
76,76,0.00042725363524256216,0.00042952393873986835,-6.600353611975076,-6.585907128686101
77,77,0.00042617706805179567,0.00042877031649511893,-6.610650445000452,-6.593533745419204
78,78,0.0004258327793387562,0.00042857972316836054,-6.61407244798931,-6.595464663425455
79,79,0.0004251137293020705,0.0004274207856628652,-6.622040130147907,-6.607224480524869
80,80,0.0004244260918997113,0.0004271027190904868,-6.630281878488171,-6.61045750016383
81,81,0.00042375186056177103,0.0004265135625916484,-6.634102102418429,-6.616452405897052
82,82,0.0004233244264056695,0.00042548969289974163,-6.637831294193946,-6.626890421680841
83,83,0.0004228077593053086,0.00042480924993900483,-6.646328835405435,-6.633841216778666
84,84,0.00042195128098120624,0.0004238145330945324,-6.65479458735604,-6.644022412335411
85,85,0.0004215009295088767,0.00042426062894887045,-6.657963933994927,-6.639453548761097
86,86,0.0004209425200146537,0.00042292982107028365,-6.663379012241907,-6.653097777010315
87,87,0.0004203462845420215,0.0004231921875065095,-6.671200810119073,-6.650404446781664
88,88,0.0004203706558496144,0.0004222998824460726,-6.67449346888689,-6.659571257957515
89,89,0.0004193134760104849,0.00042180651737573117,-6.680325569935341,-6.664648005439998
90,90,0.0004188488072538076,0.0004210274522560404,-6.686703330944576,-6.672676722626935
91,91,0.00041825402427234294,0.00042019664512113914,-6.695301189460756,-6.681255056810417
92,92,0.0004174851907834833,0.0004194104327134004,-6.702063464865465,-6.689388571143466
93,93,0.00041733635949527787,0.00041941491623507127,-6.703650412132891,-6.689342145061479
94,94,0.0004168684725150389,0.0004188290729775633,-6.7065862300914025,-6.695412657673453
95,95,0.000415785026018863,0.0004182432098069081,-6.7188276827425595,-6.701491874222475
96,96,0.00041527681553150654,0.0004176141274480247,-6.721742117850259,-6.708029043582206
97,97,0.00041455333241136727,0.00041710050151634375,-6.7304338982798,-6.713373742915473
98,98,0.00041443287555762017,0.00041613213129733736,-6.733550492522715,-6.7234683555203425
99,99,0.0004136512816893225,0.0004163730788461276,-6.742058566338372,-6.720954444675953
100,100,0.0004134846088529286,0.0004156744689680636,-6.744028639756081,-6.728247356893297
101,101,0.00041257905637000485,0.00041474510094543035,-6.751928309623738,-6.737968215770484
102,102,0.0004120143610484821,0.00041422492665189664,-6.75792137822945,-6.743418566143582
103,103,0.0004116419454335629,0.0004133124082153173,-6.763322131491718,-6.752996427239842
104,104,0.00041104606670788345,0.0004132859574287738,-6.7676544785554995,-6.753274371913319
105,105,0.0004104923570322199,0.00041275545893433064,-6.77323017262535,-6.758852605544357
106,106,0.00040979460259832286,0.0004120166244990143,-6.783354097503702,-6.766633465507312
107,107,0.0004091482689320926,0.00041196463127179364,-6.787932899767015,-6.7671815452494215
108,108,0.0004091180222512213,0.00041158704430257017,-6.789906109558101,-6.7711639049124805
109,109,0.00040795208499814893,0.0004102574327445932,-6.8005655372896054,-6.78521628301155
110,110,0.00040759638518325447,0.0004100573148063727,-6.8063217571205845,-6.787335228654855
111,111,0.0004070151201809382,0.00040963104019235626,-6.810305308780692,-6.791852280244108
112,112,0.00040696311883685977,0.0004088637590604393,-6.814199476997402,-6.7999946914011336
113,113,0.0004064003581699637,0.00040748322498984635,-6.818163150799207,-6.8146835164278405
114,114,0.00040548254187295653,0.0004074350259830489,-6.827767982670814,-6.815197250478705
115,115,0.0004050354104244256,0.00040793057843601624,-6.831518124924328,-6.809918251189311
116,116,0.00040462142223799503,0.0004069346361671035,-6.835947481066459,-6.820534300059878
117,117,0.0004041739922501723,0.0004063053914394818,-6.843552246347221,-6.827255011245558
118,118,0.00040339588844121347,0.00040560778334589775,-6.849702111414028,-6.834718060978925
119,119,0.0004027750086250533,0.00040562371233184084,-6.853200694768114,-6.834547508658529
120,120,0.0004023646815204705,0.0004055740366885929,-6.861722093818105,-6.835079409981002
121,121,0.00040173077999047704,0.0004048869105693149,-6.867871916070282,-6.8424434946906745
122,122,0.00040157728848892466,0.000403713234271364,-6.868931586635412,-6.855050999177493
123,123,0.00040086645203325706,0.0004029669477236702,-6.876431383430676,-6.863086605587098
124,124,0.0004005546701985613,0.00040290020344974965,-6.8813293903344865,-6.8638059963672395
125,125,0.0003996285056028054,0.0004030383302290973,-6.890025460591693,-6.862317354339236
126,126,0.00039963599698877286,0.0004016286188025812,-6.893493924908833,-6.877534346181786
127,127,0.000398747409938729,0.0004006528163843445,-6.899438626963185,-6.888098863720321
128,128,0.0003984697197909592,0.000401502066157072,-6.902902098188465,-6.8789030179832515
129,129,0.00039824497131102707,0.00040048165063030625,-6.907310592924584,-6.889954640663179
130,130,0.0003972956256643322,0.0004002191294842449,-6.914273841826262,-6.892802433297684
131,131,0.00039661919413681726,0.00039968576043305034,-6.922641394041207,-6.898594103607522
132,132,0.0003965322948997053,0.00039868578192238743,-6.9247832834619425,-6.9094733835734825
133,133,0.0003961402020950024,0.00039820414263215894,-6.928091042889406,-6.91472312522635
134,134,0.00039552855389384726,0.0003981156853689371,-6.937235942517626,-6.915687976285151
135,135,0.000394935124690558,0.0003968596988431129,-6.941916490079873,-6.929410878457771
136,136,0.0003944974741898477,0.00039639457827433944,-6.945952612669696,-6.934503805793032
137,137,0.0003940460269733034,0.0003960402299478454,-6.95277353263706,-6.938387823292728
138,138,0.00039381540702060634,0.00039577149743165235,-6.955339900831719,-6.941335722378737
139,139,0.00039270996462947394,0.0003955318748730382,-6.965844699970516,-6.943965984343211
140,140,0.00039245738568667745,0.0003948721140132923,-6.971100530321641,-6.951216215145147
141,141,0.0003921720646345777,0.00039436506248373345,-6.974060631940829,-6.9567965329047
142,142,0.0003912577918039385,0.00039353300082056145,-6.98094839939573,-6.965969291160725
143,143,0.0003908712905351572,0.0003935639887410951,-6.987994363301885,-6.965627328656005
144,144,0.0003908793486957198,0.0003922749555816776,-6.987918373402461,-6.979875044279371
145,145,0.0003898102788917106,0.00039232244537408024,-6.996621098247527,-6.979349308283121
146,146,0.0003893386180147759,0.0003907938402048067,-7.004369814105427,-6.996303766909129
147,147,0.00038919760365538374,0.00039155569270645315,-7.007383594613166,-6.987845439060597
148,148,0.0003882738885820181,0.0003904967437081627,-7.017781060954905,-6.999606696138308
149,149,0.00038786376430413003,0.0003902216726840523,-7.0204916944888,-7.002667001373526
150,150,0.00038770519223390627,0.00039008547901175916,-7.023702686937403,-7.004183023899248
151,151,0.00038758926987696017,0.0003895713613785215,-7.022200645527495,-7.0099106330718985
152,152,0.00038691567222242116,0.0003888159224420394,-7.032319950510519,-7.018340448701117
153,153,0.0003860665985728739,0.00038796848782926405,-7.040362245143444,-7.0278163423273305
154,154,0.00038579128653809584,0.00038884570638306047,-7.044876705465448,-7.018007784705321
155,155,0.00038542569232096456,0.00038816930272763496,-7.0484938671385775,-7.025568988693641
156,156,0.0003852184082395829,0.000387213385884503,-7.051402788156627,-7.036277239639998
157,157,0.00038412183561583154,0.0003868121497553626,-7.062772621739898,-7.040779795289922
158,158,0.0003838461206280194,0.00038590707730403855,-7.0657697859256094,-7.050953429834489
159,159,0.00038298114758589756,0.0003853559595116071,-7.07404732477542,-7.05716006610367
