,epoch,train_loss,test_loss,train_dbs,test_dbs
0,0,0.0003117045064183125,0.0002849628569827856,-7.969498817983109,-8.367898300339345
1,1,0.00023103766092315279,0.00014485537969066123,-9.271325186826191,-11.306434575054869
2,2,0.0001335854474971186,0.00013515226179917686,-11.650842535301567,-11.607547682303538
3,3,0.00017639175168425805,0.00027215636739703387,-10.441801415738809,-8.56759586759659
4,4,0.00016503901666116698,0.00015570035152210804,-10.732592922292117,-10.99288493259165
5,5,0.00014817931882247387,0.00014716462579886675,-11.199137359952246,-11.237746558549063
6,6,0.00014998743952055144,0.00015280002538163804,-11.14704979423804,-11.07454659947453
7,7,0.000149671959549131,0.00014804864813892268,-11.155396212158909,-11.211736402120431
8,8,0.00014960355069560297,0.00016618768552832894,-11.15861742463552,-10.709792468150036
9,9,0.00018956165922176784,0.00022163947563201778,-10.130756087758424,-9.459309723187456
10,10,0.000236832434743566,0.00020577766669080839,-9.161388249788299,-9.781798478706417
11,11,0.0001923869627698315,0.0001895553248591329,-10.062811773894072,-10.138420974891382
12,12,0.00019204545557287704,0.00018519583682063967,-10.070693496322233,-10.239468667581082
13,13,0.0001788034994027952,0.00017931714491600074,-10.382039499314574,-10.379562709071227
14,14,0.00017739659113468622,0.0001752317759000059,-10.41731996995517,-10.479652239551339
15,15,0.00017287053204424795,0.00017073084247960267,-10.531021442292968,-10.592661029474515
16,16,0.0001672126290378804,0.000167331965425738,-10.674773204903708,-10.679991741643475
17,17,0.00016174922513021827,0.0001615856339125649,-10.817770371943157,-10.831753399749465
18,18,0.00015657424378285627,0.00015620210768630435,-10.959275778467434,-10.97891196669063
19,19,0.00015207828585413698,0.00015138924400640748,-11.08535469184906,-11.114830660819317
20,20,0.00014696761242056399,0.00014965030200791692,-11.234629316241502,-11.165004887050111
21,21,0.00014381375152992142,0.0001449796733428038,-11.328731679463331,-11.302709694299057
22,22,0.00014071224828025077,0.0001411170577691672,-11.42579991714928,-11.419985733015654
23,23,0.0001351143525716532,0.00013051753845310916,-11.599044399293971,-11.759092118825139
24,24,0.00012430249078477704,0.0001259410323415834,-11.964085530826466,-11.914108374252146
25,25,0.00012269772380079172,0.00012443987399915626,-12.01837245190176,-11.966185236332294
26,26,0.00012146177788363463,0.00012256673500431995,-12.064887684196536,-12.032054690356837
27,27,0.00011902609744022801,0.00012000081570524919,-12.151631835715008,-12.123938881545307
28,28,0.00011284672797683953,0.0001105116293489884,-12.38192626434438,-12.481701042674151
29,29,0.00010682589525402495,0.00011084843649051006,-12.619572149262154,-12.468485145276249
30,30,0.00010621213207451012,0.00010353630358095918,-12.647027061799257,-12.764854304439355
31,31,0.0001104857491151689,0.00011144404944436821,-12.474133902610927,-12.44521202048778
32,32,0.00012503726004032398,0.00013828188974385788,-11.937238021618617,-11.508127804002024
33,33,0.00013211482689360674,0.00013365829976177528,-11.696095204134991,-11.65582154070901
34,34,0.00012637371483580545,0.00012263784753342502,-11.890650943974707,-12.029535668931484
35,35,0.00011983048148302016,0.00012297799740305267,-12.119417799177182,-12.017506696950555
36,36,0.00012157569027604229,0.0001254858557091977,-12.060644352086385,-11.929833097827451
37,37,0.00012484981284474416,0.0001302422246417815,-11.944710326209314,-11.768262806208899
38,38,0.00012582046864614293,0.00012897873009358975,-11.908521920313484,-11.810599897077864
39,39,0.0001094081134837812,0.00010237481183139607,-12.519103813691038,-12.813849698076043
40,40,9.817602021377246e-05,0.00010007615836864141,-12.986248152023967,-12.912474606189415
41,41,9.64246121548433e-05,9.845298872709176e-05,-13.064728051015406,-12.983491818213997
42,42,9.456277816237152e-05,9.647169606882686e-05,-13.150772286543184,-13.071781724054667
43,43,9.327537502274973e-05,9.444051638159803e-05,-13.212573072270473,-13.164197332804942
44,44,9.188989489987377e-05,9.43595709701951e-05,-13.273679065420293,-13.167921287402073
45,45,9.159075950462007e-05,9.356977419596852e-05,-13.288780437431281,-13.20442504895974
46,46,9.036527386417651e-05,9.22778011667297e-05,-13.346942982816309,-13.264808489024407
47,47,8.936485834599752e-05,9.121825553991489e-05,-13.393479103384497,-13.314963238015096
48,48,8.861756514213e-05,9.626916212973331e-05,-13.432193090591563,-13.08090894340437
49,49,9.006869473036128e-05,9.04180997167714e-05,-13.360408273605216,-13.353227109376192
50,50,8.75003755299048e-05,8.937190087683695e-05,-13.486368419047238,-13.403770911598354
51,51,8.874303513067323e-05,9.436231400621564e-05,-13.426465867958159,-13.167795039679653
52,52,9.082788675027353e-05,9.238025622356585e-05,-13.321511081965344,-13.259989238673596
53,53,8.836593477417878e-05,9.076873194365027e-05,-13.444913769164707,-13.336418180161138
54,54,8.643251015941526e-05,8.81682882257002e-05,-13.54051442429554,-13.462656772169874
55,55,8.492052281148175e-05,8.70236889520464e-05,-13.617180485615915,-13.519405971486753
56,56,8.33826066509667e-05,8.600411054335142e-05,-13.694801906623608,-13.57058877600185
57,57,8.296234036325332e-05,8.987477715556069e-05,-13.716214876090637,-13.379402597684125
58,58,8.756758047498225e-05,8.82216416740496e-05,-13.483930250147457,-13.460029512333842
59,59,8.415346443125037e-05,8.51289721475424e-05,-13.655957937650198,-13.615006966021799
60,60,8.155370386768631e-05,8.794180413181158e-05,-13.792859069537807,-13.473827153733367
61,61,8.130865689119823e-05,8.313890162083369e-05,-13.807621551070117,-13.717738037468148
62,62,7.988304896196158e-05,8.178517830521359e-05,-13.882910031178683,-13.789034814768396
63,63,8.21387714954794e-05,9.005350416134063e-05,-13.762508864969018,-13.37077469579585
64,64,8.541099406411565e-05,8.606453966900804e-05,-13.590324423516192,-13.567538361313822
65,65,8.174472318340534e-05,8.299111007210358e-05,-13.782824171881995,-13.725465126675406
66,66,7.930110189487639e-05,8.021341253831786e-05,-13.915645456957947,-13.873310933011494
67,67,7.773076946794334e-05,7.904369321247367e-05,-13.99959573697354,-13.93710862436469
68,68,7.721309633517503e-05,7.90864498029757e-05,-14.03065965994368,-13.934760058630358
69,69,7.701107423384098e-05,7.870771821073599e-05,-14.04025715672825,-13.955607642359208
70,70,7.709300905506884e-05,7.90683031817408e-05,-14.037332478550193,-13.93575667458446
71,71,7.723819501349971e-05,7.927318610630831e-05,-14.028081797517222,-13.924517728477008
72,72,7.743438235940124e-05,7.85476781617801e-05,-14.01675130587533,-13.964447343348088
73,73,7.700214025800923e-05,7.975232246711752e-05,-14.043234196330378,-13.898347473263255
74,74,7.743230128550383e-05,7.956004035230235e-05,-14.014995539210657,-13.90883091604248
75,75,7.825885059554418e-05,7.982728780725186e-05,-13.973552243916066,-13.894267122911065
76,76,7.740277769980165e-05,7.957658051868508e-05,-14.01920793013296,-13.907928131632914
77,77,7.748960301468447e-05,7.835182967889858e-05,-14.015196976668669,-13.975289437214487
78,78,7.735053452389488e-05,7.989635234576111e-05,-14.023018656773383,-13.890511342012212
79,79,7.639019745558059e-05,7.947622897948972e-05,-14.076809174329803,-13.913408339828361
80,80,7.800450231987964e-05,8.004210126512732e-05,-13.984338537661202,-13.882596051159181
81,81,7.754719769492141e-05,7.834045314475109e-05,-14.01263527040556,-13.97592007018799
82,82,7.809684138544643e-05,8.080606685804301e-05,-13.982685581048454,-13.841341178297764
83,83,7.641899344552135e-05,7.926787886964648e-05,-14.073597265542027,-13.92480849271498
84,84,7.727037357363235e-05,7.825690179168687e-05,-14.027297550919219,-13.980554362389057
85,85,7.527631889163401e-05,7.80912412569466e-05,-14.138437992115202,-13.989757603518463
86,86,7.858603420732158e-05,7.939009963975925e-05,-13.954344913130146,-13.918117393151974
87,87,7.637330444473245e-05,8.018103452693475e-05,-14.081033327519537,-13.875064309406621
88,88,7.704413198468698e-05,8.01179144457963e-05,-14.040320561456486,-13.878484507047116
89,89,7.714863495118724e-05,8.090621735104115e-05,-14.032055440906335,-13.835961894683969
90,90,7.811382823364482e-05,7.801944708549662e-05,-13.97865760759483,-13.993752181343055
91,91,7.835188901565547e-05,8.148352093198092e-05,-13.967033150878198,-13.805082995749292
92,92,7.677392748462939e-05,7.886808759251021e-05,-14.055248637161617,-13.9467677622441
93,93,7.572018336018634e-05,7.795510655820468e-05,-14.115826649766516,-13.997335168041564
94,94,8.266734089984405e-05,8.531659726653935e-05,-13.733375360185178,-13.605445604346077
95,95,8.234380183023756e-05,8.117787212157916e-05,-13.753429877073549,-13.821404231599473
96,96,7.696957112147146e-05,7.719695637014841e-05,-14.042736133123107,-14.039779085012814
97,97,7.761550055949988e-05,8.42276096687113e-05,-14.008953585450195,-13.661236104899244
98,98,8.63763881480014e-05,8.196800129218518e-05,-13.539654085238295,-13.779337409491554
99,99,7.645124529029924e-05,7.90596547487535e-05,-14.073119891400927,-13.93623172868323
100,100,7.505644410314547e-05,7.68323795790294e-05,-14.15129454948518,-14.060338023778488
101,101,7.613349889558692e-05,7.696456228395139e-05,-14.09171005909914,-14.052872825473482
102,102,7.53293183920833e-05,7.683912898707939e-05,-14.137118660296398,-14.059956530722104
103,103,7.421825228579409e-05,7.589681856763108e-05,-14.198443881583994,-14.113545147470104
104,104,7.47035246041781e-05,7.548837962339779e-05,-14.174333580903436,-14.136979830940055
105,105,7.525325189320582e-05,8.596485522024235e-05,-14.141409553343811,-13.57257150241205
106,106,7.895644330815652e-05,7.498382949147766e-05,-13.93090069061316,-14.166104698669235
107,107,7.338098976575078e-05,7.940483383687311e-05,-14.248996276383393,-13.917311450496237
108,108,7.596653307063178e-05,7.502033948089535e-05,-14.102359065905723,-14.163990612459475
109,109,7.934045747460164e-05,9.047382014901622e-05,-13.914079534430705,-13.350551580581262
110,110,7.945257765613016e-05,7.65983740596934e-05,-13.904907754620373,-14.07358535290524
111,111,0.00010639487630111578,0.00010504852942080776,-12.638852571656276,-12.701881092517498
112,112,9.176357917502024e-05,8.419326829760776e-05,-13.280874358440828,-13.663007176082107
113,113,7.669923205370295e-05,7.457510678489741e-05,-14.058454411467613,-14.189842024223754
114,114,7.316923112045618e-05,7.43355435827796e-05,-14.264260468127707,-14.203815647500237
115,115,7.297074550957198e-05,7.505098466553088e-05,-14.275613009518622,-14.162216917871945
116,116,7.262927566753394e-05,7.588358551545657e-05,-14.297015604232284,-14.114302431203456
117,117,7.203529060358594e-05,7.356852840626073e-05,-14.33210577261968,-14.248860174055531
118,118,7.225000272509787e-05,7.644577080530948e-05,-14.318559605731169,-14.08224622305122
119,119,7.262255602063775e-05,7.419503296995045e-05,-14.297347458587781,-14.212032541747938
120,120,7.263678363068317e-05,7.48640408059337e-05,-14.296148564991896,-14.173048217600098
121,121,7.258468143583141e-05,7.543388844504462e-05,-14.299413558423126,-14.14011591144062
122,122,7.32261724647053e-05,7.344984509185643e-05,-14.26064020321049,-14.255872021419918
123,123,7.26151110282763e-05,7.21491715490916e-05,-14.29649704122712,-14.33346737644344
124,124,7.172984177739955e-05,7.246517404717834e-05,-14.352381781429791,-14.314487466939818
125,125,7.437319777871136e-05,7.469798851831768e-05,-14.193161899773848,-14.182691791196483
126,126,7.33164595227002e-05,7.2061878439088e-05,-14.257137533537744,-14.33872507626826
127,127,7.559314866570669e-05,7.319570163657006e-05,-14.121042243709553,-14.270925081428242
128,128,7.12644669902991e-05,7.478774588028165e-05,-14.378312570085951,-14.177476426419023
129,129,7.257358305013412e-05,7.1634230200863e-05,-14.297968717703514,-14.36457488112885
130,130,7.100061398868439e-05,7.187730060602342e-05,-14.39520028782178,-14.349863277674128
131,131,6.961125724309259e-05,7.111102030122358e-05,-14.479980687256226,-14.396411763838042
132,132,6.979666769560954e-05,7.188500163274032e-05,-14.470209486086347,-14.349397993888427
133,133,7.114780713628843e-05,7.279271927760227e-05,-14.386446187723834,-14.294901429445853
134,134,7.02036143677818e-05,6.991300975450461e-05,-14.442545763074166,-14.470200874224668
135,135,7.046921149894748e-05,6.978714985674934e-05,-14.427433266342373,-14.47802624450755
136,136,7.18202999329132e-05,7.573172651494755e-05,-14.345745208467967,-14.123002284420096
137,137,7.039721061015914e-05,7.24508067115063e-05,-14.43268191026126,-14.315348607938873
138,138,9.534601467186297e-05,8.943517107246934e-05,-13.113048181719147,-13.40069744278313
139,139,7.631990367897124e-05,7.123215733659698e-05,-14.0816140484799,-14.389019887446024
140,140,6.843707224200527e-05,6.903252467868457e-05,-14.554361135289348,-14.525243294979909
141,141,7.138746611614347e-05,7.662574736107337e-05,-14.37139106553862,-14.072033629357142
142,142,6.97512300904077e-05,8.706948536105062e-05,-14.470036274027274,-13.517121088319017
143,143,7.1291894162585e-05,7.546106874207525e-05,-14.377163672100634,-14.138551345816346
144,144,7.38679848733771e-05,6.788597410808219e-05,-14.223812396122291,-14.597980321753074
145,145,6.913751562980494e-05,7.083072935194268e-05,-14.509750321288976,-14.413563725275893
146,146,6.889772309487224e-05,6.866613119583283e-05,-14.524615958887052,-14.548355073715985
147,147,6.858054516247724e-05,6.794756681253937e-05,-14.547682981783478,-14.594041769710145
148,148,6.763023357615163e-05,6.954973478538082e-05,-14.60640160303775,-14.492826080956284
149,149,6.859144953513979e-05,6.870300000484444e-05,-14.544948130989038,-14.54602384827216
150,150,6.73583811467043e-05,6.78113999464059e-05,-14.624040425184045,-14.602753759764642
151,151,6.776951494495883e-05,6.814302737199653e-05,-14.595895951061484,-14.581566623829572
152,152,6.715317206342042e-05,6.861798714166263e-05,-14.636503288033484,-14.551401121310262
153,153,6.73158107563666e-05,6.91880932687414e-05,-14.625515349845026,-14.515467241341709
154,154,7.509104465704517e-05,8.871888597863482e-05,-14.150387743499422,-13.435620064821707
155,155,7.146178537256027e-05,6.899248853043996e-05,-14.365404134494732,-14.527762762769502
156,156,6.961414737347273e-05,7.218606065419551e-05,-14.481186797395436,-14.331247442350667
157,157,7.365563931333659e-05,6.88494420549097e-05,-14.23415661266998,-14.53677661175088
158,158,6.811983722709744e-05,6.995054297332995e-05,-14.573047055954111,-14.467869963862778
159,159,6.768477197914125e-05,6.89378359407113e-05,-14.60209764680454,-14.53120440179617
160,160,6.836647006230592e-05,6.795243519407354e-05,-14.558763281616729,-14.593730612799803
161,161,6.938732768344146e-05,6.815919627306836e-05,-14.495466375203023,-14.580536256993419
162,162,6.831893851901357e-05,6.875762540546835e-05,-14.561974920860843,-14.542572167292143
163,163,8.270603688025713e-05,9.216062876236577e-05,-13.731270694784659,-13.270326572811193
164,164,7.611920823974382e-05,6.890467691272007e-05,-14.09173841074399,-14.533293856328235
165,165,6.607499816118903e-05,6.661222467205095e-05,-14.706653955444601,-14.680241481422222
166,166,6.620896635571083e-05,6.715938606679341e-05,-14.698079608674142,-14.644713689187657
167,167,6.615662746720697e-05,6.613739452931393e-05,-14.700596219058912,-14.711310043656864
168,168,6.601406486654538e-05,6.757177757926432e-05,-14.711617195766362,-14.61812742470055
169,169,6.599454392232576e-05,6.73057321891017e-05,-14.710963318106728,-14.635260332170487
170,170,6.66435047343239e-05,6.812194566775456e-05,-14.668785607365212,-14.582910427404357
171,171,6.660926775327528e-05,6.650569450453316e-05,-14.668540142507755,-14.687192532651387
172,172,6.725085318207347e-05,6.918826770025159e-05,-14.62876714153599,-14.515456292268931
173,173,6.739157762830914e-05,7.403655878366216e-05,-14.62152678576199,-14.221318617683089
174,174,6.821021568462176e-05,9.384146075095295e-05,-14.568917513202194,-13.191833268714877
175,175,7.25151837389969e-05,6.725029532773126e-05,-14.30708155868049,-14.638838904575419
176,176,7.002762264239641e-05,6.774792257745408e-05,-14.454048136670686,-14.606821037848244
177,177,6.720484977740478e-05,6.772440802275301e-05,-14.632472176988694,-14.60832868762564
178,178,6.682518922145354e-05,6.73916239113743e-05,-14.658394637511147,-14.629721647943867
179,179,6.60845556940893e-05,6.689586811453889e-05,-14.70495667579883,-14.661787923339169
180,180,6.782229894204498e-05,6.774163653302055e-05,-14.593542089566629,-14.607224020104642
181,181,6.606665938869406e-05,6.844625635207386e-05,-14.707955287403006,-14.562283868176507
182,182,6.600025734928983e-05,6.679244841890115e-05,-14.710161902217344,-14.668507225857109
183,183,6.714183019567761e-05,6.701816260159064e-05,-14.640314034635216,-14.653855694673554
184,184,6.652905377103304e-05,6.731457286054807e-05,-14.679063750291144,-14.63468991973091
185,185,6.906762169331993e-05,6.84797613709969e-05,-14.517363934445173,-14.560158480267514
186,186,6.679760700376158e-05,6.815062883297766e-05,-14.65961364290774,-14.58108218858088
187,187,6.778685561472492e-05,6.790420153074113e-05,-14.596078429970362,-14.596814395118043
188,188,6.610712027639275e-05,6.684532644086223e-05,-14.705127883604547,-14.665070378098424
189,189,6.620684672673905e-05,6.74598480767791e-05,-14.701072915031737,-14.625327275282025
190,190,6.850139437016512e-05,7.062017883933884e-05,-14.552805833106335,-14.42649273287136
191,191,6.623562535189438e-05,6.781377975896344e-05,-14.696958368076782,-14.60260134861738
192,192,6.562471577295189e-05,6.606061728426109e-05,-14.737199292081522,-14.716354588147922
193,193,6.594045062791844e-05,6.781419065909607e-05,-14.713834520795295,-14.602575033741525
194,194,6.547608817405471e-05,6.560799623625108e-05,-14.746340376459095,-14.746213123539471
195,195,6.533441098992588e-05,6.684846314448422e-05,-14.754856440397578,-14.664866591059567
196,196,6.489741213748126e-05,6.58661012589858e-05,-14.782603976126072,-14.729161288499073
197,197,6.559591194447946e-05,6.664809858959511e-05,-14.740441113491515,-14.677903224328332
198,198,6.651126345458738e-05,6.831586908542944e-05,-14.678224662069166,-14.570564887119406
199,199,6.612300920509013e-05,6.783779099350795e-05,-14.70487318926416,-14.601063888090028
200,200,6.581918595535153e-05,6.758927472554588e-05,-14.72282570092145,-14.617003001060453
201,201,6.65592074021577e-05,6.806483188962662e-05,-14.676723069488611,-14.58655310117646
202,202,7.175894110726394e-05,9.676148865286163e-05,-14.348947083338569,-13.058755450676374
203,203,7.498147953679719e-05,7.143415476955277e-05,-14.156713704334784,-14.376721759343052
204,204,6.828872881800934e-05,6.762123130580508e-05,-14.564374332167318,-14.614950118169494
205,205,6.64858800387874e-05,6.880875489993119e-05,-14.680921535787533,-14.53934387004671
206,206,6.5895496836393e-05,6.771935563608024e-05,-14.718993049374735,-14.608652692746904
207,207,6.5897271494962e-05,6.677394182923691e-05,-14.716832712284702,-14.66971071871284
208,208,6.522220784747857e-05,6.666365152341314e-05,-14.762580885343786,-14.676889877288854
209,209,6.724365999785339e-05,6.723741554244618e-05,-14.632102864428866,-14.639670745590234
210,210,6.530113807326116e-05,6.684134438584901e-05,-14.755696328050142,-14.665329100154809
211,211,6.51629772769364e-05,6.546915526422181e-05,-14.768481115172584,-14.755413489869525
212,212,6.800586475178206e-05,6.681447044492846e-05,-14.58531080308868,-14.667075556816025
213,213,6.52586511314064e-05,6.625024922725156e-05,-14.760154418508497,-14.703905699406521
214,214,6.513956148260196e-05,6.596957763050389e-05,-14.768932300823012,-14.722343828041558
215,215,6.559384249711227e-05,6.75755942019781e-05,-14.738142545073107,-14.617882131260846
216,216,6.519111670546484e-05,6.536684783273621e-05,-14.765302032498084,-14.762205437186173
217,217,6.572459546846731e-05,6.666978764482529e-05,-14.730190858858263,-14.676490145055428
218,218,6.533561587350482e-05,6.664195691547847e-05,-14.755839006301441,-14.678303448511642
219,219,6.63059422315444e-05,7.10189491847383e-05,-14.691950487732974,-14.402038442513913
220,220,6.629820331299831e-05,6.820930560168467e-05,-14.693313893284891,-14.577344580676641
221,221,6.541351400094933e-05,6.582402918291719e-05,-14.749576665836868,-14.73193623769825
222,222,6.573696575906444e-05,6.805179777745109e-05,-14.73034023886808,-14.587384835406949
223,223,6.531456506543447e-05,6.580712636748917e-05,-14.757588462581026,-14.733051596669107
224,224,6.79084067499942e-05,7.39762035664171e-05,-14.586943001394605,-14.224860466215638
225,225,6.546030208389227e-05,6.671164335689115e-05,-14.74661372290959,-14.67376447248669
226,226,6.568968568636901e-05,6.595116543681605e-05,-14.732228889622505,-14.723556118691889
227,227,6.583370730405692e-05,6.783663890306151e-05,-14.72560415313923,-14.60113764502771
228,228,6.700968065301494e-05,6.565785531021997e-05,-14.647336456534685,-14.742913937729343
229,229,8.174370353670609e-05,7.855480170722953e-05,-13.781327191306023,-13.964053496416458
230,230,6.725265833215558e-05,6.591332758513377e-05,-14.629464554237014,-14.726048491015494
231,231,6.481087238518233e-05,6.647294848287282e-05,-14.790538149856125,-14.689331435031399
232,232,6.49715191909693e-05,6.620677825259535e-05,-14.779987609185932,-14.706756315255776
233,233,6.477273222792308e-05,6.567729169067829e-05,-14.792564326366183,-14.741628506824425
234,234,6.443496948628945e-05,6.592487682753831e-05,-14.815694276836858,-14.725287592870435
235,235,6.449724512010304e-05,6.517256368074174e-05,-14.81098136945496,-14.775132812368092
236,236,6.477855948236837e-05,6.636754398258697e-05,-14.79389841936154,-14.696223400214476
237,237,6.476698354631902e-05,6.689890659273308e-05,-14.795015254714802,-14.661590666859423
238,238,6.4626840876653e-05,6.593977990345785e-05,-14.803841816293378,-14.72430593124506
239,239,6.427090478066076e-05,6.683482627666213e-05,-14.82719107558816,-14.665752627974394
240,240,6.451247538711166e-05,6.518417630056654e-05,-14.810000231801133,-14.774359043904042
241,241,6.376343107777503e-05,6.421155807114893e-05,-14.86232614932435,-14.83964878278787
242,242,6.467703530791735e-05,6.549511454068124e-05,-14.798671666532714,-14.753691803384353
243,243,6.384033296160044e-05,6.514921685601094e-05,-14.857352956617715,-14.77668886803542
244,244,6.40992940068677e-05,6.43023296633098e-05,-14.83872402593158,-14.833513786976976
245,245,6.545672812601119e-05,6.566844087118577e-05,-14.746867519800269,-14.742213811271972
246,246,6.392267804932493e-05,6.610152539858398e-05,-14.850917517569535,-14.713666046857316
247,247,6.41445961817451e-05,7.99914981287561e-05,-14.83412459507042,-13.885342557356468
248,248,7.237028589348559e-05,7.008003931811177e-05,-14.313315660756583,-14.45983749508672
249,249,6.66840138908754e-05,6.557389880120019e-05,-14.667179389332336,-14.748470802195344
250,250,6.632633321527296e-05,7.152526335343474e-05,-14.690243896250571,-14.37118620791029
251,251,6.516902562298034e-05,6.715390056917003e-05,-14.767470844936303,-14.645068430168141
252,252,6.434289873103592e-05,6.471709332943551e-05,-14.823029080056386,-14.805590829667644
253,253,6.465957117190143e-05,6.493299243677604e-05,-14.800540230639783,-14.791126685339147
254,254,6.321423264585205e-05,6.722925613039958e-05,-14.898280775979506,-14.640197803721096
255,255,6.375630528992522e-05,6.544750335467e-05,-14.864465991770361,-14.75685002285562
256,256,6.320053156760531e-05,6.430610780003725e-05,-14.898429155086141,-14.833258621147198
257,257,6.255190331187608e-05,6.390043582589562e-05,-14.943975214774351,-14.86074266101603
258,258,6.258641497907709e-05,6.359599176089672e-05,-14.943465259793133,-14.881483419212781
259,259,6.282017225718856e-05,6.813398929233172e-05,-14.92699232064808,-14.582142684008645
260,260,6.425923943284361e-05,6.313223639153875e-05,-14.829171471493407,-14.913269123133261
261,261,6.213737726715615e-05,6.132898947965402e-05,-14.97547478055444,-15.039122774699067
262,262,6.34983355376255e-05,6.7595620892366e-05,-14.880680104310041,-14.61659524763199
263,263,6.28486145005715e-05,6.60460600078008e-05,-14.92511259349463,-14.717311715371682
264,264,6.283315305313642e-05,6.49166965893911e-05,-14.92446196332686,-14.792216745190265
265,265,6.329666662027521e-05,6.27610128216666e-05,-14.894414812462928,-14.93888142819721
266,266,6.370859964871924e-05,6.49062766521973e-05,-14.865591163306648,-14.79291389780074
267,267,6.347618741013311e-05,6.467467296476428e-05,-14.88046774078812,-14.808438449958288
268,268,6.305249437141309e-05,6.368125430430825e-05,-14.90952939948861,-14.87566477388528
269,269,6.314356104451587e-05,6.40712362502726e-05,-14.905956834676605,-14.849149825718051
270,270,6.409931737244293e-05,6.419340436542897e-05,-14.839776191446191,-14.840876781164756
271,271,6.246091854955386e-05,6.336900390267961e-05,-14.951392354942799,-14.897012058235717
272,272,6.28203360037398e-05,6.148784010101256e-05,-14.92794135536553,-15.02788848587924
273,273,6.714110473769756e-05,6.817714893259108e-05,-14.636789124276866,-14.57939250607366
274,274,6.479137308131088e-05,6.463160982667959e-05,-14.792335376578244,-14.81133112980822
275,275,6.363597854080169e-05,6.434134258214679e-05,-14.870012817208806,-14.830879674377808
276,276,6.30878135948994e-05,6.488686439728266e-05,-14.908269221539658,-14.79421298574721
277,277,6.954263416136922e-05,6.572046377665461e-05,-14.48553247342475,-14.738774668215118
278,278,6.394168333817735e-05,6.44067626317816e-05,-14.849863207824791,-14.826466161812286
279,279,6.264137703782552e-05,6.462431223266513e-05,-14.939789107413546,-14.811821522010685
280,280,6.263464190139071e-05,6.277165716471102e-05,-14.938162936636203,-14.93814492200177
281,281,6.15473879040963e-05,6.42364990964875e-05,-15.014568260004797,-14.837962225582954
282,282,6.150347472452943e-05,6.236333099782074e-05,-15.017907102883616,-14.966487823232795
283,283,7.066138574167049e-05,8.282486056774168e-05,-14.414647682924357,-13.734173728902084
284,284,0.00010162755380715868,0.00010256451021536792,-12.836497223442194,-12.805809758830499
285,285,9.50461994621365e-05,8.956494275480509e-05,-13.12829612043004,-13.394400336684729
