,epoch,train_loss,test_loss,train_dbs,test_dbs
0,0,0.00023174260025267903,0.00019149321260077782,-9.25687087235026,-10.094247011421144
1,1,0.00013917066586220675,8.833569230965192e-05,-11.472675925743234,-13.454418692610695
2,2,5.09049545537882e-05,4.0521039504949985e-05,-15.840833491083524,-16.83897508339691
3,3,3.8602445521373924e-05,3.8096937906199234e-05,-17.04043595916118,-17.10688016265983
4,4,3.70240296930562e-05,3.845211272403647e-05,-17.223622340063407,-17.066578795328432
5,5,3.635582791118686e-05,3.659955569003758e-05,-17.30127290961849,-17.281022731338915
6,6,3.659435019143689e-05,3.913872071854329e-05,-17.273458308803725,-16.989714600482184
7,7,3.614282588349636e-05,3.631126472962358e-05,-17.32657960275244,-17.315367105757772
8,8,3.6135428128602013e-05,3.6619506653024523e-05,-17.328704391158144,-17.278655972445517
9,9,3.578990364666865e-05,3.659116938299696e-05,-17.370655809862697,-17.282017974078645
10,10,3.638523716309117e-05,3.8153979499168744e-05,-17.296547946781455,-17.100382443149112
11,11,3.5641173659295765e-05,3.562889076803051e-05,-17.3850481897252,-17.39775784628607
12,12,3.549395602096842e-05,3.6415571230463684e-05,-17.4031897756725,-17.302909594523037
13,13,3.651422014524176e-05,3.611141408710912e-05,-17.281179345430516,-17.33933591027483
14,14,3.5269764639357986e-05,3.591925911007964e-05,-17.432747055759144,-17.36250716231327
15,15,3.5327840057866574e-05,3.5468576434619824e-05,-17.427060273506836,-17.41734328332264
16,16,3.6880685095723295e-05,3.69442407789297e-05,-17.23947415800408,-17.24031340291902
17,17,3.511466749523137e-05,3.61379350483491e-05,-17.451306856370763,-17.336147533417062
18,18,3.552809245128319e-05,3.5949479034139874e-05,-17.40076010394738,-17.35885485189979
19,19,3.497973131705987e-05,3.58186564546103e-05,-17.4678620863802,-17.374687947448344
20,20,3.5059177704526296e-05,3.565647583807157e-05,-17.458828447585244,-17.394396695219566
21,21,3.491082994871024e-05,3.65120348234134e-05,-17.477134098071012,-17.291420493804637
22,22,3.5373082824925095e-05,3.570706346516473e-05,-17.422389829303086,-17.38823950873649
23,23,3.5881321666013335e-05,3.821461474504567e-05,-17.357374928605147,-17.09348600660018
24,24,3.542010617633254e-05,3.569164446640858e-05,-17.416385255346935,-17.39011528110671
25,25,3.544168436006264e-05,3.9768901651290146e-05,-17.411593977981994,-16.920344896433853
26,26,3.605159529507011e-05,3.607829718308303e-05,-17.34003915035447,-17.343320547263154
27,27,3.489831258250597e-05,3.577691744507511e-05,-17.48000949720886,-17.379751674879383
28,28,3.521227186003258e-05,3.5999376306886244e-05,-17.43987551324818,-17.35283109694575
29,29,3.5190629280327106e-05,3.519924346045101e-05,-17.442067230570235,-17.45044757067977
30,30,3.472204592718608e-05,3.4973436126356795e-05,-17.502715258272342,-17.478397826601654
31,31,3.4766404459117333e-05,3.5764643383261406e-05,-17.49559876611964,-17.381241873669236
32,32,3.462945390957739e-05,3.561522872156562e-05,-17.513176075381153,-17.399423485922423
33,33,3.4857671502341526e-05,3.544617988824795e-05,-17.48262707664439,-17.42008649145893
34,34,3.572633973705059e-05,3.5790573651626656e-05,-17.37733322635154,-17.378094270063265
35,35,3.4515829461317066e-05,3.5488303087492424e-05,-17.524907697244863,-17.41492852755339
36,36,3.4935446126031276e-05,3.5238659141836446e-05,-17.476448856990743,-17.445587115135112
37,37,3.450355199543692e-05,3.551900849025084e-05,-17.529951221191272,-17.411172523413118
38,38,3.488547539295864e-05,3.825163902978315e-05,-17.479588449158552,-17.089280375221453
39,39,3.5530947758330116e-05,3.537012104827323e-05,-17.40353118872546,-17.429415402109555
40,40,3.446903796542494e-05,3.5551046254879205e-05,-17.53201075846357,-17.407256999390235
41,41,3.450141256385886e-05,3.5360382753424346e-05,-17.528238293860806,-17.430611290026484
42,42,3.4838746023993247e-05,3.655256171585183e-05,-17.48734936784301,-17.286602672754945
43,43,3.4850521842599846e-05,3.498242557198912e-05,-17.488150255720697,-17.477281675199844
44,44,3.444053815196499e-05,3.662846555878212e-05,-17.53565732419319,-17.277593607649244
45,45,3.5367135104624864e-05,3.511111208354123e-05,-17.421298226543446,-17.461335011206504
46,46,3.510062656600566e-05,3.5662799219656e-05,-17.453809984642916,-17.393626578099315
47,47,3.455504597273905e-05,3.490311907003879e-05,-17.520032065315046,-17.48713847495358
48,48,3.447445000272206e-05,3.5771256750051274e-05,-17.53241775964407,-17.3804388786118
49,49,3.450995202526719e-05,3.5345207116303134e-05,-17.526703408342954,-17.432475554386475
50,50,3.435887235364416e-05,3.516969905161348e-05,-17.54607856817423,-17.45409434268603
51,51,3.443730948327863e-05,3.557205998635924e-05,-17.537516513180755,-17.404690703182478
52,52,3.648233059814713e-05,3.672732926038167e-05,-17.282877434307,-17.26588737880475
53,53,3.465895120431933e-05,3.45848864909433e-05,-17.509608362652106,-17.526917316836347
54,54,3.4345068474367416e-05,3.4676405879221615e-05,-17.548641817511996,-17.515440087033454
55,55,3.470456740802716e-05,3.535345259526941e-05,-17.503440724918246,-17.431462532061424
56,56,3.4157983426451105e-05,3.457912584723856e-05,-17.570634348124983,-17.527640761209916
57,57,3.4776971324859426e-05,3.5791105370950196e-05,-17.492107253396863,-17.378029749987377
58,58,3.4526698204290276e-05,3.547524542419093e-05,-17.52581326510377,-17.41652677659852
59,59,3.4841141745552525e-05,3.590007212264218e-05,-17.485754150718247,-17.364827652583415
60,60,3.476137911646445e-05,3.5290784102184456e-05,-17.496325985909436,-17.43916778563841
61,61,3.4159558633769644e-05,3.470930613203611e-05,-17.57386691620534,-17.51132154478399
62,62,3.483815845291097e-05,3.548143190288867e-05,-17.4869044559649,-17.415769482523075
63,63,3.4670794156761645e-05,3.4963379699834864e-05,-17.508352999951327,-17.479646796982887
64,64,3.454822256843699e-05,3.580968519887201e-05,-17.521205100557523,-17.37577583159959
65,65,3.447299835541569e-05,3.4865609785284555e-05,-17.532630860324257,-17.491808210872712
66,66,3.449889512002929e-05,3.4866727889350025e-05,-17.53038581260521,-17.49166893935477
67,67,3.3984797370329634e-05,3.4511990203387346e-05,-17.59267855721962,-17.536080818486962
68,68,3.418117289724832e-05,3.6628473504893724e-05,-17.56969973434829,-17.277592665498926
69,69,3.424853176258375e-05,3.4553040964774005e-05,-17.55936939128999,-17.530918112861244
70,70,3.418551664394399e-05,3.532813953872966e-05,-17.56906097262305,-17.434573192394165
71,71,3.410242008856623e-05,3.446387678482815e-05,-17.578550959843653,-17.54213957395815
72,72,3.4079974284395576e-05,3.471143521126482e-05,-17.581097108306917,-17.511055155418802
73,73,3.43586442861274e-05,3.47546106480111e-05,-17.547901968696003,-17.505656588071194
74,74,3.446869843323792e-05,3.435453962945183e-05,-17.529968361982345,-17.555939532072514
75,75,3.4098895055874365e-05,3.493697027136621e-05,-17.581483831301334,-17.482928459980172
76,76,3.39838803933931e-05,3.469475948230339e-05,-17.594043726364426,-17.5131420519101
77,77,3.4073082302317756e-05,3.470094950324366e-05,-17.58351711363273,-17.51236728010255
78,78,3.42302967501101e-05,3.447551908290112e-05,-17.56354520725613,-17.540672724475588
79,79,3.4263777706655674e-05,3.513612328357627e-05,-17.558833062166045,-17.458242440641065
80,80,3.388242959734964e-05,3.4321676235106823e-05,-17.60578979499695,-17.560095961406997
81,81,3.3930740774502336e-05,3.6171993327259676e-05,-17.602362942274365,-17.332056442741116
82,82,3.4315854379398385e-05,3.548787715676314e-05,-17.554072111514436,-17.414980651904056
83,83,3.382539094654368e-05,3.442640550737882e-05,-17.613182148445553,-17.546864063418642
84,84,3.418343911426305e-05,3.54112937776862e-05,-17.569270130803666,-17.424362920112785
85,85,3.419063814925318e-05,3.5075528534147647e-05,-17.565949658565017,-17.4657386242976
86,86,3.3973107363016957e-05,3.543774360686688e-05,-17.59644592658567,-17.421120246445458
87,87,3.3977677189467774e-05,3.633683100863556e-05,-17.598512284425894,-17.312310371993938
88,88,3.39018092417223e-05,3.4392745299938775e-05,-17.605487468432408,-17.551112428399946
89,89,3.406494656279467e-05,3.412757742855894e-05,-17.58226078254661,-17.584726256715584
90,90,3.3714198224581344e-05,3.4444135962985456e-05,-17.627808472182622,-17.54462791454067
91,91,3.4001626379004216e-05,3.4688014095177334e-05,-17.592530957089036,-17.513986493337082
92,92,3.4142175508415824e-05,3.4272815211902764e-05,-17.57447431362122,-17.566283069409117
93,93,3.3485415938745986e-05,3.486943933239672e-05,-17.659386240452555,-17.491331219402362
94,94,3.3648572799890094e-05,3.6089885294419024e-05,-17.637048558334413,-17.341925845975304
95,95,3.41341796060472e-05,3.470585953006153e-05,-17.57784432983996,-17.511752816597813
96,96,3.333263995636557e-05,3.428043658603105e-05,-17.67722968674019,-17.565317419886956
97,97,3.376923073635235e-05,3.429357265734947e-05,-17.6232265372387,-17.563653546527295
98,98,3.3553914166536885e-05,3.487080491475737e-05,-17.646172592364298,-17.491161141166963
99,99,3.3997558424856574e-05,3.570294153944001e-05,-17.592488242455595,-17.388740875344414
100,100,3.3863870954781905e-05,3.399033036992861e-05,-17.60780839744886,-17.602227005874095
101,101,3.349596170796149e-05,3.4468949467593214e-05,-17.657543437901857,-17.541500389912734
102,102,3.4015663595241256e-05,3.4218554470786135e-05,-17.589969559990383,-17.57316427078971
103,103,3.359434904456235e-05,3.417694843894998e-05,-17.640888811793193,-17.57844803112495
104,104,3.3419798840150557e-05,3.403182869844482e-05,-17.667706194692517,-17.596927998149102
105,105,3.3397469882608496e-05,3.3949770544208344e-05,-17.66952660143503,-17.60741242960851
106,106,3.3349548287980124e-05,3.427074098956502e-05,-17.67387689952059,-17.566545916382847
107,107,3.3516321693860314e-05,3.388732080853324e-05,-17.652268426977137,-17.615408522224158
108,108,3.328672731364237e-05,3.387658178230355e-05,-17.685871150284186,-17.61678503676753
109,109,3.351502584205873e-05,3.395878622158259e-05,-17.656630951203535,-17.606259273321957
110,110,3.359155781469884e-05,3.4114539103986894e-05,-17.64368622124011,-17.58638578100103
111,111,3.334094677465493e-05,3.441853052783316e-05,-17.678280429216763,-17.547857618028072
112,112,3.3343780010046925e-05,3.4227775598226705e-05,-17.67742948445762,-17.571994102926933
113,113,3.336995436744548e-05,3.3534421259230984e-05,-17.672808440023232,-17.660872706889496
114,114,3.327993102540915e-05,3.40496263609231e-05,-17.685721206821906,-17.59465735726035
115,115,3.3416652025987354e-05,3.3812236276724817e-05,-17.66747147923064,-17.625041912046775
116,116,3.3291657637539515e-05,3.380326013843602e-05,-17.68477853567035,-17.626194987172216
117,117,3.3231133690521545e-05,3.388651011367696e-05,-17.69210732173886,-17.615512420822718
118,118,3.449142409924216e-05,3.413323678327479e-05,-17.529827022759733,-17.58400612861332
119,119,3.3245231439725536e-05,3.372472230311312e-05,-17.690769154374564,-17.636297040468428
120,120,3.2949694511828675e-05,3.38746664821979e-05,-17.729200693510812,-17.61703058331866
121,121,3.32663383926853e-05,3.440368451073913e-05,-17.687813300041352,-17.54973129890236
122,122,3.3397739524346985e-05,3.403437729407175e-05,-17.67013281220287,-17.596602773317848
123,123,3.310143890218766e-05,3.362305582605155e-05,-17.708298371152914,-17.64940904646118
124,124,3.3238900831532086e-05,3.358691892093415e-05,-17.692913972276124,-17.654079204442038
125,125,3.3252562079536634e-05,3.362485806160533e-05,-17.6890753203799,-17.649176265721668
126,126,3.312195547119494e-05,3.3599059239158556e-05,-17.70799268946176,-17.652509688476
127,127,3.3245510776490024e-05,3.379317231041281e-05,-17.68853649926325,-17.62749123548553
128,128,3.291219904566947e-05,3.368159588334445e-05,-17.7334739739339,-17.641854255040975
129,129,3.307149029179649e-05,3.383521116599073e-05,-17.711216712006284,-17.622091950624327
130,130,3.334808079483823e-05,3.317564120439592e-05,-17.677112881222172,-17.707587608549943
131,131,3.2912981323627805e-05,3.33895127129692e-05,-17.733103229752018,-17.679680053271824
132,132,3.296460746832494e-05,3.36108483009555e-05,-17.72807728517287,-17.650986126035548
133,133,3.2874484756960265e-05,3.35116142914079e-05,-17.739471830667057,-17.66382737544677
134,134,3.3166448964638945e-05,3.3505573810543865e-05,-17.699150729004888,-17.664610263415867
135,135,3.305633822257976e-05,3.341118855659213e-05,-17.714879952743484,-17.676861609923918
136,136,3.300923901743894e-05,3.344171962357665e-05,-17.72186222938633,-17.67289484910505
137,137,3.3075729005918455e-05,3.336717054480687e-05,-17.71314217168277,-17.682587052312343
138,138,3.282806907928088e-05,3.3230255499610827e-05,-17.743620244130057,-17.700444058482905
139,139,3.2794848763289115e-05,3.305217222460717e-05,-17.749935859841,-17.723780792638554
140,140,3.296859293036552e-05,3.329848885569893e-05,-17.726271233060487,-17.691535614258253
141,141,3.2979440801841755e-05,3.2757627961568925e-05,-17.72517786100082,-17.762656401411444
142,142,3.305969564571194e-05,3.39270946393586e-05,-17.712566473196695,-17.610314160761867
143,143,3.293301966719416e-05,3.306663127563967e-05,-17.731249673887028,-17.72188133716004
144,144,3.2775081149104394e-05,3.2995570444128184e-05,-17.75293715544205,-17.731224452619184
145,145,3.313429369507165e-05,3.332000089453926e-05,-17.7041108436951,-17.688730819336424
146,146,3.33085428661134e-05,3.318978767645987e-05,-17.681108314177308,-17.7057361220298
147,147,3.285977820888013e-05,3.270234169337384e-05,-17.743046034925598,-17.76999234337346
148,148,3.303735037352266e-05,3.45021345358538e-05,-17.717758384445855,-17.53732122023677
149,149,3.268495346833568e-05,3.366368362453374e-05,-17.764169229266145,-17.644164497243608
150,150,3.269301545440181e-05,3.286609209776783e-05,-17.763407037801237,-17.74830018427307
151,151,3.2667026427645267e-05,3.33066110263309e-05,-17.76514368457041,-17.690476411911803
152,152,3.254395097925582e-05,3.3068118251608927e-05,-17.782465836632717,-17.721686043320446
153,153,3.2846927067496545e-05,3.352046099424019e-05,-17.74173869625145,-17.662681036405633
154,154,3.254825337675938e-05,3.3261695103934277e-05,-17.78099232402092,-17.696337080851926
155,155,3.269353401640157e-05,3.288792983144767e-05,-17.76152407393136,-17.745415491503
156,156,3.25221190371277e-05,3.303849610490847e-05,-17.78637352973508,-17.725578160876427
157,157,3.258396544569945e-05,3.3051298918220904e-05,-17.776177281829042,-17.723895543691118
158,158,3.2631411721519453e-05,3.272914814021389e-05,-17.769424442102235,-17.766433844973676
159,159,3.2568443109000525e-05,3.338479559476438e-05,-17.779037366601152,-17.680293648069632
160,160,3.239618453119771e-05,3.2885434177986005e-05,-17.802256208167833,-17.745745062156402
161,161,3.249698502915316e-05,3.294584827304597e-05,-17.789837289996555,-17.7377739230558
162,162,3.256726997335005e-05,3.3230982042273115e-05,-17.77957247772483,-17.700349105851632
163,163,3.232537596183469e-05,3.275825761911141e-05,-17.81120695552591,-17.762572923398817
164,164,3.219842420952135e-05,3.326529277776564e-05,-17.828334855134223,-17.695867361736745
165,165,3.2309230536878946e-05,3.2704847399145365e-05,-17.813759400970945,-17.76965959273688
166,166,3.239400181892333e-05,3.280067511169411e-05,-17.802601664218894,-17.756953037666054
167,167,3.2448530358114744e-05,3.32410436385544e-05,-17.794379478059923,-17.699034358562763
168,168,3.22072039838081e-05,3.2443138575457086e-05,-17.82845171281672,-17.804552247570562
169,169,3.223777058178477e-05,3.29128981416273e-05,-17.82239363348228,-17.742119605968448
170,170,3.229619751530747e-05,3.285307493091463e-05,-17.814849965278242,-17.750020621114828
171,171,3.2353583105525345e-05,3.2824722630290414e-05,-17.804662886027142,-17.753770213498395
172,172,3.2378394983603246e-05,3.259291023775739e-05,-17.80319195852765,-17.784549457531657
173,173,3.218503864155002e-05,3.248406181611292e-05,-17.831042669639448,-17.79907758060671
174,174,3.1947650979381034e-05,3.239386253546016e-05,-17.863022428969927,-17.811153514135732
175,175,3.223410584320574e-05,3.28153545476533e-05,-17.828214799743233,-17.75500985452194
176,176,3.1881845437233894e-05,3.2650972188046e-05,-17.871307444682554,-17.776819693349015
177,177,3.203809177010925e-05,3.2428210320894756e-05,-17.849811913079602,-17.806551052530104
