,epoch,train_loss,test_loss,train_dbs,test_dbs
0,0,0.0001947308117019723,0.00016563974924410055,-10.012582887273375,-10.724135219593997
1,1,0.00012129214928322232,6.860590388226371e-05,-12.06982605929333,-14.552165957936705
2,2,4.34001875189481e-05,3.79134359574987e-05,-16.53351797196873,-17.12784941580598
3,3,3.8670740734945414e-05,3.731245487870183e-05,-17.03275923621127,-17.197242630388086
4,4,3.6005320148386505e-05,3.601921937508067e-05,-17.344792426908796,-17.350437899700694
5,5,3.44512563876294e-05,3.496430719295811e-05,-17.534962653768908,-17.479531590785356
6,6,3.4207489942176476e-05,3.4423604838115064e-05,-17.56638662704392,-17.547217386592145
7,7,3.424373287473536e-05,3.531888059545676e-05,-17.5609896523401,-17.435711558311667
8,8,3.3812153204278203e-05,3.431528124278166e-05,-17.61730815559358,-17.560905236756234
9,9,3.35693748263683e-05,3.3945533926414916e-05,-17.648828568604912,-17.60795442282773
10,10,3.41878721602117e-05,3.450101164497411e-05,-17.56707933406307,-17.53746256605645
11,11,3.3271997943808584e-05,3.352581265253799e-05,-17.683779353169292,-17.661987725488775
12,12,3.298141373025575e-05,3.350109900087486e-05,-17.72204116916299,-17.665190320615597
13,13,3.3553041576692286e-05,3.450310597193158e-05,-17.648480691479904,-17.537198942761894
14,14,3.3233677800360724e-05,3.3110059456176764e-05,-17.690988620611748,-17.716181257066793
15,15,3.3233237192370764e-05,3.382094942744037e-05,-17.692504656409017,-17.62392291306505
16,16,3.302806372002377e-05,3.265422377520927e-05,-17.71863281916984,-17.776387217389708
17,17,3.2533158390055474e-05,3.392308194873438e-05,-17.78293018439942,-17.610827848267295
18,18,3.33740878427166e-05,3.318322935803352e-05,-17.672384959828484,-17.706594374867976
19,19,3.2697226639900636e-05,3.379223792427709e-05,-17.760917603202042,-17.62761132020243
20,20,3.260537947032399e-05,3.28206030979728e-05,-17.773953114650965,-17.7543152911977
21,21,3.2561470866359326e-05,3.3559851209773974e-05,-17.779695687900542,-17.65758059645493
22,22,3.355970014679995e-05,3.3655267447772386e-05,-17.650938221165127,-17.6452504022041
23,23,3.253719195217667e-05,3.2826206351226e-05,-17.782258550648578,-17.753573911077357
24,24,3.322334905345828e-05,3.32737034018225e-05,-17.694449752101107,-17.694769452887368
25,25,3.259293238837008e-05,3.3230118405251565e-05,-17.77550315548175,-17.700461975722973
26,26,3.236734379786811e-05,3.272937685419732e-05,-17.80821341381822,-17.76640349622355
27,27,3.2598557978773675e-05,3.3545726374110306e-05,-17.77606988846678,-17.659408861257347
28,28,3.258642719469883e-05,3.344361874425024e-05,-17.776448509018614,-17.67264822476275
29,29,3.289265516718139e-05,3.2856055680129336e-05,-17.735348239343754,-17.74962660496373
30,30,3.346541543766021e-05,3.50224165327075e-05,-17.66280612341683,-17.47231977401327
31,31,3.2660537811155794e-05,3.297222419381509e-05,-17.766963230357597,-17.734298421716698
32,32,3.2134605585129394e-05,3.287114821815569e-05,-17.8379027669908,-17.747632116925534
33,33,3.247464165096315e-05,3.265788233731751e-05,-17.790167130237723,-17.7759006633857
34,34,3.2353773461828805e-05,3.289149840144857e-05,-17.80796906160584,-17.744944277233483
35,35,3.189285321100543e-05,3.269253494708162e-05,-17.868157102434598,-17.771294896738755
36,36,3.214325662372279e-05,3.231619427280844e-05,-17.83821303667264,-17.82157876045755
37,37,3.1946502634493355e-05,3.294934561525128e-05,-17.864356078751587,-17.737312925422167
38,38,3.224519841563792e-05,3.2497167443292905e-05,-17.82138436866361,-17.79732578190786
39,39,3.21196493479368e-05,3.332752299014062e-05,-17.841891155440116,-17.68775049645705
40,40,3.2088701249749554e-05,3.266885572597139e-05,-17.842780982950153,-17.774441633798034
41,41,3.226700800482409e-05,3.2603481629753094e-05,-17.81902008977555,-17.783141067552247
42,42,3.2551959201995976e-05,3.5956436094190726e-05,-17.78220318992205,-17.358014472413792
43,43,3.29150796122909e-05,3.2905881246398694e-05,-17.736294012015918,-17.743045602748623
44,44,3.237691460751578e-05,3.6549967358280954e-05,-17.804002015041867,-17.28691092889652
45,45,3.3319698071788956e-05,3.240676185094727e-05,-17.680286467375442,-17.80942448708903
46,46,3.2394376249453436e-05,3.245598370420722e-05,-17.802262453369824,-17.802833096860226
47,47,3.167663425367359e-05,3.235466580295715e-05,-17.897756514760083,-17.81641168050677
48,48,3.1648494393838395e-05,3.266616151545589e-05,-17.903860679768506,-17.774799812554246
49,49,3.2783754371867525e-05,3.300162222187378e-05,-17.74956009209787,-17.730427978229347
50,50,3.2088249521546025e-05,3.2475295436023244e-05,-17.843007327096984,-17.80024975677451
51,51,3.205423648247121e-05,3.251806619549538e-05,-17.848954282401017,-17.79453375531199
52,52,3.169874114448867e-05,3.253574236862876e-05,-17.893283026001818,-17.792173658397957
53,53,3.2093372677072415e-05,3.228690136319002e-05,-17.843608936010558,-17.82551719398083
54,54,3.167287350245799e-05,3.234273725339383e-05,-17.900411020592504,-17.818013136845494
55,55,3.1946198150669174e-05,3.257841461546425e-05,-17.863115266851647,-17.786481401954045
56,56,3.235785186110117e-05,3.217690879721072e-05,-17.805759758730776,-17.84033766788519
57,57,3.1918577096615824e-05,3.221954686619268e-05,-17.864589599606965,-17.83458658093696
58,58,3.230226266356281e-05,3.3258193645068736e-05,-17.815034309221623,-17.69679428674746
59,59,3.164834939975522e-05,3.2579166623978186e-05,-17.90316728905715,-17.78638115478656
60,60,3.161189163892204e-05,3.259909863118082e-05,-17.90879112257665,-17.783724943861856
61,61,3.161077427311162e-05,3.216700076192961e-05,-17.910638087120972,-17.841675169790992
62,62,3.1847035737057724e-05,3.1697515575950475e-05,-17.876766204785017,-17.90552862404706
63,63,3.193696842966337e-05,3.238181594305819e-05,-17.865054005728197,-17.812768863843868
64,64,3.1855505476789744e-05,3.2202505711833705e-05,-17.8736171805527,-17.836884203934
65,65,3.182808544919418e-05,3.2710689322955565e-05,-17.879316293365086,-17.768883900781006
66,66,3.20173886140446e-05,3.2357166051760465e-05,-17.85457860288148,-17.81607608677435
67,67,3.184921488636317e-05,3.2128364565371735e-05,-17.874538095383873,-17.84689467166367
68,68,3.1394515204250564e-05,3.221337024833223e-05,-17.93903153465035,-17.835419220892426
69,69,3.1495460565021914e-05,3.217603204431821e-05,-17.923309336001054,-17.840456005582972
70,70,3.16819242874134e-05,3.544367667161982e-05,-17.89936693248727,-17.420393201959364
71,71,3.2225156434092755e-05,3.1930408256716635e-05,-17.82445261636233,-17.87373614938251
72,72,3.2555396435632296e-05,3.284092599642463e-05,-17.779859809880968,-17.751626921597577
73,73,3.187735105196216e-05,3.2149354075571814e-05,-17.873439909282677,-17.844058345492023
74,74,3.182889651219101e-05,3.199532310597868e-05,-17.876001384287786,-17.864915860613785
75,75,3.226152444561372e-05,3.2509561271198385e-05,-17.82203804282718,-17.79566977760164
76,76,3.156029549817382e-05,3.181556837118574e-05,-17.915362783570753,-17.88938400205726
77,77,3.132104665354811e-05,3.1894838972029425e-05,-17.949268672196443,-17.878576724651648
78,78,3.135518533415905e-05,3.1791149587278546e-05,-17.94455812730152,-17.89271853776891
79,79,3.132495686193429e-05,3.2379875751518595e-05,-17.948280684457995,-17.81302908387756
80,80,3.2082954912204006e-05,3.2406301072210465e-05,-17.842791631493697,-17.809486238116907
81,81,3.252987183250016e-05,3.2707388623078403e-05,-17.78547283307306,-17.769322151426483
82,82,3.130116905613812e-05,3.2138468764299577e-05,-17.95341469206624,-17.84552905345993
83,83,3.1454883899585314e-05,3.1967097464458725e-05,-17.928729530877984,-17.868748811601776
84,84,3.124968612403969e-05,3.192681460380922e-05,-17.958971074039017,-17.87422495975017
85,85,3.1200610840070236e-05,3.2240893472733566e-05,-17.963390759511665,-17.83171017682982
86,86,3.157929242342547e-05,3.182384237956476e-05,-17.913774694245824,-17.88825471561036
87,87,3.165257877514808e-05,3.3494225901545416e-05,-17.906358160769837,-17.66608141238272
88,88,3.1316889156365394e-05,3.1523370987423205e-05,-17.94993007550788,-17.929454332541127
89,89,3.167302601628087e-05,3.3545032956202415e-05,-17.898442327476765,-17.6594986344464
90,90,3.177463390174941e-05,3.2287120982226425e-05,-17.885131277259013,-17.825487652895372
91,91,3.174543467748757e-05,3.227450992869164e-05,-17.89071508519392,-17.827184298706054
92,92,3.158584684232543e-05,3.213392559892351e-05,-17.912460966965945,-17.846143025189484
93,93,3.161445845800006e-05,3.202627560408713e-05,-17.90908574999039,-17.860716496509227
94,94,3.107177148307266e-05,3.1935634596218156e-05,-17.983054900099127,-17.87302535838631
95,95,3.180872146313237e-05,3.1725316914257985e-05,-17.884276891050604,-17.901721172340558
96,96,3.073661621586785e-05,3.155024425818977e-05,-18.029366255103326,-17.925753604791378
97,97,3.153533594440981e-05,3.186130542369363e-05,-17.920463593642072,-17.883145205535126
98,98,3.152461557096403e-05,3.182534658806521e-05,-17.91710649229667,-17.88804944372486
99,99,3.1242321579766305e-05,3.1820366003605736e-05,-17.959532547214295,-17.888729156548784
100,100,3.1249794438295305e-05,3.160064194449469e-05,-17.95670275353245,-17.91882181237305
101,101,3.1509743457343234e-05,3.282133375729532e-05,-17.92301927899193,-17.754218608702594
102,102,3.14114476327866e-05,3.167125827243772e-05,-17.93587951998962,-17.909127684589137
103,103,3.1089266391888684e-05,3.1615168681080254e-05,-17.977446372003374,-17.916825830169294
104,104,3.098531062240693e-05,3.142095412936454e-05,-17.996185967020253,-17.94358717628153
105,105,3.111639684387219e-05,3.136558610238257e-05,-17.976769253860468,-17.95124679082201
106,106,3.104813251561562e-05,3.148965611456477e-05,-17.984421624894896,-17.93410168414797
107,107,3.107755341280261e-05,3.1250910978997126e-05,-17.98036371332842,-17.967154045714434
108,108,3.13212817532404e-05,3.1977747647416486e-05,-17.950186870166608,-17.867302153712625
109,109,3.089530629537323e-05,3.113606506208031e-05,-18.010101485591633,-17.9831436023469
110,110,3.187821400303816e-05,3.2028838751629287e-05,-17.871047851349996,-17.860368933056826
111,111,3.123854569530897e-05,3.177089963987543e-05,-17.961151639652552,-17.895485736378923
112,112,3.129093725949564e-05,3.145568198784818e-05,-17.95339208631821,-17.938789808046604
113,113,3.149600759326821e-05,3.1113859222386964e-05,-17.923809502861808,-17.986242039546546
114,114,3.096270000279435e-05,3.200223114905193e-05,-17.999157132838494,-17.863978285722357
115,115,3.133337111311326e-05,3.130898824709124e-05,-17.947029616953497,-17.959090527513425
116,116,3.085767356114769e-05,3.141039298115127e-05,-18.014500929924576,-17.945047163579495
117,117,3.0805674992434526e-05,3.148399168582584e-05,-18.021251606063984,-17.934882972905093
118,118,3.154634270554807e-05,3.089161892651311e-05,-17.917448113905998,-18.01737417507549
119,119,3.088025273287131e-05,3.121773912234379e-05,-18.01125430047016,-17.971766393069387
120,120,3.082895321866315e-05,3.111489738665497e-05,-18.01812683073481,-17.9860971325815
121,121,3.062201690180203e-05,3.131035105309964e-05,-18.047525390877365,-17.958901493538917
122,122,3.0768843757447104e-05,3.215817023852938e-05,-18.026191779776518,-17.842867563856792
123,123,3.07411591137745e-05,3.0868625272935455e-05,-18.02956471049269,-18.02060797619088
124,124,3.074748674032552e-05,3.1402053872098855e-05,-18.031284281124965,-17.946200320078937
125,125,3.089671803742753e-05,3.1368809734550795e-05,-18.008202954354147,-17.950800462888218
126,126,3.1006057040415435e-05,3.1176689509792545e-05,-17.99468696269347,-17.977480884948957
127,127,3.074563140863884e-05,3.155043601796742e-05,-18.02803243292235,-17.92572720881184
128,128,3.0726181086214e-05,3.13894278837037e-05,-18.03195712507715,-17.94794686181013
129,129,3.08645229001131e-05,3.180009001593326e-05,-18.01115868966454,-17.891497369922394
130,130,3.0801375295286376e-05,3.1287127440966865e-05,-18.022120247678536,-17.962123951473167
131,131,3.0485195069202972e-05,3.102535064451666e-05,-18.065885679755368,-17.99861387789062
132,132,3.1127985137798006e-05,3.168532470896791e-05,-17.977046267525186,-17.907199242246445
133,133,3.107700270907257e-05,3.107036910047387e-05,-17.9836701225657,-17.992316738406057
134,134,3.0702786425911085e-05,3.13494303171817e-05,-18.034362566760997,-17.953484331021894
135,135,3.0740397632303264e-05,3.119672041257696e-05,-18.030332578345423,-17.974691455653137
136,136,3.225196923801949e-05,3.153047921506712e-05,-17.82265498426239,-17.928475149178006
137,137,3.097031136705257e-05,3.135960153150862e-05,-17.99878070548094,-17.952075506115833
138,138,3.176687064249976e-05,3.2991852238314767e-05,-17.886329284973115,-17.7317138780895
139,139,3.097995446746468e-05,3.078903701910014e-05,-17.997184433116352,-18.03181980530578
140,140,3.0346677638440316e-05,3.08435601733723e-05,-18.08616384200701,-18.024135848344006
141,141,3.0807892490537195e-05,3.1353342676179875e-05,-18.020990835184044,-17.952942372239143
142,142,3.097772950587972e-05,3.1431111557666504e-05,-17.995059151342264,-17.94218346263996
143,143,3.0469094593913207e-05,3.0954586021069096e-05,-18.0689697178427,-18.00853086086432
144,144,3.0701589980942786e-05,3.081729099856028e-05,-18.036766237930795,-18.027836270293555
145,145,3.0684031463755036e-05,3.111920934890421e-05,-18.037763823816807,-17.985495320645168
146,146,3.0617267557974306e-05,3.1075408084066827e-05,-18.047000362144118,-17.991612457963278
147,147,3.070634568185718e-05,3.089905840170104e-05,-18.037410965222897,-18.01632841115844
148,148,3.101511843926777e-05,3.287396506685151e-05,-17.99207603694739,-17.74725997007398
149,149,3.068947704921755e-05,3.136093982902821e-05,-18.037753058619597,-17.951890171227014
150,150,3.0446242461264248e-05,3.0924839991616625e-05,-18.072619819487628,-18.012706251063374
151,151,3.0530671754548296e-05,3.155248285972783e-05,-18.05887612311163,-17.925445468411237
152,152,3.023652040901277e-05,3.095344618486706e-05,-18.101850492367028,-18.008690783431792
153,153,3.0376581599204993e-05,3.132475122631724e-05,-18.081297164729882,-17.95690455710888
154,154,3.0463160619172076e-05,3.085591924900655e-05,-18.068519602345848,-18.02239597031864
155,155,3.078426552465973e-05,3.1321586854909056e-05,-18.0228547938037,-17.957343295935292
156,156,3.0211858944481326e-05,3.0488675627949353e-05,-18.10638739693708,-18.074395265071008
157,157,3.031766164454406e-05,3.098093264653519e-05,-18.089259629308387,-18.004835987553168
158,158,3.0402471331643065e-05,3.089672674449455e-05,-18.076694195127484,-18.01665614414429
159,159,3.0558434352230704e-05,3.080440508615299e-05,-18.055696352631795,-18.02965260482828
160,160,3.056307748207923e-05,3.082136946001188e-05,-18.05522402456937,-18.02726154874948
161,161,3.024736513007437e-05,3.0782258507219683e-05,-18.101392504055113,-18.0327760529507
162,162,3.032027315075351e-05,3.0950782418489996e-05,-18.09005492653895,-18.009064541110533
163,163,3.018650502631364e-05,3.0409709085544916e-05,-18.10851446612794,-18.085658208416323
164,164,3.0354835055816495e-05,3.0968664041689697e-05,-18.084402260465573,-18.006556156122308
165,165,3.034409821770375e-05,3.1276510095554646e-05,-18.086283198418244,-17.963597988070404
166,166,3.056325049234972e-05,3.083592271554823e-05,-18.05525227796045,-18.025211378050273
167,167,3.04004337072142e-05,3.10355732692283e-05,-18.077532000420273,-17.997183145228902
168,168,3.0461697982919413e-05,3.0156572488761557e-05,-18.07044087234833,-18.121961070149535
169,169,3.0285051608873417e-05,3.0364330086740665e-05,-18.093760455973424,-18.09214382388833
170,170,3.0496506482937622e-05,3.16562630982126e-05,-18.063862972349355,-17.91118439592156
171,171,3.055639877182086e-05,3.119172374442171e-05,-18.052865045732744,-17.975387105445883
172,172,3.053699726207042e-05,3.0431279236309867e-05,-18.057481824207237,-18.082578771969967
173,173,3.0240414827820825e-05,3.0986821289652176e-05,-18.10170557470406,-18.004010588839527
174,174,3.009327347453362e-05,3.0796198093173044e-05,-18.12271742289769,-18.03080981810261
175,175,3.0662705538225525e-05,3.199788443453144e-05,-18.045266352060615,-17.864568207823698
176,176,3.0167920880389312e-05,3.078235730706518e-05,-18.111288160641838,-18.032762113700972
177,177,3.0283199240076692e-05,3.112839074578675e-05,-18.09446078469952,-17.984214169235283
178,178,3.0395863018149856e-05,3.1231108215778426e-05,-18.07965182271638,-17.96990691164006
179,179,3.0400635671295397e-05,3.0271500834619235e-05,-18.07712977318902,-18.10544132895728
180,180,3.0145886655388033e-05,3.085484001387254e-05,-18.11498653809121,-18.022547874417384
181,181,3.0116501331632987e-05,3.0429540282440077e-05,-18.119733583546964,-18.08282695070831
182,182,3.0191002730772225e-05,3.035574512690992e-05,-18.106842817330083,-18.09337188584101
183,183,2.9985413609970284e-05,3.1693957058259435e-05,-18.14114535072946,-17.906016211583484
184,184,3.082801462013092e-05,3.117905831267739e-05,-18.019721653611256,-17.977150920813166
185,185,3.046474840939669e-05,3.0253266518947814e-05,-18.072132991192447,-18.108058129735944
186,186,3.0040217472898014e-05,3.0634560684311986e-05,-18.130191962561078,-18.053664296261722
187,187,2.988260980460255e-05,3.026351547113767e-05,-18.15334808026645,-18.106587111853788
188,188,2.9915846003934778e-05,3.0401858040070357e-05,-18.148597384610056,-18.08677959564802
189,189,3.014898276287755e-05,3.0735585441059234e-05,-18.117375319957677,-18.039365964974674
190,190,3.022245757690434e-05,3.052074048594621e-05,-18.106502184737316,-18.069830201820032
191,191,3.012726620468551e-05,3.058585121164613e-05,-18.118277528906873,-18.060575148052468
192,192,3.0338949783850394e-05,3.233257427238737e-05,-18.08786821525193,-17.819378024467365
193,193,3.02817393229319e-05,3.080678796227163e-05,-18.093545462487366,-18.029316669132605
194,194,2.984972804566946e-05,3.0217524526003553e-05,-18.157763838003117,-18.11319203053245
195,195,3.003244712521543e-05,3.0226831337418652e-05,-18.13036903061054,-18.11185463622461
