,epoch,train_loss,test_loss,train_dbs,test_dbs
0,0,0.0006459845120768956,0.000626434853888656,-4.8046351669141485,-4.9470217311703335
1,1,0.0006086369544344465,0.0005949338052519842,-5.062257241548609,-5.171094392766973
2,2,0.0005789088192107828,0.0005664226819614047,-5.282391479808539,-5.384374503088534
3,3,0.0005550876370218304,0.0005480720735106029,-5.4613738329361485,-5.527404127527083
4,4,0.0005394997922511599,0.0005341374015092457,-5.586021536524674,-5.639250970118367
5,5,0.000527698239707628,0.0005228254548886692,-5.6856242783720194,-5.732213623379343
6,6,0.000517028062568363,0.0005134996455652933,-5.771294114434216,-5.810379381591012
7,7,0.0005083005916154416,0.0005053205348208154,-5.846922753220851,-5.880111392114186
8,8,0.0005006307169564606,0.0004977270023358104,-5.911493333407364,-5.945868839054489
9,9,0.0004937448784872198,0.0004910231310580121,-5.97297937263164,-6.004761350312949
10,10,0.0004873104266265465,0.0004850731087284849,-6.029579827803224,-6.057708872625974
11,11,0.0004812780414832775,0.00047868026549143617,-6.084233356012091,-6.1153256309667245
12,12,0.0004758650725635402,0.0004736454268966458,-6.133180246515577,-6.161247378316733
13,13,0.0004703000313290347,0.0004682712713379021,-6.185129948220625,-6.210805718986295
14,14,0.0004652404060140828,0.000463683965407606,-6.2312485762535665,-6.253560084510353
15,15,0.00046067002659049076,0.0004593653552307698,-6.272428456274897,-6.294198481886303
16,16,0.00045688746895487467,0.0004555553298958234,-6.310574272603489,-6.330369541755485
17,17,0.00045252256287434665,0.0004519444773904979,-6.348551989562539,-6.364930024988912
18,18,0.0004492720499629942,0.00044853126440246244,-6.381981935976054,-6.397853658502244
19,19,0.0004463634140472667,0.00044587713139327735,-6.410285321418759,-6.423628879508878
20,20,0.0004432504284363624,0.00044301844287761733,-6.440052322533877,-6.451562800297193
21,21,0.00044059449477966146,0.0004400834242053526,-6.465910368055886,-6.480430752103095
22,22,0.00043809887102190596,0.000437481887944925,-6.492366259200232,-6.506180086915872
23,23,0.00043570047716091665,0.00043580578762645786,-6.515872345728527,-6.522850928234431
24,24,0.0004332545666460946,0.0004332603972503229,-6.539130817723073,-6.548290927508809
25,25,0.0004311317713575956,0.0004307988687957588,-6.561933884162854,-6.573035320835428
26,26,0.0004291444658013733,0.0004290773006352155,-6.5812360375344685,-6.59042546555447
27,27,0.00042698100286046257,0.00042721232411598687,-6.603514327295122,-6.609343137063163
28,28,0.00042522084099941494,0.00042564201928479105,-6.620062177125424,-6.625335914705376
29,29,0.00042336317350531055,0.00042322316010923763,-6.640660495556184,-6.65008660683467
30,30,0.0004217026097527177,0.0004220252878057133,-6.657666732742932,-6.662396116092141
31,31,0.00042007275504184904,0.00042057305108755827,-6.673928030482378,-6.677366452217985
32,32,0.0004183342956371375,0.00041854067546266477,-6.691756383445363,-6.698404154667477
33,33,0.0004167818862191142,0.0004174108632325538,-6.706325517489806,-6.710143388179704
34,34,0.00041517178040746715,0.0004154687079502956,-6.7242850868757875,-6.730397669352442
35,35,0.00041395435187744804,0.00041427199520464793,-6.738658696198763,-6.742925103531622
36,36,0.0004127277307375574,0.00041304150822964544,-6.751696247632733,-6.755843884504781
37,37,0.00041089367215070376,0.00041153849604980727,-6.7684081023709854,-6.77167620193819
38,38,0.0004097423747244301,0.00040956340135859425,-6.782595858253276,-6.792569452403536
39,39,0.00040819719625809756,0.00040890172424137985,-6.798847105353304,-6.799591444530595
40,40,0.0004072206472310708,0.00040772576865397,-6.810055253335545,-6.812099261865417
41,41,0.0004060756635357693,0.00040586585160589923,-6.821833646349937,-6.831955737713593
42,42,0.00040475885322576713,0.00040512780450578585,-6.83458151626208,-6.839860358644612
43,43,0.00040365003178990683,0.00040373878743450503,-6.8490411476071795,-6.854776119743107
44,44,0.0004021994116687283,0.000403166131275755,-6.862725501723831,-6.860940450775437
45,45,0.0004014735117305032,0.00040195570449884,-6.871179927783457,-6.873998898395649
46,46,0.0004005373213152142,0.0004013850595679526,-6.881802849598463,-6.880168832684532
47,47,0.00039909404436049543,0.00039960373052101776,-6.895102368336376,-6.899485523766926
48,48,0.0003980828041676432,0.0003986268053076377,-6.906910018742702,-6.91011587232392
49,49,0.00039717092985268104,0.0003979369541507606,-6.917533528754243,-6.9176381484031415
50,50,0.00039616807786382966,0.0003968959055399816,-6.930429764757742,-6.929014676690323
51,51,0.000395331539864143,0.0003957939472073983,-6.938437386190498,-6.94108937979784
52,52,0.00039403118251957306,0.0003949048405047506,-6.951675831343835,-6.950856292395331
53,53,0.00039341058144009834,0.00039371209813428943,-6.960063076544815,-6.963993261674587
54,54,0.0003920370735679321,0.0003926948855606545,-6.973378555253387,-6.975228412511009
55,55,0.0003911883536649426,0.00039198396323052674,-6.984503913053,-6.983097867129043
56,56,0.00039032267282966565,0.00039075388217737014,-6.9924542849033,-6.996747848577889
57,57,0.00038937829163635977,0.0003905213869936568,-7.003522943445759,-6.999332632259662
58,58,0.00038829388891433163,0.0003890919753374826,-7.013607817636976,-7.015258123542082
59,59,0.0003877224289024844,0.0003885566961559418,-7.019522287151045,-7.021236885933302
60,60,0.000386885884301929,0.0003880572606392793,-7.03190269778312,-7.026822727314506
61,61,0.00038619292809954393,0.00038749106553089067,-7.039825099358701,-7.033163929961522
62,62,0.00038543101172106936,0.0003860995424666295,-7.046861102141601,-7.048787993485552
63,63,0.00038423611855700843,0.0003849333887429614,-7.059605865128068,-7.061925033238742
64,64,0.00038392363162951295,0.0003836419721330075,-7.06635593698787,-7.0765197148774295
65,65,0.00038261889430847904,0.00038354045644059385,-7.078905700611326,-7.077669055729282
66,66,0.00038214274484078527,0.0003823126424226518,-7.0850574316033255,-7.0915942669854335
67,67,0.00038139845428210637,0.0003820522673011414,-7.094491409761332,-7.094553049667162
68,68,0.00038036733167245984,0.0003811960739671792,-7.104589446338211,-7.104296672450187
69,69,0.00037918553523210444,0.0003807813597009762,-7.117530362865749,-7.109024060091979
70,70,0.0003787701137570338,0.0003796997847721765,-7.122988094292247,-7.121377353621017
71,71,0.0003782215806626782,0.00037918751752984365,-7.1309616808165,-7.127240539622966
72,72,0.0003774726568942064,0.0003783128156914915,-7.137208757771779,-7.137270326644511
73,73,0.00037641424569301307,0.0003771930948316463,-7.150661413423498,-7.150143526972518
74,74,0.00037587332610069705,0.0003765740441035871,-7.156330230466548,-7.157277039745177
75,75,0.0003752351853127601,0.0003760236569704782,-7.165730580882848,-7.1636291754769665
76,76,0.0003746736734102182,0.0003751383000666178,-7.17067949457838,-7.173866802457759
77,77,0.0003737220534641949,0.00037470381664063196,-7.181063953034556,-7.178899695950864
78,78,0.00037297424194210967,0.0003737979078371274,-7.189674939478508,-7.189412200430285
79,79,0.00037240516094337264,0.00037312160374743764,-7.19693453026408,-7.19727690900874
80,80,0.00037181658547890095,0.00037269475012037317,-7.205015041906348,-7.202248111211381
81,81,0.00037105081449310804,0.00037174095172974234,-7.210884390631125,-7.213376798444726
82,82,0.00036991853206946526,0.00037085243016726484,-7.223503689922694,-7.223769570726038
83,83,0.0003695677829061433,0.00036989583321356853,-7.230817278065849,-7.2349864720642865
84,84,0.000368973812131576,0.0003693210402209508,-7.237462251534216,-7.2417403621393515
85,85,0.0003682877817407212,0.00036920457741392677,-7.244076190765732,-7.243110095392985
86,86,0.00036743917795301404,0.0003687786765543646,-7.2537523711059055,-7.2481228490750285
87,87,0.000366895497997397,0.0003677857442342333,-7.261849112706753,-7.259831948145859
88,88,0.00036648065979909343,0.0003664592651674818,-7.270306785365586,-7.275523799187612
89,89,0.0003654274884875403,0.00036627307724158625,-7.277701639929697,-7.277730891351387
90,90,0.0003648886463686478,0.0003655726828391811,-7.285672657862342,-7.286043504024089
91,91,0.0003645372671223985,0.0003649515887158678,-7.292283137903375,-7.293428277562585
92,92,0.00036360767247520156,0.0003641885919741502,-7.302143824142016,-7.302517487137497
93,93,0.0003630942950078008,0.00036386604188010097,-7.308318392407709,-7.306365597667507
94,94,0.0003625508916885928,0.00036308386418233186,-7.3128869636942255,-7.3157113747634614
95,95,0.00036165233612655824,0.00036204623603752176,-7.324603381677612,-7.3281404956895155
96,96,0.0003608729412476772,0.0003616836589859112,-7.331575780875745,-7.332491987234518
97,97,0.00036032441835466425,0.0003611140617929203,-7.339301061696759,-7.339336861309784
98,98,0.0003596066095813456,0.0003603358085169212,-7.34981582986155,-7.34870663870673
99,99,0.0003591110280561309,0.00035974795249977,-7.3561148873126445,-7.35579755492899
100,100,0.00035857105178796906,0.00035947165758299987,-7.362869872975672,-7.359134320555283
101,101,0.0003580384948962973,0.00035889722762237256,-7.367702863997644,-7.366079827813454
102,102,0.00035745420279557406,0.000358092434716558,-7.374840840742822,-7.375829403943124
103,103,0.00035654578073497515,0.00035730349420765907,-7.387365336805339,-7.3854082297265
104,104,0.00035607324734320575,0.00035677135517624646,-7.3911659937095395,-7.391881083039516
105,105,0.000355130647784387,0.0003559499669599494,-7.402399391087747,-7.4018912936699675
106,106,0.0003548547062667605,0.00035555220644087777,-7.408510743225316,-7.406747082534873
107,107,0.0003543635653259866,0.00035542804490480765,-7.412249454711811,-7.408263936777335
108,108,0.0003536568556134541,0.00035423426398713335,-7.422571409186381,-7.422875194770885
109,109,0.00035261146222558063,0.0003540579024334683,-7.433692851697561,-7.425037942145223
110,110,0.0003525891407877783,0.0003530874076348386,-7.435935669154227,-7.436958569896877
111,111,0.0003518580330641383,0.00035281315917688375,-7.4427360338443025,-7.440333113098924
112,112,0.00035140005368787373,0.000351835302640929,-7.451731771195941,-7.452386725454055
113,113,0.0003508689576884751,0.00035127646467452377,-7.456254503845675,-7.459290330470381
114,114,0.0003500637984186526,0.00035103952273187275,-7.466017577324784,-7.462220708931761
115,115,0.00034951743280956735,0.0003503355301769548,-7.471759639413305,-7.470939016870126
116,116,0.00034870467113916635,0.00034998828318509226,-7.481858553072096,-7.475245809296858
117,117,0.00034830436835391927,0.0003495802336960639,-7.489646674581559,-7.4803121797023175
118,118,0.0003473348996587597,0.0003485886784466474,-7.499532558295259,-7.492648084534631
119,119,0.0003466750369119199,0.00034805829636752605,-7.5046001463385945,-7.4992609620204975
120,120,0.0003467091348996751,0.00034770087528924803,-7.508267775550559,-7.503723023664537
121,121,0.0003458805014403326,0.0003471748603164758,-7.517962196618502,-7.510298168888456
122,122,0.0003450064342012917,0.0003460425206484567,-7.52835107109512,-7.524486194761448
123,123,0.00034458957583710707,0.0003456649689101859,-7.533407151124022,-7.529227177194706
