,epoch,train_loss,test_loss,train_dbs,test_dbs
0,0,0.00023864753428515353,0.00022513759291828856,-9.129286707229816,-9.391300678541066
1,1,0.00021335486887915771,0.00020588310067786982,-9.614814837554785,-9.779573860602547
2,2,0.00019806401024586952,0.00019431505873064068,-9.940437456660767,-10.030716281356703
3,3,0.00018952669982063902,0.00018817885919768167,-10.128285376598964,-10.17007254959817
4,4,0.00018454332129079273,0.0001840242360853345,-10.244951029392853,-10.267030627477801
5,5,0.00018108221336229484,0.00018081613693778453,-10.330722790763398,-10.343408998439212
6,6,0.00017814163314226592,0.00017845228629946512,-10.398780977781872,-10.400559698956313
7,7,0.00017566920453730548,0.00017655303312686125,-10.461172557688663,-10.447029033188969
8,8,0.00017386971515022487,0.00017447711204448226,-10.504428836060061,-10.498396221657744
9,9,0.00017238549975745533,0.0001731497269295352,-10.542998088214668,-10.531562753577113
10,10,0.00017093449348545413,0.00017204345969826375,-10.579339771361528,-10.559399189375668
11,11,0.00016984164435176428,0.00017065941861610075,-10.607751969821466,-10.59447824535807
12,12,0.0001690408728594325,0.00017049984690904814,-10.62810127799402,-10.598540929499913
13,13,0.00016783541815533042,0.00016908204691533588,-10.660043875656417,-10.634805895493129
14,14,0.00016733859041609715,0.00016859439538644723,-10.672061773213905,-10.647349531280838
15,15,0.00016643780451051929,0.00016782036139997408,-10.693808231515414,-10.66733434321554
16,16,0.000165746264194484,0.0001670407961539336,-10.714229256001977,-10.687555350557629
17,17,0.0001648299057893551,0.00016615420540083985,-10.73459426654437,-10.710667484816183
18,18,0.0001641854275673263,0.00016558028322546497,-10.753729864989035,-10.725694652085995
19,19,0.0001636452187685603,0.00016527485077906596,-10.768138017779709,-10.733713126041149
20,20,0.00016318616630106242,0.00016461596303423377,-10.77971056556075,-10.751061392818844
21,21,0.00016271646078147917,0.00016397909310303236,-10.791986137376803,-10.767896061386018
22,22,0.00016206902191979024,0.000163010912058924,-10.81108748747389,-10.793614089892035
23,23,0.0001615280487704254,0.00016298755623498246,-10.82527323224311,-10.794236381495338
24,24,0.0001612116760315047,0.0001623349648741025,-10.83259737660307,-10.811660149524425
25,25,0.00016053604605948532,0.00016223103050019984,-10.852308546085146,-10.81444159473139
26,26,0.0001604117441996836,0.00016167769851898285,-10.85490958992426,-10.829279679558176
27,27,0.00015968026832759033,0.0001616942226016698,-10.875087319205072,-10.828835836573242
28,28,0.0001595479621643143,0.0001608117033212789,-10.877294982905006,-10.85260434310349
29,29,0.00015891681184641748,0.00016020082617423644,-10.896092837691471,-10.869133348668647
30,30,0.0001585359844743975,0.0001602897743731247,-10.906451081359972,-10.866722687458722
31,31,0.00015816146078202683,0.0001598507729604056,-10.916166506772019,-10.87863345678694
32,32,0.00015748232499859536,0.000159281961570837,-10.934672905654919,-10.89411490902274
33,33,0.00015743520679720437,0.00015866881585679948,-10.934395286033155,-10.910865057108916
34,34,0.0001568778633432866,0.00015870302434594028,-10.950946694877864,-10.909928833018201
35,35,0.0001565647899886094,0.00015809881427374326,-10.961242225002437,-10.926494735512575
36,36,0.0001564012723674844,0.0001581948071313826,-10.965929925620738,-10.923858629892129
37,37,0.0001557723883978696,0.0001578447677035767,-10.9807978450049,-10.933478960142667
38,38,0.0001555950404564879,0.0001568954267943474,-10.987747160818069,-10.959678014211338
39,39,0.00015490990598354795,0.0001564968260936439,-11.00675537568291,-10.970725522664416
40,40,0.00015447579234833685,0.0001560427833618106,-11.019748836642764,-10.983343980340774
41,41,0.00015435627371807265,0.00015563990516392025,-11.022660414472927,-10.994571288247768
42,42,0.0001541131389682594,0.00015559985905910204,-11.028148421882547,-10.99568887053894
43,43,0.00015384835741943535,0.0001551988343156776,-11.038162419727456,-11.006896313397757
44,44,0.0001531906549569181,0.00015571986410864875,-11.054817081840984,-10.992340702753765
45,45,0.0001532908334917648,0.00015501142173123203,-11.052587039947348,-11.012143867892163
46,46,0.00015300310267250716,0.00015482637115239508,-11.061230362645926,-11.017331514890916
47,47,0.00015230320880703206,0.0001540365935254254,-11.07876430348658,-11.039541805674338
48,48,0.000152100860675288,0.00015372994407937912,-11.08532748257873,-11.048196171246595
49,49,0.0001517433963281573,0.0001536859865729256,-11.096210062918306,-11.04943816951133
50,50,0.00015142083002407986,0.0001532360068890021,-11.107368323600218,-11.062172599619192
51,51,0.000151188306620863,0.00015288678083666846,-11.112869999398704,-11.072081500187295
52,52,0.0001507155214959621,0.00015257662974028406,-11.125401945616574,-11.08090068777832
53,53,0.00015048005275509905,0.0001521578708075379,-11.133734096796065,-11.092836639099087
54,54,0.0001501782398824532,0.00015184570312205898,-11.140579841825886,-11.101755794168898
55,55,0.00014980094877585346,0.00015165327778576235,-11.153217439266243,-11.107262848767888
56,56,0.00014966480720778638,0.00015095519866965907,-11.155495169671916,-11.127300122634177
57,57,0.00014914331307212255,0.0001511172449681908,-11.17120243414943,-11.122640590028787
58,58,0.0001489385376209105,0.0001506502096737294,-11.175142519748036,-11.136083458705563
59,59,0.00014870495792867173,0.00015031823300217328,-11.181477049947322,-11.14566424357238
60,60,0.0001483517029855554,0.000150247437168697,-11.1948061825463,-11.147710135265307
61,61,0.00014818055633534726,0.0001501836859939718,-11.199956057409555,-11.149553272122908
62,62,0.0001478984193773172,0.00015007240749822048,-11.206692325861521,-11.15277236675042
63,63,0.00014739353572781744,0.00014905577087407246,-11.220803360599046,-11.18229291398671
64,64,0.00014733163915639359,0.00014849801664240658,-11.22584418067371,-11.19857433125879
65,65,0.0001468362312790333,0.00014862724530853724,-11.238237531032883,-11.194796577743347
66,66,0.00014672637257014508,0.00014824740049478255,-11.242231810087059,-11.205909995405957
67,67,0.00014646586313358864,0.00014805482963933363,-11.250916543281587,-11.2115550741915
68,68,0.00014580149589389678,0.00014818485559724075,-11.269001747936231,-11.207742650504615
69,69,0.00014543320792223107,0.0001476688186429735,-11.279412144999013,-11.222892858089315
70,70,0.00014525581932549854,0.0001473290819711493,-11.285409734327487,-11.232896036199877
71,71,0.00014528039781035876,0.00014684261374273583,-11.286354530076505,-11.247259801503322
72,72,0.00014494871908196335,0.0001466293247894531,-11.293919919264576,-11.253572516254465
73,73,0.00014440095191341394,0.00014617383988623165,-11.311621364451804,-11.267084305981335
74,74,0.00014442228952173106,0.00014592456711015026,-11.310403045206234,-11.274496726920859
75,75,0.00014401218054585697,0.00014592092913134317,-11.324773866676537,-11.274605000246412
76,76,0.0001439860020254105,0.00014574102993049709,-11.32400854677792,-11.279962520327926
77,77,0.00014343016874525196,0.00014556462625286688,-11.340146124106912,-11.28522236692003
78,78,0.00014326077290047345,0.0001450391428079456,-11.345190440096747,-11.300928619453114
79,79,0.00014311347151362366,0.00014461584827298984,-11.35028627448751,-11.313621969630294
80,80,0.00014281779249827618,0.0001449214216431995,-11.360479464640541,-11.304455006233207
81,81,0.00014269109789855758,0.0001444137259999192,-11.361249487754915,-11.319696130199816
82,82,0.00014215167452816458,0.00014386592144881817,-11.37704478020595,-11.336201546532223
83,83,0.0001420739989550112,0.0001436914769185119,-11.382612276426746,-11.34147077671959
84,84,0.0001418031804616438,0.0001432668466709162,-11.3905579679289,-11.354323842326991
85,85,0.00014151795062154878,0.0001433476634127529,-11.397833993291211,-11.351874680493207
86,86,0.00014125091787643693,0.00014340134925748172,-11.405694192714844,-11.350248487176806
87,87,0.00014104759514142192,0.00014299916036083902,-11.413616081928087,-11.362445988748608
88,88,0.00014083524181785964,0.00014225222050874052,-11.423703953829083,-11.385190320188084
89,89,0.00014056663281529104,0.00014239477872922035,-11.426891353874682,-11.380840212591906
90,90,0.00014024881538622964,0.00014188735880643914,-11.438284144754608,-11.39634381815852
91,91,0.00014000104727660372,0.0001416879018315261,-11.44838962781354,-11.402453171821584
92,92,0.00013969054451025062,0.00014123249121966133,-11.456804108733948,-11.416434665656114
93,93,0.0001395170653530531,0.0001411225216303903,-11.462239319126471,-11.419817583333426
94,94,0.00013939660542390127,0.00014133269494203361,-11.464054759921606,-11.41335446132466
95,95,0.0001388258755581511,0.00014088781685323308,-11.482811917786787,-11.427046468180556
96,96,0.00013860700290155664,0.00014040452247411994,-11.487267244888173,-11.44196989546021
97,97,0.000138276386988042,0.00013999591158751987,-11.498757770497445,-11.454627335132388
98,98,0.00013801810069408114,0.00013962512878750108,-11.508732018050726,-11.466144996192329
99,99,0.00013802260668713061,0.00013975697986193394,-11.50890005742722,-11.462045793234253
100,100,0.00013781626540483407,0.00013979395321496812,-11.51561735342912,-11.460896999122419
101,101,0.00013753323410409647,0.0001391121040796861,-11.52292353618007,-11.482131669302312
102,102,0.0001374265166586409,0.00013875830872597076,-11.52633953157499,-11.49319088581408
103,103,0.0001369233671623791,0.00013864417192771246,-11.543742645869068,-11.496764681141796
104,104,0.00013680969472655298,0.00013848701737036832,-11.545390708362198,-11.501690244702461
105,105,0.0001364712447069643,0.00013785227891180272,-11.555869400358564,-11.521641362659018
106,106,0.00013644574195045747,0.00013802499789131902,-11.559416565338147,-11.516203371506307
107,107,0.00013598721462707564,0.00013825218468953513,-11.571759296480746,-11.509060834859293
108,108,0.0001358891093650996,0.0001373406442948372,-11.576545699589502,-11.537790058950106
109,109,0.00013517875304762465,0.00013719655965503894,-11.597572748418727,-11.542348652017743
110,110,0.00013522657056605521,0.00013696057584112217,-11.598004652886008,-11.549825130302953
111,111,0.00013514975213071274,0.00013679882900568803,-11.598258204588452,-11.554957064769836
112,112,0.00013490232389081828,0.0001366483974331794,-11.609555695344373,-11.559735435301224
113,113,0.00013462943489994547,0.00013657071701201953,-11.61630374242048,-11.56220496816968
114,114,0.00013433757508725657,0.00013613029410694972,-11.62551453954585,-11.576233035237987
115,115,0.00013425046927295625,0.0001358741604857833,-11.627289933283297,-11.584412125639094
116,116,0.00013375895155759375,0.00013551487829413657,-11.643207644166749,-11.595911069379481
117,117,0.00013375352796877627,0.0001356248547764201,-11.646183426989152,-11.592388001662833
118,118,0.0001331548702773475,0.00013452317752556779,-11.663446227159948,-11.62780969243974
119,119,0.00013298164300330116,0.0001351398218263823,-11.665908906936632,-11.607947443293284
120,120,0.0001328571323910248,0.0001347979720632889,-11.674071875847773,-11.618947277216463
121,121,0.00013270412740350423,0.00013497433591462476,-11.678378689529028,-11.613268869456356
122,122,0.00013230604326026034,0.00013431476959100875,-11.690826200004718,-11.634543149160844
123,123,0.00013207454344176103,0.00013376753103282106,-11.698237325186952,-11.652273750223427
124,124,0.00013205142067349276,0.0001338868927345366,-11.700516607979905,-11.648400238169156
125,125,0.0001317620349114223,0.00013355441440485025,-11.708687116669267,-11.659198388975893
126,126,0.00013173204101382072,0.00013344174620119462,-11.713225719441214,-11.662863698763639
127,127,0.00013140708226986594,0.000132872976552646,-11.7202296537655,-11.681414223710044
128,128,0.0001309502821988138,0.0001324028960784505,-11.7357909555761,-11.696806016989932
129,129,0.00013115667763823817,0.00013223923375143816,-11.730909529922947,-11.702177622382006
130,130,0.0001307512646554201,0.00013244812343098027,-11.74095269408111,-11.695322768795375
131,131,0.00013040864453699017,0.00013199429323369833,-11.75331486298786,-11.710229314151213
132,132,0.00013028874583170298,0.000131903232326486,-11.75849988263268,-11.713226481404302
133,133,0.00013021112216538125,0.0001319369468163993,-11.76009941405236,-11.712116565768495
134,134,0.00012994262830296664,0.00013181162725423316,-11.77149788853775,-11.716243647676778
135,135,0.00012960109057699417,0.0001314535969102412,-11.781087536066002,-11.728056123031454
136,136,0.00012953932279752107,0.0001313877092845934,-11.782378658769527,-11.730233454536778
137,137,0.00012914337366027277,0.00013088953978455576,-11.797521788359823,-11.746731456240461
138,138,0.00012897487620873492,0.00013063053139424148,-11.803215731727903,-11.755333928008815
139,139,0.00012863983066222084,0.00013034956990802464,-11.81280931491052,-11.764684837876837
140,140,0.00012860591412334674,0.00013061690007912387,-11.816416188623677,-11.755787138584601
141,141,0.00012835880310020227,0.00013052238347498993,-11.824570589783702,-11.7589309046896
142,142,0.00012785034590537573,0.00012997740237838835,-11.838559320804274,-11.777102330629017
143,143,0.0001277416352975931,0.00012973075660595082,-11.845007375163823,-11.785351353730755
144,144,0.00012779738983564252,0.00012917818362199652,-11.84312579546364,-11.803889127044872
145,145,0.0001274749267451494,0.00012937249879254714,-11.850906255836884,-11.797361198251885
146,146,0.00012696266174916485,0.00012904344131177487,-11.87088445649163,-11.808421500902746
147,147,0.00012716450611460647,0.0001292492616860392,-11.865426081752828,-11.801500153865984
148,148,0.00012687330061303374,0.00012791725901862313,-11.875460531222242,-11.846489414514751
149,149,0.00012651711090866323,0.00012835884033273416,-11.885791115239744,-11.831523015517094
150,150,0.00012638734090417988,0.00012825815103592744,-11.891683091987419,-11.834931114723677
151,151,0.00012608233516130923,0.0001280852761977401,-11.899375662205864,-11.84078877220113
152,152,0.00012598633632656745,0.00012778707069197766,-11.905248695889618,-11.850911715601304
153,153,0.00012553566876263598,0.00012781211683575653,-11.919313132667247,-11.850060585973221
154,154,0.0001257103209992266,0.00012758641012049722,-11.91469149657598,-11.857736684003434
155,155,0.00012524187392027109,0.00012749646971075746,-11.930404908073617,-11.860799267058372
156,156,0.00012505536164773975,0.00012768214908551032,-11.93744994686206,-11.854479024204892
157,157,0.0001249462173328754,0.00012704248365480453,-11.940231450754917,-11.876291107927537
158,158,0.00012466693517557565,0.00012650612954626252,-11.949828514554849,-11.894665176253014
159,159,0.00012423292662919566,0.0001263633453881515,-11.96345412360101,-11.899569712759629
160,160,0.00012443604751264428,0.00012618296291054177,-11.957409245746556,-11.905773654405621
161,161,0.00012401714700468596,0.00012630573090925617,-11.972349889111776,-11.901550299467134
162,162,0.00012390897766814194,0.0001258791679375511,-11.977600151593597,-11.916242227676786
163,163,0.00012357649745926087,0.00012577085113949388,-11.990568168875065,-11.919980863642028
164,164,0.00012355982366476457,0.00012529402125724837,-11.989228754119614,-11.936477383738943
165,165,0.00012341745492711796,0.00012560718077063364,-11.994409542294399,-11.92563618264912
166,166,0.00012289528870299823,0.0001249288531988369,-12.011806500876418,-11.949153329986231
167,167,0.00012264982722195577,0.0001248677355378229,-12.020171394443066,-11.951278504200108
168,168,0.00012263163537766362,0.00012456425649457072,-12.021545378786904,-11.961846462048538
169,169,0.00012232064069656788,0.00012473403560426575,-12.032720788626303,-11.955931127349569
170,170,0.00012242863653527726,0.00012374683673873447,-12.029568354988891,-11.990439801725238
171,171,0.00012205401503003308,0.00012358525495265464,-12.043663312545563,-11.996114284771418
172,172,0.00012190669564081395,0.00012401210245259695,-12.048666639009241,-11.981140159083527
173,173,0.0001218546477156048,0.00012409096923779304,-12.049458806971325,-11.978379096067545
174,174,0.00012157892687702264,0.00012370512405667747,-12.060786740449856,-11.991903971801406
175,175,0.00012144464667893696,0.00012339057215477193,-12.062116980097521,-12.002961082965736
176,176,0.00012117693104394759,0.00012300100857637038,-12.07365757847204,-12.016694137717431
177,177,0.00012105954314411628,0.0001227291209751887,-12.076057524131137,-12.026304626532289
178,178,0.00012058110032458645,0.00012307928256249348,-12.095662178623146,-12.013931302771246
179,179,0.00012035709181704472,0.0001223344760977565,-12.101491339728394,-12.040292198965359
180,180,0.00012027791604644513,0.000122263042277681,-12.103402117519611,-12.042828881673191
181,181,0.00012017167371352079,0.00012227261628906585,-12.10736126159242,-12.042488813452417
182,182,0.00012004869547792586,0.00012151643711963276,-12.115224982333949,-12.06943058866539
183,183,0.00011950059811591852,0.00012133951187072518,-12.133078738093355,-12.075758428129317
184,184,0.00011945596769195261,0.00012142023019566152,-12.135400910842202,-12.072870344289566
185,185,0.0001195388532258071,0.00012104732549663535,-12.13118086823698,-12.086228880468843
186,186,0.00011946899375635843,0.00012095657324320392,-12.134552029389408,-12.089486117640503
187,187,0.00011903325278196753,0.00012093649734436583,-12.151790410786397,-12.0902070024582
188,188,0.00011881255048456765,0.00012045756930571148,-12.159529370651079,-12.107439909647194
189,189,0.00011859872974287334,0.00012064305414433445,-12.165499890221586,-12.100757632626884
190,190,0.00011833710093399241,0.00012083435974904875,-12.17419249357,-12.093876410526086
191,191,0.00011819298026576812,0.00012021187515194087,-12.181096829339268,-12.11630714682618
192,192,0.00011788887546647379,0.00012000739968099974,-12.193823002101494,-12.123700607673424
193,193,0.00011761676222770042,0.00012006154812345477,-12.20080824974535,-12.121741472985182
194,194,0.00011779294414061707,0.00011971224777976443,-12.195066300097007,-12.134395009084438
195,195,0.00011746957455581706,0.00011914984612590878,-12.208380318503863,-12.154846005074234
