,epoch,train_loss,test_loss,train_dbs,test_dbs
0,0,0.0009265169843349644,0.0007720950096355457,-3.2383957791882887,-4.039073408864279
1,1,0.0006446362126224972,0.0005398113893246965,-4.815005992225873,-5.593360429567741
2,2,0.0004896903668587893,0.00045858248823175306,-6.009218424636896,-6.301606199058681
3,3,0.0004467179848135631,0.00043936251466603657,-6.406249771813187,-6.487550851046425
4,4,0.0004330558561931182,0.0004290933123373083,-6.543020036606766,-6.590263404683113
5,5,0.00042261734344401235,0.00041651043973520006,-6.64754014268226,-6.71952194960639
6,6,0.00041107616876972093,0.0004101023537498948,-6.76837570394473,-6.7868582443452885
7,7,0.00040916421813122234,0.0004102216013339593,-6.78782418660277,-6.785595607364292
8,8,0.00040884984395533956,0.0004093689770486794,-6.79239807341757,-6.794631586195205
9,9,0.00040845503069258764,0.00040896597784012556,-6.796818608032401,-6.798909060732724
10,10,0.00040764469514149675,0.00040848255249377534,-6.8029820969239365,-6.8040457507386805
11,11,0.0004072702611609333,0.0004082517024423731,-6.805741167362095,-6.806500818725239
12,12,0.000406833015413494,0.0004083147398073618,-6.810571947650938,-6.805830284684009
13,13,0.0004058640687870457,0.0004072795257486991,-6.821993592908196,-6.816855080067958
14,14,0.00040546785103944466,0.00040655431956493934,-6.827208418085043,-6.824595066037482
15,15,0.0004052567627573789,0.0004053496109248188,-6.8309284194941124,-6.837483258323056
16,16,0.00040439471690051414,0.00040433098298595533,-6.839409224730212,-6.848410646966878
17,17,0.0004035557248778449,0.0004039795634238736,-6.847157333958584,-6.852186908131318
18,18,0.0004031248501689202,0.0004039263754078236,-6.852083301205719,-6.852758738608036
19,19,0.0004026262502464437,0.0004039523069207606,-6.857005915192053,-6.852479936524849
20,20,0.0004027035302175305,0.0004025160313559402,-6.856991336987306,-6.867949042555924
21,21,0.0004025359038556398,0.00040290874925344005,-6.858689604281282,-6.863713880354531
22,22,0.0004020548610439159,0.0004018222419912682,-6.866265765836557,-6.875441138292009
23,23,0.00040137002090971495,0.00040272137113405685,-6.870609934105206,-6.865734094909216
24,24,0.00040171742223241586,0.0004014891440563492,-6.869677170252151,-6.879042795280128
25,25,0.00040112929562702006,0.0004017022484300756,-6.873893703596176,-6.876738237322552
26,26,0.00040107013864116263,0.0004012892359720641,-6.877080740568394,-6.881205757857281
27,27,0.0004003512065199962,0.0004009949104664357,-6.883642363447393,-6.884392258532377
28,28,0.00040004235127047855,0.00040114342578147585,-6.885756263364835,-6.882784072521999
29,29,0.00039970496286561273,0.00040114436782651434,-6.888942154002114,-6.8827738735643385
30,30,0.0003999011892916577,0.0004011464541116239,-6.889241373088111,-6.882751286689705
31,31,0.0003993731107894024,0.00040034412430893436,-6.89340833787329,-6.89144627404823
32,32,0.00039974681057333564,0.0004004268833485089,-6.8897824315628045,-6.890548594337074
33,33,0.00039922486727855637,0.00039991792475216483,-6.893434952869155,-6.896072162116063
34,34,0.00039943329781082644,0.0004012352805339584,-6.892775804635556,-6.881789728778825
35,35,0.00039883825499516403,0.0003998575741302614,-6.897122767942619,-6.896727594600765
36,36,0.00039902614062344754,0.0004002752937499042,-6.899098315617456,-6.8921930141690035
37,37,0.0003991708082636607,0.00039936958867321283,-6.897001548696123,-6.902030953331404
38,38,0.0003986565129754623,0.00039958413292065655,-6.900046268177479,-6.899698518235098
39,39,0.0003989158041016727,0.00039931438789751967,-6.900786685866703,-6.902631275687224
40,40,0.00039863920609764373,0.0003996605978739497,-6.90050228964608,-6.898867526022174
41,41,0.0003987858873028692,0.00039914334315414493,-6.899209252013383,-6.904491957510533
42,42,0.00039881118693264184,0.0003993509254589873,-6.900301194536906,-6.902233911207427
43,43,0.00039891927585860275,0.0003989932056835019,-6.901392890543376,-6.906125860277954
44,44,0.00039839537840663004,0.0003994680990121867,-6.903213695999684,-6.900959834692333
45,45,0.00039843517894491785,0.0003988208910940509,-6.903720276010457,-6.908001868155376
46,46,0.00039863268443930547,0.00039866127496536235,-6.901229631778385,-6.909740349786393
47,47,0.0003981935988497181,0.00039916602576053455,-6.904204073726592,-6.904245162691972
48,48,0.0003982717150308614,0.000400356965225288,-6.905596580108833,-6.8913069776444065
49,49,0.00039801034643122753,0.000398609733613404,-6.907203345109885,-6.9103018683800865
50,50,0.00039806810283274916,0.00039965416286385765,-6.906893798212215,-6.898937453152544
51,51,0.0003983349096481256,0.00039886401378010447,-6.9053249569932,-6.907532310702258
52,52,0.0003979533350277577,0.0003987778710372942,-6.905381693408344,-6.908470358683841
53,53,0.0003984211752018363,0.0003979888707889538,-6.904338407391423,-6.917071585318699
54,54,0.00039823604633638,0.0003989473702140937,-6.905880006887547,-6.906624796967292
55,55,0.0003980524335704629,0.0003993913721244194,-6.9079042438249285,-6.901794075639015
56,56,0.0003978855525066634,0.00039924961042982573,-6.907974883803347,-6.90333585282548
57,57,0.000397910462685179,0.0003992223799669821,-6.907171239217104,-6.903632069597001
58,58,0.0003979388824256003,0.0003999907210910399,-6.909199992349385,-6.895281695641478
59,59,0.00039788185061944515,0.0003985356214750362,-6.909136642320149,-6.911109412264586
60,60,0.0003978751213337804,0.0003975132789683381,-6.909828127584521,-6.922264454451815
61,61,0.00039827621502312114,0.00039838423407146414,-6.9071457107151915,-6.9127594330122
62,62,0.0003980250573673852,0.0003997440462147719,-6.90835222091194,-6.89796082240611
63,63,0.00039827489724968433,0.00039834217903645416,-6.90616155305015,-6.9132179158579445
64,64,0.00039776648033515926,0.0003981901574757342,-6.909180363644473,-6.914875654601902
65,65,0.00039790375770271287,0.00039842608384788036,-6.9096410414877045,-6.91230323593306
66,66,0.0003980035370350191,0.0003989026575398288,-6.909568359689282,-6.907111566837548
67,67,0.0003974789602936428,0.0003980605121652939,-6.91238395424048,-6.916289888726234
68,68,0.0003977602314127167,0.0003978972856298481,-6.911355748834445,-6.918071098354039
69,69,0.0003976886326893588,0.000397894499321027,-6.910357195842963,-6.918101510292659
70,70,0.00039785442220949637,0.00039989778643326933,-6.910240553480284,-6.8962908615152045
71,71,0.0003980770047043556,0.0003983863800960152,-6.906732050337647,-6.912736038408935
72,72,0.00039764684828996814,0.00039781713827611193,-6.911114245946185,-6.918945973875678
73,73,0.00039783419234697354,0.00039805896659871856,-6.911241097317191,-6.916306751296563
74,74,0.0003974724023305264,0.00039808109929589063,-6.911147408891192,-6.916065283528122
75,75,0.0003978551465048234,0.00039826894767190283,-6.9116370912346135,-6.914016397740764
76,76,0.0003976410020205202,0.0003988110861667481,-6.911861796898226,-6.908108639848204
77,77,0.00039769299196309803,0.00039845975544793824,-6.912151956057598,-6.911936222506805
78,78,0.0003976557810656419,0.00039816827445879186,-6.912578843271965,-6.915114332893655
79,79,0.00039741650797407496,0.0003982871605426465,-6.914726470710626,-6.91381779906872
80,80,0.0003976048286596179,0.00039766162885107885,-6.911018741112208,-6.920643992448319
81,81,0.00039743656321361505,0.0003985465262207742,-6.915618168091163,-6.910990582080907
82,82,0.00039759729976871427,0.00039753703228933245,-6.914586010850656,-6.922004950465924
83,83,0.0003969932110624906,0.00039809191673013727,-6.917779596206465,-6.915947270184103
84,84,0.00039788780580322767,0.000398402558762188,-6.909821376086209,-6.912559672872174
85,85,0.000397688502172181,0.0003988007589022776,-6.909591375931403,-6.908221102420084
86,86,0.00039773624265547263,0.0003968533266360234,-6.9118469753639245,-6.929480611832121
87,87,0.0003975309832405645,0.0003980296636367903,-6.916739315166462,-6.916626467322928
