,epoch,train_loss,test_loss,train_dbs,test_dbs
0,0,6.0980860278917685e-05,6.121446897036788e-05,-32.14877068228962,-32.14474387470594
1,1,5.9355291782172646e-05,5.987449759758372e-05,-32.26143073459672,-32.24086591547517
2,2,5.6975424422020785e-05,5.8139739657666435e-05,-32.43664208278445,-32.36855391129513
3,3,5.686171091828956e-05,5.692660794777208e-05,-32.444242523118035,-32.46013167319774
4,4,5.599531317615795e-05,5.555701576859543e-05,-32.52332453425035,-32.56589564181953
5,5,5.432237144445607e-05,5.451673266514646e-05,-32.64669461289923,-32.64798654350293
6,6,5.317872761299872e-05,5.303666272850119e-05,-32.74073014811458,-32.76752285081399
7,7,5.2994536821005536e-05,5.192018656280676e-05,-32.762342271905396,-32.85992229524265
8,8,5.2003333265245075e-05,5.0894089087562046e-05,-32.83790672564773,-32.946611281708954
9,9,4.9242395463582014e-05,5.00224163452482e-05,-33.08583517718318,-33.0216380724899
10,10,4.891428705508888e-05,4.9201938963960856e-05,-33.09571692568358,-33.09346255948338
11,11,4.899551753361575e-05,4.836504874554904e-05,-33.099201576853815,-33.16796844032244
12,12,4.8409185426900183e-05,4.729937982598418e-05,-33.14868777254019,-33.2647302740524
13,13,4.697170167214468e-05,4.640279899161358e-05,-33.28372748807382,-33.34784296100934
14,14,4.597174300159299e-05,4.562414362322e-05,-33.36780939205799,-33.421337481298664
15,15,4.5380837392942866e-05,4.480713553340664e-05,-33.43008728212777,-33.49981292979444
16,16,4.360676896410332e-05,4.436732419172155e-05,-33.60711255386225,-33.542652367932625
17,17,4.415856607554759e-05,4.32767732203693e-05,-33.54859086504692,-33.65073602180355
18,18,4.304198775627679e-05,4.255064911711471e-05,-33.65775963614131,-33.72422284148492
19,19,4.1748675413924206e-05,4.2059228833654504e-05,-33.78925891844253,-33.774671683262724
20,20,4.2161165990749105e-05,4.134552230090393e-05,-33.74697091891016,-33.84899991289893
21,21,4.1343521158908225e-05,4.090706601058819e-05,-33.83689304508389,-33.89530142267277
22,22,3.919072552195861e-05,4.0078246743896194e-05,-34.06261479849612,-33.98419759150157
23,23,3.9899189884176706e-05,3.963046267591907e-05,-33.992348937771894,-34.032993312078105
24,24,3.897117723269177e-05,3.904688587920789e-05,-34.0893272979167,-34.09742070707703
25,25,3.81657016837427e-05,3.859633512834798e-05,-34.182504611770355,-34.14782405168279
26,26,3.813982436543849e-05,3.796129960009191e-05,-34.17995111867552,-34.21987401828867
27,27,3.7849730078866655e-05,3.751619614807791e-05,-34.22642083762546,-34.27109676012901
28,28,3.8068583739210956e-05,3.687604715339962e-05,-34.19199489162034,-34.34584112216327
29,29,3.67291147095156e-05,3.657124761957675e-05,-34.34786613554301,-34.38188697407362
30,30,3.601161130138711e-05,3.602805143026145e-05,-34.43326605196687,-34.44687699822853
31,31,3.626638865227374e-05,3.567709274265278e-05,-34.40702079948814,-34.489390165252104
32,32,3.486125753681204e-05,3.5294210695275596e-05,-34.57520053303615,-34.53624999889889
33,33,3.5361728505543484e-05,3.472414563906281e-05,-34.50935905582441,-34.60696904794125
34,34,3.53542231489873e-05,3.425626930134298e-05,-34.5153220012181,-34.66588409737909
35,35,3.48369930620298e-05,3.391900138108452e-05,-34.576380751748715,-34.70885416266829
36,36,3.3328214655186235e-05,3.3676659433312074e-05,-34.76824951836183,-34.739994688648466
37,37,3.3049066127974e-05,3.314861322379377e-05,-34.812938073384046,-34.80863109493879
38,38,3.216118240799784e-05,3.2850040186435524e-05,-34.918317480373794,-34.84792568671479
39,39,3.310605866646096e-05,3.2372432829824425e-05,-34.804361788222316,-34.91153135436973
40,40,3.149672076838168e-05,3.203829988993484e-05,-35.016158290294214,-34.956590116346305
41,41,3.234653979103014e-05,3.1667000975606864e-05,-34.90878113206655,-35.00721538407149
42,42,3.185450238851979e-05,3.1396790769864116e-05,-34.96741155067184,-35.04443215020822
43,43,3.051326036922509e-05,3.105749984618007e-05,-35.15057921655161,-35.091619821098895
44,44,3.0325541712917367e-05,3.074963809156447e-05,-35.18345113028674,-35.134884651484576
45,45,2.980118833218831e-05,3.053137401079048e-05,-35.256452601836436,-35.165821244552106
46,46,2.9363373934906985e-05,3.0176494156445476e-05,-35.31955105857947,-35.21659690930052
47,47,3.039282946889385e-05,2.9974210567735626e-05,-35.18025529598005,-35.24580719966735
48,48,2.9261133378670437e-05,2.9401126180585524e-05,-35.340842451267,-35.329645079086596
49,49,2.858687477464159e-05,2.936549935839139e-05,-35.44080290198179,-35.33491083462056
50,50,2.9138814348585846e-05,2.9033631443254355e-05,-35.367999692695534,-35.38427114317174
51,51,2.921693293004508e-05,2.880065633354733e-05,-35.345862197572096,-35.419260889135785
52,52,2.8475048106743416e-05,2.8566899632814486e-05,-35.46177896703719,-35.45465364916695
53,53,2.8414754383776038e-05,2.8165346808045317e-05,-35.459430765775124,-35.51613370655407
54,54,2.8892299128857142e-05,2.8058629284618963e-05,-35.390734758882225,-35.53262022722565
55,55,2.782678186741043e-05,2.777983000238524e-05,-35.556743588820645,-35.57598890091879
56,56,2.7113473686430432e-05,2.729567284787711e-05,-35.66895502643879,-35.65234669568298
57,57,2.7750976571660805e-05,2.720639273129085e-05,-35.565106890947405,-35.666575109320846
58,58,2.6860932792391695e-05,2.700592880213854e-05,-35.70611385782075,-35.69869355494203
59,59,2.6811174412267572e-05,2.687091306908865e-05,-35.719831200313365,-35.720460499159586
60,60,2.672829221635241e-05,2.665052096218508e-05,-35.73129709267387,-35.756227708547456
61,61,2.719169707543375e-05,2.631029823724499e-05,-35.66237611121519,-35.81202702846155
62,62,2.596131914109832e-05,2.6045227155248684e-05,-35.86008160149027,-35.85600324338444
63,63,2.6082196893991385e-05,2.5851892802931713e-05,-35.83857146209874,-35.88836127437588
64,64,2.5615202493727994e-05,2.5663858602791534e-05,-35.91436158448802,-35.92006520024687
65,65,2.5010946224825865e-05,2.560092204811027e-05,-36.01159334027662,-35.930728666194845
66,66,2.5444845828742566e-05,2.5327040547333462e-05,-35.94165450594777,-35.97744028201886
67,67,2.5912692022363454e-05,2.5055149882590693e-05,-35.862822499482284,-36.02431468770635
68,68,2.516815141827521e-05,2.4947225220354373e-05,-35.989052987385456,-36.04306226038047
69,69,2.5090255166077506e-05,2.479144380853732e-05,-36.00748222430051,-36.070266538289815
70,70,2.4612730373622436e-05,2.4503642826426874e-05,-36.08810205927618,-36.120978204349456
71,71,2.4202914930131172e-05,2.444704190757444e-05,-36.156613612258695,-36.13102156852993
72,72,2.4355126172559186e-05,2.4211464589921217e-05,-36.120283762651944,-36.17307412454142
73,73,2.430390469674693e-05,2.4140587763548338e-05,-36.1406925976948,-36.18580633967487
74,74,2.397871662886002e-05,2.385265705877253e-05,-36.196824134954696,-36.237917096932826
75,75,2.4002849836365713e-05,2.3737660644416648e-05,-36.19670164160989,-36.258905570137834
76,76,2.355860544281013e-05,2.3505499005918146e-05,-36.278923133054846,-36.301589984514294
77,77,2.330381865943206e-05,2.342887350287607e-05,-36.32414768650128,-36.31577066316495
78,78,2.3389299834907996e-05,2.327242959597099e-05,-36.304717598432696,-36.344867487079625
79,79,2.308602348214841e-05,2.3195903371455834e-05,-36.36066368047115,-36.35917182939235
80,80,2.306223520754054e-05,2.292248217073441e-05,-36.372587906032095,-36.410668302485234
81,81,2.2865162191947937e-05,2.2732270353069333e-05,-36.40655143793563,-36.44685661420146
82,82,2.2909062272915855e-05,2.2776707594043966e-05,-36.40283823258548,-36.438375274672254
83,83,2.319753182690096e-05,2.2544549019106564e-05,-36.33928644009135,-36.48286921745243
84,84,2.2194449717137534e-05,2.2408980409014284e-05,-36.53568626429618,-36.50906376925824
85,85,2.2407768070835802e-05,2.236838362908824e-05,-36.49126711333898,-36.51693871353622
86,86,2.210051437585432e-05,2.217361466854958e-05,-36.551386044972645,-36.55491977732495
87,87,2.1548596911069927e-05,2.2143506660205803e-05,-36.65826799120949,-36.56082076705735
88,88,2.1671154472548468e-05,2.1904410268210706e-05,-36.64727271337607,-36.60796908678908
89,89,2.1743972828301492e-05,2.1847809636567133e-05,-36.62931888983636,-36.61920570781603
90,90,2.165864961424041e-05,2.166948232977455e-05,-36.64167624626401,-36.65479937429727
91,91,2.1908909026755393e-05,2.165414049446362e-05,-36.60540216447303,-36.657875236499905
92,92,2.146813773093133e-05,2.1519616462970398e-05,-36.68258721263472,-36.68493947077062
93,93,2.1828541564938167e-05,2.1353773837817196e-05,-36.610568102106434,-36.718538351427846
94,94,2.1372612996087482e-05,2.133193801886304e-05,-36.69679285013896,-36.7229816070721
95,95,2.1113373317273297e-05,2.1168198719878045e-05,-36.75363419652359,-36.75644569980992
96,96,2.1096811240605564e-05,2.106402117581303e-05,-36.75835463838067,-36.77787191155398
97,97,2.094634446527295e-05,2.0993735568864442e-05,-36.78160190671094,-36.79238751202065
98,98,2.1025039882026493e-05,2.0896528440061957e-05,-36.77389231902613,-36.8125433150052
99,99,2.1540518413455654e-05,2.089866115726947e-05,-36.66761666178171,-36.812100093034246
100,100,2.064079496646168e-05,2.0928559311677848e-05,-36.84738179435474,-36.80589140618175
101,101,2.1007700112378872e-05,2.06318015778762e-05,-36.77883311966208,-36.867913214412354
102,102,2.108444199077041e-05,2.0623208432593138e-05,-36.754620554342516,-36.8697224277087
103,103,2.0561757110888572e-05,2.0521175381298618e-05,-36.86735228486063,-36.89126241828779
104,104,2.0151888035338604e-05,2.0344417240075447e-05,-36.95125806891926,-36.92883219724874
105,105,2.0990161650955734e-05,2.0295144598716625e-05,-36.78368100905183,-36.939363239301386
106,106,1.9881032505846754e-05,2.0262393167956217e-05,-37.015729207547345,-36.9463773577754
107,107,1.987177961616664e-05,2.0108996499115356e-05,-37.012075472897706,-36.97938075348312
108,108,2.0239785982019236e-05,2.016567850660067e-05,-36.94487434533866,-36.96715634729057
109,109,1.9952753607811376e-05,2.0049449679055742e-05,-37.01458613699428,-36.99226017327211
110,110,1.993256728851942e-05,2.000137828872539e-05,-37.01059107524728,-37.002685500608685
111,111,1.9775344477126318e-05,1.9893588040232363e-05,-37.03949500316398,-37.0261535359738
112,112,1.9682727509358846e-05,1.98601012590715e-05,-37.05803596990326,-37.03347015386309
113,113,2.0424474708297285e-05,1.973212941888242e-05,-36.89431978493738,-37.06154518607502
114,114,2.048929244543596e-05,1.9711988610843516e-05,-36.88552746042106,-37.06598034294479
115,115,2.0067410970142126e-05,1.9664359857224074e-05,-36.97477929581844,-37.07648660661295
116,116,1.9502137641295833e-05,1.9563602013237725e-05,-37.09896646936247,-37.098796545643744
117,117,1.97507604790405e-05,1.9522525067977287e-05,-37.044262969616184,-37.10792484694137
118,118,1.9587912977362274e-05,1.9467122432328515e-05,-37.083090435100885,-37.12026713607801
119,119,1.9473035470432525e-05,1.943965301171901e-05,-37.1067207518296,-37.12639965137279
120,120,2.028444471283571e-05,1.9396997040051867e-05,-36.93298384421145,-37.13593974329108
121,121,1.9476217482978307e-05,1.9378580155286106e-05,-37.10634796232403,-37.140065201947074
122,122,1.9383024842569547e-05,1.93251920982699e-05,-37.12118154215563,-37.15204654222347
123,123,1.893506631643401e-05,1.9291310692144753e-05,-37.228801520471265,-37.159667383279356
124,124,1.9520856701851745e-05,1.9271781974040142e-05,-37.08808634314494,-37.16406600105096
125,125,1.9508805409489085e-05,1.9155612598727823e-05,-37.101152061555865,-37.19032428523587
126,126,1.9505484900590316e-05,1.9197470608464517e-05,-37.10000721138733,-37.18084462501059
127,127,1.9224478097553918e-05,1.9133870888541232e-05,-37.162659481232794,-37.19525634747124
128,128,1.938454086709883e-05,1.9121059076018066e-05,-37.12398431387668,-37.1981653057128
129,129,1.878836942476895e-05,1.9141454973386746e-05,-37.253813238890785,-37.193535277216384
130,130,1.903489269868269e-05,1.901908748741813e-05,-37.20620721045839,-37.221387976704335
131,131,1.9173378859704826e-05,1.90371012266903e-05,-37.180320784859305,-37.217276546520196
132,132,1.938182060595076e-05,1.903798152182533e-05,-37.13250101287852,-37.21707572892923
133,133,1.884998812212083e-05,1.8997081018537038e-05,-37.24819073476637,-37.22641598949171
134,134,1.9500487555372265e-05,1.9082921043216055e-05,-37.100745082101916,-37.20683620473791
135,135,1.883151652850991e-05,1.9026651994193488e-05,-37.25056950128587,-37.2196609903774
136,136,1.9023275263421476e-05,1.9014934447400983e-05,-37.204586072851804,-37.222336413013714
137,137,1.864430053210901e-05,1.8950000450882055e-05,-37.29438956912675,-37.237192492156495
138,138,1.8885169599352875e-05,1.900382286342057e-05,-37.23938207459411,-37.22487500190333
139,139,1.873069878766006e-05,1.8936890659173705e-05,-37.27951313120809,-37.24019802270189
140,140,1.9423562699773458e-05,1.8947905884583872e-05,-37.12427702509276,-37.23767254959194
141,141,1.8916292573681184e-05,1.898316311685209e-05,-37.22702437824027,-37.22959894331922
142,142,1.9073147114729942e-05,1.8940203230350133e-05,-37.19738418357272,-37.23943839135811
143,143,1.9816112914677714e-05,1.9006734538906083e-05,-37.03274579575058,-37.22420964749374
144,144,1.9599670971747964e-05,1.9036974950531178e-05,-37.087556165251534,-37.21730535406832
145,145,1.949807735690763e-05,1.903734425324824e-05,-37.10134147372913,-37.217221105086054
146,146,1.961165874012501e-05,1.9008000172585814e-05,-37.07463416429316,-37.223920466086795
147,147,1.860348156603238e-05,1.8981176684687134e-05,-37.302623002040754,-37.23005342061724
148,148,1.8784830927805012e-05,1.8919531373141678e-05,-37.26284364911842,-37.24418098900308
149,149,1.9501828113057743e-05,1.909202896250032e-05,-37.10102408016331,-37.204763893360294
150,150,1.9353990902561338e-05,1.8989579984918237e-05,-37.132487922078816,-37.22813114816347
151,151,1.9310727458508426e-05,1.8886867636817778e-05,-37.14125440401911,-37.25168537151235
152,152,1.9706698489263198e-05,1.9020796045017624e-05,-37.054133919693875,-37.22099785083166
153,153,1.925320559410503e-05,1.9066321568205142e-05,-37.15286334959686,-37.210615603940205
154,154,1.970393374726085e-05,1.901080701683991e-05,-37.053552564277176,-37.22327920610867
155,155,1.9218109665632357e-05,1.9032998304618032e-05,-37.15759569082769,-37.21821264936442
156,156,1.908317383438152e-05,1.892821757409317e-05,-37.19149276753654,-37.2421875445774
157,157,1.880247186208996e-05,1.8948979088331964e-05,-37.25874667285796,-37.237426573456325
158,158,1.9328768495452284e-05,1.8908994350472074e-05,-37.14422135839678,-37.246600417638966
159,159,1.924590767735073e-05,1.8982956135005224e-05,-37.15591624170051,-37.22964629663092
160,160,2.0017958339633777e-05,1.9007540590552563e-05,-36.98567903693072,-37.224025472585204
161,161,1.9108875554574643e-05,1.9010778966108582e-05,-37.188966492943464,-37.22328561419372
162,162,1.8931397517945633e-05,1.8951993728191347e-05,-37.23344213351362,-37.23673569859939
163,163,1.881770362929602e-05,1.905840963445371e-05,-37.255463917409564,-37.212418165747394
164,164,1.8662143186693075e-05,1.89262042400323e-05,-37.289652174001574,-37.24264951431926
165,165,1.9750159434309907e-05,1.8954092650490468e-05,-37.042593582461556,-37.236254746614904
166,166,1.908514289041086e-05,1.895633000745683e-05,-37.19280719491491,-37.23574213202634
167,167,1.918425981053475e-05,1.899516945214648e-05,-37.16816568285035,-37.22685301689895
168,168,1.8973249548112436e-05,1.8989417951256893e-05,-37.21786392718044,-37.22816820565779
169,169,1.9245434627591e-05,1.8877024223528632e-05,-37.160305425078384,-37.253949407320526
170,170,1.917950814140099e-05,1.9042979099475288e-05,-37.179895526168046,-37.2159358309995
171,171,1.953202256830541e-05,1.89751484580675e-05,-37.10272564103672,-37.2314329143215
172,172,1.878849759788826e-05,1.89857686277001e-05,-37.25545235837812,-37.22900289864078
173,173,1.953484799329446e-05,1.8980361059412214e-05,-37.0861491790602,-37.23024004190673
174,174,1.8906949625273126e-05,1.895719517625893e-05,-37.23446943000985,-37.235543924112456
175,175,1.9326508888682547e-05,1.8975555911693893e-05,-37.14275726701545,-37.23133965920832
176,176,1.8754638479071426e-05,1.893351672103898e-05,-37.2682909467361,-37.2409718631855
177,177,1.9350760058588685e-05,1.8914577977786967e-05,-37.131410020725006,-37.245318180980604
178,178,1.907610192237249e-05,1.9019540224307046e-05,-37.19955276234394,-37.221284596985114
179,179,1.8292687639483664e-05,1.887698195595907e-05,-37.37744760617459,-37.253959131624825
180,180,1.937974157607238e-05,1.8875373347040486e-05,-37.12996710880966,-37.25432923302469
181,181,1.9022192917845197e-05,1.894362297829694e-05,-37.210944886188095,-37.2386543218406
182,182,1.8693380691720168e-05,1.892063439874236e-05,-37.27552583929765,-37.24392779881634
183,183,1.910100408420795e-05,1.8929378950959192e-05,-37.186100179984585,-37.241921083095015
184,184,1.8609593764230123e-05,1.8910683473605833e-05,-37.299040409244995,-37.24621248368556
185,185,1.90116693796806e-05,1.8776676178707642e-05,-37.20405571427277,-37.2770975732885
186,186,1.9345963055363344e-05,1.8882664861800885e-05,-37.14571556913966,-37.25265188705295
187,187,1.9013278088283357e-05,1.879853334685322e-05,-37.204777373647865,-37.2720450672846
188,188,1.7965666386574873e-05,1.8880222198372632e-05,-37.45761011665776,-37.25321372717276
189,189,1.8939627413610933e-05,1.884418844910167e-05,-37.22326876988308,-37.26151035153954
190,190,1.9335903950199392e-05,1.884977111905372e-05,-37.14258109810241,-37.26022392644652
191,191,1.873203345707056e-05,1.8794764592281642e-05,-37.27701326821374,-37.27291583383571
192,192,1.9576142643852588e-05,1.8791319522087608e-05,-37.0826824042366,-37.27371196624188
193,193,1.8720378019932787e-05,1.879664940038071e-05,-37.270479814996875,-37.27248032919749
194,194,1.939436258476938e-05,1.8716541154916693e-05,-37.12484986189443,-37.29102880312328
195,195,1.8689068692952958e-05,1.880897817548095e-05,-37.284731849334676,-37.26963271327847
196,196,1.903040603005157e-05,1.8760464722857395e-05,-37.19855755631906,-37.28084881597135
197,197,1.9010586143362087e-05,1.8708001239007755e-05,-37.20569767530098,-37.29301083853764
198,198,1.8727230565570243e-05,1.873908570958424e-05,-37.26577753308085,-37.28580076253708
199,199,1.859848332069586e-05,1.8713000539910834e-05,-37.31096313103759,-37.29185043731625
200,200,1.919660868581334e-05,1.8729930305102915e-05,-37.164784687792114,-37.287923125037025
201,201,1.839719711309035e-05,1.8723105744069663e-05,-37.34817659143688,-37.28950583743827
202,202,1.8701524644824268e-05,1.8643675933785026e-05,-37.28343564380994,-37.307969284764056
203,203,1.9346164944434668e-05,1.8683431143903074e-05,-37.12982206881573,-37.298718380388586
204,204,1.848182875488119e-05,1.8722399784708517e-05,-37.33147147344663,-37.289669592340594
205,205,1.8667165369555095e-05,1.8712636167612417e-05,-37.28220173177992,-37.291935002278926
206,206,1.911402517920972e-05,1.8616677535694754e-05,-37.18961928034973,-37.31426297565588
207,207,1.8400253127803115e-05,1.8601332876163435e-05,-37.35865733808348,-37.31784409203743
208,208,1.836554305011361e-05,1.8653605605466412e-05,-37.35081944914149,-37.3056568364878
209,209,1.8469516062489758e-05,1.86547705724431e-05,-37.33332154397999,-37.30538561657336
210,210,1.92103773667075e-05,1.8576771205851783e-05,-37.16557770031887,-37.32358241554691
211,211,1.835375589564006e-05,1.865655351713557e-05,-37.362190821615606,-37.30497055596591
212,212,1.8137029046462802e-05,1.8518468574544194e-05,-37.413591201291425,-37.33723404958758
213,213,1.8314500791638774e-05,1.864984608944628e-05,-37.3685545541355,-37.30653221771581
214,214,1.8780272202815297e-05,1.8521776837587822e-05,-37.267282709270916,-37.336458266180976
215,215,1.8963407980954424e-05,1.8572959752897366e-05,-37.21650439405889,-37.32447356223854
216,216,1.914027580289595e-05,1.8476438861781436e-05,-37.18438171294446,-37.3471020457238
217,217,1.8601009503175557e-05,1.848521558138983e-05,-37.30651247937568,-37.345039540122144
218,218,1.8854356668955532e-05,1.8497142168359316e-05,-37.246708811431645,-37.342238393086895
219,219,1.8662195937385778e-05,1.8516503012889236e-05,-37.29458348547514,-37.33769503688947
220,220,1.8942442337217855e-05,1.850553244845574e-05,-37.22443193688151,-37.34026888550525
221,221,1.8481397991936975e-05,1.8460353921431017e-05,-37.333211320372875,-37.350884508006594
222,222,1.8150806222225e-05,1.8389613232054552e-05,-37.41530985765634,-37.36755878543751
223,223,1.8191435938393795e-05,1.8384045832039863e-05,-37.40309354450509,-37.368873797968185
224,224,1.7981953580189284e-05,1.8278763682725473e-05,-37.45071128584402,-37.3938165575541
225,225,1.7874836472757808e-05,1.8384290151037642e-05,-37.47373893138607,-37.36881608178946
226,226,1.8488112116231314e-05,1.830134873384132e-05,-37.337179512142725,-37.388453772329306
227,227,1.8962253532138384e-05,1.83362015281761e-05,-37.221804696498005,-37.38019100327618
228,228,1.8065386151666297e-05,1.824316979381317e-05,-37.43448475194554,-37.402281736128636
229,229,1.8222884549330273e-05,1.8162683581498352e-05,-37.39832908900904,-37.421484568412936
230,230,1.8344133722982322e-05,1.8131182705952885e-05,-37.363392067710336,-37.429023395911486
231,231,1.7914578512721436e-05,1.818653709051432e-05,-37.46840490982078,-37.415784611915825
232,232,1.8713763480620175e-05,1.815676099986855e-05,-37.27872156465079,-37.42290096922682
233,233,1.8305960514498083e-05,1.820689598580908e-05,-37.37484489134332,-37.410925627171004
234,234,1.774600682016246e-05,1.8185917963963123e-05,-37.50242942144208,-37.41593246184479
235,235,1.8276300860887523e-05,1.7950049895214187e-05,-37.37924641023798,-37.472628137416834
236,236,1.7899042496097047e-05,1.8167065239762642e-05,-37.46586225060827,-37.42043698064989
237,237,1.8016089260405333e-05,1.8104120547497204e-05,-37.44256833107574,-37.4355104111787
238,238,1.802630545499437e-05,1.8035294679544966e-05,-37.449117756690235,-37.452052311822904
239,239,1.8379404461962415e-05,1.798346439548033e-05,-37.360503463400825,-37.46455114436429
240,240,1.8269373136605545e-05,1.7995991296821128e-05,-37.388052628996505,-37.4615269939191
241,241,1.835921563921597e-05,1.8021257394713375e-05,-37.36266792573325,-37.455433841836474
242,242,1.7926057742292915e-05,1.7939160658754287e-05,-37.458031645655026,-37.47526354531731
243,243,1.801102463133182e-05,1.8066023585561197e-05,-37.445889076014765,-37.44465900975966
244,244,1.7950009135244362e-05,1.804591513638642e-05,-37.45686229421467,-37.44949563151297
245,245,1.7333576898195554e-05,1.7830611365130416e-05,-37.613628619728566,-37.50162239597985
246,246,1.792806943205843e-05,1.7888966268449286e-05,-37.46674693033204,-37.48743228695333
247,247,1.8124997050389792e-05,1.7847493645125435e-05,-37.41654941341445,-37.497512378595864
248,248,1.7572767919585943e-05,1.7876489006371948e-05,-37.55027929686531,-37.49046247697755
249,249,1.749067269912237e-05,1.7869976832834684e-05,-37.57418933792867,-37.4920448437919
250,250,1.790649618022744e-05,1.7878047018664228e-05,-37.47130134544676,-37.49008398729936
251,251,1.7528047099347662e-05,1.777632932269051e-05,-37.56280343717529,-37.51486386480885
252,252,1.772911857244122e-05,1.778487541358979e-05,-37.50646445325212,-37.51277646635406
253,253,1.793372662974697e-05,1.7759649860013987e-05,-37.45394063777118,-37.51894074649332
254,254,1.8047894252621397e-05,1.7754602355891718e-05,-37.44523512731278,-37.52017523860039
255,255,1.8122731152167016e-05,1.7779539312438207e-05,-37.41225896113177,-37.514079701242224
256,256,1.786733331961663e-05,1.7834426934745063e-05,-37.48289855810593,-37.50069314934826
257,257,1.7822751736453827e-05,1.7807543276591642e-05,-37.491788225811156,-37.507244653956064
258,258,1.8339810463358028e-05,1.7755980288233043e-05,-37.36275293310328,-37.51983819630594
259,259,1.835316136739212e-05,1.765761728740089e-05,-37.35536161753935,-37.543963742008394
260,260,1.8065759578939363e-05,1.766667441858628e-05,-37.434002457173946,-37.541736684087674
261,261,1.7532272592979633e-05,1.76663491066919e-05,-37.562131282423046,-37.54181665525715
262,262,1.7517224553079566e-05,1.7723142311871542e-05,-37.568132496613316,-37.527877490943396
263,263,1.7566564040571767e-05,1.7715402511959455e-05,-37.55971404944772,-37.529774494594655
264,264,1.80888107784132e-05,1.787738318326822e-05,-37.43283091886766,-37.49024524954556
265,265,1.814887650887369e-05,1.7727436802248886e-05,-37.41539590768872,-37.52682528049765
266,266,1.785394007250962e-05,1.7782149131419016e-05,-37.478743784781365,-37.51344225682731
267,267,1.7572979653703012e-05,1.7757170003039247e-05,-37.55154179958758,-37.51954721306659
268,268,1.8461570351101944e-05,1.7682798562945162e-05,-37.333869039123634,-37.53777474247129
269,269,1.8218159039889477e-05,1.77794617181797e-05,-37.4015004403531,-37.514098654957074
270,270,1.7783736907826022e-05,1.786946722859284e-05,-37.50011140135533,-37.49216869480079
271,271,1.7952449487677666e-05,1.7636753909755498e-05,-37.46314728391725,-37.549098187265976
272,272,1.779190966472109e-05,1.7610047220123786e-05,-37.50084520741788,-37.555679533535596
273,273,1.798974129265731e-05,1.7703001408096353e-05,-37.45415667382558,-37.532815699505804
274,274,1.773724526389845e-05,1.781227480310726e-05,-37.51341203861372,-37.506090871607036
275,275,1.762181936916847e-05,1.776593580871122e-05,-37.540200092307366,-37.51740385255627
276,276,1.7962001282322706e-05,1.7759223450603283e-05,-37.46261498829167,-37.51904502190346
277,277,1.8019548331290727e-05,1.7700749403478478e-05,-37.43807322911686,-37.53336820208401
278,278,1.7739760138639896e-05,1.7732542801240925e-05,-37.50685180064786,-37.525574570696364
279,279,1.8135400863421946e-05,1.7765487810768383e-05,-37.40961948400874,-37.51751336859287
280,280,1.7933942639426757e-05,1.7676481595691784e-05,-37.46875628320773,-37.539326484496236
281,281,1.8125978507687813e-05,1.7736606710777298e-05,-37.4118423108633,-37.52457937711625
282,282,1.8338665381399795e-05,1.7765704509848117e-05,-37.368920740090786,-37.51746039473615
283,283,1.8066979455116526e-05,1.7760572135509728e-05,-37.43432399848445,-37.518715219097274
284,284,1.7726354280498106e-05,1.7695272091307407e-05,-37.51572696347515,-37.53471228900118
285,285,1.747315810021486e-05,1.7709547998827857e-05,-37.56739596505257,-37.53120997028835
286,286,1.7947038669290968e-05,1.771205035382943e-05,-37.45995305875424,-37.53059635654911
287,287,1.741896551148906e-05,1.7684790164869474e-05,-37.588871062486646,-37.537285627008295
288,288,1.755568587448335e-05,1.7658761766812714e-05,-37.54991947019961,-37.54368226292889
289,289,1.749709350668727e-05,1.7711518825978457e-05,-37.571618451964866,-37.53072668763545
290,290,1.7837906824817913e-05,1.767127904665693e-05,-37.485589357300015,-37.54060488986785
291,291,1.820490093244367e-05,1.7564969120461394e-05,-37.39574517002442,-37.56681083221984
292,292,1.766182640963474e-05,1.7579942514681822e-05,-37.5272762982774,-37.56311023228876
293,293,1.7637554865172035e-05,1.7774109006782773e-05,-37.53032399051175,-37.51540634529201
294,294,1.7672666658232703e-05,1.7688829613785185e-05,-37.529269920229545,-37.53629375205028
295,295,1.776437349371449e-05,1.761164869668918e-05,-37.50448024326296,-37.55528459943738
296,296,1.7866324296190533e-05,1.7698477150636455e-05,-37.47073480846516,-37.533925743571885
297,297,1.790429494989083e-05,1.7705640283039476e-05,-37.465925426180156,-37.53216837231469
298,298,1.7874554754429875e-05,1.774957519572988e-05,-37.47230123204761,-37.521405103975724
299,299,1.730374176836496e-05,1.7677463802101556e-05,-37.61907402938564,-37.53908517234894
300,300,1.7835660147874917e-05,1.7609554944149414e-05,-37.4894584172405,-37.55580093907462
301,301,1.7306443670846776e-05,1.756684665260285e-05,-37.61421441470751,-37.56634663654338
302,302,1.766066952299785e-05,1.763494770114592e-05,-37.52702873389882,-37.549542978074
303,303,1.7776840256383648e-05,1.7634363087525247e-05,-37.49765111690734,-37.549686952800954
304,304,1.7627020150536465e-05,1.7676391459980023e-05,-37.54522167160141,-37.539348630047
305,305,1.7755454688629415e-05,1.7613756666067177e-05,-37.50514332805285,-37.55476481579796
306,306,1.7486496580738848e-05,1.7588194551583575e-05,-37.57657997723396,-37.561072129360575
307,307,1.715650277097647e-05,1.759030740351208e-05,-37.65665986710022,-37.560550447149154
308,308,1.7865376799612202e-05,1.749586681398796e-05,-37.48257742866595,-37.5839300984597
309,309,1.7031202389130767e-05,1.7621307147476872e-05,-37.68556191584557,-37.55290352644171
310,310,1.746826808474785e-05,1.7510751747881603e-05,-37.57392307635794,-37.58023682826757
311,311,1.7379318265251567e-05,1.746920789676216e-05,-37.589543860812746,-37.59055260562374
312,312,1.7633976378569922e-05,1.7508721420630248e-05,-37.545208304281566,-37.58074041089914
313,313,1.7540071669443314e-05,1.758602459296143e-05,-37.56158834751135,-37.56160797696696
314,314,1.747271000999014e-05,1.74426634801325e-05,-37.570842303126014,-37.597156717883784
315,315,1.768406509279547e-05,1.7514246600943518e-05,-37.51655868131841,-37.57937013563292
316,316,1.7539125523042684e-05,1.751329775862886e-05,-37.556678502518615,-37.57960542302693
317,317,1.7565308637843834e-05,1.7477732638470018e-05,-37.54815461569093,-37.588433823092224
318,318,1.7195856691108292e-05,1.7473514019098058e-05,-37.64328010159345,-37.58948221094593
319,319,1.73123354150298e-05,1.7563739052811318e-05,-37.61564704780634,-37.567114977530494
320,320,1.7641084745376894e-05,1.740093026264252e-05,-37.53303268555894,-37.607560073443864
321,321,1.7053395475665366e-05,1.7413604071311727e-05,-37.68164560460921,-37.60439808060485
322,322,1.730697532206925e-05,1.7372242406341493e-05,-37.619009759602775,-37.614725931235675
323,323,1.740382620332686e-05,1.743228983143222e-05,-37.60186527773284,-37.59974035920388
324,324,1.7785927983701167e-05,1.7428558653352267e-05,-37.511651597347054,-37.60067001532399
325,325,1.7541248780617025e-05,1.741149045349295e-05,-37.560279413893596,-37.60492524790716
326,326,1.710320332480028e-05,1.738133122623702e-05,-37.66918072749071,-37.61245438100066
327,327,1.730693428229286e-05,1.7387618371637808e-05,-37.613684591506946,-37.610883742476446
328,328,1.719193792222044e-05,1.7274284082783486e-05,-37.645948068120596,-37.63928416379251
329,329,1.727703463459584e-05,1.7284313128728075e-05,-37.62195745996153,-37.636763483101625
330,330,1.6886939877237928e-05,1.7231587614668043e-05,-37.71970807697649,-37.650031812845064
331,331,1.7503565264707934e-05,1.739160775047678e-05,-37.56409266602487,-37.609887420581586
332,332,1.7599788172690788e-05,1.7323500048261946e-05,-37.54837880294449,-37.6269283224096
333,333,1.75046119618424e-05,1.731556413257127e-05,-37.57193088182448,-37.628918286362214
334,334,1.7560258016863972e-05,1.7271203384887868e-05,-37.55242552695669,-37.640058754164855
335,335,1.740761976198536e-05,1.7275073619920906e-05,-37.58747826323132,-37.63908567001729
336,336,1.7893288198128803e-05,1.7324520166240338e-05,-37.47277164255059,-37.62667258969743
337,337,1.762070841670214e-05,1.7290535652136896e-05,-37.541398992194594,-37.635200261450954
338,338,1.7546250326387925e-05,1.721816141453976e-05,-37.5594239681283,-37.6534169898569
339,339,1.7421117919775027e-05,1.7358665182224574e-05,-37.59475832705948,-37.61812147383638
340,340,1.7418909225956123e-05,1.7277556205379752e-05,-37.59115395457772,-37.63846159412325
341,341,1.7518315487286226e-05,1.729176088510461e-05,-37.558149973811474,-37.63489252485135
342,342,1.761722426439069e-05,1.7284335531018625e-05,-37.54343693945361,-37.6367578541913
343,343,1.7466367850276357e-05,1.7445134768709786e-05,-37.572656908547344,-37.59654145005493
344,344,1.7042268023642557e-05,1.725288965596854e-05,-37.68496034465245,-37.64466629137045
345,345,1.7661298555787053e-05,1.7279253561833973e-05,-37.53022278833041,-37.6380349618343
346,346,1.7372003621295737e-05,1.7228147474892658e-05,-37.60727789888696,-37.65089893136614
347,347,1.6834990871297893e-05,1.7260976212702716e-05,-37.737772390942474,-37.642631197970665
348,348,1.7422091200996967e-05,1.729496838570891e-05,-37.57958492696294,-37.634087013693446
349,349,1.762147949943703e-05,1.722306258575133e-05,-37.54690147375306,-37.652180941087906
350,350,1.7432537891547382e-05,1.7195146842583964e-05,-37.59149054340788,-37.65922584904545
351,351,1.7540894387099058e-05,1.719591876424506e-05,-37.55444909073243,-37.65903089066773
352,352,1.7284236604347225e-05,1.7104345715779345e-05,-37.62602287296711,-37.68222007869868
353,353,1.6852795205213435e-05,1.725205727684385e-05,-37.727419324371375,-37.644875825186844
354,354,1.7458511063092166e-05,1.727205357096146e-05,-37.579117883993085,-37.63984497517992
355,355,1.6780924364791215e-05,1.7076329114436367e-05,-37.74494394908261,-37.68933957423249
356,356,1.6950104303028527e-05,1.711813245875467e-05,-37.70780589190237,-37.67872091262953
357,357,1.6715686356714212e-05,1.7254729707354655e-05,-37.762168986146534,-37.64420313327441
358,358,1.6718951620842024e-05,1.706607092369507e-05,-37.76567623160372,-37.69194927698469
359,359,1.7127824555911465e-05,1.7261494098133162e-05,-37.6695075086722,-37.64250089745469
360,360,1.702226790698238e-05,1.7231742898921336e-05,-37.69001342290798,-37.64999267612013
361,361,1.7027199562304752e-05,1.7235969177196048e-05,-37.69276462288812,-37.648927650777665
362,362,1.71971808403842e-05,1.7058311162767687e-05,-37.642414552124855,-37.69392441687217
363,363,1.6980518884122728e-05,1.7067486193187314e-05,-37.69835514359424,-37.69158913653455
364,364,1.736751545246717e-05,1.7122813149303272e-05,-37.60101555927362,-37.67753356335905
365,365,1.6706681834097553e-05,1.7019187668522233e-05,-37.77087415316887,-37.70389646629569
366,366,1.6850181326816775e-05,1.6905638260236867e-05,-37.739561109918164,-37.73296901965295
367,367,1.7349615152796234e-05,1.6908543329918757e-05,-37.617188340857446,-37.73222279089558
368,368,1.7119227711950817e-05,1.6868267218677302e-05,-37.65640929338655,-37.742580015790914
369,369,1.7078489812793686e-05,1.6894768793319697e-05,-37.67396687516835,-37.73576221066902
370,370,1.6994801992097434e-05,1.6799533688371365e-05,-37.69750398689138,-37.76031246852023
371,371,1.7017951013821e-05,1.6774028967790256e-05,-37.688544068926674,-37.76691085169156
372,372,1.730128803604568e-05,1.6777940800238866e-05,-37.61401898666086,-37.7658981616671
373,373,1.7505681405720642e-05,1.6711887790159763e-05,-37.57454226155184,-37.783029628859126
374,374,1.6739575697748787e-05,1.6580773454303487e-05,-37.75886481316982,-37.81723688344356
375,375,1.6535406298176313e-05,1.665937691684935e-05,-37.82147480203545,-37.796697196774744
376,376,1.7223327397248832e-05,1.6681202348416646e-05,-37.63564899836184,-37.7910112332686
377,377,1.706339973923642e-05,1.661295874854611e-05,-37.67837428992046,-37.808814871731784
378,378,1.7309820380892373e-05,1.6615419745472825e-05,-37.624885278968556,-37.80817156776352
379,379,1.6143964091600902e-05,1.661858880795894e-05,-37.92556465519834,-37.8073433159729
380,380,1.676549422460159e-05,1.650485228310572e-05,-37.75291260419134,-37.83716832064551
381,381,1.6696515521073605e-05,1.6455112448679038e-05,-37.77209827015297,-37.850276193907234
382,382,1.6512674865788138e-05,1.6581875857618318e-05,-37.82039369032586,-37.81694814434306
383,383,1.605579359654923e-05,1.6472692454714744e-05,-37.949347913162114,-37.84563883629353
384,384,1.676026690849127e-05,1.641921450132749e-05,-37.754440992853134,-37.85976097311917
385,385,1.678488062923899e-05,1.6503978976719448e-05,-37.74538313685545,-37.83739812105357
386,386,1.6025583745525266e-05,1.644295331827475e-05,-37.954744104324945,-37.853486500262136
387,387,1.6345341014270743e-05,1.641900914699746e-05,-37.85667414438698,-37.85981529046187
388,388,1.6646388251773687e-05,1.6369253516083853e-05,-37.78544841685222,-37.8729959903714
389,389,1.6266341113693024e-05,1.634262978194257e-05,-37.894055508956164,-37.880065313328394
390,390,1.6889225821849078e-05,1.6529554159205873e-05,-37.726154477775594,-37.83067334063055
391,391,1.7098163767776586e-05,1.6361809301949842e-05,-37.67648307766196,-37.87497147231296
392,392,1.6154997068689536e-05,1.6482942507871867e-05,-37.90694328409495,-37.84293730032012
393,393,1.671799321032727e-05,1.6390295250427077e-05,-37.773975069347976,-37.86741696946561
394,394,1.674362442124042e-05,1.638686549803855e-05,-37.75835884944137,-37.86832584778701
395,395,1.6546669236780983e-05,1.6427075264034914e-05,-37.81491096149967,-37.85768226897515
396,396,1.5878513679745457e-05,1.6440910449570144e-05,-37.991783806654425,-37.85402610023923
397,397,1.637066452531144e-05,1.6429779622596568e-05,-37.858471584855955,-37.85696735696843
398,398,1.6238081903774747e-05,1.6338724842506436e-05,-37.89897951351287,-37.881103148924154
399,399,1.6796393622629245e-05,1.6331508815806284e-05,-37.74951319277037,-37.883021641862335
400,400,1.6787071395698412e-05,1.6364198496663257e-05,-37.75239706341337,-37.87433735030917
401,401,1.64795028186492e-05,1.6333149639984568e-05,-37.831035626963555,-37.88258532878228
402,402,1.5906356791149556e-05,1.6359945460097054e-05,-37.987608044234435,-37.87546622342796
403,403,1.665094722992172e-05,1.6356623458896618e-05,-37.78445781777527,-37.87634817825566
404,404,1.6423942696812595e-05,1.627635145651814e-05,-37.84538299126984,-37.89771414816123
405,405,1.648235953213124e-05,1.632976450070457e-05,-37.83219181293387,-37.88348552238332
406,406,1.652205534726105e-05,1.63533184987548e-05,-37.822196327194156,-37.87722578663494
407,407,1.646121671507627e-05,1.6324481820399677e-05,-37.83521757142071,-37.88489069272688
408,408,1.6338132040472535e-05,1.6329813230473328e-05,-37.876656630023355,-37.8834725625895
409,409,1.6509680799853667e-05,1.6367822880917965e-05,-37.82555745943779,-37.87337557036261
410,410,1.6895377118942763e-05,1.6324917611966254e-05,-37.72650362982001,-37.88477475682856
411,411,1.672523664178557e-05,1.628492018904868e-05,-37.75591611617778,-37.89542839385695
412,412,1.618264286662452e-05,1.6327356637415697e-05,-37.901319872602095,-37.8841259473228
413,413,1.670647536004778e-05,1.632723849884075e-05,-37.77693759082783,-37.884157371341985
414,414,1.6267019512354438e-05,1.632536733316221e-05,-37.88973693925911,-37.88465511840327
415,415,1.624415953179759e-05,1.6316589081773264e-05,-37.89936499413787,-37.886990974858946
416,416,1.6605817380849723e-05,1.641348353587091e-05,-37.79764299870307,-37.86127709993655
417,417,1.6424852163385667e-05,1.6372426934570906e-05,-37.847262136647,-37.87215412879127
418,418,1.684005251872898e-05,1.634300583406768e-05,-37.73373944948209,-37.87996538113508
419,419,1.6484193664152755e-05,1.639192286299811e-05,-37.8198269058404,-37.86698572155162
420,420,1.6827438483551775e-05,1.634759045325489e-05,-37.73852493715607,-37.87874724806086
421,421,1.6911508479547453e-05,1.6453905357737215e-05,-37.72333259926719,-37.850594789216586
422,422,1.638589257952882e-05,1.6358984794351272e-05,-37.85661965098829,-37.875721251223325
423,423,1.629459535420726e-05,1.6363742983422096e-05,-37.87935325181538,-37.87445824204762
424,424,1.6446665334293246e-05,1.6467751888022147e-05,-37.83885085002295,-37.84694158791754
425,425,1.648007018394713e-05,1.6399307002613666e-05,-37.838128422571884,-37.865029777138446
426,426,1.654857446878522e-05,1.6309006002158737e-05,-37.8135269221092,-37.8890098129419
427,427,1.6477210610713712e-05,1.6397681113295748e-05,-37.82021795811272,-37.865460374458564
428,428,1.6956268183028294e-05,1.63550754989142e-05,-37.71682112158904,-37.876759205808796
429,429,1.7113314693092762e-05,1.6434670789366417e-05,-37.66033588088991,-37.855674649056226
430,430,1.637565743557079e-05,1.636263727720545e-05,-37.851848415684685,-37.87475170689455
431,431,1.6263355927052188e-05,1.638653740979192e-05,-37.88487780574461,-37.868412800561174
432,432,1.609835538888031e-05,1.638712810266665e-05,-37.924548883285645,-37.86825625130005
433,433,1.6741865252210044e-05,1.6387286211140333e-05,-37.750432669025955,-37.8682143493231
434,434,1.6797341137960045e-05,1.639084941990931e-05,-37.75144246251053,-37.86727013338003
435,435,1.669550545688553e-05,1.6279343406878117e-05,-37.77969379935425,-37.89691589302302
436,436,1.661580655806021e-05,1.641219028227313e-05,-37.80183172576214,-37.86161930336221
437,437,1.6510182587770725e-05,1.6317676885304727e-05,-37.82509261185528,-37.88670144662395
438,438,1.6126793337948067e-05,1.6403257847598167e-05,-37.920509522416374,-37.86398362102733
439,439,1.6359402777488493e-05,1.6427168702648487e-05,-37.849704555393046,-37.857657566002636
440,440,1.6375588173329944e-05,1.6306170341283033e-05,-37.85989053538285,-37.889764990139774
441,441,1.6557009788362077e-05,1.6296138901931333e-05,-37.81144635194682,-37.89243756088376
442,442,1.6510824381614455e-05,1.6304794658744388e-05,-37.82460256854879,-37.89013140145924
443,443,1.679018854345711e-05,1.6383485289177196e-05,-37.74937328090983,-37.86922178330562
444,444,1.6250092840826107e-05,1.6376935347675737e-05,-37.89243951533652,-37.870958393174156
445,445,1.6114475526132853e-05,1.6333260741942612e-05,-37.92652751100364,-37.88255578714195
446,446,1.7003236439684525e-05,1.6297592561673618e-05,-37.691015725335745,-37.8920501757169
447,447,1.631653633256102e-05,1.6309938234228054e-05,-37.867053436042696,-37.88876157483785
448,448,1.6337666013512098e-05,1.6326917878024305e-05,-37.86671122425893,-37.88424265534061
449,449,1.6876070618571848e-05,1.6301063815741434e-05,-37.73799170185868,-37.89112526244737
450,450,1.610373441245738e-05,1.629974241567604e-05,-37.93068859296605,-37.891477325370616
451,451,1.621862251453159e-05,1.623483082144766e-05,-37.894480066106404,-37.90880706526633
452,452,1.6643517192653572e-05,1.6328316585139347e-05,-37.783460888097096,-37.883870616497695
453,453,1.637473027604409e-05,1.6317746294110914e-05,-37.853508240697764,-37.88668297353025
454,454,1.5571352256283154e-05,1.6365744733392556e-05,-38.07451184512576,-37.87392700918817
455,455,1.6175699371516886e-05,1.6258883461935176e-05,-37.9094652691405,-37.902377556558456
456,456,1.6118652582139775e-05,1.6327974471527052e-05,-37.925770880055836,-37.88396161155512
457,457,1.6660607451337183e-05,1.629087584756474e-05,-37.78197743887005,-37.89384039910432
458,458,1.6395438589037458e-05,1.627960424038496e-05,-37.848251062411606,-37.896846309353464
459,459,1.692566886199482e-05,1.625535189400819e-05,-37.7281762387648,-37.9033209836158
460,460,1.68360492324675e-05,1.628944238817846e-05,-37.74154848383927,-37.89422255835605
461,461,1.648956173628847e-05,1.621723238617721e-05,-37.82807295047996,-37.91351733840268
462,462,1.6207693004185578e-05,1.632677671487296e-05,-37.89625303176593,-37.88428020476859
463,463,1.6381633997166928e-05,1.62605243339816e-05,-37.857496457615525,-37.90193928186394
464,464,1.6383160176157672e-05,1.634382313472758e-05,-37.848329271667225,-37.879748199366205
465,465,1.6106029236362166e-05,1.6198910136728572e-05,-37.92989185467771,-37.9184267767625
466,466,1.6507638262278167e-05,1.623095723564467e-05,-37.81608865690166,-37.90984340354615
467,467,1.6478173193652617e-05,1.6242736388736184e-05,-37.83028168605543,-37.906692778629456
468,468,1.673362332683647e-05,1.6250770577722794e-05,-37.764927454725765,-37.904545147093
469,469,1.5982005981978666e-05,1.6309764137794875e-05,-37.95992676902188,-37.88880793278396
470,470,1.597597298482985e-05,1.63203268177887e-05,-37.96317276670075,-37.88599622514766
471,471,1.6565014907568765e-05,1.627506021338233e-05,-37.79946813163636,-37.89805869836056
472,472,1.6243909842685134e-05,1.6194644175763978e-05,-37.88955827274017,-37.91957063600053
473,473,1.616921853730167e-05,1.626863018157708e-05,-37.90938620195523,-37.89977486965762
474,474,1.6026280737258783e-05,1.6325201182840637e-05,-37.95088865140507,-37.88469931865527
475,475,1.674756019861682e-05,1.624834160458321e-05,-37.75072791152314,-37.90519432767816
476,476,1.630212866131711e-05,1.6357344496722554e-05,-37.878683974958506,-37.87615673541417
477,477,1.658858559728953e-05,1.6269817742316884e-05,-37.80105456514136,-37.899457859407065
478,478,1.6427952574566607e-05,1.629092984282914e-05,-37.84264507732634,-37.893826004662465
479,479,1.6277021009936453e-05,1.636200091812306e-05,-37.88436097486311,-37.8749206115812
480,480,1.6921235094076147e-05,1.6310407581362308e-05,-37.710655442478256,-37.88863660076696
481,481,1.661048097901716e-05,1.634202190440479e-05,-37.798245232197736,-37.880226855732396
482,482,1.7069647180233943e-05,1.6368697910557355e-05,-37.67767171620039,-37.87314340119204
483,483,1.654978624389617e-05,1.6388697555444914e-05,-37.81479028254605,-37.867840332147416
484,484,1.6427338168702507e-05,1.6330238203839765e-05,-37.84531552711917,-37.883359541586834
485,485,1.6712856159222038e-05,1.644087880872815e-05,-37.77425164626746,-37.854034458326424
486,486,1.7385517221742873e-05,1.6399044254381135e-05,-37.604323727976414,-37.86509935996999
487,487,1.6795688632968094e-05,1.6450768366906376e-05,-37.74914781301857,-37.85142286478004
488,488,1.6474336823109495e-05,1.6403497331913585e-05,-37.82948607071336,-37.863920215356075
489,489,1.6905992319171327e-05,1.647257082176542e-05,-37.7186157758847,-37.84567090434427
490,490,1.685915115736749e-05,1.6489894541767792e-05,-37.73461559255465,-37.84110595653906
491,491,1.6792906760586157e-05,1.648345067606945e-05,-37.74981531963675,-37.842803409637646
492,492,1.641936112194053e-05,1.6529116644386177e-05,-37.846763405204904,-37.83078829399518
493,493,1.628097003593155e-05,1.6641212201456685e-05,-37.88018309551692,-37.80143515286001
494,494,1.6689899697216927e-05,1.6637183235664116e-05,-37.78219766217304,-37.80248674059257
495,495,1.6652731077200086e-05,1.6515715670768833e-05,-37.78597588718197,-37.83431076259644
496,496,1.5998287568605127e-05,1.6489182598888874e-05,-37.96470425920759,-37.84129346503875
497,497,1.7145424844221854e-05,1.6658859557968465e-05,-37.65508348541624,-37.796832069523674
498,498,1.6988326380444576e-05,1.648482889561963e-05,-37.702188801207235,-37.8424403011263
499,499,1.6012656900428054e-05,1.657095770880053e-05,-37.95238880305001,-37.819808649129826
500,500,1.634564159758156e-05,1.6611884778907743e-05,-37.85996054447378,-37.80909563698954
501,501,1.7422590326063562e-05,1.658916718090615e-05,-37.5926527346271,-37.81503889987522
502,502,1.6599004599820828e-05,1.6559909215031536e-05,-37.787697185613126,-37.82270522292979
503,503,1.6519758845010374e-05,1.6646652607290124e-05,-37.82960222611025,-37.80001557352238
504,504,1.6906802163257734e-05,1.6497974253357633e-05,-37.709215732537075,-37.83897852342066
505,505,1.7232966822177202e-05,1.6514661901486472e-05,-37.641831853309625,-37.834587868835186
506,506,1.6465624426440553e-05,1.659776506513529e-05,-37.82863560080414,-37.81278860826489
507,507,1.6447769151445473e-05,1.664483519753527e-05,-37.82671626617991,-37.800489743396255
508,508,1.5931628517249656e-05,1.652267857073304e-05,-37.965315107714716,-37.832480195980416
509,509,1.705364641181695e-05,1.650395858489087e-05,-37.68457652354742,-37.83740348707113
510,510,1.66766971158291e-05,1.6467632552743644e-05,-37.77515008743232,-37.84697305963335
511,511,1.6583978490932177e-05,1.6444758042971923e-05,-37.80062993953696,-37.853009859020965
512,512,1.7225983496827373e-05,1.6496567025713278e-05,-37.64921995183143,-37.83934897936725
513,513,1.6516895774441662e-05,1.640990745057168e-05,-37.82228686256786,-37.862223421490626
514,514,1.7103218101745125e-05,1.648362295351322e-05,-37.67195406375648,-37.84275801941343
515,515,1.6887918371645993e-05,1.635408252217243e-05,-37.72394796681938,-37.87702288995466
516,516,1.6591888760155326e-05,1.6547473693974195e-05,-37.79794795021617,-37.82596774503468
517,517,1.6586787638778933e-05,1.6552405596533054e-05,-37.79720370519299,-37.82467354207783
518,518,1.672604395428879e-05,1.6479829690452836e-05,-37.774031840998454,-37.84375754652038
519,519,1.65519141802113e-05,1.6570890789137737e-05,-37.80141937658813,-37.81982618758444
520,520,1.666485076919006e-05,1.64999060201042e-05,-37.78174102550002,-37.83847003279498
521,521,1.6427185476731183e-05,1.6527263716469814e-05,-37.84690029107284,-37.83127516906226
522,522,1.6624796256850852e-05,1.6575217159697786e-05,-37.794617314511314,-37.818692468431365
523,523,1.612318876666286e-05,1.6593235302839037e-05,-37.932885674096035,-37.81397402043084
524,524,1.6813394900851826e-05,1.6630126753481915e-05,-37.74709889797807,-37.80432914463446
525,525,1.690218225834092e-05,1.646802765638935e-05,-37.712958020269355,-37.846868861732325
526,526,1.6302953685526425e-05,1.6380415218009148e-05,-37.87409449313434,-37.87003567600495
527,527,1.648300377317205e-05,1.648188160623632e-05,-37.832958788008824,-37.84321683691023
528,528,1.7032608899246473e-05,1.6547994116416176e-05,-37.68752929243401,-37.82583116041462
529,529,1.6874096330603916e-05,1.6530120439328083e-05,-37.7213840081214,-37.830524559775746
530,530,1.6196772035588774e-05,1.6555944009604373e-05,-37.90317076252008,-37.82374524858347
531,531,1.7028965866649234e-05,1.6500829827380488e-05,-37.67892153022304,-37.83822688403346
532,532,1.707827019326379e-05,1.6514286423779068e-05,-37.67352942289473,-37.83468661124431
533,533,1.6857617730547834e-05,1.6589400011549803e-05,-37.73244939135628,-37.81497794663202
534,534,1.6544264185868836e-05,1.6409103074310177e-05,-37.82035867390156,-37.86243630796479
535,535,1.6456497984652687e-05,1.6470031656162493e-05,-37.83530992171323,-37.84634039948382
536,536,1.6577352296960654e-05,1.6621942162792518e-05,-37.79857633393365,-37.806467070339934
537,537,1.610560436169293e-05,1.642334772393377e-05,-37.9280103732723,-37.85866785756531
538,538,1.6960260452214778e-05,1.647199894107057e-05,-37.70405828605449,-37.84582168162373
539,539,1.6203236377008316e-05,1.6499685826650085e-05,-37.90058708739748,-37.838527990361555
540,540,1.6409860690305558e-05,1.656744715498797e-05,-37.84418146702437,-37.82072879852216
541,541,1.6473121972593778e-05,1.6515705570590828e-05,-37.83764535178784,-37.834313418523074
542,542,1.658345539083515e-05,1.6488266833460474e-05,-37.805584056242154,-37.84153466736289
543,543,1.6280868135020017e-05,1.6451284098270424e-05,-37.87934870591904,-37.85128671565329
544,544,1.65824301840291e-05,1.6446550034743268e-05,-37.80136702009575,-37.852536632394134
545,545,1.67094372936282e-05,1.649949564652113e-05,-37.76105345362873,-37.83857804868233
546,546,1.6259074776094965e-05,1.652576218858533e-05,-37.88641375680014,-37.8316697503493
547,547,1.634119144938202e-05,1.6440375331608504e-05,-37.864316960052946,-37.854167456498516
548,548,1.6666742461912344e-05,1.655201034928292e-05,-37.77938341014328,-37.824777246489965
549,549,1.6271344703482945e-05,1.6428312511906323e-05,-37.88161118308218,-37.85735518111533
550,550,1.6879019425424613e-05,1.648815046600679e-05,-37.727422809876494,-37.84156531820198
551,551,1.6805078153130624e-05,1.6591358345115287e-05,-37.7414948961179,-37.814465304061855
552,552,1.6454033207129712e-05,1.6495713680342305e-05,-37.837584592401264,-37.839573639910824
553,553,1.6587461733748925e-05,1.646299207143449e-05,-37.80585614614389,-37.848197048222865
554,554,1.6672739923134152e-05,1.652589588430649e-05,-37.784361042197155,-37.83163461546207
555,555,1.6790127016609348e-05,1.6540089602226783e-05,-37.75638604855468,-37.82790615937139
556,556,1.675075755068149e-05,1.6595187413546036e-05,-37.764401194091384,-37.81346312485961
557,557,1.6189902068908476e-05,1.6530250497070436e-05,-37.906370623107094,-37.8304903899475
558,558,1.6739191412796702e-05,1.6490425447332918e-05,-37.76294098612378,-37.84096613414956
559,559,1.654560946917627e-05,1.6548743731523007e-05,-37.817440334092154,-37.825634431839134
560,560,1.6320693585961654e-05,1.655606822743338e-05,-37.86688217805437,-37.823712663962944
561,561,1.6702640555335747e-05,1.643719774859308e-05,-37.76285339323098,-37.855006938640535
562,562,1.6800229289954812e-05,1.6548552163217928e-05,-37.74333671168881,-37.82568470607185
563,563,1.6069562474344304e-05,1.651546780952853e-05,-37.94488148596814,-37.83437594026045
564,564,1.6617084941937775e-05,1.6563808697499456e-05,-37.793422720396904,-37.82168267846157
565,565,1.6740888801821e-05,1.6534127529379666e-05,-37.76322018774756,-37.82947190791561
566,566,1.7049274770825015e-05,1.649976935655822e-05,-37.691724145789344,-37.83850600419362
567,567,1.6829884002290034e-05,1.6369380031583685e-05,-37.73395260740357,-37.872962424533426
568,568,1.6494876467028737e-05,1.654652542607724e-05,-37.82028082567773,-37.82621662853385
569,569,1.638891789645134e-05,1.6511888852140767e-05,-37.867732910632185,-37.8353171729885
570,570,1.6591714784132735e-05,1.6496782911034596e-05,-37.804103562083505,-37.83929214500278
571,571,1.6432197777042527e-05,1.6363532076387567e-05,-37.83909004166805,-37.87451421723109
572,572,1.6612023997724238e-05,1.6588527949735227e-05,-37.80030674860661,-37.815206249999534
573,573,1.6719379008341984e-05,1.6548040213437115e-05,-37.77527449071867,-37.8258190624807
574,574,1.65203115552545e-05,1.6581175977511232e-05,-37.81992991637864,-37.81713145320742
575,575,1.635320779652042e-05,1.6580158827357655e-05,-37.8540210070273,-37.81739787354407
576,576,1.709426906768151e-05,1.643400226289247e-05,-37.67722905008505,-37.855851314148985
577,577,1.638486723207926e-05,1.6464511549872296e-05,-37.851839178043306,-37.84779622761468
578,578,1.675496254786585e-05,1.640496664453837e-05,-37.75751276165987,-37.86353122160981
579,579,1.6365001701882477e-05,1.6471017692023643e-05,-37.86603817581076,-37.84608040173509
580,580,1.6094334315902854e-05,1.6586663964278015e-05,-37.935843691213535,-37.815694276475085
581,581,1.6798102235005683e-05,1.6558822177390348e-05,-37.7433829162194,-37.82299031503901
582,582,1.738989264135712e-05,1.6570352511878712e-05,-37.60465679835141,-37.81996726306626
583,583,1.6371415908578617e-05,1.6519189796925178e-05,-37.862648070422026,-37.83339730829509
584,584,1.6698482467450284e-05,1.6547510743916255e-05,-37.779338198976056,-37.825958021153156
585,585,1.6766759312979292e-05,1.6503183791141246e-05,-37.758792211561456,-37.83760737545765
586,586,1.625100027275639e-05,1.651227447789432e-05,-37.8936841110862,-37.83521574717179
587,587,1.655720572352479e-05,1.6570751157766944e-05,-37.81282455243055,-37.81986278271387
588,588,1.6431856191460255e-05,1.6492893337272108e-05,-37.84220958326805,-37.84031623533765
589,589,1.661027281724526e-05,1.658064861418863e-05,-37.800618105006365,-37.81726958250749
590,590,1.6459323025216137e-05,1.6476991253224888e-05,-37.83113334401416,-37.844505626943835
591,591,1.6404696476250317e-05,1.64646274865127e-05,-37.85395949023457,-37.847765646406266
592,592,1.64600011332143e-05,1.6505453554839877e-05,-37.83026273016044,-37.837010110056625
593,593,1.6510016159616535e-05,1.6506467641432354e-05,-37.82539082308694,-37.836743289953176
594,594,1.6362684271877425e-05,1.6368848264392e-05,-37.86191363456594,-37.87310350947849
595,595,1.621619346983654e-05,1.639135256195196e-05,-37.90394287362115,-37.86713682213214
596,596,1.6823435197290292e-05,1.6463706359852376e-05,-37.74190794688373,-37.848008622699986
597,597,1.6627129542067667e-05,1.6556426041796313e-05,-37.78872997469602,-37.82361880404281
598,598,1.6442249878159647e-05,1.650510067089559e-05,-37.83226063103727,-37.83710296251145
599,599,1.6829398332119287e-05,1.6587778238892114e-05,-37.73901749882206,-37.815402531816076
600,600,1.6480063723721878e-05,1.642002414308464e-05,-37.826755705654726,-37.85954682506822
601,601,1.6648157528384357e-05,1.6439813598959806e-05,-37.78191820601813,-37.85431584821863
602,602,1.677235518072098e-05,1.6478322514127574e-05,-37.753238571458525,-37.84415475226038
603,603,1.676601650896626e-05,1.661386163744426e-05,-37.76593887970812,-37.80857884573726
604,604,1.6755460800942676e-05,1.6500595752165137e-05,-37.76131262970311,-37.83828849202317
605,605,1.7379658406893795e-05,1.636563731728146e-05,-37.60506416058464,-37.87395551407944
606,606,1.6129329271711165e-05,1.6456588558580015e-05,-37.921939954012636,-37.84988662644916
607,607,1.624859472490384e-05,1.6501735157553892e-05,-37.892542311432216,-37.8379886117059
608,608,1.6844582955620598e-05,1.6412547091405078e-05,-37.73287817267268,-37.86152488662075
609,609,1.6677568824307694e-05,1.6538462468337168e-05,-37.781593295296474,-37.82833341826026
610,610,1.6667966491761184e-05,1.6529878130792274e-05,-37.7867079658377,-37.83058822176278
611,611,1.7278679948016287e-05,1.6612551486392285e-05,-37.63321786604572,-37.80892133914484
612,612,1.6603103664313014e-05,1.6437765225418843e-05,-37.79954286297429,-37.85485700566311
613,613,1.6419133729512622e-05,1.650928233606177e-05,-37.843540069115946,-37.83600279104003
614,614,1.6849431396865876e-05,1.642794014562816e-05,-37.725893543850475,-37.85745361998573
615,615,1.674235693254681e-05,1.6511972190576335e-05,-37.76966995461453,-37.835295253430004
616,616,1.6406137978471454e-05,1.6519706533520212e-05,-37.854834345308404,-37.83326145881054
617,617,1.6267194660406286e-05,1.6467974618487796e-05,-37.883026297415526,-37.84688284889919
618,618,1.6792518959546307e-05,1.6456032235031382e-05,-37.75071240717451,-37.850033444442694
619,619,1.6915316955794306e-05,1.6451463555935525e-05,-37.72454753847247,-37.85123934120632
